0.601020	0.002179	0.099347	0.000598	0.047290	0.023055	0.041648	0.029858	0.019425	0.027541	0.015215	0.006977	0.020888	0.042185	0.022774	
0.545514	0.011217	0.044762	0.001761	0.021578	0.024881	0.023707	0.128714	0.026477	0.109799	0.008297	0.010264	0.023523	0.013937	0.005569	
0.524107	0.015347	0.019239	0.001162	0.008546	0.034362	0.013223	0.166489	0.023366	0.139092	0.010094	0.008682	0.012999	0.017561	0.005730	
0.368843	0.001167	0.106400	0.004189	0.028422	0.049929	0.056049	0.013169	0.090089	0.011927	0.025365	0.035054	0.063049	0.105758	0.040591	
0.224736	0.002278	0.169873	0.002166	0.015194	0.006841	0.113152	0.035658	0.212386	0.033675	0.002882	0.076953	0.055153	0.045958	0.003095	
0.378968	0.003528	0.087024	0.003906	0.025928	0.037896	0.056749	0.038888	0.109243	0.033325	0.017970	0.040456	0.055551	0.083698	0.026870	
0.354936	0.000844	0.101510	0.005287	0.033924	0.028749	0.069846	0.010525	0.139386	0.010005	0.014628	0.051511	0.072391	0.083156	0.023301	
0.569011	0.002939	0.091785	0.001075	0.044597	0.022172	0.045033	0.033259	0.042877	0.028946	0.013820	0.014950	0.024471	0.045029	0.020036	
0.315631	0.000943	0.140707	0.000745	0.012597	0.061516	0.065651	0.023106	0.082885	0.023774	0.031971	0.032230	0.035739	0.121047	0.051459	
0.218330	0.001270	0.191631	0.000881	0.006011	0.057801	0.088691	0.016798	0.119058	0.015648	0.029187	0.046919	0.048938	0.112060	0.046777	
0.250631	0.000943	0.164736	0.000852	0.009178	0.033414	0.093823	0.035757	0.148714	0.037981	0.017310	0.055171	0.041453	0.082472	0.027565	
0.229981	0.000911	0.202791	0.000721	0.014450	0.028787	0.108425	0.011408	0.166941	0.010781	0.015541	0.062223	0.047959	0.074462	0.024621	
0.402115	0.004547	0.134602	0.000798	0.020899	0.037739	0.062211	0.050097	0.073356	0.042689	0.018787	0.028403	0.033573	0.062883	0.027301	
0.376430	0.002935	0.160787	0.000749	0.019601	0.023281	0.077102	0.054006	0.089228	0.052176	0.012194	0.034808	0.038413	0.040618	0.017673	
0.311514	0.008803	0.158781	0.000697	0.005024	0.020665	0.081187	0.098103	0.118281	0.083066	0.006452	0.045438	0.038677	0.018942	0.004369	
0.593830	0.001133	0.028601	0.005745	0.043045	0.009383	0.023405	0.082398	0.019440	0.089730	0.005291	0.009131	0.059654	0.021445	0.007768	
0.593567	0.002807	0.017793	0.005836	0.038369	0.008906	0.018612	0.103973	0.014571	0.108630	0.003682	0.007583	0.058632	0.013002	0.004036	
0.554620	0.001205	0.015270	0.003558	0.022177	0.007348	0.024473	0.135366	0.018909	0.148905	0.003603	0.008048	0.034995	0.016474	0.005048	
0.463331	0.000726	0.023102	0.003026	0.020044	0.069336	0.015591	0.055560	0.018169	0.060859	0.035405	0.007536	0.033475	0.136530	0.057311	
0.323489	0.000961	0.039260	0.003949	0.032533	0.005801	0.087311	0.015342	0.250530	0.015100	0.003617	0.083792	0.043436	0.089739	0.005142	
0.398800	0.002232	0.058067	0.001929	0.018046	0.054028	0.043078	0.048470	0.081580	0.048169	0.027316	0.028885	0.029223	0.117195	0.042980	
0.269666	0.000776	0.023006	0.003959	0.026028	0.018762	0.087124	0.009259	0.272538	0.008845	0.009666	0.090706	0.040869	0.123561	0.015235	
0.252274	0.004658	0.051433	0.000946	0.006545	0.013803	0.091004	0.069860	0.249254	0.064538	0.005133	0.083271	0.016708	0.085454	0.005117	
0.231995	0.001002	0.033038	0.000967	0.007383	0.048653	0.078166	0.024038	0.231258	0.024675	0.024789	0.076340	0.013887	0.164036	0.039772	
