41
41
41
41
41
41
41
41
41
12
12
12
12
12
12
12
12
12
12
12
12
12
12
12
12
21
21
21
21
21
21
21
21
21
21
21
21
21
21
10
10
10
10
10
10
10
10
26
26
26
26
26
26
26
26
26
26
26
26
26
26
20
20
20
20
20
20
20
20
20
20
20
20
20
20
20
20
20
20
26
26
26
26
26
26
26
26
26
26
11
11
11
11
11
11
24
24
24
24
24
24
24
24
24
24
24
24
24
24
24
24
24
24
24
24
24
24
24
24
39
39
39
39
39
39
39
39
39
39
39
39
39
39
39
39
39
39
39
39
39
39
39
39
39
39
39
39
39
39
39
40
40
40
40
40
40
40
40
40
40
40
40
40
40
40
40
40
40
40
40
40
