0.000623	0.001062	0.000623	0.000623	0.000623	0.000623	0.000623	0.000623	0.000623	0.000623	0.000623	0.000623	0.000623	0.000842	0.000623	0.000623	0.000623	0.000623	0.000623	0.000623	0.000623	0.000623	0.000623	0.000623	0.000623	0.000623	0.000623	0.000623	0.000623	0.001247	0.000623	0.000623	0.001381	0.000756	0.000846	0.000623	0.000623	0.001288	0.002930	0.000623	0.000623	0.000623	0.000623	0.000623	0.000623	0.000623	0.000623	0.000623	0.000623	0.964122	
0.000594	0.000865	0.000594	0.000594	0.000594	0.000594	0.000594	0.000594	0.000594	0.000594	0.000594	0.000594	0.000594	0.000730	0.000594	0.000594	0.000594	0.000594	0.000594	0.000594	0.000594	0.000594	0.000594	0.000594	0.000594	0.000594	0.000594	0.000594	0.000594	0.001289	0.000594	0.000594	0.001253	0.001721	0.000750	0.000594	0.000594	0.006226	0.003192	0.000594	0.000594	0.000594	0.000594	0.000594	0.000594	0.000594	0.000594	0.000594	0.000594	0.959606	
0.000602	0.000946	0.000602	0.000602	0.000602	0.000602	0.000602	0.000602	0.000602	0.000602	0.000602	0.000602	0.000602	0.000774	0.000602	0.000602	0.000602	0.000602	0.000602	0.000602	0.000602	0.000602	0.000602	0.000602	0.000602	0.000602	0.000602	0.000602	0.000602	0.002371	0.000602	0.000602	0.002003	0.000831	0.000860	0.000602	0.000602	0.001750	0.006345	0.000602	0.000602	0.000602	0.000602	0.000602	0.000602	0.000602	0.000602	0.000602	0.000602	0.959442	
0.000784	0.001053	0.000784	0.000784	0.000784	0.000784	0.000784	0.000784	0.000784	0.000784	0.000784	0.000784	0.000784	0.000918	0.000784	0.000784	0.000784	0.000784	0.000784	0.000784	0.000784	0.000784	0.000784	0.000784	0.000784	0.000784	0.000784	0.000784	0.000784	0.001132	0.000784	0.000784	0.001233	0.001024	0.000921	0.000784	0.000784	0.001983	0.015547	0.000784	0.000784	0.000784	0.000784	0.000784	0.000784	0.000784	0.000784	0.000784	0.000784	0.944058	
0.000680	0.001166	0.000680	0.000680	0.000680	0.000680	0.000680	0.000680	0.000680	0.000680	0.000680	0.000680	0.000680	0.000923	0.000680	0.000680	0.000680	0.000680	0.000680	0.000680	0.000680	0.000680	0.000680	0.000680	0.000680	0.000680	0.000680	0.000680	0.000680	0.001199	0.000680	0.000680	0.003342	0.001822	0.001881	0.000680	0.000680	0.006390	0.006776	0.000680	0.000680	0.000680	0.000680	0.000680	0.000680	0.000680	0.000680	0.000680	0.000680	0.948634	
0.000738	0.001130	0.000738	0.000738	0.000738	0.000738	0.000738	0.000738	0.000738	0.000738	0.000738	0.000738	0.000738	0.000934	0.000738	0.000738	0.000738	0.000738	0.000738	0.000738	0.000738	0.000738	0.000738	0.000738	0.000738	0.000738	0.000738	0.000738	0.000738	0.001122	0.000738	0.000738	0.004302	0.001003	0.002424	0.000738	0.000738	0.002062	0.007127	0.000738	0.000738	0.000738	0.000738	0.000738	0.000738	0.000738	0.000738	0.000738	0.000738	0.949643	
0.000640	0.001005	0.000640	0.000640	0.000640	0.000640	0.000640	0.000640	0.000640	0.000640	0.000640	0.000640	0.000640	0.000823	0.000640	0.000640	0.000640	0.000640	0.000640	0.000640	0.000640	0.000640	0.000640	0.000640	0.000640	0.000640	0.000640	0.000640	0.000640	0.001296	0.000640	0.000640	0.002864	0.002721	0.001588	0.000640	0.000640	0.011043	0.007186	0.000640	0.000640	0.000640	0.000640	0.000640	0.000640	0.000640	0.000640	0.000640	0.000640	0.945226	
0.000562	0.004498	0.000562	0.000562	0.000562	0.000562	0.000562	0.000562	0.000562	0.000562	0.000562	0.000562	0.000562	0.002530	0.000562	0.000562	0.000562	0.000562	0.000562	0.000562	0.000562	0.000562	0.000562	0.000562	0.000562	0.000562	0.000562	0.000562	0.000562	0.001184	0.000562	0.000562	0.001689	0.000837	0.000970	0.000562	0.000562	0.001937	0.002820	0.000562	0.000562	0.000562	0.000562	0.000562	0.000562	0.000562	0.000562	0.000562	0.000562	0.960471	
0.000596	0.004779	0.000596	0.000596	0.000596	0.000596	0.000596	0.000596	0.000596	0.000596	0.000596	0.000596	0.000596	0.002688	0.000596	0.000596	0.000596	0.000596	0.000596	0.000596	0.000596	0.000596	0.000596	0.000596	0.000596	0.000596	0.000596	0.000596	0.000596	0.001464	0.000596	0.000596	0.002089	0.000718	0.001126	0.000596	0.000596	0.001203	0.005313	0.000596	0.000596	0.000596	0.000596	0.000596	0.000596	0.000596	0.000596	0.000596	0.000596	0.956168	
0.000567	0.007406	0.000567	0.000567	0.000567	0.000567	0.000567	0.000567	0.000567	0.000567	0.000567	0.000567	0.000567	0.003987	0.000567	0.000567	0.000567	0.000567	0.000567	0.000567	0.000567	0.000567	0.000567	0.000567	0.000567	0.000567	0.000567	0.000567	0.000567	0.001236	0.000567	0.000567	0.001801	0.000908	0.001017	0.000567	0.000567	0.002271	0.003605	0.000567	0.000567	0.000567	0.000567	0.000567	0.000567	0.000567	0.000567	0.000567	0.000567	0.954514	
0.000566	0.007530	0.000566	0.000566	0.000566	0.000566	0.000566	0.000566	0.000566	0.000566	0.000566	0.000566	0.000566	0.004048	0.000566	0.000566	0.000566	0.000566	0.000566	0.000566	0.000566	0.000566	0.000566	0.000566	0.000566	0.000566	0.000566	0.000566	0.000566	0.000975	0.000566	0.000566	0.002963	0.000696	0.001662	0.000566	0.000566	0.001216	0.002329	0.000566	0.000566	0.000566	0.000566	0.000566	0.000566	0.000566	0.000566	0.000566	0.000566	0.955363	
0.000547	0.003537	0.000547	0.000547	0.000547	0.000547	0.000547	0.000547	0.000547	0.000547	0.000547	0.000547	0.000547	0.002042	0.000547	0.000547	0.000547	0.000547	0.000547	0.000547	0.000547	0.000547	0.000547	0.000547	0.000547	0.000547	0.000547	0.000547	0.000547	0.000976	0.000547	0.000547	0.001394	0.003171	0.000863	0.000547	0.000547	0.013670	0.002600	0.000547	0.000547	0.000547	0.000547	0.000547	0.000547	0.000547	0.000547	0.000547	0.000547	0.949328	
0.000651	0.002848	0.000651	0.000651	0.000651	0.000651	0.000651	0.000651	0.000651	0.000651	0.000651	0.000651	0.000651	0.001750	0.000651	0.000651	0.000651	0.000651	0.000651	0.000651	0.000651	0.000651	0.000651	0.000651	0.000651	0.000651	0.000651	0.000651	0.000651	0.001198	0.000651	0.000651	0.001964	0.000864	0.001171	0.000651	0.000651	0.001716	0.002641	0.000651	0.000651	0.000651	0.000651	0.000651	0.000651	0.000651	0.000651	0.000651	0.000651	0.959146	
0.000678	0.001351	0.000678	0.000678	0.000678	0.000678	0.000678	0.000678	0.000678	0.000678	0.000678	0.000678	0.000678	0.001015	0.000678	0.000678	0.000678	0.000678	0.000678	0.000678	0.000678	0.000678	0.000678	0.000678	0.000678	0.000678	0.000678	0.000678	0.000678	0.001328	0.000678	0.000678	0.001343	0.001527	0.000848	0.000678	0.000678	0.004923	0.003055	0.000678	0.000678	0.000678	0.000678	0.000678	0.000678	0.000678	0.000678	0.000678	0.000678	0.956793	
0.000648	0.001516	0.000648	0.000648	0.000648	0.000648	0.000648	0.000648	0.000648	0.000648	0.000648	0.000648	0.000648	0.001082	0.000648	0.000648	0.000648	0.000648	0.000648	0.000648	0.000648	0.000648	0.000648	0.000648	0.000648	0.000648	0.000648	0.000648	0.000648	0.001164	0.000648	0.000648	0.001314	0.002068	0.000852	0.000648	0.000648	0.007750	0.003128	0.000648	0.000648	0.000648	0.000648	0.000648	0.000648	0.000648	0.000648	0.000648	0.000648	0.954569	
0.000666	0.000915	0.000666	0.000666	0.000666	0.000666	0.000666	0.000666	0.000666	0.000666	0.000666	0.000666	0.000666	0.000791	0.000666	0.000666	0.000666	0.000666	0.000666	0.000666	0.000666	0.000666	0.000666	0.000666	0.000666	0.000666	0.000666	0.000666	0.000666	0.009346	0.000666	0.000666	0.005389	0.001816	0.000858	0.000666	0.000666	0.006413	0.027381	0.000666	0.000666	0.000666	0.000666	0.000666	0.000666	0.000666	0.000666	0.000666	0.000666	0.919775	
0.000706	0.000903	0.000706	0.000706	0.000706	0.000706	0.000706	0.000706	0.000706	0.000706	0.000706	0.000706	0.000706	0.000805	0.000706	0.000706	0.000706	0.000706	0.000706	0.000706	0.000706	0.000706	0.000706	0.000706	0.000706	0.000706	0.000706	0.000706	0.000706	0.012691	0.000706	0.000706	0.007043	0.000911	0.000878	0.000706	0.000706	0.001729	0.037094	0.000706	0.000706	0.000706	0.000706	0.000706	0.000706	0.000706	0.000706	0.000706	0.000706	0.908995	
0.000626	0.000972	0.000626	0.000626	0.000626	0.000626	0.000626	0.000626	0.000626	0.000626	0.000626	0.000626	0.000626	0.000799	0.000626	0.000626	0.000626	0.000626	0.000626	0.000626	0.000626	0.000626	0.000626	0.000626	0.000626	0.000626	0.000626	0.000626	0.000626	0.005323	0.000626	0.000626	0.004315	0.001616	0.001296	0.000626	0.000626	0.005575	0.015390	0.000626	0.000626	0.000626	0.000626	0.000626	0.000626	0.000626	0.000626	0.000626	0.000626	0.939060	
0.000628	0.002187	0.000628	0.000628	0.000628	0.000628	0.000628	0.000628	0.000628	0.000628	0.000628	0.000628	0.000628	0.001408	0.000628	0.000628	0.000628	0.000628	0.000628	0.000628	0.000628	0.000628	0.000628	0.000628	0.000628	0.000628	0.000628	0.000628	0.000628	0.006154	0.000628	0.000628	0.003906	0.001611	0.000886	0.000628	0.000628	0.005542	0.018149	0.000628	0.000628	0.000628	0.000628	0.000628	0.000628	0.000628	0.000628	0.000628	0.000628	0.934393	
0.000551	0.002701	0.000551	0.000551	0.000551	0.000551	0.000551	0.000551	0.000551	0.000551	0.000551	0.000551	0.000551	0.001626	0.000551	0.000551	0.000551	0.000551	0.000551	0.000551	0.000551	0.000551	0.000551	0.000551	0.000551	0.000551	0.000551	0.000551	0.000551	0.001344	0.000551	0.000551	0.002033	0.003309	0.001094	0.000551	0.000551	0.014340	0.003478	0.000551	0.000551	0.000551	0.000551	0.000551	0.000551	0.000551	0.000551	0.000551	0.000551	0.947491	
0.000589	0.003107	0.000589	0.000589	0.000589	0.000589	0.000589	0.000589	0.000589	0.000589	0.000589	0.000589	0.000589	0.001848	0.000589	0.000589	0.000589	0.000589	0.000589	0.000589	0.000589	0.000589	0.000589	0.000589	0.000589	0.000589	0.000589	0.000589	0.000589	0.002813	0.000589	0.000589	0.002458	0.002262	0.000968	0.000589	0.000589	0.008953	0.008090	0.000589	0.000589	0.000589	0.000589	0.000589	0.000589	0.000589	0.000589	0.000589	0.000589	0.945336	
0.000695	0.001977	0.000695	0.000695	0.000695	0.000695	0.000695	0.000695	0.000695	0.000695	0.000695	0.000695	0.000695	0.001336	0.000695	0.000695	0.000695	0.000695	0.000695	0.000695	0.000695	0.000695	0.000695	0.000695	0.000695	0.000695	0.000695	0.000695	0.000695	0.001189	0.000695	0.000695	0.007935	0.001036	0.004192	0.000695	0.000695	0.002399	0.006014	0.000695	0.000695	0.000695	0.000695	0.000695	0.000695	0.000695	0.000695	0.000695	0.000695	0.945415	
0.000696	0.001141	0.000696	0.000696	0.000696	0.000696	0.000696	0.000696	0.000696	0.000696	0.000696	0.000696	0.000696	0.000918	0.000696	0.000696	0.000696	0.000696	0.000696	0.000696	0.000696	0.000696	0.000696	0.000696	0.000696	0.000696	0.000696	0.000696	0.000696	0.001781	0.000696	0.000696	0.012095	0.000879	0.006124	0.000696	0.000696	0.001610	0.004272	0.000696	0.000696	0.000696	0.000696	0.000696	0.000696	0.000696	0.000696	0.000696	0.000696	0.942656	
0.000643	0.002668	0.000643	0.000643	0.000643	0.000643	0.000643	0.000643	0.000643	0.000643	0.000643	0.000643	0.000643	0.001655	0.000643	0.000643	0.000643	0.000643	0.000643	0.000643	0.000643	0.000643	0.000643	0.000643	0.000643	0.000643	0.000643	0.000643	0.000643	0.001201	0.000643	0.000643	0.007303	0.000812	0.003833	0.000643	0.000643	0.001491	0.003302	0.000643	0.000643	0.000643	0.000643	0.000643	0.000643	0.000643	0.000643	0.000643	0.000643	0.951383	
