0.031071	0.033435	0.016886	0.028707	0.028707	0.021614	0.839581	
0.026531	0.586054	0.136054	0.067007	0.069388	0.047959	0.067007	
0.077266	0.625343	0.048420	0.113324	0.048420	0.036401	0.050824	
0.744414	0.035884	0.019296	0.116452	0.021666	0.040623	0.021666	
0.413481	0.115359	0.204561	0.136486	0.023810	0.077800	0.028504	
0.446345	0.167002	0.042589	0.209256	0.056673	0.051979	0.026157	
0.842689	0.019160	0.030924	0.045042	0.019160	0.019160	0.023866	
0.033593	0.430268	0.059722	0.035969	0.026468	0.347133	0.066848	
0.062543	0.043404	0.036227	0.055366	0.024265	0.605605	0.172591	
0.048772	0.036666	0.148046	0.198893	0.048772	0.431339	0.087513	
0.084842	0.042589	0.035547	0.091885	0.059021	0.652918	0.033199	
0.102537	0.031978	0.637817	0.027112	0.039277	0.027112	0.134168	
0.046953	0.056277	0.044622	0.599401	0.023643	0.105228	0.123876	
0.032814	0.076898	0.116341	0.531654	0.088499	0.137222	0.016573	
0.028108	0.155423	0.222553	0.495701	0.044312	0.032738	0.021164	
0.040719	0.035969	0.033593	0.019342	0.826943	0.019342	0.024092	
0.050824	0.226305	0.029190	0.019574	0.622940	0.017170	0.033997	
0.057483	0.024150	0.033673	0.105102	0.709864	0.031293	0.038435	
0.031293	0.028912	0.033673	0.074150	0.350340	0.367007	0.114626	
0.106218	0.023866	0.489748	0.042689	0.249748	0.063866	0.023866	
0.038527	0.076713	0.456188	0.040914	0.234231	0.095806	0.057620	
0.790706	0.026850	0.058176	0.053356	0.024441	0.026850	0.019621	
0.358699	0.164995	0.053615	0.104462	0.225527	0.056036	0.036666	
0.625639	0.031367	0.038527	0.045687	0.057620	0.172179	0.028981	
