0.021925	0.029120	0.060295	0.021925	0.086674	0.760534	0.019527	
0.081681	0.031442	0.024265	0.366370	0.167806	0.268284	0.060150	
0.031746	0.053485	0.055901	0.357833	0.048654	0.423050	0.029331	
0.281964	0.038527	0.112513	0.019434	0.453802	0.052847	0.040914	
0.278912	0.052721	0.036054	0.202721	0.307483	0.064626	0.057483	
0.217212	0.118417	0.111188	0.193115	0.287091	0.048537	0.024441	
0.023866	0.089748	0.266218	0.141513	0.299160	0.040336	0.139160	
0.029473	0.398405	0.213939	0.124133	0.031900	0.085298	0.116852	
0.046239	0.611456	0.181504	0.024500	0.048654	0.048654	0.038992	
0.078589	0.235068	0.354873	0.073699	0.068809	0.115264	0.073699	
0.037629	0.133200	0.506161	0.028305	0.147186	0.081918	0.065601	
0.311625	0.049370	0.495448	0.029762	0.039566	0.032213	0.042017	
0.099179	0.319869	0.057800	0.142857	0.021018	0.329064	0.030213	
0.104111	0.408356	0.033356	0.122978	0.023922	0.229111	0.078167	
0.163846	0.097495	0.083277	0.211239	0.038253	0.372376	0.033514	
0.043613	0.031593	0.026786	0.089286	0.106113	0.038805	0.663805	
0.017212	0.053356	0.019621	0.077453	0.260585	0.173838	0.397935	
0.024323	0.029120	0.045906	0.180199	0.084275	0.146626	0.489551	
0.068474	0.036844	0.272854	0.022245	0.143900	0.280153	0.175530	
0.430964	0.086466	0.024265	0.189337	0.057758	0.029050	0.182160	
0.356469	0.068733	0.172507	0.115903	0.040431	0.045148	0.200809	
0.273078	0.081432	0.086346	0.243594	0.155142	0.022464	0.137943	
0.202294	0.068474	0.044143	0.382343	0.107404	0.112270	0.083073	
0.167017	0.120448	0.091036	0.071429	0.399860	0.098389	0.051821	
