12
12
12
12
12
12
12
35
35
35
35
35
35
35
35
35
35
35
35
35
35
35
35
3
3
3
3
3
3
3
3
3
3
3
10
10
10
10
10
10
10
10
10
10
10
10
10
10
10
10
10
10
10
10
41
41
41
44
44
44
44
44
44
44
44
44
44
44
44
44
44
44
44
44
44
44
47
47
47
47
47
47
47
47
47
47
47
47
47
47
47
47
47
47
47
17
17
17
17
17
17
17
17
17
17
17
17
17
17
17
17
17
17
17
17
17
17
3
3
3
3
3
3
3
3
3
3
3
3
3
3
3
3
3
3
3
3
3
3
47
47
47
47
47
47
47
47
47
47
47
47
47
7
7
7
7
7
7
7
7
7
7
10
10
10
10
10
10
10
10
10
10
10
10
10
10
10
10
10
10
10
10
10
48
48
48
48
48
48
48
48
48
48
