0.003114	0.058094	0.051237	0.026058	0.003885	0.003653	0.030097	0.017496	0.019804	0.000838	0.008945	0.005940	0.000838	0.002604	0.001966	0.010213	0.005600	0.009713	0.002863	0.005960	0.001109	0.112990	0.001329	0.004895	0.004197	0.015529	0.003361	0.000839	0.011094	0.027134	0.000146	0.097685	0.005207	0.004793	0.001501	0.005152	0.004557	0.000700	0.063761	0.010354	0.049451	0.101507	0.064054	0.001451	0.011939	0.095752	0.009785	0.001480	0.017186	0.002148	
0.011209	0.050146	0.050543	0.011897	0.017490	0.007282	0.023185	0.014684	0.015398	0.001549	0.022319	0.012940	0.001549	0.009058	0.002000	0.007752	0.014452	0.015140	0.005673	0.003261	0.003731	0.098282	0.001349	0.014589	0.008389	0.005382	0.001895	0.003354	0.009185	0.022764	0.000141	0.084910	0.021929	0.006787	0.005476	0.005252	0.002547	0.002712	0.053466	0.032390	0.014999	0.096701	0.060989	0.003879	0.014788	0.080371	0.008221	0.002857	0.032952	0.002185	
0.009239	0.056849	0.055186	0.008601	0.003883	0.006853	0.030827	0.018218	0.015658	0.001467	0.019292	0.005937	0.001467	0.007447	0.001188	0.008309	0.005718	0.009710	0.005341	0.005804	0.003093	0.120286	0.000822	0.007084	0.007893	0.006160	0.003359	0.000836	0.008336	0.028260	0.000144	0.082052	0.008351	0.005042	0.003651	0.003015	0.004555	0.000698	0.066417	0.014406	0.013068	0.113853	0.072016	0.002260	0.009306	0.099738	0.010185	0.002695	0.024136	0.001292	
0.003073	0.006212	0.012308	0.006931	0.103212	0.004668	0.007062	0.001455	0.003219	0.001022	0.017047	0.067430	0.001022	0.002502	0.000649	0.005317	0.070981	0.070990	0.003645	0.004088	0.001082	0.012378	0.000466	0.057912	0.005372	0.005281	0.002368	0.019216	0.005110	0.002193	0.000126	0.129713	0.097142	0.019639	0.009752	0.001564	0.003201	0.015398	0.004997	0.139524	0.012795	0.011563	0.012423	0.012732	0.004194	0.008491	0.000864	0.001854	0.009112	0.000702	
0.024919	0.023159	0.034512	0.019109	0.050089	0.008614	0.015272	0.000862	0.013014	0.001809	0.052722	0.037687	0.001809	0.020139	0.005004	0.022004	0.034485	0.044778	0.006703	0.010120	0.008175	0.011892	0.003301	0.032749	0.009927	0.007460	0.005838	0.009388	0.025368	0.001265	0.000137	0.066124	0.059248	0.009788	0.013007	0.013521	0.007959	0.007538	0.002796	0.075556	0.010241	0.037695	0.017238	0.007836	0.037132	0.004853	0.000540	0.003361	0.077770	0.005491	
0.022703	0.009783	0.025071	0.011496	0.072871	0.005420	0.010039	0.001093	0.005788	0.001176	0.048880	0.049818	0.001176	0.018208	0.001733	0.010389	0.050132	0.054716	0.004229	0.006536	0.007454	0.010677	0.001173	0.042460	0.006240	0.007246	0.003767	0.013604	0.010881	0.001626	0.000134	0.095432	0.079158	0.013966	0.014125	0.004532	0.005118	0.010910	0.003651	0.101103	0.016295	0.036016	0.012490	0.009556	0.016970	0.006252	0.000667	0.002144	0.053204	0.001893	
0.048507	0.004642	0.035067	0.030217	0.036016	0.002552	0.010294	0.000930	0.007143	0.000621	0.089389	0.026963	0.000621	0.038730	0.000666	0.008320	0.024854	0.031896	0.002010	0.007338	0.015831	0.007138	0.000485	0.021130	0.002925	0.021266	0.004103	0.006790	0.007511	0.001365	0.000147	0.079795	0.058284	0.007031	0.020127	0.001575	0.005575	0.005461	0.003018	0.049702	0.070572	0.069891	0.006924	0.004742	0.018921	0.004969	0.000582	0.001062	0.095579	0.000718	
0.004670	0.068396	0.051719	0.067415	0.003546	0.003357	0.020414	0.006021	0.038249	0.000780	0.012693	0.006878	0.000780	0.004350	0.012073	0.036849	0.003455	0.011899	0.002633	0.007941	0.001614	0.040060	0.007899	0.004601	0.003854	0.022698	0.004438	0.000776	0.048470	0.009284	0.000147	0.066133	0.005717	0.002172	0.002019	0.032942	0.006035	0.000650	0.021684	0.008903	0.073851	0.039218	0.025287	0.001338	0.072571	0.032684	0.003410	0.001368	0.082795	0.013265	
0.003393	0.013605	0.015101	0.035637	0.027359	0.004201	0.061476	0.003732	0.010379	0.000949	0.034699	0.043834	0.000949	0.002772	0.000873	0.045212	0.019391	0.072947	0.003288	0.043782	0.001202	0.026260	0.000620	0.017816	0.004829	0.042202	0.024971	0.005189	0.037349	0.005722	0.000150	0.086986	0.027586	0.006099	0.003557	0.002137	0.034207	0.004181	0.013285	0.040698	0.080980	0.024631	0.019108	0.004201	0.005500	0.021258	0.002140	0.001691	0.010922	0.000945	
0.004225	0.007740	0.009572	0.010399	0.008281	0.006119	0.113249	0.001016	0.004779	0.001329	0.060215	0.057700	0.001329	0.003459	0.001338	0.088539	0.005866	0.114764	0.004774	0.085703	0.001474	0.010659	0.000923	0.008879	0.007043	0.046416	0.049163	0.001658	0.072745	0.001495	0.000153	0.021739	0.010910	0.002018	0.002261	0.003411	0.067399	0.001357	0.003316	0.018216	0.016227	0.010497	0.013364	0.002568	0.008523	0.007253	0.000632	0.002422	0.015426	0.001456	
0.008306	0.007603	0.010930	0.088960	0.006252	0.002298	0.050085	0.000648	0.019369	0.000586	0.037457	0.026975	0.000586	0.006726	0.001571	0.041071	0.004417	0.052006	0.001817	0.038489	0.002806	0.005025	0.001079	0.005801	0.002628	0.071205	0.021644	0.001293	0.035124	0.000916	0.000165	0.114473	0.010481	0.001460	0.003533	0.004030	0.029636	0.001067	0.001936	0.010755	0.205450	0.013875	0.005469	0.001382	0.011167	0.003876	0.000434	0.000976	0.024449	0.001711	
0.003168	0.038371	0.028220	0.035086	0.004891	0.003987	0.081609	0.000834	0.022452	0.000906	0.042524	0.039971	0.000906	0.002977	0.008578	0.080859	0.003513	0.080055	0.003122	0.060298	0.001128	0.007729	0.005628	0.005553	0.004582	0.035260	0.034583	0.001027	0.078119	0.001214	0.000149	0.020453	0.006891	0.001287	0.001605	0.023328	0.047396	0.000851	0.002659	0.011146	0.021620	0.008070	0.009080	0.001649	0.051280	0.005560	0.000529	0.001608	0.058268	0.009421	
0.003000	0.077219	0.058203	0.043215	0.006412	0.004290	0.026051	0.008355	0.036240	0.000959	0.011330	0.009869	0.000959	0.003040	0.012547	0.039960	0.005807	0.016209	0.003355	0.009611	0.001068	0.055671	0.008205	0.006536	0.004933	0.007662	0.005543	0.001302	0.051722	0.012918	0.000140	0.046681	0.007541	0.003244	0.001668	0.034258	0.007553	0.001070	0.030260	0.013928	0.011425	0.050096	0.034710	0.001889	0.074886	0.045629	0.004704	0.001718	0.082625	0.013788	
0.004083	0.076851	0.054329	0.080344	0.009811	0.005133	0.009778	0.000919	0.047094	0.001127	0.009719	0.008256	0.001127	0.004151	0.017461	0.045874	0.006897	0.010546	0.004009	0.003716	0.001421	0.009272	0.011400	0.009171	0.005906	0.018277	0.002037	0.001934	0.064263	0.001350	0.000144	0.049473	0.011162	0.002247	0.002334	0.047768	0.002741	0.001576	0.002988	0.018973	0.064644	0.009820	0.011372	0.002483	0.104462	0.004587	0.000575	0.002041	0.115162	0.019193	
0.006176	0.086637	0.062491	0.069666	0.005610	0.005403	0.011182	0.001983	0.048697	0.001178	0.012704	0.005447	0.001178	0.005896	0.019018	0.049428	0.004195	0.007522	0.004217	0.003290	0.002098	0.016254	0.012411	0.006994	0.006218	0.008488	0.001882	0.001153	0.069587	0.003006	0.000141	0.029713	0.008345	0.001711	0.002717	0.052055	0.002529	0.000951	0.006895	0.013929	0.027027	0.018633	0.015397	0.002082	0.114422	0.010404	0.001164	0.002142	0.128831	0.020906	
0.005009	0.020840	0.031291	0.019420	0.005148	0.065884	0.009452	0.004108	0.010272	0.013114	0.010559	0.005038	0.013114	0.004133	0.002307	0.008267	0.004235	0.006976	0.051071	0.003119	0.001728	0.080748	0.001553	0.051059	0.076067	0.009389	0.001780	0.001078	0.010069	0.006305	0.000153	0.044517	0.007310	0.003809	0.002276	0.006076	0.002385	0.000893	0.014654	0.089243	0.030860	0.028907	0.127207	0.017372	0.014544	0.022027	0.002350	0.025149	0.024612	0.002522	
0.005011	0.009245	0.025461	0.012252	0.005150	0.084923	0.005248	0.001256	0.005627	0.016870	0.010389	0.004869	0.016870	0.004095	0.001529	0.006079	0.003761	0.006620	0.065820	0.002792	0.001730	0.078766	0.001048	0.064955	0.098056	0.006295	0.001621	0.001080	0.007079	0.001868	0.000155	0.029573	0.007308	0.003713	0.002277	0.003934	0.002167	0.000895	0.004194	0.112950	0.019321	0.012898	0.150678	0.022200	0.009906	0.006328	0.000767	0.032391	0.020315	0.001666	
0.003134	0.005532	0.021190	0.025761	0.003907	0.081781	0.004890	0.001136	0.006598	0.016253	0.007096	0.004083	0.016253	0.002560	0.000751	0.004162	0.002890	0.005819	0.063387	0.002952	0.001123	0.075328	0.000544	0.062159	0.094427	0.016210	0.001621	0.000853	0.004304	0.001679	0.000159	0.047071	0.005191	0.003369	0.001516	0.001789	0.002165	0.000714	0.003743	0.107388	0.057954	0.009665	0.144820	0.021268	0.004650	0.005639	0.000702	0.031198	0.011802	0.000811	
0.002857	0.011152	0.016818	0.061042	0.007271	0.031080	0.031060	0.003184	0.014320	0.006258	0.018001	0.017267	0.006258	0.002336	0.000687	0.022039	0.005536	0.031060	0.024113	0.021356	0.001035	0.045432	0.000503	0.027163	0.035871	0.047201	0.011966	0.001478	0.018499	0.004863	0.000161	0.097312	0.008403	0.003020	0.001701	0.001606	0.016359	0.001214	0.011244	0.048303	0.144133	0.020763	0.063800	0.008790	0.004162	0.017400	0.001840	0.011919	0.009426	0.000739	
0.010539	0.005239	0.016031	0.022386	0.074835	0.012687	0.008622	0.000929	0.005950	0.002611	0.028055	0.050600	0.002611	0.008463	0.000791	0.007334	0.051451	0.055021	0.009859	0.005937	0.003510	0.015760	0.000562	0.048959	0.014631	0.015483	0.003344	0.013970	0.006935	0.001369	0.000137	0.114943	0.074718	0.014499	0.010016	0.001936	0.004537	0.011203	0.003041	0.112744	0.049525	0.018639	0.024519	0.011618	0.007404	0.005335	0.000577	0.004909	0.024368	0.000857	
0.011911	0.010900	0.020547	0.024974	0.017133	0.026875	0.049495	0.001067	0.008772	0.005421	0.043978	0.033235	0.005421	0.009621	0.002037	0.041277	0.011940	0.057731	0.020853	0.036853	0.003965	0.028530	0.001377	0.028880	0.031015	0.029976	0.021083	0.003297	0.036049	0.001575	0.000152	0.049876	0.022400	0.004253	0.005698	0.005335	0.028871	0.002668	0.003507	0.055714	0.046561	0.021176	0.049497	0.008814	0.015181	0.006315	0.000660	0.010314	0.034996	0.002225	
0.053824	0.011149	0.042372	0.019064	0.027438	0.002898	0.017174	0.001199	0.007712	0.000689	0.100490	0.024474	0.000689	0.043036	0.001997	0.016329	0.019021	0.032492	0.002278	0.011928	0.017555	0.009143	0.001349	0.016700	0.003325	0.014096	0.006824	0.005200	0.016036	0.001784	0.000146	0.052228	0.053136	0.005511	0.021280	0.005236	0.009309	0.004189	0.004008	0.039033	0.033605	0.078595	0.008426	0.003876	0.028569	0.006503	0.000731	0.001193	0.113980	0.002182	
0.082487	0.011536	0.059952	0.010308	0.004236	0.006385	0.006307	0.001745	0.005965	0.001379	0.141359	0.004471	0.001379	0.065876	0.001726	0.006863	0.003215	0.006409	0.004980	0.003054	0.026854	0.015519	0.001175	0.006927	0.007351	0.004837	0.001784	0.000906	0.008027	0.002631	0.000150	0.018428	0.046253	0.001437	0.029419	0.004485	0.002392	0.000755	0.005997	0.013352	0.015176	0.120364	0.016268	0.002185	0.036234	0.009035	0.001036	0.002521	0.166985	0.001884	
0.045795	0.007945	0.035135	0.061776	0.015525	0.005772	0.005387	0.000827	0.014413	0.001264	0.080564	0.011727	0.001264	0.036612	0.001518	0.006579	0.010799	0.013927	0.004507	0.003830	0.014958	0.009146	0.001042	0.012966	0.006642	0.037409	0.001927	0.003003	0.007458	0.001199	0.000157	0.092492	0.037864	0.003310	0.017473	0.003900	0.002586	0.002434	0.002614	0.027155	0.140791	0.065590	0.012118	0.003288	0.023056	0.004067	0.000529	0.002292	0.095712	0.001654	
