0.050581	0.555366	0.222830	0.017088	0.093643	0.024265	0.036227	
0.071769	0.257483	0.045578	0.078912	0.352721	0.057483	0.136054	
0.113052	0.458376	0.021925	0.024323	0.139431	0.033916	0.208976	
0.829722	0.019296	0.021666	0.021666	0.031144	0.035884	0.040623	
0.522796	0.026342	0.019250	0.125633	0.161094	0.111449	0.033435	
0.438727	0.026405	0.026405	0.052471	0.287068	0.137779	0.031144	
0.390924	0.021513	0.353277	0.040336	0.028571	0.125042	0.040336	
0.102966	0.038527	0.031367	0.401296	0.129219	0.067167	0.229458	
0.173838	0.029260	0.195525	0.506368	0.019621	0.050947	0.024441	
0.027112	0.031978	0.338547	0.452902	0.027112	0.075773	0.046576	
0.042390	0.026035	0.292390	0.507343	0.035381	0.063418	0.033044	
0.159273	0.032134	0.293748	0.274188	0.029689	0.188613	0.022354	
0.028044	0.037281	0.028044	0.455295	0.386011	0.032662	0.032662	
0.028239	0.058472	0.021262	0.363123	0.442193	0.049169	0.037542	
0.044831	0.028438	0.030780	0.215791	0.553028	0.086986	0.040147	
0.033754	0.021821	0.017047	0.028981	0.038527	0.050460	0.809410	
0.026786	0.026786	0.021978	0.024382	0.113324	0.033997	0.752747	
0.033835	0.117567	0.237184	0.036227	0.033835	0.033835	0.507519	
0.124150	0.045578	0.609864	0.031293	0.021769	0.038435	0.128912	
0.057620	0.067167	0.048074	0.060007	0.033754	0.670985	0.062393	
0.060007	0.028981	0.200818	0.028981	0.098193	0.451415	0.131606	
0.116852	0.024619	0.230929	0.039182	0.027046	0.512483	0.048890	
0.041408	0.036577	0.036577	0.036577	0.314355	0.461698	0.072809	
0.219911	0.102966	0.186498	0.043300	0.024207	0.382203	0.040914	
