0.003641	0.005800	0.003348	0.006498	0.006385	0.000155	0.003087	0.094286	0.002281	0.096836	0.000435	0.003862	0.016776	0.000155	0.002039	0.020228	0.002794	0.002581	0.059076	0.002021	0.001261	0.006024	0.002451	0.000532	0.002115	0.002605	0.085462	0.000478	0.008793	0.012605	0.013750	0.016235	0.000615	0.000788	0.000694	0.000962	0.089181	0.046703	0.074964	0.005577	0.089226	0.007816	0.000532	0.003725	0.000939	0.000498	0.004524	0.176130	0.005408	0.007121	
0.013655	0.073035	0.012946	0.008831	0.029276	0.000155	0.014660	0.016800	0.001895	0.034993	0.000674	0.039017	0.050244	0.000155	0.006057	0.003670	0.002315	0.004654	0.036720	0.003616	0.004435	0.021618	0.009045	0.005013	0.005395	0.005143	0.015097	0.000806	0.022670	0.032123	0.027110	0.045513	0.002430	0.003283	0.001273	0.000815	0.065575	0.033177	0.046451	0.011239	0.015756	0.006425	0.005013	0.045439	0.009930	0.001831	0.021770	0.032232	0.067626	0.082401	
0.009625	0.052968	0.009142	0.006855	0.026321	0.000157	0.016484	0.038487	0.002272	0.058781	0.000435	0.028132	0.033853	0.000157	0.004035	0.008309	0.002783	0.002570	0.038867	0.002013	0.003159	0.020061	0.006392	0.003677	0.004156	0.003098	0.034805	0.000537	0.016850	0.023374	0.017300	0.033590	0.002718	0.003678	0.000871	0.000959	0.088691	0.031611	0.054098	0.012915	0.036334	0.007781	0.003677	0.033075	0.007229	0.001284	0.024488	0.072631	0.049038	0.059678	
0.007321	0.025188	0.006829	0.031082	0.022610	0.000138	0.003056	0.003094	0.004722	0.006923	0.001955	0.019923	0.087649	0.000138	0.008131	0.000750	0.005829	0.015891	0.082129	0.012256	0.002415	0.022671	0.004868	0.001808	0.004250	0.018790	0.002738	0.002558	0.043693	0.087427	0.104037	0.101269	0.000595	0.000767	0.004448	0.001877	0.020542	0.091372	0.018317	0.009960	0.002853	0.016657	0.001808	0.015845	0.003680	0.002171	0.004486	0.009946	0.023512	0.029028	
0.008298	0.043695	0.007866	0.019207	0.040546	0.000147	0.008052	0.003608	0.003891	0.013733	0.003132	0.026404	0.060636	0.000147	0.012315	0.000864	0.004795	0.026016	0.060678	0.020046	0.002732	0.023763	0.005515	0.003050	0.004286	0.018096	0.003195	0.002629	0.071831	0.060966	0.061094	0.066672	0.001387	0.001852	0.002684	0.001567	0.043164	0.055414	0.025789	0.011201	0.003329	0.013640	0.003050	0.027488	0.006285	0.003526	0.011928	0.009719	0.040760	0.049312	
0.003643	0.043089	0.003660	0.018485	0.044500	0.000149	0.013062	0.005359	0.004958	0.021954	0.003013	0.025649	0.045143	0.000149	0.010674	0.001251	0.006118	0.024973	0.058613	0.019244	0.001257	0.025471	0.002450	0.003012	0.003083	0.016895	0.004834	0.002475	0.069861	0.056420	0.054524	0.059055	0.002175	0.002934	0.002436	0.001973	0.061206	0.049450	0.027817	0.015861	0.005041	0.017477	0.003012	0.027200	0.006193	0.003411	0.019392	0.013694	0.040187	0.047519	
0.010366	0.007077	0.009426	0.036726	0.016074	0.000137	0.005071	0.007865	0.014835	0.014687	0.001260	0.009799	0.085679	0.000137	0.006557	0.001759	0.018383	0.009869	0.087200	0.007623	0.003380	0.022151	0.006873	0.000600	0.008951	0.014683	0.007030	0.001988	0.030433	0.076844	0.090538	0.093406	0.000911	0.001201	0.004071	0.005712	0.028245	0.082304	0.023177	0.029200	0.007335	0.053100	0.000600	0.004638	0.001187	0.001251	0.007489	0.025338	0.006681	0.010150	
0.009778	0.025625	0.009051	0.029181	0.025329	0.000149	0.010249	0.017562	0.027405	0.031497	0.001441	0.014248	0.034418	0.000149	0.007108	0.003838	0.033984	0.011346	0.068386	0.008762	0.003202	0.016798	0.006490	0.001847	0.013305	0.006839	0.015830	0.001096	0.036272	0.024094	0.017408	0.030452	0.001733	0.002327	0.001308	0.010487	0.054650	0.023723	0.049806	0.054567	0.016522	0.098364	0.001847	0.016201	0.003689	0.001722	0.015201	0.050761	0.023858	0.030097	
0.004274	0.003995	0.003903	0.034346	0.029192	0.000145	0.010716	0.015842	0.026369	0.030413	0.002142	0.004860	0.037495	0.000145	0.007721	0.003483	0.032700	0.017455	0.081134	0.013461	0.001454	0.020086	0.002864	0.000402	0.011050	0.012157	0.014331	0.001806	0.050043	0.042742	0.041119	0.046366	0.001803	0.002425	0.002252	0.010092	0.058024	0.041708	0.038220	0.052972	0.014957	0.094644	0.000402	0.002948	0.000880	0.001984	0.015899	0.047328	0.003928	0.005323	
0.010378	0.008228	0.009446	0.045917	0.011305	0.000142	0.005430	0.010974	0.044112	0.019721	0.000670	0.005887	0.040702	0.000142	0.004657	0.002426	0.054725	0.004718	0.090572	0.003662	0.003387	0.012274	0.006882	0.000681	0.019557	0.004856	0.009850	0.000762	0.017580	0.025204	0.024369	0.034671	0.000971	0.001282	0.001881	0.016820	0.029382	0.027237	0.052809	0.081888	0.010278	0.158586	0.000681	0.005291	0.001279	0.000746	0.008022	0.049880	0.007680	0.011398	
0.006423	0.004342	0.005845	0.043572	0.010547	0.000142	0.005907	0.019070	0.038441	0.028070	0.000588	0.004604	0.038271	0.000142	0.003300	0.004164	0.047686	0.004010	0.091492	0.003117	0.002133	0.012653	0.004278	0.000422	0.016154	0.005734	0.017234	0.000855	0.014656	0.031683	0.034647	0.040106	0.001046	0.001385	0.002198	0.014669	0.037377	0.037945	0.051963	0.071981	0.017988	0.138151	0.000422	0.002895	0.000751	0.000609	0.008732	0.061298	0.004077	0.006224	
0.005456	0.052826	0.005377	0.041378	0.014384	0.000146	0.002290	0.003728	0.044137	0.008624	0.000712	0.027385	0.017303	0.000146	0.003832	0.000896	0.054755	0.005048	0.080969	0.003917	0.001830	0.005729	0.003643	0.003658	0.017887	0.003001	0.003335	0.000552	0.015307	0.009484	0.007008	0.012628	0.000482	0.000608	0.001180	0.016832	0.012882	0.008977	0.067042	0.080203	0.003476	0.158664	0.003658	0.032737	0.007233	0.001527	0.003340	0.036337	0.048938	0.058512	
0.006897	0.007906	0.006304	0.007926	0.058021	0.000160	0.043913	0.020719	0.004823	0.076369	0.001534	0.004969	0.024816	0.000160	0.006460	0.004528	0.005948	0.012071	0.031317	0.009323	0.002296	0.044536	0.004596	0.000676	0.004148	0.006681	0.018726	0.001098	0.052276	0.034958	0.013400	0.043113	0.007023	0.009597	0.000763	0.001928	0.172471	0.021267	0.023299	0.032542	0.019545	0.016962	0.000676	0.005948	0.001345	0.001511	0.065360	0.041421	0.007478	0.010195	
0.009233	0.023999	0.008547	0.013067	0.056676	0.000158	0.043000	0.003942	0.011632	0.058978	0.001245	0.012955	0.028400	0.000158	0.006293	0.000942	0.014401	0.009574	0.032226	0.007401	0.003036	0.043525	0.006135	0.001748	0.007411	0.005293	0.003488	0.000897	0.046359	0.032192	0.010283	0.042355	0.006879	0.009399	0.000763	0.004510	0.154189	0.013247	0.024180	0.044252	0.003635	0.041501	0.001748	0.015821	0.003458	0.001522	0.064001	0.014815	0.022332	0.028199	
0.004739	0.049380	0.004703	0.009170	0.055116	0.000160	0.038699	0.006433	0.008106	0.055823	0.001184	0.025655	0.015740	0.000160	0.005097	0.001487	0.010023	0.009032	0.028527	0.006985	0.001612	0.037858	0.003176	0.003442	0.004601	0.004721	0.005797	0.000824	0.041511	0.026578	0.007334	0.032815	0.006206	0.008472	0.000582	0.003174	0.141333	0.010697	0.033986	0.035565	0.006046	0.028791	0.003442	0.031382	0.006837	0.001891	0.057590	0.017120	0.045802	0.054599	
0.092030	0.008501	0.083135	0.005339	0.009013	0.000147	0.003256	0.004122	0.002630	0.007054	0.000662	0.005164	0.225233	0.000147	0.026529	0.000756	0.003230	0.004614	0.015160	0.003583	0.029280	0.034535	0.060655	0.000704	0.032421	0.003346	0.002735	0.000587	0.044207	0.038536	0.011567	0.102770	0.000634	0.000817	0.000652	0.001089	0.015405	0.033384	0.008357	0.006307	0.002849	0.009097	0.000704	0.005417	0.001318	0.000744	0.004780	0.007261	0.007932	0.031608	
0.052754	0.014554	0.047742	0.013699	0.012028	0.000145	0.007189	0.013552	0.001501	0.021787	0.000458	0.010672	0.156633	0.000145	0.015387	0.002868	0.001829	0.002855	0.040286	0.002230	0.016826	0.029933	0.034790	0.001105	0.018600	0.006735	0.011719	0.000959	0.028131	0.055099	0.047422	0.098067	0.001250	0.001664	0.002090	0.000659	0.036119	0.058028	0.017623	0.006444	0.012229	0.005032	0.001105	0.009203	0.002101	0.000663	0.010641	0.025356	0.013508	0.028586	
0.051289	0.032759	0.046572	0.007393	0.014463	0.000150	0.003289	0.022408	0.002467	0.025617	0.000911	0.018010	0.133974	0.000150	0.016594	0.004765	0.003026	0.006745	0.032195	0.005223	0.016365	0.023162	0.033827	0.002324	0.018451	0.005122	0.019765	0.000829	0.035685	0.033087	0.019392	0.069266	0.000642	0.000827	0.000960	0.001029	0.032126	0.037078	0.032991	0.006027	0.020631	0.008498	0.002324	0.020405	0.004582	0.001370	0.004828	0.042061	0.030398	0.047949	
0.022326	0.003989	0.020194	0.018199	0.009172	0.000148	0.004805	0.049756	0.011597	0.055355	0.000572	0.003977	0.071376	0.000148	0.007495	0.010674	0.014361	0.003818	0.061111	0.002971	0.007180	0.015797	0.014753	0.000404	0.011866	0.004890	0.044881	0.000759	0.019089	0.030788	0.028429	0.049278	0.000879	0.001153	0.001471	0.004491	0.058704	0.047549	0.049530	0.023234	0.046854	0.041404	0.000404	0.002655	0.000708	0.000589	0.007088	0.099660	0.003748	0.009718	
0.024825	0.036860	0.022724	0.004773	0.066657	0.000155	0.004941	0.003615	0.003228	0.009530	0.006537	0.019293	0.063312	0.000155	0.027644	0.000829	0.003970	0.055465	0.038569	0.042702	0.007977	0.025829	0.016401	0.002602	0.009692	0.024370	0.003019	0.003797	0.150431	0.034614	0.007950	0.033522	0.000906	0.001188	0.000496	0.001321	0.047459	0.013741	0.021634	0.008292	0.003145	0.011227	0.002602	0.023593	0.005758	0.006440	0.007287	0.008171	0.034817	0.045936	
0.024770	0.037211	0.022677	0.015767	0.043249	0.000151	0.003731	0.007075	0.014784	0.012005	0.004033	0.019624	0.064733	0.000151	0.019574	0.001564	0.018316	0.033795	0.050010	0.026031	0.007957	0.020077	0.016364	0.002622	0.013856	0.015463	0.006157	0.002435	0.095145	0.028012	0.009985	0.034806	0.000713	0.000923	0.000784	0.005702	0.035092	0.016928	0.035152	0.028355	0.006422	0.052880	0.002622	0.023506	0.005524	0.004220	0.005485	0.022393	0.034863	0.046304	
0.026729	0.004421	0.024171	0.013241	0.061167	0.000150	0.005804	0.003941	0.007079	0.011135	0.006302	0.004119	0.081012	0.000150	0.027139	0.000890	0.008752	0.053466	0.052522	0.041162	0.008577	0.029355	0.017653	0.000435	0.011734	0.025763	0.003293	0.003927	0.146432	0.049465	0.027311	0.053174	0.001037	0.001369	0.001348	0.002778	0.049646	0.030549	0.011256	0.015678	0.003432	0.025119	0.000435	0.003578	0.001403	0.005689	0.008575	0.011594	0.004784	0.011259	
0.008914	0.046806	0.008448	0.006689	0.068498	0.000156	0.008578	0.005480	0.002114	0.016139	0.006178	0.025109	0.033266	0.000156	0.022301	0.001269	0.002587	0.052352	0.044427	0.040307	0.002933	0.024722	0.005923	0.003266	0.003855	0.024345	0.004886	0.003749	0.138774	0.038842	0.019107	0.029827	0.001477	0.001972	0.000933	0.000899	0.059971	0.020281	0.026603	0.008292	0.005095	0.007214	0.003266	0.029758	0.007045	0.006287	0.012707	0.011390	0.043976	0.052830	
0.005044	0.006689	0.004620	0.021593	0.043255	0.000146	0.005746	0.019758	0.006439	0.026899	0.004255	0.007563	0.052638	0.000146	0.014755	0.004317	0.007958	0.035760	0.072851	0.027541	0.001699	0.022930	0.003371	0.000582	0.004097	0.022167	0.017873	0.003247	0.094291	0.062184	0.060994	0.061754	0.001024	0.001354	0.002709	0.002533	0.053677	0.059936	0.023903	0.014505	0.018655	0.022823	0.000582	0.004747	0.001475	0.003908	0.008490	0.041432	0.006655	0.008429	
