0.047480	0.038951	0.000954	0.119341	0.001375	0.049300	0.012375	0.055254	0.014779	0.026844	0.005896	0.004982	0.008217	0.059394	0.003259	0.028009	0.005204	0.000897	0.051897	0.012162	0.015860	0.000153	0.048711	0.013324	0.012332	0.065040	0.007707	0.031429	0.000611	0.037224	0.023649	0.011931	0.032728	0.001498	0.009618	0.012513	0.010375	0.010481	0.006469	0.001007	0.001644	0.000497	0.013668	0.004825	0.007985	0.000153	0.050277	0.001677	0.007696	0.012346	
0.020604	0.033429	0.000957	0.060655	0.003957	0.035897	0.028206	0.020514	0.055297	0.104740	0.004346	0.015203	0.016978	0.042130	0.001142	0.019532	0.007902	0.000899	0.022513	0.008925	0.010139	0.000147	0.035641	0.004364	0.011283	0.028350	0.020755	0.021529	0.000610	0.027245	0.017322	0.046331	0.067396	0.001506	0.004239	0.012467	0.019700	0.003953	0.013221	0.001914	0.000625	0.000494	0.020157	0.014791	0.005872	0.000147	0.036786	0.006124	0.015107	0.047961	
0.006043	0.057327	0.001046	0.052145	0.002286	0.069410	0.019608	0.028431	0.021482	0.040721	0.008533	0.008643	0.011992	0.080868	0.002657	0.038177	0.007057	0.000981	0.006595	0.017697	0.004047	0.000133	0.071153	0.010834	0.018155	0.008935	0.012253	0.043534	0.000655	0.054353	0.034497	0.018033	0.048517	0.001665	0.001315	0.013969	0.014457	0.008622	0.010279	0.001504	0.001344	0.000524	0.014492	0.006802	0.011588	0.000133	0.073444	0.002449	0.011953	0.018665	
0.022321	0.047039	0.003427	0.053069	0.004996	0.004300	0.157590	0.023291	0.005659	0.010408	0.000537	0.019305	0.065855	0.005912	0.001317	0.008739	0.047424	0.003193	0.024390	0.000959	0.011680	0.000150	0.003421	0.005099	0.025496	0.030338	0.025867	0.003368	0.002023	0.002647	0.001733	0.004538	0.007898	0.005651	0.004584	0.073360	0.042141	0.004030	0.093128	0.012714	0.000710	0.001555	0.005054	0.007489	0.000677	0.000150	0.003526	0.000718	0.105832	0.004693	
0.003055	0.041667	0.002887	0.016389	0.012502	0.006716	0.131075	0.015949	0.019860	0.038432	0.000902	0.048988	0.064159	0.007653	0.001557	0.009757	0.039122	0.002691	0.003326	0.001729	0.013101	0.000144	0.006555	0.006137	0.021759	0.004172	0.064985	0.005437	0.001712	0.005038	0.003246	0.016704	0.022895	0.004749	0.000726	0.061356	0.063486	0.004975	0.076474	0.010459	0.000822	0.001320	0.010210	0.010505	0.001178	0.000144	0.006761	0.002287	0.086959	0.017288	
0.003422	0.030772	0.007001	0.026219	0.004786	0.004179	0.101574	0.010320	0.049057	0.093373	0.000560	0.018485	0.058124	0.004402	0.000949	0.014561	0.044431	0.006511	0.003728	0.001011	0.005681	0.000146	0.003644	0.003549	0.016461	0.004639	0.024532	0.003071	0.004063	0.002817	0.001839	0.041272	0.050651	0.011652	0.000802	0.045055	0.067279	0.003262	0.056903	0.007816	0.000532	0.003084	0.017429	0.022882	0.000711	0.000146	0.003757	0.005468	0.064669	0.042723	
0.004464	0.045596	0.001710	0.014486	0.002384	0.003590	0.153200	0.097558	0.004594	0.008653	0.000492	0.008998	0.057608	0.003872	0.009655	0.014928	0.040997	0.001598	0.004867	0.000872	0.003656	0.000144	0.003089	0.040472	0.024589	0.006051	0.011968	0.012855	0.001039	0.002392	0.001569	0.003840	0.006641	0.002773	0.001008	0.091839	0.020804	0.031385	0.090645	0.012374	0.004709	0.000815	0.028155	0.004512	0.000619	0.000144	0.003184	0.000622	0.104016	0.003971	
0.045469	0.008703	0.003018	0.098715	0.021541	0.009526	0.011915	0.044562	0.020903	0.039967	0.001051	0.084656	0.035335	0.012869	0.002287	0.011497	0.011438	0.002814	0.049698	0.002020	0.034926	0.000163	0.007671	0.009169	0.003534	0.061861	0.112826	0.006906	0.001794	0.005895	0.003796	0.017109	0.023167	0.004955	0.009224	0.009548	0.093537	0.007329	0.005716	0.000913	0.001183	0.001386	0.012371	0.010807	0.001374	0.000163	0.007913	0.002356	0.006721	0.017707	
0.065443	0.010270	0.005351	0.140567	0.014281	0.005564	0.029241	0.056050	0.004797	0.008320	0.000495	0.055944	0.039169	0.009361	0.002414	0.013200	0.023296	0.004981	0.071535	0.000849	0.033962	0.000170	0.002915	0.009684	0.005703	0.088970	0.074987	0.004337	0.003131	0.002266	0.001498	0.003332	0.005955	0.008867	0.013224	0.018353	0.085969	0.007567	0.016963	0.002439	0.001247	0.002390	0.007636	0.009994	0.000613	0.000170	0.003004	0.000579	0.019502	0.003444	
0.004985	0.006207	0.001769	0.016290	0.026943	0.004717	0.011974	0.141620	0.008122	0.017097	0.000607	0.106046	0.038430	0.004964	0.014040	0.020950	0.007850	0.001653	0.005436	0.001105	0.027787	0.000149	0.004014	0.059045	0.002836	0.006767	0.140600	0.018465	0.001075	0.003100	0.002020	0.006805	0.009666	0.002868	0.001116	0.038915	0.102730	0.045789	0.006589	0.001020	0.006817	0.000844	0.041512	0.006430	0.000773	0.000149	0.004139	0.001011	0.009126	0.007040	
0.006560	0.004711	0.003729	0.024368	0.024410	0.004634	0.007122	0.150021	0.005315	0.011540	0.000589	0.096034	0.039467	0.004939	0.014787	0.025012	0.012975	0.003473	0.007158	0.001068	0.025798	0.000150	0.003861	0.062210	0.002287	0.008907	0.127351	0.019244	0.002195	0.002983	0.001946	0.004425	0.007188	0.006157	0.001432	0.038632	0.108361	0.048209	0.003809	0.000644	0.007176	0.001684	0.042732	0.008491	0.000749	0.000150	0.003981	0.000703	0.006059	0.004576	
0.019430	0.023752	0.004401	0.049994	0.016008	0.003918	0.076716	0.073741	0.004973	0.009961	0.000482	0.062820	0.054319	0.005096	0.006504	0.016245	0.031484	0.004098	0.021229	0.000841	0.021542	0.000152	0.002937	0.027084	0.012956	0.026399	0.083493	0.009108	0.002580	0.002279	0.001500	0.003993	0.006823	0.007284	0.004008	0.049683	0.085572	0.021031	0.045124	0.006229	0.003201	0.001973	0.019368	0.009148	0.000601	0.000152	0.003027	0.000649	0.051963	0.004129	
0.020954	0.005974	0.001704	0.046148	0.025181	0.005119	0.013302	0.020402	0.052681	0.101266	0.000593	0.099062	0.036802	0.006268	0.001116	0.006229	0.006805	0.001594	0.022895	0.001070	0.030963	0.000156	0.003851	0.004226	0.002256	0.028481	0.131553	0.003375	0.001041	0.002977	0.001944	0.044127	0.052598	0.002755	0.004316	0.005797	0.096637	0.003822	0.004516	0.000745	0.000617	0.000820	0.018920	0.016720	0.000752	0.000156	0.003970	0.005847	0.005220	0.045679	
0.004771	0.012521	0.002369	0.017961	0.020787	0.006604	0.031525	0.013109	0.063899	0.122694	0.000834	0.081718	0.040152	0.007111	0.001196	0.008354	0.012917	0.002211	0.005203	0.001580	0.021713	0.000150	0.005934	0.004584	0.005397	0.006497	0.108376	0.004659	0.001418	0.004565	0.002948	0.053748	0.064711	0.003875	0.001074	0.013608	0.086985	0.004211	0.014562	0.002097	0.000652	0.001101	0.022688	0.020216	0.001083	0.000150	0.006120	0.007086	0.016635	0.055640	
0.004096	0.011198	0.004316	0.020641	0.015926	0.004660	0.032589	0.015581	0.070818	0.135516	0.000590	0.062504	0.040787	0.004718	0.001463	0.010899	0.019147	0.004019	0.004464	0.001070	0.016761	0.000150	0.003870	0.005719	0.005188	0.005556	0.082881	0.003794	0.002531	0.002990	0.001950	0.059579	0.070983	0.007144	0.000939	0.014338	0.084806	0.005157	0.014664	0.002111	0.000780	0.001936	0.025542	0.024437	0.000750	0.000150	0.003990	0.007841	0.016782	0.061676	
0.006711	0.057585	0.006080	0.068729	0.002415	0.073270	0.009603	0.012899	0.008014	0.015112	0.009025	0.009156	0.022143	0.085635	0.001033	0.046963	0.020965	0.005655	0.007325	0.018727	0.004378	0.000132	0.075319	0.003952	0.018210	0.009888	0.012988	0.044026	0.003531	0.057533	0.036513	0.006692	0.037905	0.010115	0.001448	0.006012	0.051348	0.003164	0.004998	0.000790	0.000564	0.002681	0.005855	0.011112	0.012259	0.000132	0.077744	0.000981	0.005763	0.006923	
0.006000	0.059743	0.001336	0.055673	0.001363	0.074634	0.014303	0.012221	0.025392	0.048090	0.009174	0.004996	0.010029	0.086992	0.001035	0.039405	0.006627	0.001250	0.006547	0.019038	0.003133	0.000132	0.076580	0.003961	0.018460	0.008934	0.007479	0.044746	0.000820	0.058495	0.037123	0.021324	0.054434	0.002152	0.001305	0.007430	0.013433	0.003343	0.006865	0.001042	0.000565	0.000648	0.011211	0.008070	0.012462	0.000132	0.079046	0.002874	0.007883	0.022072	
0.014695	0.046164	0.003218	0.068880	0.002120	0.059496	0.007172	0.084244	0.004809	0.008790	0.007279	0.007971	0.013672	0.069660	0.007789	0.042598	0.011416	0.002998	0.016053	0.015069	0.006537	0.000138	0.060511	0.032579	0.014433	0.020584	0.011362	0.043420	0.001898	0.046230	0.029351	0.003906	0.028436	0.005308	0.003050	0.021649	0.029388	0.025278	0.003894	0.000646	0.003811	0.001458	0.023584	0.005997	0.009876	0.000138	0.062459	0.000626	0.005319	0.004039	
0.030811	0.009452	0.002528	0.067336	0.001526	0.004634	0.027027	0.223215	0.006109	0.010792	0.000447	0.005567	0.018644	0.005779	0.020893	0.028635	0.013833	0.002359	0.033672	0.000762	0.010894	0.000158	0.002603	0.088077	0.004984	0.041873	0.007762	0.025604	0.001512	0.002024	0.001341	0.004822	0.007045	0.004137	0.006288	0.062475	0.022389	0.068226	0.015648	0.002251	0.010111	0.001174	0.059945	0.005268	0.000552	0.000158	0.002682	0.000761	0.020230	0.004987	
0.005248	0.025149	0.022106	0.075032	0.003467	0.014482	0.052725	0.011497	0.006135	0.011641	0.001861	0.013277	0.080937	0.017007	0.000864	0.045544	0.081801	0.020537	0.005725	0.003734	0.004953	0.000144	0.014658	0.003196	0.013430	0.007242	0.017773	0.009251	0.012694	0.011225	0.007167	0.005129	0.015700	0.037008	0.001165	0.024526	0.171979	0.002564	0.030042	0.004185	0.000490	0.009556	0.004134	0.035000	0.002485	0.000144	0.015126	0.000789	0.034168	0.005305	
0.005250	0.017243	0.015120	0.056842	0.003018	0.014392	0.026155	0.089670	0.017510	0.033232	0.001799	0.011499	0.053636	0.016404	0.008733	0.042114	0.053165	0.014050	0.005726	0.003603	0.004515	0.000146	0.014124	0.036554	0.008332	0.007238	0.015411	0.018072	0.008702	0.010817	0.006909	0.014702	0.025137	0.025280	0.001167	0.031454	0.119369	0.028482	0.013831	0.001995	0.004268	0.006563	0.029648	0.027045	0.002400	0.000146	0.014574	0.002030	0.016711	0.015216	
0.012285	0.010261	0.017539	0.070253	0.002913	0.002992	0.032243	0.114386	0.005205	0.009648	0.000381	0.011067	0.061961	0.003476	0.010835	0.042910	0.062553	0.016297	0.013418	0.000631	0.006568	0.000151	0.002093	0.045453	0.007133	0.016674	0.014801	0.013652	0.010087	0.001634	0.001091	0.004268	0.008917	0.029337	0.002578	0.039840	0.136544	0.035244	0.018147	0.002583	0.005279	0.007603	0.031590	0.027754	0.000464	0.000151	0.002156	0.000684	0.021861	0.004413	
0.004938	0.008359	0.019043	0.062467	0.002140	0.007778	0.014297	0.019224	0.053608	0.101795	0.000986	0.008019	0.059813	0.008584	0.001679	0.037647	0.061847	0.017693	0.005385	0.001899	0.003561	0.000149	0.007224	0.006636	0.004778	0.006738	0.010719	0.005956	0.010945	0.005551	0.003573	0.045085	0.058108	0.031864	0.001107	0.007019	0.145140	0.005696	0.004294	0.000709	0.000883	0.008246	0.020897	0.041357	0.001290	0.000149	0.007453	0.005964	0.005038	0.046671	
0.036195	0.010166	0.017618	0.121072	0.002144	0.012622	0.008235	0.076771	0.005126	0.008830	0.001472	0.008009	0.053095	0.016063	0.005868	0.041789	0.057150	0.016371	0.039558	0.002905	0.013148	0.000158	0.011266	0.024371	0.005401	0.049287	0.011163	0.013113	0.010135	0.008638	0.005533	0.003934	0.011964	0.029467	0.007365	0.016940	0.134199	0.018933	0.003922	0.000666	0.002899	0.007641	0.017645	0.027591	0.001949	0.000158	0.011625	0.000646	0.005116	0.004067	
