7
7
7
7
7
7
7
7
7
7
7
7
7
7
7
7
7
7
4
4
4
4
4
4
4
4
4
4
4
4
4
4
4
4
4
4
4
4
4
4
4
4
4
4
19
19
19
19
19
19
19
19
19
19
19
19
10
10
10
10
10
10
10
10
10
10
10
10
10
10
10
4
4
4
4
4
4
4
4
4
4
4
4
4
4
4
49
49
49
49
46
46
46
46
46
46
46
46
46
46
46
29
29
29
29
29
29
29
29
29
29
29
29
29
29
29
29
29
29
29
29
29
29
29
29
29
29
29
29
29
38
38
38
38
38
38
38
38
49
49
49
49
49
49
25
25
25
25
25
25
25
25
25
25
25
25
25
25
25
25
25
39
39
39
39
39
39
39
39
39
39
39
39
39
39
39
23
23
23
23
23
23
23
23
17
17
17
17
17
17
17
17
17
17
38
38
38
38
38
38
38
38
38
38
38
38
38
38
38
30
30
30
