0.000660	0.002808	0.000660	0.000660	0.000660	0.000660	0.000660	0.000660	0.000660	0.000660	0.000660	0.000660	0.000660	0.000840	0.000660	0.000660	0.000660	0.000660	0.000660	0.000660	0.000660	0.000660	0.000660	0.000660	0.000660	0.000660	0.000660	0.000660	0.000660	0.001286	0.000660	0.000660	0.001186	0.000973	0.000766	0.000660	0.000660	0.001192	0.007744	0.000660	0.000660	0.000660	0.000660	0.000660	0.000660	0.000660	0.000660	0.000660	0.000660	0.956158	
0.000695	0.001191	0.000695	0.000695	0.000695	0.000695	0.000695	0.000695	0.000695	0.000695	0.000695	0.000695	0.000695	0.000993	0.000695	0.000695	0.000695	0.000695	0.000695	0.000695	0.000695	0.000695	0.000695	0.000695	0.000695	0.000695	0.000695	0.000695	0.000695	0.001259	0.000695	0.000695	0.001486	0.000977	0.000949	0.000695	0.000695	0.001967	0.002525	0.000695	0.000695	0.000695	0.000695	0.000695	0.000695	0.000695	0.000695	0.000695	0.000695	0.960177	
0.000655	0.001557	0.000655	0.000655	0.000655	0.000655	0.000655	0.000655	0.000655	0.000655	0.000655	0.000655	0.000655	0.000979	0.000655	0.000655	0.000655	0.000655	0.000655	0.000655	0.000655	0.000655	0.000655	0.000655	0.000655	0.000655	0.000655	0.000655	0.000655	0.003446	0.000655	0.000655	0.003278	0.002051	0.001269	0.000655	0.000655	0.003724	0.005613	0.000655	0.000655	0.000655	0.000655	0.000655	0.000655	0.000655	0.000655	0.000655	0.000655	0.951215	
0.000619	0.001575	0.000619	0.000619	0.000619	0.000619	0.000619	0.000619	0.000619	0.000619	0.000619	0.000619	0.000619	0.000859	0.000619	0.000619	0.000619	0.000619	0.000619	0.000619	0.000619	0.000619	0.000619	0.000619	0.000619	0.000619	0.000619	0.000619	0.000619	0.001126	0.000619	0.000619	0.004687	0.000873	0.002526	0.000619	0.000619	0.010154	0.003829	0.000619	0.000619	0.000619	0.000619	0.000619	0.000619	0.000619	0.000619	0.000619	0.000619	0.948979	
0.000636	0.002025	0.000636	0.000636	0.000636	0.000636	0.000636	0.000636	0.000636	0.000636	0.000636	0.000636	0.000636	0.001773	0.000636	0.000636	0.000636	0.000636	0.000636	0.000636	0.000636	0.000636	0.000636	0.000636	0.000636	0.000636	0.000636	0.000636	0.000636	0.001022	0.000636	0.000636	0.006478	0.000829	0.003461	0.000636	0.000636	0.014757	0.005815	0.000636	0.000636	0.000636	0.000636	0.000636	0.000636	0.000636	0.000636	0.000636	0.000636	0.937751	
0.000621	0.001572	0.000621	0.000621	0.000621	0.000621	0.000621	0.000621	0.000621	0.000621	0.000621	0.000621	0.000621	0.001330	0.000621	0.000621	0.000621	0.000621	0.000621	0.000621	0.000621	0.000621	0.000621	0.000621	0.000621	0.000621	0.000621	0.000621	0.000621	0.000893	0.000621	0.000621	0.005348	0.000757	0.002916	0.000621	0.000621	0.012097	0.002603	0.000621	0.000621	0.000621	0.000621	0.000621	0.000621	0.000621	0.000621	0.000621	0.000621	0.947028	
0.000632	0.001104	0.000632	0.000632	0.000632	0.000632	0.000632	0.000632	0.000632	0.000632	0.000632	0.000632	0.000632	0.000740	0.000632	0.000632	0.000632	0.000632	0.000632	0.000632	0.000632	0.000632	0.000632	0.000632	0.000632	0.000632	0.000632	0.000632	0.000632	0.000871	0.000632	0.000632	0.010862	0.000752	0.005687	0.000632	0.000632	0.025909	0.003173	0.000632	0.000632	0.000632	0.000632	0.000632	0.000632	0.000632	0.000632	0.000632	0.000632	0.924982	
0.000622	0.003943	0.000622	0.000622	0.000622	0.000622	0.000622	0.000622	0.000622	0.000622	0.000622	0.000622	0.000622	0.001063	0.000622	0.000622	0.000622	0.000622	0.000622	0.000622	0.000622	0.000622	0.000622	0.000622	0.000622	0.000622	0.000622	0.000622	0.000622	0.001364	0.000622	0.000622	0.002660	0.000993	0.001455	0.000622	0.000622	0.004789	0.011704	0.000622	0.000622	0.000622	0.000622	0.000622	0.000622	0.000622	0.000622	0.000622	0.000622	0.946537	
0.000610	0.004088	0.000610	0.000610	0.000610	0.000610	0.000610	0.000610	0.000610	0.000610	0.000610	0.000610	0.000610	0.000766	0.000610	0.000610	0.000610	0.000610	0.000610	0.000610	0.000610	0.000610	0.000610	0.000610	0.000610	0.000610	0.000610	0.000610	0.000610	0.000880	0.000610	0.000610	0.001196	0.000745	0.000835	0.000610	0.000610	0.001737	0.011943	0.000610	0.000610	0.000610	0.000610	0.000610	0.000610	0.000610	0.000610	0.000610	0.000610	0.952800	
0.000562	0.003732	0.000562	0.000562	0.000562	0.000562	0.000562	0.000562	0.000562	0.000562	0.000562	0.000562	0.000562	0.003544	0.000562	0.000562	0.000562	0.000562	0.000562	0.000562	0.000562	0.000562	0.000562	0.000562	0.000562	0.000562	0.000562	0.000562	0.000562	0.001201	0.000562	0.000562	0.001707	0.000881	0.000974	0.000562	0.000562	0.002625	0.002887	0.000562	0.000562	0.000562	0.000562	0.000562	0.000562	0.000562	0.000562	0.000562	0.000562	0.959427	
0.000567	0.004624	0.000567	0.000567	0.000567	0.000567	0.000567	0.000567	0.000567	0.000567	0.000567	0.000567	0.000567	0.002817	0.000567	0.000567	0.000567	0.000567	0.000567	0.000567	0.000567	0.000567	0.000567	0.000567	0.000567	0.000567	0.000567	0.000567	0.000567	0.000891	0.000567	0.000567	0.001495	0.000729	0.000950	0.000567	0.000567	0.002480	0.007213	0.000567	0.000567	0.000567	0.000567	0.000567	0.000567	0.000567	0.000567	0.000567	0.000567	0.955544	
0.000569	0.004201	0.000569	0.000569	0.000569	0.000569	0.000569	0.000569	0.000569	0.000569	0.000569	0.000569	0.000569	0.003668	0.000569	0.000569	0.000569	0.000569	0.000569	0.000569	0.000569	0.000569	0.000569	0.000569	0.000569	0.000569	0.000569	0.000569	0.000569	0.001028	0.000569	0.000569	0.001900	0.000798	0.001120	0.000569	0.000569	0.003324	0.005239	0.000569	0.000569	0.000569	0.000569	0.000569	0.000569	0.000569	0.000569	0.000569	0.000569	0.955406	
0.000586	0.005335	0.000586	0.000586	0.000586	0.000586	0.000586	0.000586	0.000586	0.000586	0.000586	0.000586	0.000586	0.001587	0.000586	0.000586	0.000586	0.000586	0.000586	0.000586	0.000586	0.000586	0.000586	0.000586	0.000586	0.000586	0.000586	0.000586	0.000586	0.000904	0.000586	0.000586	0.001209	0.000745	0.000818	0.000586	0.000586	0.001745	0.012623	0.000586	0.000586	0.000586	0.000586	0.000586	0.000586	0.000586	0.000586	0.000586	0.000586	0.951023	
0.000590	0.003860	0.000590	0.000590	0.000590	0.000590	0.000590	0.000590	0.000590	0.000590	0.000590	0.000590	0.000590	0.002281	0.000590	0.000590	0.000590	0.000590	0.000590	0.000590	0.000590	0.000590	0.000590	0.000590	0.000590	0.000590	0.000590	0.000590	0.000590	0.001144	0.000590	0.000590	0.002765	0.000867	0.001539	0.000590	0.000590	0.005335	0.007608	0.000590	0.000590	0.000590	0.000590	0.000590	0.000590	0.000590	0.000590	0.000590	0.000590	0.950425	
0.000598	0.003218	0.000598	0.000598	0.000598	0.000598	0.000598	0.000598	0.000598	0.000598	0.000598	0.000598	0.000598	0.002789	0.000598	0.000598	0.000598	0.000598	0.000598	0.000598	0.000598	0.000598	0.000598	0.000598	0.000598	0.000598	0.000598	0.000598	0.000598	0.001184	0.000598	0.000598	0.002680	0.000891	0.001493	0.000598	0.000598	0.005072	0.003789	0.000598	0.000598	0.000598	0.000598	0.000598	0.000598	0.000598	0.000598	0.000598	0.000598	0.954383	
0.000628	0.000969	0.000628	0.000628	0.000628	0.000628	0.000628	0.000628	0.000628	0.000628	0.000628	0.000628	0.000628	0.000869	0.000628	0.000628	0.000628	0.000628	0.000628	0.000628	0.000628	0.000628	0.000628	0.000628	0.000628	0.000628	0.000628	0.000628	0.000628	0.009853	0.000628	0.000628	0.005692	0.005241	0.000854	0.000628	0.000628	0.001758	0.011315	0.000628	0.000628	0.000628	0.000628	0.000628	0.000628	0.000628	0.000628	0.000628	0.000628	0.937692	
0.000630	0.000931	0.000630	0.000630	0.000630	0.000630	0.000630	0.000630	0.000630	0.000630	0.000630	0.000630	0.000630	0.000788	0.000630	0.000630	0.000630	0.000630	0.000630	0.000630	0.000630	0.000630	0.000630	0.000630	0.000630	0.000630	0.000630	0.000630	0.000630	0.008965	0.000630	0.000630	0.006935	0.004797	0.001699	0.000630	0.000630	0.005974	0.010382	0.000630	0.000630	0.000630	0.000630	0.000630	0.000630	0.000630	0.000630	0.000630	0.000630	0.933713	
0.000662	0.001137	0.000662	0.000662	0.000662	0.000662	0.000662	0.000662	0.000662	0.000662	0.000662	0.000662	0.000662	0.000951	0.000662	0.000662	0.000662	0.000662	0.000662	0.000662	0.000662	0.000662	0.000662	0.000662	0.000662	0.000662	0.000662	0.000662	0.000662	0.005492	0.000662	0.000662	0.003411	0.003077	0.000829	0.000662	0.000662	0.001497	0.009288	0.000662	0.000662	0.000662	0.000662	0.000662	0.000662	0.000662	0.000662	0.000662	0.000662	0.947189	
0.000619	0.001217	0.000619	0.000619	0.000619	0.000619	0.000619	0.000619	0.000619	0.000619	0.000619	0.000619	0.000619	0.001061	0.000619	0.000619	0.000619	0.000619	0.000619	0.000619	0.000619	0.000619	0.000619	0.000619	0.000619	0.000619	0.000619	0.000619	0.000619	0.004557	0.000619	0.000619	0.002890	0.002588	0.000770	0.000619	0.000619	0.001374	0.005760	0.000619	0.000619	0.000619	0.000619	0.000619	0.000619	0.000619	0.000619	0.000619	0.000619	0.954411	
0.000607	0.002573	0.000607	0.000607	0.000607	0.000607	0.000607	0.000607	0.000607	0.000607	0.000607	0.000607	0.000607	0.002418	0.000607	0.000607	0.000607	0.000607	0.000607	0.000607	0.000607	0.000607	0.000607	0.000607	0.000607	0.000607	0.000607	0.000607	0.000607	0.004929	0.000607	0.000607	0.003245	0.002768	0.000846	0.000607	0.000607	0.001800	0.008287	0.000607	0.000607	0.000607	0.000607	0.000607	0.000607	0.000607	0.000607	0.000607	0.000607	0.948228	
0.000616	0.001634	0.000616	0.000616	0.000616	0.000616	0.000616	0.000616	0.000616	0.000616	0.000616	0.000616	0.000616	0.001477	0.000616	0.000616	0.000616	0.000616	0.000616	0.000616	0.000616	0.000616	0.000616	0.000616	0.000616	0.000616	0.000616	0.000616	0.000616	0.003644	0.000616	0.000616	0.002791	0.002130	0.000946	0.000616	0.000616	0.002268	0.005215	0.000616	0.000616	0.000616	0.000616	0.000616	0.000616	0.000616	0.000616	0.000616	0.000616	0.954631	
0.000756	0.001171	0.000756	0.000756	0.000756	0.000756	0.000756	0.000756	0.000756	0.000756	0.000756	0.000756	0.000756	0.000985	0.000756	0.000756	0.000756	0.000756	0.000756	0.000756	0.000756	0.000756	0.000756	0.000756	0.000756	0.000756	0.000756	0.000756	0.000756	0.001237	0.000756	0.000756	0.001330	0.000996	0.000923	0.000756	0.000756	0.001591	0.017349	0.000756	0.000756	0.000756	0.000756	0.000756	0.000756	0.000756	0.000756	0.000756	0.000756	0.943427	
0.000684	0.001557	0.000684	0.000684	0.000684	0.000684	0.000684	0.000684	0.000684	0.000684	0.000684	0.000684	0.000684	0.001313	0.000684	0.000684	0.000684	0.000684	0.000684	0.000684	0.000684	0.000684	0.000684	0.000684	0.000684	0.000684	0.000684	0.000684	0.000684	0.001738	0.000684	0.000684	0.004778	0.001211	0.002467	0.000684	0.000684	0.009601	0.010891	0.000684	0.000684	0.000684	0.000684	0.000684	0.000684	0.000684	0.000684	0.000684	0.000684	0.938417	
0.000708	0.002140	0.000708	0.000708	0.000708	0.000708	0.000708	0.000708	0.000708	0.000708	0.000708	0.000708	0.000708	0.001043	0.000708	0.000708	0.000708	0.000708	0.000708	0.000708	0.000708	0.000708	0.000708	0.000708	0.000708	0.000708	0.000708	0.000708	0.000708	0.001927	0.000708	0.000708	0.001859	0.001317	0.000978	0.000708	0.000708	0.002061	0.015421	0.000708	0.000708	0.000708	0.000708	0.000708	0.000708	0.000708	0.000708	0.000708	0.000708	0.944242	
