0.000764	0.001197	0.000764	0.000764	0.000764	0.000764	0.000764	0.000764	0.000764	0.000764	0.000764	0.000764	0.000764	0.000953	0.000764	0.000764	0.000764	0.000764	0.000764	0.000764	0.000764	0.000764	0.000764	0.000764	0.000764	0.000764	0.000764	0.000764	0.000764	0.001027	0.000764	0.000764	0.001509	0.000921	0.000928	0.000764	0.000764	0.001847	0.002024	0.000764	0.000764	0.000764	0.000764	0.000764	0.000764	0.000764	0.000764	0.000764	0.000764	0.958287	
0.000670	0.001009	0.000670	0.000670	0.000670	0.000670	0.000670	0.000670	0.000670	0.000670	0.000670	0.000670	0.000670	0.000872	0.000670	0.000670	0.000670	0.000670	0.000670	0.000670	0.000670	0.000670	0.000670	0.000670	0.000670	0.000670	0.000670	0.000670	0.000670	0.002063	0.000670	0.000670	0.002915	0.002009	0.001388	0.000670	0.000670	0.001516	0.011382	0.000670	0.000670	0.000670	0.000670	0.000670	0.000670	0.000670	0.000670	0.000670	0.000670	0.949368	
0.000665	0.001344	0.000665	0.000665	0.000665	0.000665	0.000665	0.000665	0.000665	0.000665	0.000665	0.000665	0.000665	0.000869	0.000665	0.000665	0.000665	0.000665	0.000665	0.000665	0.000665	0.000665	0.000665	0.000665	0.000665	0.000665	0.000665	0.000665	0.000665	0.003031	0.000665	0.000665	0.002424	0.001160	0.001981	0.000665	0.000665	0.002362	0.004626	0.000665	0.000665	0.000665	0.000665	0.000665	0.000665	0.000665	0.000665	0.000665	0.000665	0.954922	
0.000600	0.004617	0.000600	0.000600	0.000600	0.000600	0.000600	0.000600	0.000600	0.000600	0.000600	0.000600	0.000600	0.000737	0.000600	0.000600	0.000600	0.000600	0.000600	0.000600	0.000600	0.000600	0.000600	0.000600	0.000600	0.000600	0.000600	0.000600	0.000600	0.001153	0.000600	0.000600	0.001341	0.003073	0.001241	0.000600	0.000600	0.010643	0.020381	0.000600	0.000600	0.000600	0.000600	0.000600	0.000600	0.000600	0.000600	0.000600	0.000600	0.932219	
0.000660	0.005251	0.000660	0.000660	0.000660	0.000660	0.000660	0.000660	0.000660	0.000660	0.000660	0.000660	0.000660	0.001304	0.000660	0.000660	0.000660	0.000660	0.000660	0.000660	0.000660	0.000660	0.000660	0.000660	0.000660	0.000660	0.000660	0.000660	0.000660	0.001648	0.000660	0.000660	0.004647	0.000765	0.001707	0.000660	0.000660	0.012137	0.001503	0.000660	0.000660	0.000660	0.000660	0.000660	0.000660	0.000660	0.000660	0.000660	0.000660	0.943980	
0.000634	0.004473	0.000634	0.000634	0.000634	0.000634	0.000634	0.000634	0.000634	0.000634	0.000634	0.000634	0.000634	0.000796	0.000634	0.000634	0.000634	0.000634	0.000634	0.000634	0.000634	0.000634	0.000634	0.000634	0.000634	0.000634	0.000634	0.000634	0.000634	0.001024	0.000634	0.000634	0.001514	0.000765	0.004035	0.000634	0.000634	0.010231	0.001680	0.000634	0.000634	0.000634	0.000634	0.000634	0.000634	0.000634	0.000634	0.000634	0.000634	0.949490	
0.000651	0.010765	0.000651	0.000651	0.000651	0.000651	0.000651	0.000651	0.000651	0.000651	0.000651	0.000651	0.000651	0.000786	0.000651	0.000651	0.000651	0.000651	0.000651	0.000651	0.000651	0.000651	0.000651	0.000651	0.000651	0.000651	0.000651	0.000651	0.000651	0.001169	0.000651	0.000651	0.002045	0.000769	0.000799	0.000651	0.000651	0.025937	0.001592	0.000651	0.000651	0.000651	0.000651	0.000651	0.000651	0.000651	0.000651	0.000651	0.000651	0.929443	
0.000641	0.001136	0.000641	0.000641	0.000641	0.000641	0.000641	0.000641	0.000641	0.000641	0.000641	0.000641	0.000641	0.001274	0.000641	0.000641	0.000641	0.000641	0.000641	0.000641	0.000641	0.000641	0.000641	0.000641	0.000641	0.000641	0.000641	0.000641	0.000641	0.001034	0.000641	0.000641	0.005518	0.002953	0.000983	0.000641	0.000641	0.001878	0.019139	0.000641	0.000641	0.000641	0.000641	0.000641	0.000641	0.000641	0.000641	0.000641	0.000641	0.939794	
0.000607	0.001508	0.000607	0.000607	0.000607	0.000607	0.000607	0.000607	0.000607	0.000607	0.000607	0.000607	0.000607	0.000839	0.000607	0.000607	0.000607	0.000607	0.000607	0.000607	0.000607	0.000607	0.000607	0.000607	0.000607	0.000607	0.000607	0.000607	0.000607	0.000899	0.000607	0.000607	0.003482	0.004016	0.000877	0.000607	0.000607	0.002861	0.027878	0.000607	0.000607	0.000607	0.000607	0.000607	0.000607	0.000607	0.000607	0.000607	0.000607	0.932768	
0.000619	0.005154	0.000619	0.000619	0.000619	0.000619	0.000619	0.000619	0.000619	0.000619	0.000619	0.000619	0.000619	0.003152	0.000619	0.000619	0.000619	0.000619	0.000619	0.000619	0.000619	0.000619	0.000619	0.000619	0.000619	0.000619	0.000619	0.000619	0.000619	0.000994	0.000619	0.000619	0.001974	0.000793	0.000757	0.000619	0.000619	0.011956	0.002010	0.000619	0.000619	0.000619	0.000619	0.000619	0.000619	0.000619	0.000619	0.000619	0.000619	0.947820	
0.000620	0.001047	0.000620	0.000620	0.000620	0.000620	0.000620	0.000620	0.000620	0.000620	0.000620	0.000620	0.000620	0.004141	0.000620	0.000620	0.000620	0.000620	0.000620	0.000620	0.000620	0.000620	0.000620	0.000620	0.000620	0.000620	0.000620	0.000620	0.000620	0.000879	0.000620	0.000620	0.003640	0.000980	0.000811	0.000620	0.000620	0.001688	0.003501	0.000620	0.000620	0.000620	0.000620	0.000620	0.000620	0.000620	0.000620	0.000620	0.000620	0.957896	
0.000734	0.003885	0.000734	0.000734	0.000734	0.000734	0.000734	0.000734	0.000734	0.000734	0.000734	0.000734	0.000734	0.000901	0.000734	0.000734	0.000734	0.000734	0.000734	0.000734	0.000734	0.000734	0.000734	0.000734	0.000734	0.000734	0.000734	0.000734	0.000734	0.001164	0.000734	0.000734	0.010516	0.000869	0.000903	0.000734	0.000734	0.008613	0.001815	0.000734	0.000734	0.000734	0.000734	0.000734	0.000734	0.000734	0.000734	0.000734	0.000734	0.941245	
0.000595	0.001108	0.000595	0.000595	0.000595	0.000595	0.000595	0.000595	0.000595	0.000595	0.000595	0.000595	0.000595	0.003664	0.000595	0.000595	0.000595	0.000595	0.000595	0.000595	0.000595	0.000595	0.000595	0.000595	0.000595	0.000595	0.000595	0.000595	0.000595	0.002399	0.000595	0.000595	0.002022	0.000838	0.001202	0.000595	0.000595	0.001878	0.002537	0.000595	0.000595	0.000595	0.000595	0.000595	0.000595	0.000595	0.000595	0.000595	0.000595	0.959953	
0.000606	0.001383	0.000606	0.000606	0.000606	0.000606	0.000606	0.000606	0.000606	0.000606	0.000606	0.000606	0.000606	0.002782	0.000606	0.000606	0.000606	0.000606	0.000606	0.000606	0.000606	0.000606	0.000606	0.000606	0.000606	0.000606	0.000606	0.000606	0.000606	0.002498	0.000606	0.000606	0.003732	0.001476	0.000951	0.000606	0.000606	0.002549	0.007570	0.000606	0.000606	0.000606	0.000606	0.000606	0.000606	0.000606	0.000606	0.000606	0.000606	0.952224	
0.000615	0.001879	0.000615	0.000615	0.000615	0.000615	0.000615	0.000615	0.000615	0.000615	0.000615	0.000615	0.000615	0.002600	0.000615	0.000615	0.000615	0.000615	0.000615	0.000615	0.000615	0.000615	0.000615	0.000615	0.000615	0.000615	0.000615	0.000615	0.000615	0.003160	0.000615	0.000615	0.004125	0.000858	0.001209	0.000615	0.000615	0.003776	0.002561	0.000615	0.000615	0.000615	0.000615	0.000615	0.000615	0.000615	0.000615	0.000615	0.000615	0.954637	
0.000578	0.001323	0.000578	0.000578	0.000578	0.000578	0.000578	0.000578	0.000578	0.000578	0.000578	0.000578	0.000578	0.000783	0.000578	0.000578	0.000578	0.000578	0.000578	0.000578	0.000578	0.000578	0.000578	0.000578	0.000578	0.000578	0.000578	0.000578	0.000578	0.007589	0.000578	0.000578	0.004357	0.001338	0.000788	0.000578	0.000578	0.002441	0.006659	0.000578	0.000578	0.000578	0.000578	0.000578	0.000578	0.000578	0.000578	0.000578	0.000578	0.951019	
0.000577	0.001043	0.000577	0.000577	0.000577	0.000577	0.000577	0.000577	0.000577	0.000577	0.000577	0.000577	0.000577	0.000740	0.000577	0.000577	0.000577	0.000577	0.000577	0.000577	0.000577	0.000577	0.000577	0.000577	0.000577	0.000577	0.000577	0.000577	0.000577	0.007467	0.000577	0.000577	0.004333	0.000852	0.001898	0.000577	0.000577	0.001743	0.002783	0.000577	0.000577	0.000577	0.000577	0.000577	0.000577	0.000577	0.000577	0.000577	0.000577	0.955494	
0.000604	0.002159	0.000604	0.000604	0.000604	0.000604	0.000604	0.000604	0.000604	0.000604	0.000604	0.000604	0.000604	0.001325	0.000604	0.000604	0.000604	0.000604	0.000604	0.000604	0.000604	0.000604	0.000604	0.000604	0.000604	0.000604	0.000604	0.000604	0.000604	0.006151	0.000604	0.000604	0.003767	0.000763	0.000979	0.000604	0.000604	0.004492	0.001880	0.000604	0.000604	0.000604	0.000604	0.000604	0.000604	0.000604	0.000604	0.000604	0.000604	0.953738	
0.000623	0.002648	0.000623	0.000623	0.000623	0.000623	0.000623	0.000623	0.000623	0.000623	0.000623	0.000623	0.000623	0.000952	0.000623	0.000623	0.000623	0.000623	0.000623	0.000623	0.000623	0.000623	0.000623	0.000623	0.000623	0.000623	0.000623	0.000623	0.000623	0.002128	0.000623	0.000623	0.002036	0.002758	0.000760	0.000623	0.000623	0.005686	0.017703	0.000623	0.000623	0.000623	0.000623	0.000623	0.000623	0.000623	0.000623	0.000623	0.000623	0.939791	
0.000606	0.001320	0.000606	0.000606	0.000606	0.000606	0.000606	0.000606	0.000606	0.000606	0.000606	0.000606	0.000606	0.002202	0.000606	0.000606	0.000606	0.000606	0.000606	0.000606	0.000606	0.000606	0.000606	0.000606	0.000606	0.000606	0.000606	0.000606	0.000606	0.001760	0.000606	0.000606	0.001686	0.000973	0.003223	0.000606	0.000606	0.002392	0.003549	0.000606	0.000606	0.000606	0.000606	0.000606	0.000606	0.000606	0.000606	0.000606	0.000606	0.958068	
0.000632	0.001410	0.000632	0.000632	0.000632	0.000632	0.000632	0.000632	0.000632	0.000632	0.000632	0.000632	0.000632	0.000972	0.000632	0.000632	0.000632	0.000632	0.000632	0.000632	0.000632	0.000632	0.000632	0.000632	0.000632	0.000632	0.000632	0.000632	0.000632	0.003021	0.000632	0.000632	0.005707	0.001997	0.001528	0.000632	0.000632	0.002577	0.011550	0.000632	0.000632	0.000632	0.000632	0.000632	0.000632	0.000632	0.000632	0.000632	0.000632	0.945336	
0.000604	0.001890	0.000604	0.000604	0.000604	0.000604	0.000604	0.000604	0.000604	0.000604	0.000604	0.000604	0.000604	0.000907	0.000604	0.000604	0.000604	0.000604	0.000604	0.000604	0.000604	0.000604	0.000604	0.000604	0.000604	0.000604	0.000604	0.000604	0.000604	0.004498	0.000604	0.000604	0.003874	0.001188	0.002351	0.000604	0.000604	0.003818	0.005277	0.000604	0.000604	0.000604	0.000604	0.000604	0.000604	0.000604	0.000604	0.000604	0.000604	0.951430	
0.000635	0.002349	0.000635	0.000635	0.000635	0.000635	0.000635	0.000635	0.000635	0.000635	0.000635	0.000635	0.000635	0.000882	0.000635	0.000635	0.000635	0.000635	0.000635	0.000635	0.000635	0.000635	0.000635	0.000635	0.000635	0.000635	0.000635	0.000635	0.000635	0.002904	0.000635	0.000635	0.002315	0.000848	0.003092	0.000635	0.000635	0.004921	0.002335	0.000635	0.000635	0.000635	0.000635	0.000635	0.000635	0.000635	0.000635	0.000635	0.000635	0.954321	
0.000608	0.002299	0.000608	0.000608	0.000608	0.000608	0.000608	0.000608	0.000608	0.000608	0.000608	0.000608	0.000608	0.001376	0.000608	0.000608	0.000608	0.000608	0.000608	0.000608	0.000608	0.000608	0.000608	0.000608	0.000608	0.000608	0.000608	0.000608	0.000608	0.003258	0.000608	0.000608	0.003101	0.001708	0.001542	0.000608	0.000608	0.004837	0.009409	0.000608	0.000608	0.000608	0.000608	0.000608	0.000608	0.000608	0.000608	0.000608	0.000608	0.947547	
