0.000605	0.001388	0.000605	0.000605	0.000605	0.000605	0.000605	0.000605	0.000605	0.000605	0.000605	0.000605	0.000605	0.000775	0.000605	0.000605	0.000605	0.000605	0.000605	0.000605	0.000605	0.000605	0.000605	0.000605	0.000605	0.000605	0.000605	0.000605	0.000605	0.003830	0.000605	0.000605	0.001375	0.002217	0.000813	0.000605	0.000605	0.001647	0.009464	0.000605	0.000605	0.000605	0.000605	0.000605	0.000605	0.000605	0.000605	0.000605	0.000605	0.953687	
0.000538	0.001002	0.000538	0.000538	0.000538	0.000538	0.000538	0.000538	0.000538	0.000538	0.000538	0.000538	0.000538	0.001268	0.000538	0.000538	0.000538	0.000538	0.000538	0.000538	0.000538	0.000538	0.000538	0.000538	0.000538	0.000538	0.000538	0.000538	0.000538	0.007321	0.000538	0.000538	0.001723	0.003929	0.000761	0.000538	0.000538	0.001651	0.001821	0.000538	0.000538	0.000538	0.000538	0.000538	0.000538	0.000538	0.000538	0.000538	0.000538	0.958462	
0.000564	0.000923	0.000564	0.000564	0.000564	0.000564	0.000564	0.000564	0.000564	0.000564	0.000564	0.000564	0.000564	0.001563	0.000564	0.000564	0.000564	0.000564	0.000564	0.000564	0.000564	0.000564	0.000564	0.000564	0.000564	0.000564	0.000564	0.000564	0.000564	0.005341	0.000564	0.000564	0.002422	0.002953	0.001244	0.000564	0.000564	0.003963	0.003052	0.000564	0.000564	0.000564	0.000564	0.000564	0.000564	0.000564	0.000564	0.000564	0.000564	0.955405	
0.000675	0.000965	0.000675	0.000675	0.000675	0.000675	0.000675	0.000675	0.000675	0.000675	0.000675	0.000675	0.000675	0.000903	0.000675	0.000675	0.000675	0.000675	0.000675	0.000675	0.000675	0.000675	0.000675	0.000675	0.000675	0.000675	0.000675	0.000675	0.000675	0.001033	0.000675	0.000675	0.002471	0.000854	0.002099	0.000675	0.000675	0.007791	0.017930	0.000675	0.000675	0.000675	0.000675	0.000675	0.000675	0.000675	0.000675	0.000675	0.000675	0.938260	
0.000643	0.001278	0.000643	0.000643	0.000643	0.000643	0.000643	0.000643	0.000643	0.000643	0.000643	0.000643	0.000643	0.002480	0.000643	0.000643	0.000643	0.000643	0.000643	0.000643	0.000643	0.000643	0.000643	0.000643	0.000643	0.000643	0.000643	0.000643	0.000643	0.001159	0.000643	0.000643	0.003515	0.000901	0.001360	0.000643	0.000643	0.004229	0.016800	0.000643	0.000643	0.000643	0.000643	0.000643	0.000643	0.000643	0.000643	0.000643	0.000643	0.941923	
0.000630	0.001060	0.000630	0.000630	0.000630	0.000630	0.000630	0.000630	0.000630	0.000630	0.000630	0.000630	0.000630	0.002303	0.000630	0.000630	0.000630	0.000630	0.000630	0.000630	0.000630	0.000630	0.000630	0.000630	0.000630	0.000630	0.000630	0.000630	0.000630	0.001010	0.000630	0.000630	0.004965	0.000820	0.003078	0.000630	0.000630	0.012869	0.009676	0.000630	0.000630	0.000630	0.000630	0.000630	0.000630	0.000630	0.000630	0.000630	0.000630	0.938370	
0.000625	0.001087	0.000625	0.000625	0.000625	0.000625	0.000625	0.000625	0.000625	0.000625	0.000625	0.000625	0.000625	0.000822	0.000625	0.000625	0.000625	0.000625	0.000625	0.000625	0.000625	0.000625	0.000625	0.000625	0.000625	0.000625	0.000625	0.000625	0.000625	0.000839	0.000625	0.000625	0.005941	0.000732	0.005513	0.000625	0.000625	0.025064	0.003336	0.000625	0.000625	0.000625	0.000625	0.000625	0.000625	0.000625	0.000625	0.000625	0.000625	0.931027	
0.000667	0.004770	0.000667	0.000667	0.000667	0.000667	0.000667	0.000667	0.000667	0.000667	0.000667	0.000667	0.000667	0.001086	0.000667	0.000667	0.000667	0.000667	0.000667	0.000667	0.000667	0.000667	0.000667	0.000667	0.000667	0.000667	0.000667	0.000667	0.000667	0.002068	0.000667	0.000667	0.003300	0.001368	0.000830	0.000667	0.000667	0.001480	0.007479	0.000667	0.000667	0.000667	0.000667	0.000667	0.000667	0.000667	0.000667	0.000667	0.000667	0.950258	
0.000689	0.003592	0.000689	0.000689	0.000689	0.000689	0.000689	0.000689	0.000689	0.000689	0.000689	0.000689	0.000689	0.001117	0.000689	0.000689	0.000689	0.000689	0.000689	0.000689	0.000689	0.000689	0.000689	0.000689	0.000689	0.000689	0.000689	0.000689	0.000689	0.000930	0.000689	0.000689	0.002735	0.000809	0.000855	0.000689	0.000689	0.001519	0.006095	0.000689	0.000689	0.000689	0.000689	0.000689	0.000689	0.000689	0.000689	0.000689	0.000689	0.954118	
0.000692	0.007113	0.000692	0.000692	0.000692	0.000692	0.000692	0.000692	0.000692	0.000692	0.000692	0.000692	0.000692	0.001638	0.000692	0.000692	0.000692	0.000692	0.000692	0.000692	0.000692	0.000692	0.000692	0.000692	0.000692	0.000692	0.000692	0.000692	0.000692	0.000935	0.000692	0.000692	0.005121	0.000813	0.000964	0.000692	0.000692	0.002054	0.011872	0.000692	0.000692	0.000692	0.000692	0.000692	0.000692	0.000692	0.000692	0.000692	0.000692	0.941132	
0.000713	0.010456	0.000713	0.000713	0.000713	0.000713	0.000713	0.000713	0.000713	0.000713	0.000713	0.000713	0.000713	0.000853	0.000713	0.000713	0.000713	0.000713	0.000713	0.000713	0.000713	0.000713	0.000713	0.000713	0.000713	0.000713	0.000713	0.000713	0.000713	0.001017	0.000713	0.000713	0.006103	0.000865	0.001092	0.000713	0.000713	0.002607	0.008175	0.000713	0.000713	0.000713	0.000713	0.000713	0.000713	0.000713	0.000713	0.000713	0.000713	0.939591	
0.000671	0.004407	0.000671	0.000671	0.000671	0.000671	0.000671	0.000671	0.000671	0.000671	0.000671	0.000671	0.000671	0.002169	0.000671	0.000671	0.000671	0.000671	0.000671	0.000671	0.000671	0.000671	0.000671	0.000671	0.000671	0.000671	0.000671	0.000671	0.000671	0.001011	0.000671	0.000671	0.004446	0.000841	0.001080	0.000671	0.000671	0.002719	0.015532	0.000671	0.000671	0.000671	0.000671	0.000671	0.000671	0.000671	0.000671	0.000671	0.000671	0.940294	
0.000630	0.001320	0.000630	0.000630	0.000630	0.000630	0.000630	0.000630	0.000630	0.000630	0.000630	0.000630	0.000630	0.000904	0.000630	0.000630	0.000630	0.000630	0.000630	0.000630	0.000630	0.000630	0.000630	0.000630	0.000630	0.000630	0.000630	0.000630	0.000630	0.000998	0.000630	0.000630	0.001507	0.000814	0.000889	0.000630	0.000630	0.001924	0.002905	0.000630	0.000630	0.000630	0.000630	0.000630	0.000630	0.000630	0.000630	0.000630	0.000630	0.962889	
0.000630	0.001972	0.000630	0.000630	0.000630	0.000630	0.000630	0.000630	0.000630	0.000630	0.000630	0.000630	0.000630	0.001925	0.000630	0.000630	0.000630	0.000630	0.000630	0.000630	0.000630	0.000630	0.000630	0.000630	0.000630	0.000630	0.000630	0.000630	0.000630	0.001135	0.000630	0.000630	0.002813	0.000882	0.000846	0.000630	0.000630	0.001712	0.002522	0.000630	0.000630	0.000630	0.000630	0.000630	0.000630	0.000630	0.000630	0.000630	0.000630	0.960370	
0.000645	0.003148	0.000645	0.000645	0.000645	0.000645	0.000645	0.000645	0.000645	0.000645	0.000645	0.000645	0.000645	0.000936	0.000645	0.000645	0.000645	0.000645	0.000645	0.000645	0.000645	0.000645	0.000645	0.000645	0.000645	0.000645	0.000645	0.000645	0.000645	0.000994	0.000645	0.000645	0.002884	0.000820	0.001341	0.000645	0.000645	0.004125	0.002596	0.000645	0.000645	0.000645	0.000645	0.000645	0.000645	0.000645	0.000645	0.000645	0.000645	0.956719	
0.000546	0.000837	0.000546	0.000546	0.000546	0.000546	0.000546	0.000546	0.000546	0.000546	0.000546	0.000546	0.000546	0.000832	0.000546	0.000546	0.000546	0.000546	0.000546	0.000546	0.000546	0.000546	0.000546	0.000546	0.000546	0.000546	0.000546	0.000546	0.000546	0.007236	0.000546	0.000546	0.001248	0.003891	0.000816	0.000546	0.000546	0.001898	0.003094	0.000546	0.000546	0.000546	0.000546	0.000546	0.000546	0.000546	0.000546	0.000546	0.000546	0.957765	
0.000576	0.001044	0.000576	0.000576	0.000576	0.000576	0.000576	0.000576	0.000576	0.000576	0.000576	0.000576	0.000576	0.000960	0.000576	0.000576	0.000576	0.000576	0.000576	0.000576	0.000576	0.000576	0.000576	0.000576	0.000576	0.000576	0.000576	0.000576	0.000576	0.005790	0.000576	0.000576	0.001790	0.003183	0.001172	0.000576	0.000576	0.003555	0.003358	0.000576	0.000576	0.000576	0.000576	0.000576	0.000576	0.000576	0.000576	0.000576	0.000576	0.955524	
0.000595	0.000951	0.000595	0.000595	0.000595	0.000595	0.000595	0.000595	0.000595	0.000595	0.000595	0.000595	0.000595	0.000736	0.000595	0.000595	0.000595	0.000595	0.000595	0.000595	0.000595	0.000595	0.000595	0.000595	0.000595	0.000595	0.000595	0.000595	0.000595	0.005361	0.000595	0.000595	0.001092	0.002978	0.000772	0.000595	0.000595	0.001483	0.012243	0.000595	0.000595	0.000595	0.000595	0.000595	0.000595	0.000595	0.000595	0.000595	0.000595	0.950008	
0.000661	0.001023	0.000661	0.000661	0.000661	0.000661	0.000661	0.000661	0.000661	0.000661	0.000661	0.000661	0.000661	0.000847	0.000661	0.000661	0.000661	0.000661	0.000661	0.000661	0.000661	0.000661	0.000661	0.000661	0.000661	0.000661	0.000661	0.000661	0.000661	0.002706	0.000661	0.000661	0.001239	0.001683	0.000871	0.000661	0.000661	0.001713	0.027969	0.000661	0.000661	0.000661	0.000661	0.000661	0.000661	0.000661	0.000661	0.000661	0.000661	0.934852	
0.000607	0.002314	0.000607	0.000607	0.000607	0.000607	0.000607	0.000607	0.000607	0.000607	0.000607	0.000607	0.000607	0.001299	0.000607	0.000607	0.000607	0.000607	0.000607	0.000607	0.000607	0.000607	0.000607	0.000607	0.000607	0.000607	0.000607	0.000607	0.000607	0.003557	0.000607	0.000607	0.003542	0.002082	0.001998	0.000607	0.000607	0.007559	0.002677	0.000607	0.000607	0.000607	0.000607	0.000607	0.000607	0.000607	0.000607	0.000607	0.000607	0.950069	
0.000621	0.001810	0.000621	0.000621	0.000621	0.000621	0.000621	0.000621	0.000621	0.000621	0.000621	0.000621	0.000621	0.002674	0.000621	0.000621	0.000621	0.000621	0.000621	0.000621	0.000621	0.000621	0.000621	0.000621	0.000621	0.000621	0.000621	0.000621	0.000621	0.002199	0.000621	0.000621	0.003974	0.001410	0.001326	0.000621	0.000621	0.004145	0.005780	0.000621	0.000621	0.000621	0.000621	0.000621	0.000621	0.000621	0.000621	0.000621	0.000621	0.951203	
0.000616	0.001847	0.000616	0.000616	0.000616	0.000616	0.000616	0.000616	0.000616	0.000616	0.000616	0.000616	0.000616	0.003409	0.000616	0.000616	0.000616	0.000616	0.000616	0.000616	0.000616	0.000616	0.000616	0.000616	0.000616	0.000616	0.000616	0.000616	0.000616	0.001195	0.000616	0.000616	0.004778	0.000906	0.001369	0.000616	0.000616	0.004382	0.002837	0.000616	0.000616	0.000616	0.000616	0.000616	0.000616	0.000616	0.000616	0.000616	0.000616	0.954012	
0.000625	0.001163	0.000625	0.000625	0.000625	0.000625	0.000625	0.000625	0.000625	0.000625	0.000625	0.000625	0.000625	0.002038	0.000625	0.000625	0.000625	0.000625	0.000625	0.000625	0.000625	0.000625	0.000625	0.000625	0.000625	0.000625	0.000625	0.000625	0.000625	0.001054	0.000625	0.000625	0.005343	0.000839	0.003662	0.000625	0.000625	0.015809	0.004274	0.000625	0.000625	0.000625	0.000625	0.000625	0.000625	0.000625	0.000625	0.000625	0.000625	0.940193	
0.000664	0.001930	0.000664	0.000664	0.000664	0.000664	0.000664	0.000664	0.000664	0.000664	0.000664	0.000664	0.000664	0.001264	0.000664	0.000664	0.000664	0.000664	0.000664	0.000664	0.000664	0.000664	0.000664	0.000664	0.000664	0.000664	0.000664	0.000664	0.000664	0.001016	0.000664	0.000664	0.003548	0.000840	0.002315	0.000664	0.000664	0.008919	0.008608	0.000664	0.000664	0.000664	0.000664	0.000664	0.000664	0.000664	0.000664	0.000664	0.000664	0.944348	
