0.000548	0.001447	0.000548	0.000548	0.000548	0.000548	0.000548	0.000548	0.000548	0.000548	0.000548	0.000548	0.000548	0.000997	0.000548	0.000548	0.000548	0.000548	0.000548	0.000548	0.000548	0.000548	0.000548	0.000548	0.000548	0.000548	0.000548	0.000548	0.000548	0.000889	0.000548	0.000548	0.001108	0.000766	0.000718	0.000548	0.000548	0.001257	0.002431	0.000548	0.000548	0.000548	0.000548	0.000548	0.000548	0.000548	0.000548	0.000548	0.000548	0.967936	
0.000619	0.000956	0.000619	0.000619	0.000619	0.000619	0.000619	0.000619	0.000619	0.000619	0.000619	0.000619	0.000619	0.000788	0.000619	0.000619	0.000619	0.000619	0.000619	0.000619	0.000619	0.000619	0.000619	0.000619	0.000619	0.000619	0.000619	0.000619	0.000619	0.002718	0.000619	0.000619	0.003290	0.001191	0.001669	0.000619	0.000619	0.005666	0.005744	0.000619	0.000619	0.000619	0.000619	0.000619	0.000619	0.000619	0.000619	0.000619	0.000619	0.952584	
0.000606	0.000896	0.000606	0.000606	0.000606	0.000606	0.000606	0.000606	0.000606	0.000606	0.000606	0.000606	0.000606	0.000751	0.000606	0.000606	0.000606	0.000606	0.000606	0.000606	0.000606	0.000606	0.000606	0.000606	0.000606	0.000606	0.000606	0.000606	0.000606	0.003083	0.000606	0.000606	0.003664	0.001187	0.001844	0.000606	0.000606	0.001328	0.006134	0.000606	0.000606	0.000606	0.000606	0.000606	0.000606	0.000606	0.000606	0.000606	0.000606	0.956258	
0.000705	0.000938	0.000705	0.000705	0.000705	0.000705	0.000705	0.000705	0.000705	0.000705	0.000705	0.000705	0.000705	0.000822	0.000705	0.000705	0.000705	0.000705	0.000705	0.000705	0.000705	0.000705	0.000705	0.000705	0.000705	0.000705	0.000705	0.000705	0.000705	0.001008	0.000705	0.000705	0.001323	0.001020	0.000857	0.000705	0.000705	0.001620	0.002700	0.000705	0.000705	0.000705	0.000705	0.000705	0.000705	0.000705	0.000705	0.000705	0.000705	0.960788	
0.000600	0.001261	0.000600	0.000600	0.000600	0.000600	0.000600	0.000600	0.000600	0.000600	0.000600	0.000600	0.000600	0.000931	0.000600	0.000600	0.000600	0.000600	0.000600	0.000600	0.000600	0.000600	0.000600	0.000600	0.000600	0.000600	0.000600	0.000600	0.000600	0.001012	0.000600	0.000600	0.001267	0.000855	0.000806	0.000600	0.000600	0.016440	0.002616	0.000600	0.000600	0.000600	0.000600	0.000600	0.000600	0.000600	0.000600	0.000600	0.000600	0.950195	
0.000670	0.001080	0.000670	0.000670	0.000670	0.000670	0.000670	0.000670	0.000670	0.000670	0.000670	0.000670	0.000670	0.000875	0.000670	0.000670	0.000670	0.000670	0.000670	0.000670	0.000670	0.000670	0.000670	0.000670	0.000670	0.000670	0.000670	0.000670	0.000670	0.001158	0.000670	0.000670	0.002485	0.001997	0.000914	0.000670	0.000670	0.005958	0.007997	0.000670	0.000670	0.000670	0.000670	0.000670	0.000670	0.000670	0.000670	0.000670	0.000670	0.950061	
0.000621	0.001231	0.000621	0.000621	0.000621	0.000621	0.000621	0.000621	0.000621	0.000621	0.000621	0.000621	0.000621	0.000926	0.000621	0.000621	0.000621	0.000621	0.000621	0.000621	0.000621	0.000621	0.000621	0.000621	0.000621	0.000621	0.000621	0.000621	0.000621	0.001069	0.000621	0.000621	0.001382	0.000934	0.000845	0.000621	0.000621	0.018880	0.002939	0.000621	0.000621	0.000621	0.000621	0.000621	0.000621	0.000621	0.000621	0.000621	0.000621	0.946345	
0.000650	0.003684	0.000650	0.000650	0.000650	0.000650	0.000650	0.000650	0.000650	0.000650	0.000650	0.000650	0.000650	0.002167	0.000650	0.000650	0.000650	0.000650	0.000650	0.000650	0.000650	0.000650	0.000650	0.000650	0.000650	0.000650	0.000650	0.000650	0.000650	0.001362	0.000650	0.000650	0.004136	0.003424	0.001006	0.000650	0.000650	0.001704	0.016749	0.000650	0.000650	0.000650	0.000650	0.000650	0.000650	0.000650	0.000650	0.000650	0.000650	0.939116	
0.000652	0.002302	0.000652	0.000652	0.000652	0.000652	0.000652	0.000652	0.000652	0.000652	0.000652	0.000652	0.000652	0.001477	0.000652	0.000652	0.000652	0.000652	0.000652	0.000652	0.000652	0.000652	0.000652	0.000652	0.000652	0.000652	0.000652	0.000652	0.000652	0.000996	0.000652	0.000652	0.003343	0.003000	0.000824	0.000652	0.000652	0.001646	0.013558	0.000652	0.000652	0.000652	0.000652	0.000652	0.000652	0.000652	0.000652	0.000652	0.000652	0.946104	
0.000576	0.006123	0.000576	0.000576	0.000576	0.000576	0.000576	0.000576	0.000576	0.000576	0.000576	0.000576	0.000576	0.003350	0.000576	0.000576	0.000576	0.000576	0.000576	0.000576	0.000576	0.000576	0.000576	0.000576	0.000576	0.000576	0.000576	0.000576	0.000576	0.000924	0.000576	0.000576	0.001206	0.000858	0.000750	0.000576	0.000576	0.001440	0.005107	0.000576	0.000576	0.000576	0.000576	0.000576	0.000576	0.000576	0.000576	0.000576	0.000576	0.956613	
0.000588	0.007028	0.000588	0.000588	0.000588	0.000588	0.000588	0.000588	0.000588	0.000588	0.000588	0.000588	0.000588	0.003808	0.000588	0.000588	0.000588	0.000588	0.000588	0.000588	0.000588	0.000588	0.000588	0.000588	0.000588	0.000588	0.000588	0.000588	0.000588	0.000995	0.000588	0.000588	0.001939	0.001531	0.000791	0.000588	0.000588	0.001693	0.008932	0.000588	0.000588	0.000588	0.000588	0.000588	0.000588	0.000588	0.000588	0.000588	0.000588	0.949191	
0.000604	0.006764	0.000604	0.000604	0.000604	0.000604	0.000604	0.000604	0.000604	0.000604	0.000604	0.000604	0.000604	0.003684	0.000604	0.000604	0.000604	0.000604	0.000604	0.000604	0.000604	0.000604	0.000604	0.000604	0.000604	0.000604	0.000604	0.000604	0.000604	0.000952	0.000604	0.000604	0.001515	0.001167	0.000778	0.000604	0.000604	0.002254	0.006845	0.000604	0.000604	0.000604	0.000604	0.000604	0.000604	0.000604	0.000604	0.000604	0.000604	0.951282	
0.000616	0.001241	0.000616	0.000616	0.000616	0.000616	0.000616	0.000616	0.000616	0.000616	0.000616	0.000616	0.000616	0.000929	0.000616	0.000616	0.000616	0.000616	0.000616	0.000616	0.000616	0.000616	0.000616	0.000616	0.000616	0.000616	0.000616	0.000616	0.000616	0.001312	0.000616	0.000616	0.002115	0.001419	0.000964	0.000616	0.000616	0.001986	0.005641	0.000616	0.000616	0.000616	0.000616	0.000616	0.000616	0.000616	0.000616	0.000616	0.000616	0.959134	
0.000652	0.001029	0.000652	0.000652	0.000652	0.000652	0.000652	0.000652	0.000652	0.000652	0.000652	0.000652	0.000652	0.000840	0.000652	0.000652	0.000652	0.000652	0.000652	0.000652	0.000652	0.000652	0.000652	0.000652	0.000652	0.000652	0.000652	0.000652	0.000652	0.000948	0.000652	0.000652	0.002800	0.002504	0.000800	0.000652	0.000652	0.001750	0.010395	0.000652	0.000652	0.000652	0.000652	0.000652	0.000652	0.000652	0.000652	0.000652	0.000652	0.952209	
0.000610	0.001746	0.000610	0.000610	0.000610	0.000610	0.000610	0.000610	0.000610	0.000610	0.000610	0.000610	0.000610	0.001178	0.000610	0.000610	0.000610	0.000610	0.000610	0.000610	0.000610	0.000610	0.000610	0.000610	0.000610	0.000610	0.000610	0.000610	0.000610	0.001534	0.000610	0.000610	0.001768	0.000844	0.001072	0.000610	0.000610	0.003303	0.003273	0.000610	0.000610	0.000610	0.000610	0.000610	0.000610	0.000610	0.000610	0.000610	0.000610	0.960290	
0.000732	0.001608	0.000732	0.000732	0.000732	0.000732	0.000732	0.000732	0.000732	0.000732	0.000732	0.000732	0.000732	0.001170	0.000732	0.000732	0.000732	0.000732	0.000732	0.000732	0.000732	0.000732	0.000732	0.000732	0.000732	0.000732	0.000732	0.000732	0.000732	0.010667	0.000732	0.000732	0.011515	0.001580	0.005699	0.000732	0.000732	0.001373	0.015345	0.000732	0.000732	0.000732	0.000732	0.000732	0.000732	0.000732	0.000732	0.000732	0.000732	0.921036	
0.000737	0.000946	0.000737	0.000737	0.000737	0.000737	0.000737	0.000737	0.000737	0.000737	0.000737	0.000737	0.000737	0.000841	0.000737	0.000737	0.000737	0.000737	0.000737	0.000737	0.000737	0.000737	0.000737	0.000737	0.000737	0.000737	0.000737	0.000737	0.000737	0.011184	0.000737	0.000737	0.011817	0.001370	0.005960	0.000737	0.000737	0.003628	0.014455	0.000737	0.000737	0.000737	0.000737	0.000737	0.000737	0.000737	0.000737	0.000737	0.000737	0.919595	
0.000739	0.001025	0.000739	0.000739	0.000739	0.000739	0.000739	0.000739	0.000739	0.000739	0.000739	0.000739	0.000739	0.000882	0.000739	0.000739	0.000739	0.000739	0.000739	0.000739	0.000739	0.000739	0.000739	0.000739	0.000739	0.000739	0.000739	0.000739	0.000739	0.012473	0.000739	0.000739	0.012692	0.000959	0.006606	0.000739	0.000739	0.002643	0.013711	0.000739	0.000739	0.000739	0.000739	0.000739	0.000739	0.000739	0.000739	0.000739	0.000739	0.918689	
0.000639	0.000974	0.000639	0.000639	0.000639	0.000639	0.000639	0.000639	0.000639	0.000639	0.000639	0.000639	0.000639	0.000806	0.000639	0.000639	0.000639	0.000639	0.000639	0.000639	0.000639	0.000639	0.000639	0.000639	0.000639	0.000639	0.000639	0.000639	0.000639	0.003992	0.000639	0.000639	0.004405	0.001052	0.002316	0.000639	0.000639	0.002041	0.006223	0.000639	0.000639	0.000639	0.000639	0.000639	0.000639	0.000639	0.000639	0.000639	0.000639	0.951996	
0.000600	0.007574	0.000600	0.000600	0.000600	0.000600	0.000600	0.000600	0.000600	0.000600	0.000600	0.000600	0.000600	0.004087	0.000600	0.000600	0.000600	0.000600	0.000600	0.000600	0.000600	0.000600	0.000600	0.000600	0.000600	0.000600	0.000600	0.000600	0.000600	0.001928	0.000600	0.000600	0.002818	0.001490	0.001264	0.000600	0.000600	0.002192	0.009865	0.000600	0.000600	0.000600	0.000600	0.000600	0.000600	0.000600	0.000600	0.000600	0.000600	0.944199	
0.000658	0.003171	0.000658	0.000658	0.000658	0.000658	0.000658	0.000658	0.000658	0.000658	0.000658	0.000658	0.000658	0.001915	0.000658	0.000658	0.000658	0.000658	0.000658	0.000658	0.000658	0.000658	0.000658	0.000658	0.000658	0.000658	0.000658	0.000658	0.000658	0.002848	0.000658	0.000658	0.004444	0.002254	0.001753	0.000658	0.000658	0.001569	0.012082	0.000658	0.000658	0.000658	0.000658	0.000658	0.000658	0.000658	0.000658	0.000658	0.000658	0.942970	
0.000625	0.001000	0.000625	0.000625	0.000625	0.000625	0.000625	0.000625	0.000625	0.000625	0.000625	0.000625	0.000625	0.000812	0.000625	0.000625	0.000625	0.000625	0.000625	0.000625	0.000625	0.000625	0.000625	0.000625	0.000625	0.000625	0.000625	0.000625	0.000625	0.001056	0.000625	0.000625	0.001566	0.001135	0.000841	0.000625	0.000625	0.016920	0.003794	0.000625	0.000625	0.000625	0.000625	0.000625	0.000625	0.000625	0.000625	0.000625	0.000625	0.947243	
0.000676	0.001248	0.000676	0.000676	0.000676	0.000676	0.000676	0.000676	0.000676	0.000676	0.000676	0.000676	0.000676	0.000962	0.000676	0.000676	0.000676	0.000676	0.000676	0.000676	0.000676	0.000676	0.000676	0.000676	0.000676	0.000676	0.000676	0.000676	0.000676	0.002870	0.000676	0.000676	0.005130	0.002936	0.001773	0.000676	0.000676	0.014105	0.014456	0.000676	0.000676	0.000676	0.000676	0.000676	0.000676	0.000676	0.000676	0.000676	0.000676	0.928805	
0.000619	0.001055	0.000619	0.000619	0.000619	0.000619	0.000619	0.000619	0.000619	0.000619	0.000619	0.000619	0.000619	0.000837	0.000619	0.000619	0.000619	0.000619	0.000619	0.000619	0.000619	0.000619	0.000619	0.000619	0.000619	0.000619	0.000619	0.000619	0.000619	0.001218	0.000619	0.000619	0.002506	0.001907	0.000919	0.000619	0.000619	0.012992	0.007875	0.000619	0.000619	0.000619	0.000619	0.000619	0.000619	0.000619	0.000619	0.000619	0.000619	0.945313	
