0	0	0	0	139	0	0	
0	11	0	0	0	0	0	
0	0	0	0	13	39	12	
0	87	79	0	10	0	0	
0	0	0	0	11	0	0	
44	0	0	0	0	0	0	
0	0	0	0	0	0	15	
0	0	0	0	0	20	0	
0	0	0	0	0	31	0	
0	0	0	0	0	0	0	
44	0	0	0	0	0	3	
0	46	41	0	29	78	6	
3	0	27	0	0	142	0	
27	0	0	0	5	0	0	
0	15	0	22	0	0	0	
0	0	84	0	0	0	0	
0	0	21	0	27	14	0	
0	0	0	0	0	58	0	
0	0	0	0	67	0	0	
0	7	1	0	0	0	0	
0	0	0	0	0	20	0	
0	0	0	11	0	0	0	
0	0	51	0	0	0	0	
0	0	0	0	0	38	0	
0	0	0	0	0	38	0	
8	144	1	0	24	1	204	
0	0	0	0	0	0	0	
0	0	0	0	91	0	0	
0	0	24	0	22	0	0	
1	0	148	0	0	0	13	
0	0	0	38	136	5	289	
6	0	17	0	0	0	13	
0	34	0	22	0	0	0	
0	27	0	73	0	0	0	
0	0	0	0	0	0	262	
0	0	0	77	0	0	0	
0	0	10	0	12	268	0	
0	40	45	0	71	0	0	
255	0	0	0	41	0	0	
47	55	0	29	2	0	0	
0	0	0	0	0	0	0	
86	0	0	0	0	0	3	
14	0	0	0	0	0	0	
0	0	0	0	0	0	0	
0	80	0	0	0	0	0	
0	0	102	85	0	0	0	
0	0	0	0	66	0	0	
0	31	0	0	0	0	0	
0	0	0	88	0	0	0	
4	0	0	141	3	0	0	
