0.000636	0.000868	0.000636	0.000636	0.000636	0.000636	0.000636	0.000636	0.000636	0.000636	0.000636	0.000636	0.000636	0.000752	0.000636	0.000636	0.000636	0.000636	0.000636	0.000636	0.000636	0.000636	0.000636	0.000636	0.000636	0.000636	0.000636	0.000636	0.000636	0.001584	0.000636	0.000636	0.001306	0.001110	0.000740	0.000636	0.000636	0.010583	0.002655	0.000636	0.000636	0.000636	0.000636	0.000636	0.000636	0.000636	0.000636	0.000636	0.000636	0.954337	
0.000706	0.001397	0.000706	0.000706	0.000706	0.000706	0.000706	0.000706	0.000706	0.000706	0.000706	0.000706	0.000706	0.001052	0.000706	0.000706	0.000706	0.000706	0.000706	0.000706	0.000706	0.000706	0.000706	0.000706	0.000706	0.000706	0.000706	0.000706	0.000706	0.002602	0.000706	0.000706	0.005531	0.001654	0.000940	0.000706	0.000706	0.001279	0.014771	0.000706	0.000706	0.000706	0.000706	0.000706	0.000706	0.000706	0.000706	0.000706	0.000706	0.941824	
0.000704	0.001093	0.000704	0.000704	0.000704	0.000704	0.000704	0.000704	0.000704	0.000704	0.000704	0.000704	0.000704	0.000899	0.000704	0.000704	0.000704	0.000704	0.000704	0.000704	0.000704	0.000704	0.000704	0.000704	0.000704	0.000704	0.000704	0.000704	0.000704	0.001254	0.000704	0.000704	0.002501	0.000979	0.000836	0.000704	0.000704	0.001346	0.011093	0.000704	0.000704	0.000704	0.000704	0.000704	0.000704	0.000704	0.000704	0.000704	0.000704	0.951138	
0.000611	0.000972	0.000611	0.000611	0.000611	0.000611	0.000611	0.000611	0.000611	0.000611	0.000611	0.000611	0.000611	0.000792	0.000611	0.000611	0.000611	0.000611	0.000611	0.000611	0.000611	0.000611	0.000611	0.000611	0.000611	0.000611	0.000611	0.000611	0.000611	0.001259	0.000611	0.000611	0.001507	0.000935	0.000923	0.000611	0.000611	0.013747	0.014380	0.000611	0.000611	0.000611	0.000611	0.000611	0.000611	0.000611	0.000611	0.000611	0.000611	0.940429	
0.000598	0.000980	0.000598	0.000598	0.000598	0.000598	0.000598	0.000598	0.000598	0.000598	0.000598	0.000598	0.000598	0.000789	0.000598	0.000598	0.000598	0.000598	0.000598	0.000598	0.000598	0.000598	0.000598	0.000598	0.000598	0.000598	0.000598	0.000598	0.000598	0.001205	0.000598	0.000598	0.005268	0.000901	0.002232	0.000598	0.000598	0.010351	0.003187	0.000598	0.000598	0.000598	0.000598	0.000598	0.000598	0.000598	0.000598	0.000598	0.000598	0.950576	
0.000587	0.001272	0.000587	0.000587	0.000587	0.000587	0.000587	0.000587	0.000587	0.000587	0.000587	0.000587	0.000587	0.000930	0.000587	0.000587	0.000587	0.000587	0.000587	0.000587	0.000587	0.000587	0.000587	0.000587	0.000587	0.000587	0.000587	0.000587	0.000587	0.001161	0.000587	0.000587	0.002515	0.000874	0.001647	0.000587	0.000587	0.012823	0.005822	0.000587	0.000587	0.000587	0.000587	0.000587	0.000587	0.000587	0.000587	0.000587	0.000587	0.948872	
0.000576	0.001219	0.000576	0.000576	0.000576	0.000576	0.000576	0.000576	0.000576	0.000576	0.000576	0.000576	0.000576	0.000898	0.000576	0.000576	0.000576	0.000576	0.000576	0.000576	0.000576	0.000576	0.000576	0.000576	0.000576	0.000576	0.000576	0.000576	0.000576	0.001158	0.000576	0.000576	0.001196	0.000867	0.001496	0.000576	0.000576	0.014435	0.002377	0.000576	0.000576	0.000576	0.000576	0.000576	0.000576	0.000576	0.000576	0.000576	0.000576	0.952736	
0.000621	0.005398	0.000621	0.000621	0.000621	0.000621	0.000621	0.000621	0.000621	0.000621	0.000621	0.000621	0.000621	0.003010	0.000621	0.000621	0.000621	0.000621	0.000621	0.000621	0.000621	0.000621	0.000621	0.000621	0.000621	0.000621	0.000621	0.000621	0.000621	0.001845	0.000621	0.000621	0.001850	0.001233	0.000920	0.000621	0.000621	0.001823	0.012005	0.000621	0.000621	0.000621	0.000621	0.000621	0.000621	0.000621	0.000621	0.000621	0.000621	0.946448	
0.000599	0.004723	0.000599	0.000599	0.000599	0.000599	0.000599	0.000599	0.000599	0.000599	0.000599	0.000599	0.000599	0.002661	0.000599	0.000599	0.000599	0.000599	0.000599	0.000599	0.000599	0.000599	0.000599	0.000599	0.000599	0.000599	0.000599	0.000599	0.000599	0.001113	0.000599	0.000599	0.001164	0.000856	0.000989	0.000599	0.000599	0.005897	0.013132	0.000599	0.000599	0.000599	0.000599	0.000599	0.000599	0.000599	0.000599	0.000599	0.000599	0.944888	
0.000578	0.006099	0.000578	0.000578	0.000578	0.000578	0.000578	0.000578	0.000578	0.000578	0.000578	0.000578	0.000578	0.003338	0.000578	0.000578	0.000578	0.000578	0.000578	0.000578	0.000578	0.000578	0.000578	0.000578	0.000578	0.000578	0.000578	0.000578	0.000578	0.001066	0.000578	0.000578	0.002510	0.000822	0.001106	0.000578	0.000578	0.005005	0.005596	0.000578	0.000578	0.000578	0.000578	0.000578	0.000578	0.000578	0.000578	0.000578	0.000578	0.950752	
0.000581	0.006420	0.000581	0.000581	0.000581	0.000581	0.000581	0.000581	0.000581	0.000581	0.000581	0.000581	0.000581	0.003501	0.000581	0.000581	0.000581	0.000581	0.000581	0.000581	0.000581	0.000581	0.000581	0.000581	0.000581	0.000581	0.000581	0.000581	0.000581	0.001217	0.000581	0.000581	0.001732	0.000899	0.001330	0.000581	0.000581	0.002747	0.008310	0.000581	0.000581	0.000581	0.000581	0.000581	0.000581	0.000581	0.000581	0.000581	0.000581	0.950028	
0.000591	0.005227	0.000591	0.000591	0.000591	0.000591	0.000591	0.000591	0.000591	0.000591	0.000591	0.000591	0.000591	0.002909	0.000591	0.000591	0.000591	0.000591	0.000591	0.000591	0.000591	0.000591	0.000591	0.000591	0.000591	0.000591	0.000591	0.000591	0.000591	0.001114	0.000591	0.000591	0.004673	0.000853	0.001053	0.000591	0.000591	0.006363	0.005457	0.000591	0.000591	0.000591	0.000591	0.000591	0.000591	0.000591	0.000591	0.000591	0.000591	0.948112	
0.000664	0.003851	0.000664	0.000664	0.000664	0.000664	0.000664	0.000664	0.000664	0.000664	0.000664	0.000664	0.000664	0.002258	0.000664	0.000664	0.000664	0.000664	0.000664	0.000664	0.000664	0.000664	0.000664	0.000664	0.000664	0.000664	0.000664	0.000664	0.000664	0.001428	0.000664	0.000664	0.007378	0.001046	0.000817	0.000664	0.000664	0.002264	0.012455	0.000664	0.000664	0.000664	0.000664	0.000664	0.000664	0.000664	0.000664	0.000664	0.000664	0.941273	
0.000654	0.004637	0.000654	0.000654	0.000654	0.000654	0.000654	0.000654	0.000654	0.000654	0.000654	0.000654	0.000654	0.002646	0.000654	0.000654	0.000654	0.000654	0.000654	0.000654	0.000654	0.000654	0.000654	0.000654	0.000654	0.000654	0.000654	0.000654	0.000654	0.001154	0.000654	0.000654	0.007152	0.000904	0.000845	0.000654	0.000654	0.001459	0.011447	0.000654	0.000654	0.000654	0.000654	0.000654	0.000654	0.000654	0.000654	0.000654	0.000654	0.942931	
0.000696	0.002739	0.000696	0.000696	0.000696	0.000696	0.000696	0.000696	0.000696	0.000696	0.000696	0.000696	0.000696	0.001717	0.000696	0.000696	0.000696	0.000696	0.000696	0.000696	0.000696	0.000696	0.000696	0.000696	0.000696	0.000696	0.000696	0.000696	0.000696	0.001195	0.000696	0.000696	0.014603	0.000945	0.001087	0.000696	0.000696	0.001867	0.007691	0.000696	0.000696	0.000696	0.000696	0.000696	0.000696	0.000696	0.000696	0.000696	0.000696	0.939635	
0.000693	0.001159	0.000693	0.000693	0.000693	0.000693	0.000693	0.000693	0.000693	0.000693	0.000693	0.000693	0.000693	0.000926	0.000693	0.000693	0.000693	0.000693	0.000693	0.000693	0.000693	0.000693	0.000693	0.000693	0.000693	0.000693	0.000693	0.000693	0.000693	0.010495	0.000693	0.000693	0.001482	0.005594	0.000903	0.000693	0.000693	0.001649	0.006770	0.000693	0.000693	0.000693	0.000693	0.000693	0.000693	0.000693	0.000693	0.000693	0.000693	0.942596	
0.000701	0.000961	0.000701	0.000701	0.000701	0.000701	0.000701	0.000701	0.000701	0.000701	0.000701	0.000701	0.000701	0.000831	0.000701	0.000701	0.000701	0.000701	0.000701	0.000701	0.000701	0.000701	0.000701	0.000701	0.000701	0.000701	0.000701	0.000701	0.000701	0.010332	0.000701	0.000701	0.001266	0.005516	0.000845	0.000701	0.000701	0.001277	0.006180	0.000701	0.000701	0.000701	0.000701	0.000701	0.000701	0.000701	0.000701	0.000701	0.000701	0.944071	
0.000685	0.001407	0.000685	0.000685	0.000685	0.000685	0.000685	0.000685	0.000685	0.000685	0.000685	0.000685	0.000685	0.001046	0.000685	0.000685	0.000685	0.000685	0.000685	0.000685	0.000685	0.000685	0.000685	0.000685	0.000685	0.000685	0.000685	0.000685	0.000685	0.010929	0.000685	0.000685	0.001307	0.005807	0.000817	0.000685	0.000685	0.002272	0.003579	0.000685	0.000685	0.000685	0.000685	0.000685	0.000685	0.000685	0.000685	0.000685	0.000685	0.944745	
0.000643	0.002302	0.000643	0.000643	0.000643	0.000643	0.000643	0.000643	0.000643	0.000643	0.000643	0.000643	0.000643	0.001473	0.000643	0.000643	0.000643	0.000643	0.000643	0.000643	0.000643	0.000643	0.000643	0.000643	0.000643	0.000643	0.000643	0.000643	0.000643	0.001222	0.000643	0.000643	0.001260	0.000933	0.000800	0.000643	0.000643	0.006291	0.009201	0.000643	0.000643	0.000643	0.000643	0.000643	0.000643	0.000643	0.000643	0.000643	0.000643	0.950141	
0.000637	0.001099	0.000637	0.000637	0.000637	0.000637	0.000637	0.000637	0.000637	0.000637	0.000637	0.000637	0.000637	0.000868	0.000637	0.000637	0.000637	0.000637	0.000637	0.000637	0.000637	0.000637	0.000637	0.000637	0.000637	0.000637	0.000637	0.000637	0.000637	0.001655	0.000637	0.000637	0.005684	0.001146	0.003110	0.000637	0.000637	0.001335	0.009448	0.000637	0.000637	0.000637	0.000637	0.000637	0.000637	0.000637	0.000637	0.000637	0.000637	0.949527	
0.000618	0.001807	0.000618	0.000618	0.000618	0.000618	0.000618	0.000618	0.000618	0.000618	0.000618	0.000618	0.000618	0.001212	0.000618	0.000618	0.000618	0.000618	0.000618	0.000618	0.000618	0.000618	0.000618	0.000618	0.000618	0.000618	0.000618	0.000618	0.000618	0.001853	0.000618	0.000618	0.002867	0.001235	0.002208	0.000618	0.000618	0.005129	0.006831	0.000618	0.000618	0.000618	0.000618	0.000618	0.000618	0.000618	0.000618	0.000618	0.000618	0.951540	
0.000598	0.001349	0.000598	0.000598	0.000598	0.000598	0.000598	0.000598	0.000598	0.000598	0.000598	0.000598	0.000598	0.000974	0.000598	0.000598	0.000598	0.000598	0.000598	0.000598	0.000598	0.000598	0.000598	0.000598	0.000598	0.000598	0.000598	0.000598	0.000598	0.001424	0.000598	0.000598	0.002792	0.001011	0.003349	0.000598	0.000598	0.003715	0.007313	0.000598	0.000598	0.000598	0.000598	0.000598	0.000598	0.000598	0.000598	0.000598	0.000598	0.953541	
0.000606	0.001617	0.000606	0.000606	0.000606	0.000606	0.000606	0.000606	0.000606	0.000606	0.000606	0.000606	0.000606	0.001112	0.000606	0.000606	0.000606	0.000606	0.000606	0.000606	0.000606	0.000606	0.000606	0.000606	0.000606	0.000606	0.000606	0.000606	0.000606	0.001022	0.000606	0.000606	0.001569	0.000814	0.002919	0.000606	0.000606	0.003221	0.003669	0.000606	0.000606	0.000606	0.000606	0.000606	0.000606	0.000606	0.000606	0.000606	0.000606	0.959203	
0.000612	0.001429	0.000612	0.000612	0.000612	0.000612	0.000612	0.000612	0.000612	0.000612	0.000612	0.000612	0.000612	0.001020	0.000612	0.000612	0.000612	0.000612	0.000612	0.000612	0.000612	0.000612	0.000612	0.000612	0.000612	0.000612	0.000612	0.000612	0.000612	0.001223	0.000612	0.000612	0.001228	0.000918	0.002604	0.000612	0.000612	0.004871	0.014244	0.000612	0.000612	0.000612	0.000612	0.000612	0.000612	0.000612	0.000612	0.000612	0.000612	0.947370	
