0	12	0	0	0	0	0	
0	10	0	0	0	35	0	
0	0	0	0	76	59	1	
0	0	0	0	16	0	0	
0	0	0	0	0	0	164	
0	28	0	0	0	0	0	
0	0	0	0	0	0	133	
0	0	0	0	0	0	25	
0	33	0	204	0	43	0	
0	0	117	0	0	42	0	
0	0	0	0	22	0	0	
0	0	0	0	0	0	0	
0	0	16	0	0	0	0	
170	0	0	0	0	0	0	
83	0	0	0	0	58	1	
0	0	49	0	0	0	0	
23	0	1	0	0	0	26	
0	50	0	0	26	0	29	
0	68	0	0	0	0	2	
0	0	0	0	0	105	0	
0	0	0	0	0	99	0	
0	0	0	0	0	0	0	
0	0	77	0	0	0	0	
0	0	26	0	0	0	0	
0	0	0	54	0	0	0	
0	0	0	0	0	0	0	
0	0	0	0	0	0	0	
345	0	0	0	0	37	0	
0	31	0	0	0	0	17	
48	0	0	0	0	0	120	
0	0	0	0	0	0	87	
1	0	0	0	116	0	0	
0	2	45	246	0	0	0	
0	0	0	0	50	0	0	
0	0	112	0	0	0	0	
0	50	0	0	0	0	0	
0	0	0	0	62	89	0	
0	22	0	0	0	0	0	
2	0	0	118	0	0	0	
0	1	79	0	114	2	0	
0	89	31	0	0	1	0	
0	0	16	0	0	74	45	
0	0	0	117	0	1	0	
0	0	16	0	0	0	0	
72	32	0	0	0	0	0	
0	0	0	0	50	0	0	
0	0	0	0	145	0	0	
0	24	0	1	0	0	0	
29	0	0	0	1	1	0	
0	101	98	0	0	0	1	
