0.026320	0.003587	0.007835	0.111245	0.001419	0.029213	0.007829	0.017000	0.002779	0.017445	0.014432	0.011137	0.026523	0.019372	0.039880	0.012589	0.039230	0.003114	0.001410	0.000155	0.008543	0.001410	0.002715	0.013503	0.001410	0.009727	0.002648	0.028306	0.001932	0.014951	0.026756	0.001291	0.045173	0.007981	0.001898	0.002665	0.021467	0.001454	0.014927	0.001454	0.010005	0.001298	0.030683	0.003231	0.002739	0.009317	0.094440	0.007204	0.011107	0.227250	
0.022306	0.001992	0.056562	0.103327	0.001594	0.015391	0.002742	0.020705	0.001112	0.050796	0.008887	0.081499	0.034427	0.009145	0.030176	0.011716	0.035280	0.001145	0.000613	0.000155	0.004591	0.000613	0.003205	0.005022	0.000613	0.005105	0.003125	0.010330	0.002308	0.005294	0.021286	0.008585	0.042138	0.007425	0.002281	0.001070	0.020445	0.000842	0.013590	0.000842	0.012007	0.000671	0.011044	0.002856	0.001614	0.011316	0.087829	0.002651	0.010810	0.210922	
0.020896	0.001667	0.047224	0.099007	0.005970	0.011280	0.004816	0.010198	0.000800	0.066233	0.020123	0.067594	0.031538	0.008936	0.031757	0.011232	0.033269	0.001959	0.000462	0.000152	0.003396	0.000462	0.012866	0.003447	0.000462	0.003759	0.012536	0.016357	0.003391	0.006905	0.019325	0.007127	0.042168	0.004129	0.001191	0.000772	0.018666	0.000654	0.007088	0.000654	0.031308	0.000475	0.013975	0.003997	0.001222	0.008086	0.084177	0.002796	0.009432	0.204064	
0.016340	0.013440	0.062907	0.006694	0.004679	0.023622	0.014116	0.005551	0.014652	0.064993	0.069068	0.090376	0.013685	0.020116	0.027455	0.000736	0.004655	0.005575	0.007082	0.000143	0.005802	0.007082	0.009974	0.073952	0.007082	0.009923	0.009718	0.071038	0.002468	0.050484	0.007046	0.009485	0.004056	0.003821	0.000703	0.014022	0.001605	0.001019	0.032814	0.001019	0.023663	0.005858	0.107413	0.003532	0.014624	0.005073	0.004642	0.029940	0.001110	0.015145	
0.024558	0.017675	0.011172	0.008639	0.002783	0.077069	0.006958	0.006248	0.019275	0.020136	0.080679	0.015847	0.003818	0.038539	0.020444	0.000908	0.011704	0.002706	0.009292	0.000141	0.021247	0.009292	0.005401	0.097473	0.009292	0.027494	0.005264	0.056956	0.001629	0.053282	0.023840	0.001762	0.003844	0.010075	0.000773	0.018443	0.001944	0.003408	0.042652	0.003408	0.013501	0.007670	0.115318	0.005382	0.018548	0.004419	0.005954	0.035571	0.001306	0.016263	
0.018995	0.013396	0.051423	0.007439	0.002852	0.061777	0.005111	0.025751	0.014596	0.047637	0.064039	0.073974	0.011614	0.030637	0.015460	0.000823	0.009970	0.002006	0.007057	0.000146	0.017134	0.007057	0.005654	0.073655	0.007057	0.021915	0.005511	0.042937	0.003161	0.040060	0.019306	0.007793	0.003573	0.013707	0.002794	0.013968	0.003690	0.002775	0.043979	0.002775	0.018774	0.005977	0.086909	0.005913	0.014461	0.014430	0.005280	0.026840	0.003126	0.015089	
0.024697	0.016660	0.007783	0.024933	0.002016	0.049043	0.009591	0.012281	0.017995	0.015312	0.074074	0.011014	0.006841	0.027823	0.027482	0.002752	0.013332	0.003775	0.008682	0.000146	0.013047	0.008682	0.003922	0.090942	0.008682	0.018471	0.003824	0.062674	0.001802	0.053280	0.017660	0.001268	0.010170	0.008478	0.001401	0.017219	0.005444	0.002143	0.043399	0.002143	0.011608	0.007214	0.114552	0.003988	0.017291	0.007173	0.019906	0.034236	0.003272	0.049873	
0.007781	0.001391	0.098535	0.008371	0.001794	0.072323	0.012494	0.065373	0.001426	0.073855	0.012248	0.142127	0.021435	0.043267	0.019745	0.001063	0.013039	0.004875	0.000762	0.000154	0.021460	0.000762	0.003203	0.006624	0.000762	0.023060	0.003124	0.040293	0.005695	0.016793	0.024270	0.014869	0.003966	0.026066	0.006901	0.001370	0.007890	0.003451	0.039186	0.003451	0.022787	0.001101	0.033948	0.008640	0.002320	0.034111	0.007048	0.006332	0.007133	0.021326	
0.004182	0.001949	0.152169	0.004862	0.001851	0.020071	0.023319	0.015615	0.002074	0.110740	0.013095	0.219579	0.031248	0.027578	0.033762	0.000655	0.004959	0.009170	0.001067	0.000144	0.005885	0.001067	0.003748	0.009962	0.001067	0.006730	0.003654	0.075484	0.002020	0.030753	0.007018	0.022890	0.002628	0.006561	0.001745	0.001990	0.002446	0.001033	0.012731	0.001033	0.012021	0.001006	0.061936	0.002878	0.003458	0.008835	0.004014	0.011082	0.002021	0.014217	
0.012246	0.002183	0.007984	0.013513	0.002300	0.112585	0.042304	0.011058	0.002242	0.015353	0.013890	0.011301	0.004624	0.085573	0.062041	0.001621	0.019063	0.016457	0.001147	0.000142	0.033328	0.001147	0.004019	0.010825	0.001147	0.035851	0.003919	0.130989	0.001726	0.052151	0.037793	0.001294	0.006147	0.016115	0.001272	0.002151	0.003538	0.005278	0.010531	0.005278	0.011538	0.001039	0.103243	0.007552	0.002225	0.006569	0.011358	0.017499	0.002306	0.034545	
0.009415	0.003350	0.045523	0.012914	0.001940	0.054580	0.043373	0.008541	0.003528	0.039538	0.018224	0.065538	0.011903	0.059352	0.063796	0.001544	0.011367	0.016957	0.001763	0.000145	0.015997	0.001763	0.003680	0.017355	0.001763	0.017823	0.003588	0.137657	0.001470	0.056655	0.019111	0.006920	0.005801	0.008631	0.001013	0.003381	0.003171	0.002598	0.011749	0.002598	0.010160	0.001527	0.112985	0.004231	0.003818	0.005210	0.010754	0.020151	0.002005	0.033147	
0.011060	0.001070	0.007276	0.003995	0.001813	0.138102	0.045160	0.011109	0.001120	0.011560	0.007910	0.010335	0.002379	0.099838	0.063070	0.000563	0.019446	0.017536	0.000609	0.000140	0.041001	0.000609	0.002750	0.005126	0.000609	0.043689	0.002682	0.137175	0.001481	0.052583	0.044519	0.001194	0.002130	0.019143	0.001275	0.001078	0.001869	0.006464	0.008271	0.006464	0.008685	0.000600	0.103442	0.008660	0.001146	0.006314	0.003346	0.016457	0.001516	0.015630	
0.018426	0.001335	0.042733	0.022300	0.002949	0.192874	0.006178	0.009854	0.001223	0.041328	0.011050	0.061462	0.013486	0.094154	0.014875	0.002610	0.032576	0.002230	0.000656	0.000135	0.057245	0.000656	0.004831	0.005672	0.000656	0.060929	0.004709	0.019067	0.001787	0.008771	0.064831	0.006487	0.009858	0.025185	0.001140	0.001176	0.004992	0.008974	0.007789	0.008974	0.013092	0.000628	0.017882	0.011912	0.001586	0.006132	0.018905	0.003788	0.002930	0.046982	
0.013789	0.001124	0.060356	0.006588	0.006233	0.170723	0.002776	0.029893	0.001153	0.068992	0.021617	0.086596	0.013399	0.081183	0.006199	0.000852	0.024916	0.000934	0.000624	0.000139	0.050680	0.000624	0.012222	0.005296	0.000624	0.053953	0.011908	0.009297	0.004750	0.004853	0.055301	0.009086	0.004892	0.027997	0.003217	0.001109	0.004141	0.007961	0.018832	0.007961	0.034625	0.000741	0.010246	0.013522	0.001686	0.017992	0.005548	0.002570	0.003547	0.016736	
0.018797	0.001270	0.030156	0.008151	0.002997	0.238755	0.005226	0.012069	0.001297	0.031693	0.011120	0.043308	0.007820	0.114656	0.010152	0.001020	0.034026	0.001793	0.000689	0.000132	0.070854	0.000689	0.004582	0.006060	0.000689	0.075368	0.004467	0.015713	0.001904	0.007703	0.077164	0.004602	0.004123	0.031126	0.001367	0.001246	0.002690	0.011077	0.009182	0.011077	0.013070	0.000670	0.015776	0.014427	0.001535	0.007207	0.006866	0.003554	0.001950	0.018133	
0.006755	0.001260	0.056676	0.017724	0.022236	0.032937	0.004873	0.023130	0.001188	0.149076	0.069920	0.079707	0.014891	0.018969	0.011558	0.002106	0.010370	0.001947	0.000643	0.000145	0.009784	0.000643	0.048494	0.005450	0.000643	0.010630	0.047238	0.018538	0.011307	0.007830	0.013251	0.008328	0.015963	0.010114	0.002522	0.001142	0.005469	0.001636	0.015116	0.001636	0.114950	0.000711	0.016061	0.013339	0.001670	0.022550	0.015018	0.003473	0.003835	0.046544	
0.002813	0.000995	0.039961	0.005532	0.035067	0.012114	0.002042	0.010138	0.001022	0.201633	0.106662	0.054336	0.008627	0.007083	0.004516	0.000736	0.003606	0.000867	0.000562	0.000140	0.003615	0.000562	0.076889	0.004628	0.000562	0.004052	0.074895	0.010815	0.015850	0.004343	0.004707	0.005656	0.016230	0.004194	0.001174	0.000984	0.002049	0.000678	0.007528	0.000678	0.175985	0.000554	0.009059	0.017329	0.001340	0.022187	0.004660	0.002285	0.001553	0.026505	
0.005578	0.003199	0.009903	0.009379	0.033565	0.009527	0.008202	0.006336	0.003398	0.174187	0.111178	0.011061	0.003516	0.010456	0.014935	0.001145	0.004160	0.003278	0.001699	0.000141	0.002633	0.001699	0.073609	0.016711	0.001699	0.003631	0.071701	0.033645	0.014923	0.016965	0.004233	0.001174	0.017097	0.002786	0.000782	0.003257	0.002329	0.000527	0.010258	0.000527	0.167655	0.001458	0.035004	0.016237	0.003323	0.019523	0.007757	0.008441	0.001492	0.034081	
0.004423	0.001517	0.043238	0.013357	0.014163	0.006517	0.037488	0.010983	0.001513	0.099811	0.047087	0.061058	0.011380	0.032664	0.054879	0.001615	0.005362	0.014725	0.000800	0.000146	0.001914	0.000800	0.030937	0.007100	0.000800	0.002376	0.030137	0.117496	0.006967	0.045402	0.004120	0.006420	0.011006	0.003755	0.001267	0.001454	0.003517	0.000420	0.008993	0.000420	0.072341	0.000756	0.089764	0.007533	0.001859	0.012475	0.011281	0.014770	0.002294	0.038901	
0.004716	0.001299	0.031395	0.011177	0.008696	0.020360	0.003007	0.169478	0.001294	0.064038	0.037457	0.044463	0.008665	0.011631	0.007349	0.001404	0.007554	0.001258	0.000714	0.000182	0.006071	0.000714	0.018758	0.005837	0.000714	0.006711	0.018276	0.011679	0.016644	0.005940	0.008223	0.004748	0.007939	0.048030	0.017695	0.001245	0.018463	0.001093	0.097026	0.001093	0.083024	0.001785	0.012248	0.015602	0.001540	0.090682	0.009450	0.003019	0.017444	0.032171	
0.005447	0.001302	0.032797	0.005933	0.010452	0.045733	0.015070	0.102750	0.001352	0.073190	0.039465	0.046336	0.007727	0.033001	0.022526	0.000800	0.008736	0.005924	0.000732	0.000165	0.013583	0.000732	0.022446	0.006205	0.000732	0.014691	0.021867	0.048309	0.012287	0.019593	0.015441	0.004922	0.006492	0.033028	0.010777	0.001300	0.011075	0.002241	0.059897	0.002241	0.075277	0.001337	0.039051	0.013558	0.001607	0.057438	0.004982	0.007068	0.010546	0.021835	
0.017917	0.011038	0.042089	0.027071	0.005252	0.026492	0.007452	0.032677	0.011810	0.054946	0.061103	0.060250	0.014183	0.016536	0.022240	0.003056	0.011788	0.002972	0.005727	0.000151	0.006916	0.005727	0.011196	0.059457	0.005727	0.010360	0.010910	0.045173	0.004770	0.036153	0.011516	0.006367	0.012570	0.011557	0.003516	0.011303	0.007892	0.001198	0.042145	0.001198	0.032962	0.004937	0.077593	0.005673	0.011704	0.019189	0.022184	0.022796	0.005471	0.057092	
0.011246	0.002321	0.010437	0.033482	0.006701	0.040184	0.002656	0.139307	0.002186	0.040991	0.033376	0.014389	0.009531	0.020416	0.012957	0.003892	0.016861	0.001090	0.001137	0.000176	0.011870	0.001137	0.014226	0.010400	0.001137	0.013090	0.013861	0.011756	0.013468	0.007615	0.017969	0.001631	0.016045	0.042191	0.014569	0.002099	0.019493	0.001986	0.082005	0.001986	0.065507	0.001922	0.015952	0.013819	0.002192	0.074283	0.028353	0.004439	0.016396	0.075267	
0.014701	0.011304	0.084752	0.012634	0.005272	0.014760	0.007336	0.018601	0.012250	0.083074	0.062317	0.121870	0.019382	0.010943	0.018619	0.001429	0.005743	0.002940	0.005935	0.000146	0.003391	0.005935	0.011339	0.061715	0.005935	0.006741	0.011048	0.046226	0.003727	0.037134	0.005439	0.012751	0.006777	0.006384	0.002055	0.011723	0.003959	0.000648	0.035188	0.000648	0.029893	0.005010	0.079981	0.004197	0.012537	0.012035	0.009872	0.023542	0.002890	0.027272	
