0	0	43	33	0	0	0	
0	36	0	0	0	0	0	
0	0	0	0	0	0	13	
79	0	0	0	63	0	69	
0	33	0	61	0	0	0	
0	36	0	2	61	0	0	
58	0	0	0	0	75	40	
1	0	265	0	0	0	0	
0	0	0	0	0	105	0	
0	96	0	0	0	99	0	
0	12	0	0	0	0	0	
0	0	0	74	0	81	1	
79	0	0	34	0	0	96	
0	0	0	0	0	0	0	
0	0	7	0	0	0	19	
0	0	0	0	97	0	84	
36	0	0	0	0	0	115	
0	0	0	0	0	0	27	
0	27	0	57	0	0	0	
0	0	0	0	0	0	0	
0	0	32	20	0	2	0	
0	0	0	0	0	0	0	
0	0	0	0	97	0	0	
0	0	13	0	0	0	66	
29	14	0	0	0	42	18	
0	0	84	42	0	0	5	
0	0	0	217	0	0	0	
0	0	0	0	0	0	0	
0	0	0	26	0	0	0	
0	0	0	0	0	0	0	
0	0	0	0	18	0	0	
0	0	0	0	0	85	0	
0	167	0	0	0	0	0	
0	0	0	0	0	0	42	
0	0	0	27	0	0	0	
92	17	50	0	0	0	0	
0	0	0	124	67	25	132	
0	0	85	0	0	0	0	
112	0	0	0	0	0	0	
14	0	0	0	0	1	0	
0	0	0	12	0	0	0	
0	123	0	0	0	0	0	
0	2	101	0	20	0	36	
0	0	0	0	0	49	25	
0	0	0	0	32	0	0	
0	0	0	0	0	0	0	
0	55	0	0	112	0	0	
0	11	0	0	0	0	0	
162	0	0	0	0	0	0	
0	0	0	0	0	91	0	
