0.000592	0.001305	0.000592	0.000592	0.000592	0.000592	0.000592	0.000592	0.000592	0.000592	0.000592	0.000592	0.000592	0.000948	0.000592	0.000592	0.000592	0.000592	0.000592	0.000592	0.000592	0.000592	0.000592	0.000592	0.000592	0.000592	0.000592	0.000592	0.000592	0.001133	0.000592	0.000592	0.001379	0.000854	0.000854	0.000592	0.000592	0.001930	0.003274	0.000592	0.000592	0.000592	0.000592	0.000592	0.000592	0.000592	0.000592	0.000592	0.000592	0.964067	
0.000616	0.000866	0.000616	0.000616	0.000616	0.000616	0.000616	0.000616	0.000616	0.000616	0.000616	0.000616	0.000616	0.000741	0.000616	0.000616	0.000616	0.000616	0.000616	0.000616	0.000616	0.000616	0.000616	0.000616	0.000616	0.000616	0.000616	0.000616	0.000616	0.001782	0.000616	0.000616	0.003916	0.001716	0.001716	0.000616	0.000616	0.002327	0.002533	0.000616	0.000616	0.000616	0.000616	0.000616	0.000616	0.000616	0.000616	0.000616	0.000616	0.959157	
0.000602	0.000853	0.000602	0.000602	0.000602	0.000602	0.000602	0.000602	0.000602	0.000602	0.000602	0.000602	0.000602	0.000728	0.000602	0.000602	0.000602	0.000602	0.000602	0.000602	0.000602	0.000602	0.000602	0.000602	0.000602	0.000602	0.000602	0.000602	0.000602	0.002084	0.000602	0.000602	0.002624	0.001276	0.001276	0.000602	0.000602	0.001354	0.002836	0.000602	0.000602	0.000602	0.000602	0.000602	0.000602	0.000602	0.000602	0.000602	0.000602	0.962267	
0.000627	0.001012	0.000627	0.000627	0.000627	0.000627	0.000627	0.000627	0.000627	0.000627	0.000627	0.000627	0.000627	0.000820	0.000627	0.000627	0.000627	0.000627	0.000627	0.000627	0.000627	0.000627	0.000627	0.000627	0.000627	0.000627	0.000627	0.000627	0.000627	0.000913	0.000627	0.000627	0.001579	0.000944	0.000944	0.000627	0.000627	0.026174	0.002069	0.000627	0.000627	0.000627	0.000627	0.000627	0.000627	0.000627	0.000627	0.000627	0.000627	0.939838	
0.000647	0.001060	0.000647	0.000647	0.000647	0.000647	0.000647	0.000647	0.000647	0.000647	0.000647	0.000647	0.000647	0.000853	0.000647	0.000647	0.000647	0.000647	0.000647	0.000647	0.000647	0.000647	0.000647	0.000647	0.000647	0.000647	0.000647	0.000647	0.000647	0.001582	0.000647	0.000647	0.004376	0.001890	0.001890	0.000647	0.000647	0.011549	0.002819	0.000647	0.000647	0.000647	0.000647	0.000647	0.000647	0.000647	0.000647	0.000647	0.000647	0.947449	
0.000632	0.001430	0.000632	0.000632	0.000632	0.000632	0.000632	0.000632	0.000632	0.000632	0.000632	0.000632	0.000632	0.001031	0.000632	0.000632	0.000632	0.000632	0.000632	0.000632	0.000632	0.000632	0.000632	0.000632	0.000632	0.000632	0.000632	0.000632	0.000632	0.000863	0.000632	0.000632	0.002593	0.001286	0.001286	0.000632	0.000632	0.020903	0.003255	0.000632	0.000632	0.000632	0.000632	0.000632	0.000632	0.000632	0.000632	0.000632	0.000632	0.941443	
0.000628	0.001773	0.000628	0.000628	0.000628	0.000628	0.000628	0.000628	0.000628	0.000628	0.000628	0.000628	0.000628	0.001201	0.000628	0.000628	0.000628	0.000628	0.000628	0.000628	0.000628	0.000628	0.000628	0.000628	0.000628	0.000628	0.000628	0.000628	0.000628	0.002236	0.000628	0.000628	0.001578	0.000945	0.000945	0.000628	0.000628	0.018773	0.005672	0.000628	0.000628	0.000628	0.000628	0.000628	0.000628	0.000628	0.000628	0.000628	0.000628	0.941118	
0.000634	0.004551	0.000634	0.000634	0.000634	0.000634	0.000634	0.000634	0.000634	0.000634	0.000634	0.000634	0.000634	0.002592	0.000634	0.000634	0.000634	0.000634	0.000634	0.000634	0.000634	0.000634	0.000634	0.000634	0.000634	0.000634	0.000634	0.000634	0.000634	0.001116	0.000634	0.000634	0.005352	0.002206	0.002206	0.000634	0.000634	0.002700	0.012867	0.000634	0.000634	0.000634	0.000634	0.000634	0.000634	0.000634	0.000634	0.000634	0.000634	0.940418	
0.000659	0.004266	0.000659	0.000659	0.000659	0.000659	0.000659	0.000659	0.000659	0.000659	0.000659	0.000659	0.000659	0.002463	0.000659	0.000659	0.000659	0.000659	0.000659	0.000659	0.000659	0.000659	0.000659	0.000659	0.000659	0.000659	0.000659	0.000659	0.000659	0.000977	0.000659	0.000659	0.006611	0.002643	0.002643	0.000659	0.000659	0.003048	0.011795	0.000659	0.000659	0.000659	0.000659	0.000659	0.000659	0.000659	0.000659	0.000659	0.000659	0.938516	
0.000598	0.008745	0.000598	0.000598	0.000598	0.000598	0.000598	0.000598	0.000598	0.000598	0.000598	0.000598	0.000598	0.004672	0.000598	0.000598	0.000598	0.000598	0.000598	0.000598	0.000598	0.000598	0.000598	0.000598	0.000598	0.000598	0.000598	0.000598	0.000598	0.001119	0.000598	0.000598	0.001510	0.000902	0.000902	0.000598	0.000598	0.001582	0.025559	0.000598	0.000598	0.000598	0.000598	0.000598	0.000598	0.000598	0.000598	0.000598	0.000598	0.930476	
0.000590	0.009945	0.000590	0.000590	0.000590	0.000590	0.000590	0.000590	0.000590	0.000590	0.000590	0.000590	0.000590	0.005268	0.000590	0.000590	0.000590	0.000590	0.000590	0.000590	0.000590	0.000590	0.000590	0.000590	0.000590	0.000590	0.000590	0.000590	0.000590	0.000872	0.000590	0.000590	0.001363	0.000848	0.000848	0.000590	0.000590	0.001759	0.028936	0.000590	0.000590	0.000590	0.000590	0.000590	0.000590	0.000590	0.000590	0.000590	0.000590	0.925964	
0.000596	0.005226	0.000596	0.000596	0.000596	0.000596	0.000596	0.000596	0.000596	0.000596	0.000596	0.000596	0.000596	0.002911	0.000596	0.000596	0.000596	0.000596	0.000596	0.000596	0.000596	0.000596	0.000596	0.000596	0.000596	0.000596	0.000596	0.000596	0.000596	0.001094	0.000596	0.000596	0.001233	0.000808	0.000808	0.000596	0.000596	0.002652	0.014983	0.000596	0.000596	0.000596	0.000596	0.000596	0.000596	0.000596	0.000596	0.000596	0.000596	0.945851	
0.000605	0.002864	0.000605	0.000605	0.000605	0.000605	0.000605	0.000605	0.000605	0.000605	0.000605	0.000605	0.000605	0.001735	0.000605	0.000605	0.000605	0.000605	0.000605	0.000605	0.000605	0.000605	0.000605	0.000605	0.000605	0.000605	0.000605	0.000605	0.000605	0.001026	0.000605	0.000605	0.002803	0.001337	0.001337	0.000605	0.000605	0.001994	0.007805	0.000605	0.000605	0.000605	0.000605	0.000605	0.000605	0.000605	0.000605	0.000605	0.000605	0.954305	
0.000615	0.001319	0.000615	0.000615	0.000615	0.000615	0.000615	0.000615	0.000615	0.000615	0.000615	0.000615	0.000615	0.000967	0.000615	0.000615	0.000615	0.000615	0.000615	0.000615	0.000615	0.000615	0.000615	0.000615	0.000615	0.000615	0.000615	0.000615	0.000615	0.001372	0.000615	0.000615	0.003422	0.001551	0.001551	0.000615	0.000615	0.001643	0.003483	0.000615	0.000615	0.000615	0.000615	0.000615	0.000615	0.000615	0.000615	0.000615	0.000615	0.959488	
0.000596	0.001979	0.000596	0.000596	0.000596	0.000596	0.000596	0.000596	0.000596	0.000596	0.000596	0.000596	0.000596	0.001287	0.000596	0.000596	0.000596	0.000596	0.000596	0.000596	0.000596	0.000596	0.000596	0.000596	0.000596	0.000596	0.000596	0.000596	0.000596	0.001244	0.000596	0.000596	0.001265	0.000819	0.000819	0.000596	0.000596	0.002652	0.005394	0.000596	0.000596	0.000596	0.000596	0.000596	0.000596	0.000596	0.000596	0.000596	0.000596	0.960111	
0.000626	0.000906	0.000626	0.000626	0.000626	0.000626	0.000626	0.000626	0.000626	0.000626	0.000626	0.000626	0.000626	0.000766	0.000626	0.000626	0.000626	0.000626	0.000626	0.000626	0.000626	0.000626	0.000626	0.000626	0.000626	0.000626	0.000626	0.000626	0.000626	0.009243	0.000626	0.000626	0.003845	0.001699	0.001699	0.000626	0.000626	0.001308	0.010084	0.000626	0.000626	0.000626	0.000626	0.000626	0.000626	0.000626	0.000626	0.000626	0.000626	0.944801	
0.000605	0.000886	0.000605	0.000605	0.000605	0.000605	0.000605	0.000605	0.000605	0.000605	0.000605	0.000605	0.000605	0.000746	0.000605	0.000605	0.000605	0.000605	0.000605	0.000605	0.000605	0.000605	0.000605	0.000605	0.000605	0.000605	0.000605	0.000605	0.000605	0.010363	0.000605	0.000605	0.001460	0.000890	0.000890	0.000605	0.000605	0.001663	0.011205	0.000605	0.000605	0.000605	0.000605	0.000605	0.000605	0.000605	0.000605	0.000605	0.000605	0.947087	
0.000639	0.000891	0.000639	0.000639	0.000639	0.000639	0.000639	0.000639	0.000639	0.000639	0.000639	0.000639	0.000639	0.000765	0.000639	0.000639	0.000639	0.000639	0.000639	0.000639	0.000639	0.000639	0.000639	0.000639	0.000639	0.000639	0.000639	0.000639	0.000639	0.003898	0.000639	0.000639	0.006155	0.002478	0.002478	0.000639	0.000639	0.001767	0.004654	0.000639	0.000639	0.000639	0.000639	0.000639	0.000639	0.000639	0.000639	0.000639	0.000639	0.950719	
0.000611	0.005048	0.000611	0.000611	0.000611	0.000611	0.000611	0.000611	0.000611	0.000611	0.000611	0.000611	0.000611	0.002829	0.000611	0.000611	0.000611	0.000611	0.000611	0.000611	0.000611	0.000611	0.000611	0.000611	0.000611	0.000611	0.000611	0.000611	0.000611	0.005008	0.000611	0.000611	0.002795	0.001339	0.001339	0.000611	0.000611	0.001952	0.018320	0.000611	0.000611	0.000611	0.000611	0.000611	0.000611	0.000611	0.000611	0.000611	0.000611	0.936337	
0.000659	0.001206	0.000659	0.000659	0.000659	0.000659	0.000659	0.000659	0.000659	0.000659	0.000659	0.000659	0.000659	0.000933	0.000659	0.000659	0.000659	0.000659	0.000659	0.000659	0.000659	0.000659	0.000659	0.000659	0.000659	0.000659	0.000659	0.000659	0.000659	0.002830	0.000659	0.000659	0.001221	0.000846	0.000846	0.000659	0.000659	0.001771	0.004472	0.000659	0.000659	0.000659	0.000659	0.000659	0.000659	0.000659	0.000659	0.000659	0.000659	0.958856	
0.000633	0.002562	0.000633	0.000633	0.000633	0.000633	0.000633	0.000633	0.000633	0.000633	0.000633	0.000633	0.000633	0.001598	0.000633	0.000633	0.000633	0.000633	0.000633	0.000633	0.000633	0.000633	0.000633	0.000633	0.000633	0.000633	0.000633	0.000633	0.000633	0.002119	0.000633	0.000633	0.002324	0.001197	0.001197	0.000633	0.000633	0.002650	0.007905	0.000633	0.000633	0.000633	0.000633	0.000633	0.000633	0.000633	0.000633	0.000633	0.000633	0.952476	
0.000715	0.001189	0.000715	0.000715	0.000715	0.000715	0.000715	0.000715	0.000715	0.000715	0.000715	0.000715	0.000715	0.000952	0.000715	0.000715	0.000715	0.000715	0.000715	0.000715	0.000715	0.000715	0.000715	0.000715	0.000715	0.000715	0.000715	0.000715	0.000715	0.001292	0.000715	0.000715	0.006201	0.002543	0.002543	0.000715	0.000715	0.004467	0.002717	0.000715	0.000715	0.000715	0.000715	0.000715	0.000715	0.000715	0.000715	0.000715	0.000715	0.948799	
0.000746	0.001134	0.000746	0.000746	0.000746	0.000746	0.000746	0.000746	0.000746	0.000746	0.000746	0.000746	0.000746	0.000940	0.000746	0.000746	0.000746	0.000746	0.000746	0.000746	0.000746	0.000746	0.000746	0.000746	0.000746	0.000746	0.000746	0.000746	0.000746	0.001119	0.000746	0.000746	0.019045	0.006845	0.006845	0.000746	0.000746	0.001497	0.002283	0.000746	0.000746	0.000746	0.000746	0.000746	0.000746	0.000746	0.000746	0.000746	0.000746	0.929721	
0.000710	0.001676	0.000710	0.000710	0.000710	0.000710	0.000710	0.000710	0.000710	0.000710	0.000710	0.000710	0.000710	0.001193	0.000710	0.000710	0.000710	0.000710	0.000710	0.000710	0.000710	0.000710	0.000710	0.000710	0.000710	0.000710	0.000710	0.000710	0.000710	0.001141	0.000710	0.000710	0.004531	0.001984	0.001984	0.000710	0.000710	0.002578	0.004040	0.000710	0.000710	0.000710	0.000710	0.000710	0.000710	0.000710	0.000710	0.000710	0.000710	0.951762	
