0.575733	0.000840	0.014001	0.000975	0.050188	0.041663	0.043396	0.087320	0.018007	0.136568	0.002357	0.006636	0.008908	0.010217	0.003191	
0.455053	0.005932	0.082195	0.003342	0.022944	0.017210	0.026425	0.074359	0.044049	0.080357	0.019273	0.022152	0.017679	0.091595	0.037433	
0.462902	0.007536	0.092390	0.002162	0.021190	0.029196	0.041816	0.083777	0.047915	0.084124	0.011130	0.022837	0.014164	0.059382	0.019480	
0.476776	0.000732	0.023691	0.006157	0.006902	0.097248	0.119765	0.009899	0.048853	0.010045	0.023568	0.012844	0.008570	0.098972	0.055976	
0.357189	0.002486	0.091447	0.001597	0.019648	0.062982	0.109248	0.035522	0.156599	0.027425	0.007751	0.047632	0.036605	0.039159	0.004711	
0.413577	0.004706	0.081155	0.003123	0.011964	0.072105	0.104596	0.040888	0.097234	0.033822	0.012089	0.030548	0.013096	0.058789	0.022308	
0.308619	0.001764	0.087542	0.000973	0.029896	0.027199	0.097967	0.047001	0.243592	0.037773	0.003141	0.058476	0.035733	0.015232	0.005091	
0.348370	0.005737	0.121378	0.003554	0.015423	0.014044	0.034931	0.051014	0.094448	0.043260	0.025898	0.042702	0.035865	0.123138	0.040239	
0.343533	0.001454	0.069043	0.005905	0.019265	0.018361	0.056452	0.023489	0.139983	0.027676	0.031966	0.037740	0.017498	0.137230	0.070406	
0.293171	0.000905	0.110578	0.001374	0.029141	0.043830	0.089166	0.026544	0.180023	0.036764	0.013958	0.059961	0.041468	0.066654	0.006464	
0.378838	0.000805	0.083023	0.003012	0.026431	0.041554	0.062451	0.032005	0.095036	0.046158	0.021989	0.040459	0.040684	0.099643	0.027912	
0.162312	0.000942	0.166856	0.000863	0.027886	0.014802	0.068647	0.013984	0.237709	0.014025	0.021887	0.087430	0.070913	0.106057	0.005687	
0.414032	0.009503	0.127875	0.001282	0.012134	0.046251	0.066183	0.077718	0.068796	0.063164	0.007499	0.033629	0.018796	0.049319	0.003820	
0.396230	0.007874	0.127416	0.002535	0.015280	0.019502	0.028896	0.070645	0.052987	0.062800	0.020045	0.035413	0.032589	0.101982	0.025805	
0.361712	0.006638	0.138908	0.001296	0.014252	0.045921	0.064025	0.055016	0.081170	0.044639	0.014339	0.046150	0.043600	0.078437	0.003896	
0.583147	0.000704	0.013393	0.002173	0.026493	0.005784	0.009729	0.090464	0.015730	0.062210	0.010683	0.013613	0.096845	0.045148	0.023883	
0.561578	0.003380	0.039655	0.001766	0.023875	0.006246	0.010005	0.097904	0.016066	0.070137	0.009157	0.015818	0.082427	0.043468	0.018517	
0.578646	0.001209	0.019494	0.001363	0.026801	0.039729	0.047410	0.082799	0.020286	0.066811	0.003867	0.013495	0.074177	0.017518	0.006397	
0.447166	0.001091	0.043375	0.004233	0.025201	0.035923	0.058988	0.044169	0.082281	0.053477	0.020715	0.024192	0.025367	0.088727	0.045095	
0.236174	0.001016	0.166203	0.000803	0.028498	0.007831	0.026274	0.026643	0.134227	0.030604	0.027963	0.076342	0.095488	0.135998	0.005936	
0.293814	0.003095	0.116564	0.003306	0.020538	0.008852	0.048144	0.036649	0.160588	0.029369	0.025015	0.055174	0.045301	0.115148	0.038444	
0.312109	0.000808	0.077460	0.002380	0.030577	0.012804	0.076439	0.041528	0.226408	0.037693	0.012277	0.054635	0.036080	0.052348	0.026454	
0.440893	0.007416	0.103585	0.000842	0.024250	0.013785	0.033786	0.093402	0.079227	0.083161	0.006301	0.032555	0.035589	0.039581	0.005624	
0.411065	0.000718	0.049222	0.003689	0.022139	0.048628	0.087520	0.034607	0.127725	0.034038	0.015936	0.032856	0.029100	0.067588	0.035167	
