0.482908	0.007703	0.060116	0.001137	0.027788	0.011240	0.030932	0.164664	0.021330	0.126356	0.004587	0.016647	0.024707	0.014852	0.005033	
0.491357	0.005445	0.040279	0.002820	0.020929	0.034769	0.051801	0.121891	0.050105	0.092006	0.010690	0.022626	0.024070	0.024851	0.006360	
0.506399	0.006761	0.039436	0.002454	0.021731	0.028478	0.036180	0.147968	0.032654	0.111553	0.008717	0.015425	0.021051	0.016483	0.004709	
0.612695	0.000978	0.031740	0.010335	0.008120	0.131765	0.061775	0.014209	0.031134	0.016012	0.034310	0.010723	0.014884	0.016012	0.005306	
0.340529	0.000947	0.104858	0.000929	0.042256	0.019070	0.145716	0.020859	0.145610	0.014584	0.004748	0.089140	0.024699	0.043085	0.002970	
0.356803	0.001990	0.121440	0.002177	0.043186	0.036598	0.149457	0.032459	0.068531	0.022704	0.012009	0.064541	0.028764	0.047477	0.011863	
0.370003	0.001313	0.078171	0.001153	0.033725	0.019268	0.119441	0.034696	0.156421	0.026455	0.005201	0.079906	0.026503	0.044421	0.003324	
0.358069	0.005338	0.098131	0.002610	0.020946	0.032338	0.044392	0.058782	0.105760	0.051180	0.021743	0.023726	0.027699	0.109219	0.040066	
0.370239	0.004950	0.098278	0.003453	0.021533	0.043888	0.053704	0.047980	0.101179	0.041230	0.023898	0.024958	0.022102	0.104363	0.038245	
0.238846	0.005308	0.169159	0.000759	0.027983	0.006982	0.022149	0.016937	0.156379	0.033542	0.022701	0.034630	0.041454	0.162683	0.060489	
0.245023	0.006147	0.119054	0.002315	0.014369	0.027342	0.027028	0.018916	0.181596	0.021528	0.031541	0.021587	0.020007	0.192012	0.071536	
0.245358	0.004435	0.143735	0.001010	0.030676	0.014615	0.072423	0.015285	0.160775	0.019349	0.020592	0.049156	0.027700	0.144642	0.050250	
0.402043	0.003754	0.145177	0.001765	0.032931	0.019755	0.025726	0.057580	0.057784	0.070148	0.012411	0.031766	0.059404	0.058122	0.021633	
0.393743	0.002257	0.157728	0.002823	0.035562	0.035489	0.049293	0.020470	0.066401	0.041645	0.015946	0.041432	0.056085	0.059905	0.021221	
0.416050	0.001792	0.157960	0.001837	0.040098	0.022777	0.050691	0.036494	0.053290	0.057133	0.008387	0.049043	0.065969	0.029996	0.008481	
0.539057	0.001247	0.032395	0.002900	0.010042	0.035192	0.029096	0.095444	0.027371	0.095901	0.009831	0.014127	0.088765	0.015316	0.003315	
0.519569	0.001766	0.028916	0.001771	0.010360	0.021287	0.031216	0.112966	0.024223	0.107956	0.007022	0.012923	0.094480	0.020229	0.005316	
0.504808	0.001224	0.025791	0.001900	0.010526	0.023030	0.038746	0.094057	0.063293	0.091187	0.006988	0.025256	0.084202	0.024999	0.003994	
0.387377	0.003573	0.069931	0.002464	0.012196	0.030674	0.039321	0.059728	0.101421	0.058040	0.020366	0.018724	0.054968	0.103929	0.037288	
0.364852	0.002445	0.087535	0.001039	0.023917	0.015695	0.075807	0.055959	0.100596	0.054167	0.012036	0.041586	0.059661	0.079750	0.024953	
0.277324	0.005077	0.110602	0.001316	0.018300	0.017415	0.049745	0.044322	0.128750	0.042577	0.024180	0.022438	0.043881	0.155835	0.058238	
0.388030	0.001112	0.042789	0.001740	0.018426	0.020566	0.065835	0.019354	0.242617	0.019975	0.007481	0.079946	0.019671	0.065372	0.007085	
0.370475	0.001313	0.031242	0.000809	0.017189	0.008057	0.063495	0.025723	0.274343	0.022816	0.004183	0.087102	0.016684	0.070229	0.006340	
0.466249	0.001823	0.043393	0.005372	0.014495	0.068027	0.066290	0.021602	0.145026	0.019100	0.020978	0.045398	0.013621	0.056246	0.012380	
