0.000579	0.003750	0.000579	0.000579	0.000579	0.000579	0.000579	0.000579	0.000579	0.000579	0.000579	0.000579	0.000579	0.003592	0.000579	0.000579	0.000579	0.000579	0.000579	0.000579	0.000579	0.000579	0.000579	0.000579	0.000579	0.000579	0.000579	0.000579	0.000579	0.000930	0.000579	0.000579	0.003828	0.000755	0.000921	0.000579	0.000579	0.002542	0.011831	0.000579	0.000579	0.000579	0.000579	0.000579	0.000579	0.000579	0.000579	0.000579	0.000579	0.948114	
0.000590	0.002186	0.000590	0.000590	0.000590	0.000590	0.000590	0.000590	0.000590	0.000590	0.000590	0.000590	0.000590	0.003378	0.000590	0.000590	0.000590	0.000590	0.000590	0.000590	0.000590	0.000590	0.000590	0.000590	0.000590	0.000590	0.000590	0.000590	0.000590	0.001373	0.000590	0.000590	0.003850	0.000982	0.000771	0.000590	0.000590	0.002904	0.009579	0.000590	0.000590	0.000590	0.000590	0.000590	0.000590	0.000590	0.000590	0.000590	0.000590	0.950781	
0.000569	0.000998	0.000569	0.000569	0.000569	0.000569	0.000569	0.000569	0.000569	0.000569	0.000569	0.000569	0.000569	0.003740	0.000569	0.000569	0.000569	0.000569	0.000569	0.000569	0.000569	0.000569	0.000569	0.000569	0.000569	0.000569	0.000569	0.000569	0.000569	0.001029	0.000569	0.000569	0.004289	0.000799	0.000993	0.000569	0.000569	0.003905	0.008290	0.000569	0.000569	0.000569	0.000569	0.000569	0.000569	0.000569	0.000569	0.000569	0.000569	0.952643	
0.000609	0.001074	0.000609	0.000609	0.000609	0.000609	0.000609	0.000609	0.000609	0.000609	0.000609	0.000609	0.000609	0.000850	0.000609	0.000609	0.000609	0.000609	0.000609	0.000609	0.000609	0.000609	0.000609	0.000609	0.000609	0.000609	0.000609	0.000609	0.000609	0.002117	0.000609	0.000609	0.005428	0.001363	0.001261	0.000609	0.000609	0.008720	0.005585	0.000609	0.000609	0.000609	0.000609	0.000609	0.000609	0.000609	0.000609	0.000609	0.000609	0.948619	
0.000673	0.001095	0.000673	0.000673	0.000673	0.000673	0.000673	0.000673	0.000673	0.000673	0.000673	0.000673	0.000673	0.000875	0.000673	0.000673	0.000673	0.000673	0.000673	0.000673	0.000673	0.000673	0.000673	0.000673	0.000673	0.000673	0.000673	0.000673	0.000673	0.001204	0.000673	0.000673	0.002867	0.000939	0.000963	0.000673	0.000673	0.020590	0.003235	0.000673	0.000673	0.000673	0.000673	0.000673	0.000673	0.000673	0.000673	0.000673	0.000673	0.940620	
0.000634	0.001238	0.000634	0.000634	0.000634	0.000634	0.000634	0.000634	0.000634	0.000634	0.000634	0.000634	0.000634	0.000838	0.000634	0.000634	0.000634	0.000634	0.000634	0.000634	0.000634	0.000634	0.000634	0.000634	0.000634	0.000634	0.000634	0.000634	0.000634	0.001093	0.000634	0.000634	0.006001	0.000863	0.001219	0.000634	0.000634	0.005493	0.004990	0.000634	0.000634	0.000634	0.000634	0.000634	0.000634	0.000634	0.000634	0.000634	0.000634	0.952281	
0.000680	0.000997	0.000680	0.000680	0.000680	0.000680	0.000680	0.000680	0.000680	0.000680	0.000680	0.000680	0.000680	0.000787	0.000680	0.000680	0.000680	0.000680	0.000680	0.000680	0.000680	0.000680	0.000680	0.000680	0.000680	0.000680	0.000680	0.000680	0.000680	0.001420	0.000680	0.000680	0.001656	0.001050	0.001478	0.000680	0.000680	0.024472	0.002543	0.000680	0.000680	0.000680	0.000680	0.000680	0.000680	0.000680	0.000680	0.000680	0.000680	0.937699	
0.000655	0.005468	0.000655	0.000655	0.000655	0.000655	0.000655	0.000655	0.000655	0.000655	0.000655	0.000655	0.000655	0.001939	0.000655	0.000655	0.000655	0.000655	0.000655	0.000655	0.000655	0.000655	0.000655	0.000655	0.000655	0.000655	0.000655	0.000655	0.000655	0.001219	0.000655	0.000655	0.002639	0.000937	0.001447	0.000655	0.000655	0.003037	0.011357	0.000655	0.000655	0.000655	0.000655	0.000655	0.000655	0.000655	0.000655	0.000655	0.000655	0.945105	
0.000643	0.002944	0.000643	0.000643	0.000643	0.000643	0.000643	0.000643	0.000643	0.000643	0.000643	0.000643	0.000643	0.001494	0.000643	0.000643	0.000643	0.000643	0.000643	0.000643	0.000643	0.000643	0.000643	0.000643	0.000643	0.000643	0.000643	0.000643	0.000643	0.002009	0.000643	0.000643	0.002263	0.001326	0.002854	0.000643	0.000643	0.003942	0.007547	0.000643	0.000643	0.000643	0.000643	0.000643	0.000643	0.000643	0.000643	0.000643	0.000643	0.949258	
0.000673	0.002927	0.000673	0.000673	0.000673	0.000673	0.000673	0.000673	0.000673	0.000673	0.000673	0.000673	0.000673	0.000940	0.000673	0.000673	0.000673	0.000673	0.000673	0.000673	0.000673	0.000673	0.000673	0.000673	0.000673	0.000673	0.000673	0.000673	0.000673	0.001490	0.000673	0.000673	0.001233	0.001081	0.004677	0.000673	0.000673	0.002406	0.005552	0.000673	0.000673	0.000673	0.000673	0.000673	0.000673	0.000673	0.000673	0.000673	0.000673	0.952111	
0.000647	0.002821	0.000647	0.000647	0.000647	0.000647	0.000647	0.000647	0.000647	0.000647	0.000647	0.000647	0.000647	0.000893	0.000647	0.000647	0.000647	0.000647	0.000647	0.000647	0.000647	0.000647	0.000647	0.000647	0.000647	0.000647	0.000647	0.000647	0.000647	0.002090	0.000647	0.000647	0.002618	0.001368	0.003545	0.000647	0.000647	0.002237	0.006707	0.000647	0.000647	0.000647	0.000647	0.000647	0.000647	0.000647	0.000647	0.000647	0.000647	0.951201	
0.000675	0.004851	0.000675	0.000675	0.000675	0.000675	0.000675	0.000675	0.000675	0.000675	0.000675	0.000675	0.000675	0.000871	0.000675	0.000675	0.000675	0.000675	0.000675	0.000675	0.000675	0.000675	0.000675	0.000675	0.000675	0.000675	0.000675	0.000675	0.000675	0.001116	0.000675	0.000675	0.002514	0.000895	0.001916	0.000675	0.000675	0.010138	0.008594	0.000675	0.000675	0.000675	0.000675	0.000675	0.000675	0.000675	0.000675	0.000675	0.000675	0.941437	
0.000613	0.001741	0.000613	0.000613	0.000613	0.000613	0.000613	0.000613	0.000613	0.000613	0.000613	0.000613	0.000613	0.002388	0.000613	0.000613	0.000613	0.000613	0.000613	0.000613	0.000613	0.000613	0.000613	0.000613	0.000613	0.000613	0.000613	0.000613	0.000613	0.001315	0.000613	0.000613	0.002592	0.000964	0.003446	0.000613	0.000613	0.001774	0.006660	0.000613	0.000613	0.000613	0.000613	0.000613	0.000613	0.000613	0.000613	0.000613	0.000613	0.953985	
0.000691	0.006489	0.000691	0.000691	0.000691	0.000691	0.000691	0.000691	0.000691	0.000691	0.000691	0.000691	0.000691	0.000925	0.000691	0.000691	0.000691	0.000691	0.000691	0.000691	0.000691	0.000691	0.000691	0.000691	0.000691	0.000691	0.000691	0.000691	0.000691	0.001320	0.000691	0.000691	0.001432	0.001006	0.003009	0.000691	0.000691	0.001943	0.010738	0.000691	0.000691	0.000691	0.000691	0.000691	0.000691	0.000691	0.000691	0.000691	0.000691	0.944796	
0.000677	0.006115	0.000677	0.000677	0.000677	0.000677	0.000677	0.000677	0.000677	0.000677	0.000677	0.000677	0.000677	0.001323	0.000677	0.000677	0.000677	0.000677	0.000677	0.000677	0.000677	0.000677	0.000677	0.000677	0.000677	0.000677	0.000677	0.000677	0.000677	0.001181	0.000677	0.000677	0.001962	0.000929	0.002317	0.000677	0.000677	0.003026	0.010948	0.000677	0.000677	0.000677	0.000677	0.000677	0.000677	0.000677	0.000677	0.000677	0.000677	0.944429	
0.000577	0.001141	0.000577	0.000577	0.000577	0.000577	0.000577	0.000577	0.000577	0.000577	0.000577	0.000577	0.000577	0.000792	0.000577	0.000577	0.000577	0.000577	0.000577	0.000577	0.000577	0.000577	0.000577	0.000577	0.000577	0.000577	0.000577	0.000577	0.000577	0.009498	0.000577	0.000577	0.001181	0.005038	0.000804	0.000577	0.000577	0.001347	0.010967	0.000577	0.000577	0.000577	0.000577	0.000577	0.000577	0.000577	0.000577	0.000577	0.000577	0.945563	
0.000588	0.000874	0.000588	0.000588	0.000588	0.000588	0.000588	0.000588	0.000588	0.000588	0.000588	0.000588	0.000588	0.000768	0.000588	0.000588	0.000588	0.000588	0.000588	0.000588	0.000588	0.000588	0.000588	0.000588	0.000588	0.000588	0.000588	0.000588	0.000588	0.009472	0.000588	0.000588	0.001030	0.005030	0.000704	0.000588	0.000588	0.001362	0.010391	0.000588	0.000588	0.000588	0.000588	0.000588	0.000588	0.000588	0.000588	0.000588	0.000588	0.946243	
0.000635	0.003771	0.000635	0.000635	0.000635	0.000635	0.000635	0.000635	0.000635	0.000635	0.000635	0.000635	0.000635	0.001053	0.000635	0.000635	0.000635	0.000635	0.000635	0.000635	0.000635	0.000635	0.000635	0.000635	0.000635	0.000635	0.000635	0.000635	0.000635	0.005717	0.000635	0.000635	0.001652	0.003176	0.000766	0.000635	0.000635	0.002089	0.011558	0.000635	0.000635	0.000635	0.000635	0.000635	0.000635	0.000635	0.000635	0.000635	0.000635	0.944188	
0.000590	0.000908	0.000590	0.000590	0.000590	0.000590	0.000590	0.000590	0.000590	0.000590	0.000590	0.000590	0.000590	0.001417	0.000590	0.000590	0.000590	0.000590	0.000590	0.000590	0.000590	0.000590	0.000590	0.000590	0.000590	0.000590	0.000590	0.000590	0.000590	0.006710	0.000590	0.000590	0.001882	0.003650	0.000784	0.000590	0.000590	0.005728	0.009074	0.000590	0.000590	0.000590	0.000590	0.000590	0.000590	0.000590	0.000590	0.000590	0.000590	0.945664	
0.000627	0.001680	0.000627	0.000627	0.000627	0.000627	0.000627	0.000627	0.000627	0.000627	0.000627	0.000627	0.000627	0.001149	0.000627	0.000627	0.000627	0.000627	0.000627	0.000627	0.000627	0.000627	0.000627	0.000627	0.000627	0.000627	0.000627	0.000627	0.000627	0.002064	0.000627	0.000627	0.005235	0.001345	0.000950	0.000627	0.000627	0.003671	0.006730	0.000627	0.000627	0.000627	0.000627	0.000627	0.000627	0.000627	0.000627	0.000627	0.000627	0.951473	
0.000788	0.001278	0.000788	0.000788	0.000788	0.000788	0.000788	0.000788	0.000788	0.000788	0.000788	0.000788	0.000788	0.000954	0.000788	0.000788	0.000788	0.000788	0.000788	0.000788	0.000788	0.000788	0.000788	0.000788	0.000788	0.000788	0.000788	0.000788	0.000788	0.001187	0.000788	0.000788	0.001365	0.000987	0.000981	0.000788	0.000788	0.002389	0.002460	0.000788	0.000788	0.000788	0.000788	0.000788	0.000788	0.000788	0.000788	0.000788	0.000788	0.956099	
0.000584	0.001018	0.000584	0.000584	0.000584	0.000584	0.000584	0.000584	0.000584	0.000584	0.000584	0.000584	0.000584	0.000936	0.000584	0.000584	0.000584	0.000584	0.000584	0.000584	0.000584	0.000584	0.000584	0.000584	0.000584	0.000584	0.000584	0.000584	0.000584	0.002541	0.000584	0.000584	0.006503	0.001563	0.000898	0.000584	0.000584	0.005159	0.006678	0.000584	0.000584	0.000584	0.000584	0.000584	0.000584	0.000584	0.000584	0.000584	0.000584	0.950739	
0.000633	0.001797	0.000633	0.000633	0.000633	0.000633	0.000633	0.000633	0.000633	0.000633	0.000633	0.000633	0.000633	0.001003	0.000633	0.000633	0.000633	0.000633	0.000633	0.000633	0.000633	0.000633	0.000633	0.000633	0.000633	0.000633	0.000633	0.000633	0.000633	0.001064	0.000633	0.000633	0.006528	0.000849	0.000813	0.000633	0.000633	0.001407	0.006311	0.000633	0.000633	0.000633	0.000633	0.000633	0.000633	0.000633	0.000633	0.000633	0.000633	0.954254	
0.000599	0.001407	0.000599	0.000599	0.000599	0.000599	0.000599	0.000599	0.000599	0.000599	0.000599	0.000599	0.000599	0.001239	0.000599	0.000599	0.000599	0.000599	0.000599	0.000599	0.000599	0.000599	0.000599	0.000599	0.000599	0.000599	0.000599	0.000599	0.000599	0.002620	0.000599	0.000599	0.005068	0.001609	0.001211	0.000599	0.000599	0.005833	0.007027	0.000599	0.000599	0.000599	0.000599	0.000599	0.000599	0.000599	0.000599	0.000599	0.000599	0.949438	
