0	0	0	0	0	0	0	
0	0	0	0	0	0	0	
0	0	0	0	0	47	0	
0	107	132	15	0	0	0	
0	0	0	25	0	0	0	
158	0	0	67	0	2	0	
46	0	0	0	1	1	0	
0	0	30	0	46	0	0	
0	4	111	0	0	158	148	
103	0	0	24	0	0	1	
0	0	0	0	0	0	0	
94	0	0	0	0	0	0	
0	0	0	0	0	25	0	
0	0	0	0	0	0	0	
0	0	0	0	0	0	0	
0	0	0	0	143	0	0	
0	0	0	1	0	0	229	
0	0	0	0	0	0	0	
0	0	0	0	90	0	0	
0	0	0	0	208	0	0	
0	127	0	0	0	0	2	
0	0	0	0	0	22	0	
0	0	0	0	0	0	0	
0	0	0	0	14	0	1	
0	0	0	0	0	0	0	
0	0	0	0	0	0	124	
0	0	0	0	0	0	0	
0	19	0	0	0	0	127	
0	0	0	0	0	289	0	
0	0	0	0	0	0	0	
0	0	0	0	0	0	0	
0	0	0	90	0	0	0	
57	0	92	0	0	64	0	
0	0	0	0	0	0	0	
0	0	0	0	56	0	0	
0	0	106	31	0	0	0	
0	0	0	27	56	0	0	
380	0	2	0	0	0	141	
0	0	125	0	38	0	0	
0	0	0	0	0	0	0	
0	79	5	27	0	0	0	
35	0	0	0	0	63	0	
1	0	0	207	0	0	0	
0	135	0	0	0	0	0	
0	6	0	0	0	0	22	
0	0	25	0	0	0	0	
0	95	0	0	0	0	0	
0	0	0	0	0	0	0	
0	22	0	0	0	0	0	
0	0	0	0	0	0	0	
