0	0	1	0	135	0	0	
33	1	0	0	0	104	0	
14	0	0	0	0	151	0	
0	0	0	162	0	1	0	
0	0	0	0	0	0	110	
0	0	95	0	0	0	0	
17	54	0	52	0	0	0	
16	0	0	0	0	0	0	
14	0	0	19	0	48	0	
0	0	13	0	0	0	0	
10	0	0	52	120	0	0	
0	0	0	0	0	0	98	
0	0	0	0	0	0	0	
0	0	0	0	62	0	0	
0	0	0	1	0	19	0	
0	0	0	140	0	0	0	
0	0	0	0	0	0	97	
0	0	0	36	1	0	127	
0	0	24	2	0	0	0	
0	0	0	76	0	0	0	
0	0	0	0	24	0	0	
51	85	36	0	0	0	0	
0	0	0	0	0	14	0	
0	0	45	0	0	0	41	
0	0	77	0	0	0	0	
25	16	14	40	0	0	0	
0	0	0	40	0	0	0	
0	0	0	0	0	0	20	
0	0	0	121	0	2	3	
26	0	0	0	0	0	0	
0	0	0	0	0	0	0	
0	263	0	0	1	0	89	
0	0	0	2	62	1	74	
10	0	0	0	0	0	0	
0	0	0	0	21	0	14	
0	12	0	44	0	24	0	
0	36	0	0	0	0	0	
0	0	16	0	0	0	0	
64	0	0	0	0	0	0	
1	0	146	0	22	1	58	
0	86	68	0	45	0	1	
100	0	0	0	90	0	0	
49	0	127	0	0	0	0	
0	0	28	0	0	0	0	
0	0	2	0	0	145	0	
40	63	0	0	0	0	0	
9	0	1	0	0	0	0	
0	0	25	0	0	0	0	
0	0	0	1	46	234	0	
0	25	0	0	0	0	0	
