0.621422	0.000776	0.011349	0.000621	0.023466	0.038576	0.058602	0.083072	0.016327	0.110363	0.003359	0.005455	0.007639	0.012705	0.006269	
0.438441	0.009209	0.043938	0.001752	0.054781	0.022118	0.033018	0.141517	0.042812	0.093619	0.009313	0.015332	0.031413	0.050426	0.012313	
0.417478	0.011868	0.037171	0.002452	0.067420	0.022579	0.031094	0.173007	0.022477	0.101422	0.010370	0.006524	0.023753	0.063000	0.009385	
0.427094	0.000719	0.108557	0.006780	0.004844	0.051954	0.071029	0.008732	0.055496	0.024011	0.024014	0.019363	0.044171	0.142655	0.010581	
0.331148	0.003387	0.079837	0.000689	0.023665	0.014450	0.109374	0.047429	0.196679	0.039569	0.009037	0.063809	0.026279	0.034459	0.020189	
0.322555	0.001540	0.125000	0.005151	0.011073	0.039382	0.110339	0.021554	0.149814	0.017649	0.017866	0.051920	0.011717	0.106944	0.007496	
0.363955	0.007276	0.055957	0.000890	0.044218	0.016861	0.070883	0.103919	0.123684	0.068867	0.010291	0.039117	0.028852	0.043412	0.021819	
0.368664	0.004750	0.124725	0.002961	0.028152	0.026366	0.036959	0.072596	0.112294	0.048300	0.011621	0.050674	0.036273	0.067053	0.008611	
0.331597	0.000933	0.147172	0.007795	0.006819	0.063065	0.072633	0.013499	0.076774	0.013977	0.029626	0.030708	0.017066	0.171148	0.017187	
0.271130	0.001027	0.149255	0.000617	0.011584	0.030646	0.034881	0.015954	0.193623	0.023931	0.020645	0.078788	0.047314	0.069271	0.051334	
0.281944	0.000607	0.149697	0.002397	0.008721	0.040540	0.045328	0.010421	0.166693	0.019821	0.023975	0.067219	0.039096	0.097749	0.045792	
0.279470	0.003119	0.131988	0.000826	0.022425	0.029329	0.034886	0.044686	0.170695	0.036304	0.019655	0.068382	0.041442	0.069778	0.047015	
0.433507	0.000909	0.120842	0.003202	0.012199	0.036783	0.047280	0.039612	0.099029	0.048025	0.011536	0.046199	0.028146	0.066085	0.006647	
0.435548	0.002872	0.079124	0.002569	0.023268	0.036213	0.053004	0.061073	0.079450	0.061550	0.014465	0.030174	0.030802	0.070431	0.019457	
0.411347	0.002675	0.107145	0.000816	0.022016	0.021999	0.040017	0.059983	0.131259	0.057724	0.007303	0.056946	0.036550	0.029560	0.014660	
0.567364	0.005846	0.033295	0.000864	0.032338	0.007020	0.014418	0.082534	0.037060	0.079745	0.003451	0.015386	0.096412	0.020302	0.003965	
0.662754	0.002402	0.014465	0.000689	0.013391	0.006616	0.013487	0.032933	0.020137	0.071373	0.003407	0.006711	0.130521	0.015800	0.005315	
0.533831	0.004690	0.015921	0.000792	0.029871	0.021079	0.028865	0.069441	0.035840	0.078788	0.012635	0.006995	0.084457	0.047940	0.028855	
0.326934	0.001052	0.024783	0.001610	0.018051	0.065275	0.067246	0.015062	0.079540	0.049217	0.043758	0.006194	0.043815	0.153001	0.104462	
0.398447	0.004277	0.082741	0.003511	0.026244	0.035701	0.052601	0.060355	0.077640	0.050510	0.018829	0.026772	0.043839	0.095315	0.023219	
0.377472	0.005083	0.050747	0.002445	0.033548	0.042192	0.048458	0.071194	0.064458	0.062238	0.025946	0.014534	0.043355	0.107720	0.050610	
0.280649	0.001137	0.117533	0.001387	0.010606	0.011379	0.147688	0.014663	0.263477	0.013218	0.005455	0.089636	0.009547	0.028498	0.005126	
0.382071	0.004537	0.089340	0.001598	0.027569	0.015530	0.070969	0.064813	0.143737	0.048835	0.007819	0.052541	0.040268	0.040778	0.009594	
0.300280	0.001316	0.089856	0.003601	0.014147	0.048832	0.103023	0.018991	0.140411	0.027445	0.027688	0.039865	0.016330	0.122253	0.045963	
