0.000693	0.001167	0.000693	0.000693	0.000693	0.000693	0.000693	0.000693	0.000693	0.000693	0.000693	0.000693	0.000693	0.000827	0.000693	0.000693	0.000693	0.000693	0.000693	0.000693	0.000693	0.000693	0.000693	0.000693	0.000693	0.000693	0.000693	0.000693	0.000693	0.001078	0.000693	0.000693	0.001130	0.000885	0.001539	0.000693	0.000693	0.002435	0.004534	0.000693	0.000693	0.000693	0.000693	0.000693	0.000693	0.000693	0.000693	0.000693	0.000693	0.957990	
0.000599	0.003068	0.000599	0.000599	0.000599	0.000599	0.000599	0.000599	0.000599	0.000599	0.000599	0.000599	0.000599	0.000895	0.000599	0.000599	0.000599	0.000599	0.000599	0.000599	0.000599	0.000599	0.000599	0.000599	0.000599	0.000599	0.000599	0.000599	0.000599	0.000989	0.000599	0.000599	0.001180	0.000794	0.003116	0.000599	0.000599	0.003163	0.011941	0.000599	0.000599	0.000599	0.000599	0.000599	0.000599	0.000599	0.000599	0.000599	0.000599	0.950307	
0.000591	0.002080	0.000591	0.000591	0.000591	0.000591	0.000591	0.000591	0.000591	0.000591	0.000591	0.000591	0.000591	0.000740	0.000591	0.000591	0.000591	0.000591	0.000591	0.000591	0.000591	0.000591	0.000591	0.000591	0.000591	0.000591	0.000591	0.000591	0.000591	0.001206	0.000591	0.000591	0.001354	0.000898	0.003858	0.000591	0.000591	0.002517	0.012801	0.000591	0.000591	0.000591	0.000591	0.000591	0.000591	0.000591	0.000591	0.000591	0.000591	0.950335	
0.000644	0.003118	0.000644	0.000644	0.000644	0.000644	0.000644	0.000644	0.000644	0.000644	0.000644	0.000644	0.000644	0.000924	0.000644	0.000644	0.000644	0.000644	0.000644	0.000644	0.000644	0.000644	0.000644	0.000644	0.000644	0.000644	0.000644	0.000644	0.000644	0.001953	0.000644	0.000644	0.002093	0.001299	0.000737	0.000644	0.000644	0.018278	0.010731	0.000644	0.000644	0.000644	0.000644	0.000644	0.000644	0.000644	0.000644	0.000644	0.000644	0.934465	
0.000648	0.000956	0.000648	0.000648	0.000648	0.000648	0.000648	0.000648	0.000648	0.000648	0.000648	0.000648	0.000648	0.001231	0.000648	0.000648	0.000648	0.000648	0.000648	0.000648	0.000648	0.000648	0.000648	0.000648	0.000648	0.000648	0.000648	0.000648	0.000648	0.002870	0.000648	0.000648	0.004327	0.001759	0.001299	0.000648	0.000648	0.013165	0.008498	0.000648	0.000648	0.000648	0.000648	0.000648	0.000648	0.000648	0.000648	0.000648	0.000648	0.939322	
0.000641	0.001980	0.000641	0.000641	0.000641	0.000641	0.000641	0.000641	0.000641	0.000641	0.000641	0.000641	0.000641	0.000975	0.000641	0.000641	0.000641	0.000641	0.000641	0.000641	0.000641	0.000641	0.000641	0.000641	0.000641	0.000641	0.000641	0.000641	0.000641	0.001156	0.000641	0.000641	0.003451	0.000898	0.001793	0.000641	0.000641	0.010237	0.009610	0.000641	0.000641	0.000641	0.000641	0.000641	0.000641	0.000641	0.000641	0.000641	0.000641	0.943623	
0.000658	0.001520	0.000658	0.000658	0.000658	0.000658	0.000658	0.000658	0.000658	0.000658	0.000658	0.000658	0.000658	0.000925	0.000658	0.000658	0.000658	0.000658	0.000658	0.000658	0.000658	0.000658	0.000658	0.000658	0.000658	0.000658	0.000658	0.000658	0.000658	0.003964	0.000658	0.000658	0.004509	0.002311	0.001154	0.000658	0.000658	0.010209	0.007096	0.000658	0.000658	0.000658	0.000658	0.000658	0.000658	0.000658	0.000658	0.000658	0.000658	0.941328	
0.000602	0.005008	0.000602	0.000602	0.000602	0.000602	0.000602	0.000602	0.000602	0.000602	0.000602	0.000602	0.000602	0.002085	0.000602	0.000602	0.000602	0.000602	0.000602	0.000602	0.000602	0.000602	0.000602	0.000602	0.000602	0.000602	0.000602	0.000602	0.000602	0.001051	0.000602	0.000602	0.002579	0.000827	0.001189	0.000602	0.000602	0.001796	0.008731	0.000602	0.000602	0.000602	0.000602	0.000602	0.000602	0.000602	0.000602	0.000602	0.000602	0.952047	
0.000617	0.004738	0.000617	0.000617	0.000617	0.000617	0.000617	0.000617	0.000617	0.000617	0.000617	0.000617	0.000617	0.002014	0.000617	0.000617	0.000617	0.000617	0.000617	0.000617	0.000617	0.000617	0.000617	0.000617	0.000617	0.000617	0.000617	0.000617	0.000617	0.000845	0.000617	0.000617	0.002182	0.000731	0.000763	0.000617	0.000617	0.005698	0.008605	0.000617	0.000617	0.000617	0.000617	0.000617	0.000617	0.000617	0.000617	0.000617	0.000617	0.949125	
0.000625	0.001143	0.000625	0.000625	0.000625	0.000625	0.000625	0.000625	0.000625	0.000625	0.000625	0.000625	0.000625	0.003152	0.000625	0.000625	0.000625	0.000625	0.000625	0.000625	0.000625	0.000625	0.000625	0.000625	0.000625	0.000625	0.000625	0.000625	0.000625	0.001154	0.000625	0.000625	0.001390	0.000890	0.000802	0.000625	0.000625	0.006657	0.006613	0.000625	0.000625	0.000625	0.000625	0.000625	0.000625	0.000625	0.000625	0.000625	0.000625	0.952568	
0.000622	0.002532	0.000622	0.000622	0.000622	0.000622	0.000622	0.000622	0.000622	0.000622	0.000622	0.000622	0.000622	0.003122	0.000622	0.000622	0.000622	0.000622	0.000622	0.000622	0.000622	0.000622	0.000622	0.000622	0.000622	0.000622	0.000622	0.000622	0.000622	0.000908	0.000622	0.000622	0.001309	0.000765	0.000739	0.000622	0.000622	0.001719	0.005822	0.000622	0.000622	0.000622	0.000622	0.000622	0.000622	0.000622	0.000622	0.000622	0.000622	0.957580	
0.000601	0.001088	0.000601	0.000601	0.000601	0.000601	0.000601	0.000601	0.000601	0.000601	0.000601	0.000601	0.000601	0.003706	0.000601	0.000601	0.000601	0.000601	0.000601	0.000601	0.000601	0.000601	0.000601	0.000601	0.000601	0.000601	0.000601	0.000601	0.000601	0.000899	0.000601	0.000601	0.001492	0.000750	0.000777	0.000601	0.000601	0.009093	0.008115	0.000601	0.000601	0.000601	0.000601	0.000601	0.000601	0.000601	0.000601	0.000601	0.000601	0.949420	
0.000592	0.003590	0.000592	0.000592	0.000592	0.000592	0.000592	0.000592	0.000592	0.000592	0.000592	0.000592	0.000592	0.001897	0.000592	0.000592	0.000592	0.000592	0.000592	0.000592	0.000592	0.000592	0.000592	0.000592	0.000592	0.000592	0.000592	0.000592	0.000592	0.000872	0.000592	0.000592	0.001630	0.000732	0.002139	0.000592	0.000592	0.003191	0.010575	0.000592	0.000592	0.000592	0.000592	0.000592	0.000592	0.000592	0.000592	0.000592	0.000592	0.951097	
0.000586	0.001694	0.000586	0.000586	0.000586	0.000586	0.000586	0.000586	0.000586	0.000586	0.000586	0.000586	0.000586	0.002260	0.000586	0.000586	0.000586	0.000586	0.000586	0.000586	0.000586	0.000586	0.000586	0.000586	0.000586	0.000586	0.000586	0.000586	0.000586	0.001331	0.000586	0.000586	0.002429	0.000959	0.002688	0.000586	0.000586	0.001594	0.010075	0.000586	0.000586	0.000586	0.000586	0.000586	0.000586	0.000586	0.000586	0.000586	0.000586	0.952930	
0.000590	0.000868	0.000590	0.000590	0.000590	0.000590	0.000590	0.000590	0.000590	0.000590	0.000590	0.000590	0.000590	0.001850	0.000590	0.000590	0.000590	0.000590	0.000590	0.000590	0.000590	0.000590	0.000590	0.000590	0.000590	0.000590	0.000590	0.000590	0.000590	0.001915	0.000590	0.000590	0.002683	0.001253	0.003182	0.000590	0.000590	0.001929	0.010440	0.000590	0.000590	0.000590	0.000590	0.000590	0.000590	0.000590	0.000590	0.000590	0.000590	0.951685	
0.000652	0.002580	0.000652	0.000652	0.000652	0.000652	0.000652	0.000652	0.000652	0.000652	0.000652	0.000652	0.000652	0.000787	0.000652	0.000652	0.000652	0.000652	0.000652	0.000652	0.000652	0.000652	0.000652	0.000652	0.000652	0.000652	0.000652	0.000652	0.000652	0.009034	0.000652	0.000652	0.006263	0.004843	0.000864	0.000652	0.000652	0.001219	0.003577	0.000652	0.000652	0.000652	0.000652	0.000652	0.000652	0.000652	0.000652	0.000652	0.000652	0.944088	
0.000626	0.003294	0.000626	0.000626	0.000626	0.000626	0.000626	0.000626	0.000626	0.000626	0.000626	0.000626	0.000626	0.000801	0.000626	0.000626	0.000626	0.000626	0.000626	0.000626	0.000626	0.000626	0.000626	0.000626	0.000626	0.000626	0.000626	0.000626	0.000626	0.005118	0.000626	0.000626	0.003220	0.002872	0.001619	0.000626	0.000626	0.005379	0.008349	0.000626	0.000626	0.000626	0.000626	0.000626	0.000626	0.000626	0.000626	0.000626	0.000626	0.943668	
0.000676	0.001151	0.000676	0.000676	0.000676	0.000676	0.000676	0.000676	0.000676	0.000676	0.000676	0.000676	0.000676	0.000784	0.000676	0.000676	0.000676	0.000676	0.000676	0.000676	0.000676	0.000676	0.000676	0.000676	0.000676	0.000676	0.000676	0.000676	0.000676	0.008839	0.000676	0.000676	0.005516	0.004758	0.000821	0.000676	0.000676	0.001870	0.002171	0.000676	0.000676	0.000676	0.000676	0.000676	0.000676	0.000676	0.000676	0.000676	0.000676	0.946366	
0.000683	0.001887	0.000683	0.000683	0.000683	0.000683	0.000683	0.000683	0.000683	0.000683	0.000683	0.000683	0.000683	0.000805	0.000683	0.000683	0.000683	0.000683	0.000683	0.000683	0.000683	0.000683	0.000683	0.000683	0.000683	0.000683	0.000683	0.000683	0.000683	0.004461	0.000683	0.000683	0.003302	0.002572	0.000803	0.000683	0.000683	0.005062	0.004119	0.000683	0.000683	0.000683	0.000683	0.000683	0.000683	0.000683	0.000683	0.000683	0.000683	0.948965	
0.000669	0.002002	0.000669	0.000669	0.000669	0.000669	0.000669	0.000669	0.000669	0.000669	0.000669	0.000669	0.000669	0.001160	0.000669	0.000669	0.000669	0.000669	0.000669	0.000669	0.000669	0.000669	0.000669	0.000669	0.000669	0.000669	0.000669	0.000669	0.000669	0.002927	0.000669	0.000669	0.008826	0.001798	0.000905	0.000669	0.000669	0.003203	0.004215	0.000669	0.000669	0.000669	0.000669	0.000669	0.000669	0.000669	0.000669	0.000669	0.000669	0.947547	
0.000648	0.001699	0.000648	0.000648	0.000648	0.000648	0.000648	0.000648	0.000648	0.000648	0.000648	0.000648	0.000648	0.001598	0.000648	0.000648	0.000648	0.000648	0.000648	0.000648	0.000648	0.000648	0.000648	0.000648	0.000648	0.000648	0.000648	0.000648	0.000648	0.002833	0.000648	0.000648	0.005291	0.001740	0.001090	0.000648	0.000648	0.006309	0.006240	0.000648	0.000648	0.000648	0.000648	0.000648	0.000648	0.000648	0.000648	0.000648	0.000648	0.946626	
0.000656	0.002229	0.000656	0.000656	0.000656	0.000656	0.000656	0.000656	0.000656	0.000656	0.000656	0.000656	0.000656	0.001193	0.000656	0.000656	0.000656	0.000656	0.000656	0.000656	0.000656	0.000656	0.000656	0.000656	0.000656	0.000656	0.000656	0.000656	0.000656	0.001624	0.000656	0.000656	0.007351	0.001140	0.001224	0.000656	0.000656	0.005135	0.006262	0.000656	0.000656	0.000656	0.000656	0.000656	0.000656	0.000656	0.000656	0.000656	0.000656	0.946950	
0.000651	0.000989	0.000651	0.000651	0.000651	0.000651	0.000651	0.000651	0.000651	0.000651	0.000651	0.000651	0.000651	0.000759	0.000651	0.000651	0.000651	0.000651	0.000651	0.000651	0.000651	0.000651	0.000651	0.000651	0.000651	0.000651	0.000651	0.000651	0.000651	0.002286	0.000651	0.000651	0.007339	0.001468	0.002225	0.000651	0.000651	0.004076	0.007191	0.000651	0.000651	0.000651	0.000651	0.000651	0.000651	0.000651	0.000651	0.000651	0.000651	0.946991	
0.000662	0.002890	0.000662	0.000662	0.000662	0.000662	0.000662	0.000662	0.000662	0.000662	0.000662	0.000662	0.000662	0.000866	0.000662	0.000662	0.000662	0.000662	0.000662	0.000662	0.000662	0.000662	0.000662	0.000662	0.000662	0.000662	0.000662	0.000662	0.000662	0.001732	0.000662	0.000662	0.005522	0.001197	0.001088	0.000662	0.000662	0.006446	0.006684	0.000662	0.000662	0.000662	0.000662	0.000662	0.000662	0.000662	0.000662	0.000662	0.000662	0.946423	
