0.031218	0.028843	0.016966	0.021717	0.026468	0.758059	0.116729	
0.195114	0.026468	0.024092	0.185612	0.076349	0.401765	0.090601	
0.118132	0.036401	0.070055	0.158997	0.233516	0.334478	0.048420	
0.778912	0.059864	0.036054	0.019388	0.045578	0.028912	0.031293	
0.104357	0.142182	0.059439	0.111449	0.187099	0.066532	0.328943	
0.144205	0.113544	0.038073	0.372978	0.028639	0.026280	0.276280	
0.031144	0.021666	0.026405	0.031144	0.135410	0.019296	0.734936	
0.149983	0.019342	0.432643	0.280624	0.028843	0.050221	0.038344	
0.251538	0.031442	0.466849	0.026658	0.021873	0.029050	0.172591	
0.036666	0.029402	0.455552	0.034244	0.039087	0.046351	0.358699	
0.130869	0.025974	0.459540	0.035298	0.102897	0.028305	0.217116	
0.132056	0.105226	0.397909	0.036934	0.029617	0.034495	0.263763	
0.099179	0.062397	0.055501	0.414122	0.025616	0.232512	0.110673	
0.084446	0.030708	0.042390	0.600801	0.021362	0.026035	0.194259	
0.037542	0.065449	0.023588	0.572425	0.049169	0.023588	0.228239	
0.149742	0.022031	0.019621	0.065404	0.595525	0.099139	0.048537	
0.122351	0.055366	0.019481	0.076897	0.660629	0.038619	0.026658	
0.036227	0.029050	0.021873	0.029050	0.749146	0.031442	0.103213	
0.135410	0.047732	0.040623	0.026405	0.391334	0.092756	0.265741	
0.033277	0.506218	0.075630	0.125042	0.193277	0.030924	0.035630	
0.144227	0.240151	0.113052	0.158616	0.208976	0.048304	0.086674	
0.108778	0.436489	0.031670	0.038898	0.108778	0.046127	0.229260	
0.036577	0.176674	0.031746	0.316770	0.193582	0.029331	0.215321	
0.229458	0.432322	0.024207	0.036140	0.028981	0.028981	0.219911	
