0.432835	0.003301	0.019072	0.000763	0.033186	0.058905	0.103468	0.051964	0.014850	0.101618	0.005506	0.007638	0.011599	0.012621	0.142676	
0.374423	0.010503	0.109056	0.001244	0.023427	0.021628	0.024397	0.180813	0.028909	0.083496	0.016025	0.029920	0.038125	0.050533	0.007502	
0.360349	0.018985	0.017176	0.000847	0.008100	0.025324	0.012420	0.325698	0.016935	0.149198	0.023839	0.007884	0.015414	0.012662	0.005170	
0.529603	0.000830	0.020273	0.012502	0.029197	0.110710	0.180956	0.009799	0.020733	0.011757	0.034130	0.007464	0.009718	0.015750	0.006577	
0.432464	0.002595	0.080120	0.005547	0.027743	0.054387	0.090016	0.042217	0.077375	0.029171	0.018299	0.039164	0.028757	0.057148	0.014997	
0.384595	0.001753	0.056705	0.005300	0.015089	0.048596	0.088316	0.026044	0.171483	0.019456	0.021560	0.050879	0.019494	0.085571	0.005159	
0.492146	0.000886	0.024143	0.010565	0.025130	0.093129	0.153614	0.010745	0.071895	0.012439	0.029910	0.023240	0.011930	0.035571	0.004657	
0.277875	0.003415	0.142197	0.000761	0.008001	0.015387	0.052776	0.055802	0.174995	0.033276	0.022543	0.038847	0.033996	0.126559	0.013568	
0.312257	0.000733	0.151915	0.001613	0.015625	0.024724	0.071751	0.009543	0.149488	0.020963	0.020611	0.035808	0.038306	0.120239	0.026425	
0.293186	0.001023	0.151194	0.000952	0.010707	0.017078	0.062906	0.014105	0.175106	0.024480	0.022202	0.035721	0.040800	0.131279	0.019261	
0.302456	0.001527	0.113996	0.001126	0.011294	0.022502	0.062851	0.022456	0.189289	0.029101	0.018134	0.046721	0.028578	0.118775	0.031194	
0.317243	0.001153	0.132970	0.002402	0.012618	0.029896	0.078852	0.016242	0.158395	0.022339	0.023475	0.033610	0.033670	0.116798	0.020338	
0.378643	0.001239	0.176294	0.000635	0.035396	0.017205	0.041248	0.021009	0.064973	0.029039	0.006960	0.047963	0.056080	0.089776	0.033540	
0.400460	0.001572	0.214929	0.000732	0.042233	0.007258	0.018449	0.028698	0.036288	0.019649	0.004720	0.056059	0.073774	0.091127	0.004051	
0.384377	0.002550	0.176840	0.001342	0.034098	0.016821	0.035681	0.044086	0.059716	0.028816	0.009698	0.048263	0.058085	0.087597	0.012031	
0.624795	0.001383	0.010130	0.000633	0.040447	0.005789	0.008994	0.018670	0.022390	0.122916	0.005705	0.008313	0.112704	0.011981	0.005150	
0.519956	0.001554	0.012721	0.000843	0.028926	0.007922	0.012659	0.021786	0.124847	0.087981	0.005803	0.042254	0.078747	0.048835	0.005166	
0.537552	0.005679	0.014468	0.000955	0.032053	0.019483	0.025886	0.093634	0.017835	0.123904	0.010496	0.007586	0.075351	0.012003	0.023115	
0.511721	0.000867	0.012819	0.003851	0.034789	0.060044	0.103809	0.009678	0.031137	0.077979	0.011652	0.011256	0.036725	0.016158	0.077514	
0.374814	0.003537	0.104615	0.001028	0.025850	0.016505	0.027268	0.059386	0.131323	0.041063	0.007054	0.064623	0.040783	0.084191	0.017958	
0.340335	0.002580	0.097745	0.001020	0.013563	0.015019	0.041783	0.040849	0.180290	0.041362	0.016184	0.049710	0.040474	0.107106	0.011980	
0.365013	0.001076	0.084047	0.002293	0.021106	0.021694	0.038901	0.015890	0.202719	0.015056	0.007896	0.082484	0.031608	0.102055	0.008161	
0.318359	0.001671	0.029975	0.000761	0.009284	0.013907	0.026837	0.024197	0.293282	0.026846	0.005684	0.097093	0.014845	0.115174	0.022085	
0.413022	0.000897	0.044039	0.004030	0.023350	0.045324	0.077699	0.011431	0.154802	0.029684	0.011964	0.058371	0.022622	0.070764	0.032002	
