0	0	0	0	0	0	0	
0	0	67	0	0	0	0	
0	0	22	0	0	0	0	
0	0	0	66	0	0	0	
0	0	0	0	0	136	61	
0	0	0	0	0	0	20	
61	0	0	1	198	0	0	
0	541	0	0	0	0	0	
0	0	0	0	13	0	0	
0	0	0	0	13	0	0	
0	0	0	0	0	0	20	
0	0	0	0	0	0	0	
1	0	75	0	237	0	0	
1	0	0	0	0	86	0	
0	0	0	0	0	40	35	
15	0	0	0	0	48	0	
0	0	0	0	0	0	0	
1	0	0	0	0	0	167	
0	0	0	0	0	0	0	
79	0	0	80	0	3	0	
0	0	171	0	0	1	0	
0	0	0	0	0	0	60	
81	0	0	21	3	0	0	
0	0	0	0	0	227	0	
0	0	0	0	0	0	0	
0	0	164	0	0	1	0	
0	0	0	81	1	0	0	
0	0	0	0	11	0	0	
0	0	8	0	34	1	0	
0	0	0	1	0	0	24	
113	0	5	0	0	0	0	
0	0	0	3	0	0	20	
0	0	0	0	0	18	0	
0	0	0	0	0	0	0	
0	0	0	0	154	0	0	
0	0	0	18	0	0	0	
0	4	0	155	0	0	0	
0	0	0	0	0	47	0	
0	32	0	1	0	0	0	
0	0	0	134	0	0	0	
68	0	0	0	0	59	83	
87	0	0	0	0	0	0	
0	0	0	104	0	0	0	
0	0	0	0	85	145	0	
0	0	0	0	0	0	0	
0	0	0	0	36	0	0	
0	0	0	0	0	47	0	
122	0	0	0	0	0	0	
0	0	0	0	0	0	20	
0	173	0	0	0	0	0	
