2	0	79	0	0	0	1	
25	0	0	0	0	0	0	
0	0	0	0	0	0	0	
0	0	0	0	0	0	126	
0	38	0	0	48	0	0	
9	0	0	245	0	0	0	
0	13	0	0	0	55	0	
0	0	0	0	0	191	0	
24	0	1	0	0	0	0	
0	113	127	0	159	0	0	
0	0	0	0	0	0	0	
38	0	133	0	52	0	0	
0	57	1	0	0	0	34	
0	20	0	139	0	1	0	
88	0	0	61	0	0	32	
0	0	0	0	0	0	0	
0	0	0	0	0	0	0	
0	31	0	0	0	42	0	
0	28	0	0	0	0	0	
0	0	0	0	0	0	0	
0	0	0	86	0	0	0	
0	0	11	0	0	0	0	
0	0	0	0	82	0	0	
114	0	0	0	2	0	0	
12	0	0	0	0	0	0	
18	0	0	0	0	0	38	
0	0	0	0	57	0	0	
0	0	0	0	0	164	1	
0	24	35	0	0	0	0	
126	0	0	0	0	7	1	
0	0	0	119	0	0	0	
0	40	0	0	0	0	0	
37	0	0	0	0	0	0	
0	0	0	0	0	95	0	
0	0	0	0	0	0	16	
25	0	0	0	0	0	0	
0	0	62	0	0	0	0	
0	0	0	0	0	0	0	
56	0	0	0	1	60	0	
0	47	0	0	0	0	0	
0	0	0	0	221	0	0	
0	0	25	0	0	0	0	
202	0	0	0	0	34	0	
0	71	72	0	63	0	0	
26	0	1	0	0	0	0	
0	57	0	0	34	0	0	
0	0	0	18	0	0	0	
38	0	0	0	0	0	2	
0	0	67	0	0	0	0	
0	0	0	0	1	0	422	
