0.000858	0.001032	0.000858	0.000858	0.000858	0.000858	0.000858	0.000858	0.000858	0.000858	0.000858	0.000858	0.000858	0.000945	0.000858	0.000858	0.000858	0.000858	0.000858	0.000858	0.000858	0.000858	0.000858	0.000858	0.000858	0.000858	0.000858	0.000858	0.000858	0.001346	0.000858	0.000858	0.001297	0.001102	0.001004	0.000858	0.000858	0.001555	0.002104	0.000858	0.000858	0.000858	0.000858	0.000858	0.000858	0.000858	0.000858	0.000858	0.000858	0.954441	
0.000619	0.000942	0.000619	0.000619	0.000619	0.000619	0.000619	0.000619	0.000619	0.000619	0.000619	0.000619	0.000619	0.000781	0.000619	0.000619	0.000619	0.000619	0.000619	0.000619	0.000619	0.000619	0.000619	0.000619	0.000619	0.000619	0.000619	0.000619	0.000619	0.001254	0.000619	0.000619	0.001696	0.000937	0.000978	0.000619	0.000619	0.001926	0.004595	0.000619	0.000619	0.000619	0.000619	0.000619	0.000619	0.000619	0.000619	0.000619	0.000619	0.961500	
0.000628	0.001028	0.000628	0.000628	0.000628	0.000628	0.000628	0.000628	0.000628	0.000628	0.000628	0.000628	0.000628	0.000828	0.000628	0.000628	0.000628	0.000628	0.000628	0.000628	0.000628	0.000628	0.000628	0.000628	0.000628	0.000628	0.000628	0.000628	0.000628	0.001066	0.000628	0.000628	0.001515	0.000847	0.000923	0.000628	0.000628	0.002731	0.002869	0.000628	0.000628	0.000628	0.000628	0.000628	0.000628	0.000628	0.000628	0.000628	0.000628	0.962455	
0.000653	0.001194	0.000653	0.000653	0.000653	0.000653	0.000653	0.000653	0.000653	0.000653	0.000653	0.000653	0.000653	0.000923	0.000653	0.000653	0.000653	0.000653	0.000653	0.000653	0.000653	0.000653	0.000653	0.000653	0.000653	0.000653	0.000653	0.000653	0.000653	0.001171	0.000653	0.000653	0.005437	0.000912	0.002248	0.000653	0.000653	0.018008	0.002795	0.000653	0.000653	0.000653	0.000653	0.000653	0.000653	0.000653	0.000653	0.000653	0.000653	0.940538	
0.000630	0.001043	0.000630	0.000630	0.000630	0.000630	0.000630	0.000630	0.000630	0.000630	0.000630	0.000630	0.000630	0.000836	0.000630	0.000630	0.000630	0.000630	0.000630	0.000630	0.000630	0.000630	0.000630	0.000630	0.000630	0.000630	0.000630	0.000630	0.000630	0.001225	0.000630	0.000630	0.004919	0.000927	0.002060	0.000630	0.000630	0.008599	0.009283	0.000630	0.000630	0.000630	0.000630	0.000630	0.000630	0.000630	0.000630	0.000630	0.000630	0.945285	
0.000617	0.002266	0.000617	0.000617	0.000617	0.000617	0.000617	0.000617	0.000617	0.000617	0.000617	0.000617	0.000617	0.001441	0.000617	0.000617	0.000617	0.000617	0.000617	0.000617	0.000617	0.000617	0.000617	0.000617	0.000617	0.000617	0.000617	0.000617	0.000617	0.001158	0.000617	0.000617	0.004808	0.000887	0.002014	0.000617	0.000617	0.010495	0.002318	0.000617	0.000617	0.000617	0.000617	0.000617	0.000617	0.000617	0.000617	0.000617	0.000617	0.949330	
0.000708	0.000978	0.000708	0.000708	0.000708	0.000708	0.000708	0.000708	0.000708	0.000708	0.000708	0.000708	0.000708	0.000843	0.000708	0.000708	0.000708	0.000708	0.000708	0.000708	0.000708	0.000708	0.000708	0.000708	0.000708	0.000708	0.000708	0.000708	0.000708	0.001052	0.000708	0.000708	0.001419	0.000880	0.000945	0.000708	0.000708	0.030814	0.001986	0.000708	0.000708	0.000708	0.000708	0.000708	0.000708	0.000708	0.000708	0.000708	0.000708	0.932058	
0.000655	0.002740	0.000655	0.000655	0.000655	0.000655	0.000655	0.000655	0.000655	0.000655	0.000655	0.000655	0.000655	0.001698	0.000655	0.000655	0.000655	0.000655	0.000655	0.000655	0.000655	0.000655	0.000655	0.000655	0.000655	0.000655	0.000655	0.000655	0.000655	0.000974	0.000655	0.000655	0.002363	0.000815	0.001225	0.000655	0.000655	0.001872	0.007217	0.000655	0.000655	0.000655	0.000655	0.000655	0.000655	0.000655	0.000655	0.000655	0.000655	0.954230	
0.000645	0.004668	0.000645	0.000645	0.000645	0.000645	0.000645	0.000645	0.000645	0.000645	0.000645	0.000645	0.000645	0.002656	0.000645	0.000645	0.000645	0.000645	0.000645	0.000645	0.000645	0.000645	0.000645	0.000645	0.000645	0.000645	0.000645	0.000645	0.000645	0.000966	0.000645	0.000645	0.003521	0.000805	0.001603	0.000645	0.000645	0.004818	0.002263	0.000645	0.000645	0.000645	0.000645	0.000645	0.000645	0.000645	0.000645	0.000645	0.000645	0.952275	
0.000594	0.006164	0.000594	0.000594	0.000594	0.000594	0.000594	0.000594	0.000594	0.000594	0.000594	0.000594	0.000594	0.003379	0.000594	0.000594	0.000594	0.000594	0.000594	0.000594	0.000594	0.000594	0.000594	0.000594	0.000594	0.000594	0.000594	0.000594	0.000594	0.001181	0.000594	0.000594	0.001326	0.000888	0.000838	0.000594	0.000594	0.006046	0.007077	0.000594	0.000594	0.000594	0.000594	0.000594	0.000594	0.000594	0.000594	0.000594	0.000594	0.948755	
0.000556	0.006900	0.000556	0.000556	0.000556	0.000556	0.000556	0.000556	0.000556	0.000556	0.000556	0.000556	0.000556	0.003728	0.000556	0.000556	0.000556	0.000556	0.000556	0.000556	0.000556	0.000556	0.000556	0.000556	0.000556	0.000556	0.000556	0.000556	0.000556	0.001097	0.000556	0.000556	0.003770	0.000827	0.001627	0.000556	0.000556	0.002694	0.002474	0.000556	0.000556	0.000556	0.000556	0.000556	0.000556	0.000556	0.000556	0.000556	0.000556	0.954090	
0.000662	0.000917	0.000662	0.000662	0.000662	0.000662	0.000662	0.000662	0.000662	0.000662	0.000662	0.000662	0.000662	0.000789	0.000662	0.000662	0.000662	0.000662	0.000662	0.000662	0.000662	0.000662	0.000662	0.000662	0.000662	0.000662	0.000662	0.000662	0.000662	0.001165	0.000662	0.000662	0.001236	0.000913	0.000853	0.000662	0.000662	0.003584	0.036008	0.000662	0.000662	0.000662	0.000662	0.000662	0.000662	0.000662	0.000662	0.000662	0.000662	0.927386	
0.000582	0.007587	0.000582	0.000582	0.000582	0.000582	0.000582	0.000582	0.000582	0.000582	0.000582	0.000582	0.000582	0.004085	0.000582	0.000582	0.000582	0.000582	0.000582	0.000582	0.000582	0.000582	0.000582	0.000582	0.000582	0.000582	0.000582	0.000582	0.000582	0.000951	0.000582	0.000582	0.000976	0.000767	0.000714	0.000582	0.000582	0.001943	0.002291	0.000582	0.000582	0.000582	0.000582	0.000582	0.000582	0.000582	0.000582	0.000582	0.000582	0.956807	
0.000571	0.005549	0.000571	0.000571	0.000571	0.000571	0.000571	0.000571	0.000571	0.000571	0.000571	0.000571	0.000571	0.003060	0.000571	0.000571	0.000571	0.000571	0.000571	0.000571	0.000571	0.000571	0.000571	0.000571	0.000571	0.000571	0.000571	0.000571	0.000571	0.001749	0.000571	0.000571	0.002780	0.001160	0.001307	0.000571	0.000571	0.001676	0.006876	0.000571	0.000571	0.000571	0.000571	0.000571	0.000571	0.000571	0.000571	0.000571	0.000571	0.952440	
0.000583	0.004977	0.000583	0.000583	0.000583	0.000583	0.000583	0.000583	0.000583	0.000583	0.000583	0.000583	0.000583	0.002780	0.000583	0.000583	0.000583	0.000583	0.000583	0.000583	0.000583	0.000583	0.000583	0.000583	0.000583	0.000583	0.000583	0.000583	0.000583	0.001172	0.000583	0.000583	0.001321	0.000877	0.000829	0.000583	0.000583	0.001601	0.010229	0.000583	0.000583	0.000583	0.000583	0.000583	0.000583	0.000583	0.000583	0.000583	0.000583	0.952329	
0.000614	0.000862	0.000614	0.000614	0.000614	0.000614	0.000614	0.000614	0.000614	0.000614	0.000614	0.000614	0.000614	0.000738	0.000614	0.000614	0.000614	0.000614	0.000614	0.000614	0.000614	0.000614	0.000614	0.000614	0.000614	0.000614	0.000614	0.000614	0.000614	0.010262	0.000614	0.000614	0.001134	0.005438	0.000787	0.000614	0.000614	0.001917	0.006995	0.000614	0.000614	0.000614	0.000614	0.000614	0.000614	0.000614	0.000614	0.000614	0.000614	0.946692	
0.000624	0.001000	0.000624	0.000624	0.000624	0.000624	0.000624	0.000624	0.000624	0.000624	0.000624	0.000624	0.000624	0.000812	0.000624	0.000624	0.000624	0.000624	0.000624	0.000624	0.000624	0.000624	0.000624	0.000624	0.000624	0.000624	0.000624	0.000624	0.000624	0.008130	0.000624	0.000624	0.001071	0.004377	0.000773	0.000624	0.000624	0.001856	0.005730	0.000624	0.000624	0.000624	0.000624	0.000624	0.000624	0.000624	0.000624	0.000624	0.000624	0.950646	
0.000616	0.001036	0.000616	0.000616	0.000616	0.000616	0.000616	0.000616	0.000616	0.000616	0.000616	0.000616	0.000616	0.000826	0.000616	0.000616	0.000616	0.000616	0.000616	0.000616	0.000616	0.000616	0.000616	0.000616	0.000616	0.000616	0.000616	0.000616	0.000616	0.009742	0.000616	0.000616	0.001216	0.005179	0.000816	0.000616	0.000616	0.002181	0.006961	0.000616	0.000616	0.000616	0.000616	0.000616	0.000616	0.000616	0.000616	0.000616	0.000616	0.946805	
0.000628	0.002570	0.000628	0.000628	0.000628	0.000628	0.000628	0.000628	0.000628	0.000628	0.000628	0.000628	0.000628	0.001599	0.000628	0.000628	0.000628	0.000628	0.000628	0.000628	0.000628	0.000628	0.000628	0.000628	0.000628	0.000628	0.000628	0.000628	0.000628	0.006398	0.000628	0.000628	0.001506	0.003513	0.000920	0.000628	0.000628	0.005126	0.005184	0.000628	0.000628	0.000628	0.000628	0.000628	0.000628	0.000628	0.000628	0.000628	0.000628	0.947453	
0.000615	0.000934	0.000615	0.000615	0.000615	0.000615	0.000615	0.000615	0.000615	0.000615	0.000615	0.000615	0.000615	0.000774	0.000615	0.000615	0.000615	0.000615	0.000615	0.000615	0.000615	0.000615	0.000615	0.000615	0.000615	0.000615	0.000615	0.000615	0.000615	0.002915	0.000615	0.000615	0.006150	0.001765	0.002460	0.000615	0.000615	0.001991	0.017597	0.000615	0.000615	0.000615	0.000615	0.000615	0.000615	0.000615	0.000615	0.000615	0.000615	0.940197	
0.000638	0.001010	0.000638	0.000638	0.000638	0.000638	0.000638	0.000638	0.000638	0.000638	0.000638	0.000638	0.000638	0.000824	0.000638	0.000638	0.000638	0.000638	0.000638	0.000638	0.000638	0.000638	0.000638	0.000638	0.000638	0.000638	0.000638	0.000638	0.000638	0.003172	0.000638	0.000638	0.002433	0.001905	0.001236	0.000638	0.000638	0.003244	0.022942	0.000638	0.000638	0.000638	0.000638	0.000638	0.000638	0.000638	0.000638	0.000638	0.000638	0.937095	
0.000609	0.000958	0.000609	0.000609	0.000609	0.000609	0.000609	0.000609	0.000609	0.000609	0.000609	0.000609	0.000609	0.000783	0.000609	0.000609	0.000609	0.000609	0.000609	0.000609	0.000609	0.000609	0.000609	0.000609	0.000609	0.000609	0.000609	0.000609	0.000609	0.000931	0.000609	0.000609	0.010726	0.000770	0.003981	0.000609	0.000609	0.009223	0.002675	0.000609	0.000609	0.000609	0.000609	0.000609	0.000609	0.000609	0.000609	0.000609	0.000609	0.944998	
0.000589	0.001141	0.000589	0.000589	0.000589	0.000589	0.000589	0.000589	0.000589	0.000589	0.000589	0.000589	0.000589	0.000865	0.000589	0.000589	0.000589	0.000589	0.000589	0.000589	0.000589	0.000589	0.000589	0.000589	0.000589	0.000589	0.000589	0.000589	0.000589	0.002340	0.000589	0.000589	0.007278	0.001464	0.002819	0.000589	0.000589	0.002002	0.003384	0.000589	0.000589	0.000589	0.000589	0.000589	0.000589	0.000589	0.000589	0.000589	0.000589	0.954545	
0.000577	0.001541	0.000577	0.000577	0.000577	0.000577	0.000577	0.000577	0.000577	0.000577	0.000577	0.000577	0.000577	0.001059	0.000577	0.000577	0.000577	0.000577	0.000577	0.000577	0.000577	0.000577	0.000577	0.000577	0.000577	0.000577	0.000577	0.000577	0.000577	0.000955	0.000577	0.000577	0.012636	0.000766	0.004597	0.000577	0.000577	0.002492	0.001667	0.000577	0.000577	0.000577	0.000577	0.000577	0.000577	0.000577	0.000577	0.000577	0.000577	0.950612	
