0.023026	0.004302	0.025872	0.007436	0.003981	0.008491	0.013943	0.005815	0.040039	0.029692	0.003932	0.007187	0.008293	0.010176	0.031689	0.000131	0.045334	0.039318	0.018806	0.004845	0.001985	0.000540	0.000131	0.000131	0.001274	0.001084	0.007315	0.001904	0.000131	0.052868	0.001631	0.015827	0.002686	0.050356	0.002387	0.070530	0.014010	0.012162	0.000131	0.097724	0.066052	0.000131	0.095729	0.000661	0.010148	0.007577	0.024824	0.117306	0.008772	0.001683	
0.024803	0.011276	0.020503	0.014218	0.010922	0.033937	0.011067	0.015318	0.007341	0.005858	0.010025	0.017748	0.006597	0.008087	0.022093	0.000141	0.035899	0.034320	0.024880	0.013489	0.005090	0.001301	0.000141	0.000141	0.002572	0.002966	0.019319	0.005168	0.000141	0.041858	0.004395	0.012557	0.007745	0.039872	0.006334	0.076054	0.011378	0.056531	0.000141	0.081729	0.052288	0.000141	0.078872	0.001555	0.010931	0.009702	0.004596	0.089950	0.040642	0.007371	
0.024918	0.006380	0.023988	0.014282	0.006330	0.026184	0.012935	0.008646	0.006776	0.005532	0.009382	0.016772	0.007700	0.009445	0.018887	0.000137	0.042021	0.034127	0.021235	0.007752	0.002912	0.000799	0.000137	0.000137	0.001517	0.001832	0.010888	0.003006	0.000137	0.049001	0.002565	0.014680	0.006682	0.046674	0.003911	0.076359	0.013195	0.047240	0.000137	0.093198	0.061217	0.000137	0.091099	0.000930	0.010979	0.008278	0.004245	0.104547	0.033968	0.006160	
0.024466	0.100372	0.001288	0.004527	0.058482	0.033240	0.000758	0.136381	0.004995	0.003689	0.002734	0.004815	0.000506	0.000590	0.008170	0.000143	0.002154	0.012291	0.033094	0.045782	0.044689	0.003978	0.000143	0.000143	0.021651	0.008524	0.172759	0.016762	0.000143	0.002489	0.014206	0.000841	0.003626	0.002377	0.047514	0.075311	0.000829	0.013000	0.000143	0.017900	0.003075	0.000143	0.005212	0.012871	0.010784	0.017227	0.003145	0.010669	0.009377	0.001990	
0.003808	0.057364	0.001673	0.036140	0.061233	0.056994	0.000964	0.078205	0.007258	0.005339	0.016388	0.031494	0.000628	0.000740	0.008882	0.000143	0.002830	0.080997	0.093650	0.083708	0.025574	0.007432	0.000143	0.000143	0.012449	0.015997	0.098691	0.031728	0.000143	0.003277	0.026869	0.001076	0.002012	0.003128	0.028237	0.012216	0.001025	0.011220	0.000143	0.010295	0.004061	0.000143	0.006512	0.007409	0.001746	0.032469	0.004545	0.012827	0.008099	0.001955	
0.018356	0.060236	0.001190	0.032514	0.034229	0.032671	0.000711	0.081810	0.033289	0.024203	0.016695	0.031261	0.000485	0.000560	0.035392	0.000157	0.001970	0.088669	0.057248	0.025299	0.026859	0.002260	0.000157	0.000157	0.013239	0.004927	0.103627	0.009268	0.000157	0.002272	0.007866	0.000787	0.005866	0.002171	0.029522	0.056313	0.000925	0.038924	0.000157	0.016518	0.002801	0.000157	0.006529	0.007786	0.008119	0.009612	0.020658	0.012218	0.028001	0.005200	
0.005585	0.061264	0.003977	0.011122	0.069570	0.064925	0.002196	0.083572	0.007815	0.005796	0.005436	0.010216	0.001352	0.001633	0.008594	0.000132	0.006885	0.028076	0.075444	0.098089	0.027302	0.008689	0.000132	0.000132	0.013280	0.018720	0.105414	0.037212	0.000132	0.008010	0.031507	0.002477	0.001864	0.007635	0.029563	0.017840	0.002244	0.008840	0.000132	0.016702	0.009979	0.000132	0.014871	0.007895	0.002518	0.038531	0.004886	0.023580	0.006386	0.001714	
0.063410	0.004300	0.001915	0.065507	0.006931	0.010190	0.001110	0.005825	0.043726	0.031793	0.028226	0.054658	0.000729	0.000856	0.032836	0.000179	0.003228	0.164951	0.086231	0.010996	0.002011	0.001129	0.000179	0.000179	0.001334	0.002278	0.007277	0.004298	0.000179	0.003736	0.003664	0.001237	0.004298	0.003566	0.003617	0.194590	0.001150	0.007357	0.000179	0.046927	0.004625	0.000179	0.007049	0.000702	0.027842	0.004731	0.027124	0.014487	0.005334	0.001144	
0.082034	0.027245	0.001719	0.031828	0.014984	0.009904	0.001003	0.036961	0.035751	0.026005	0.013631	0.026179	0.000664	0.000777	0.027686	0.000174	0.002887	0.088471	0.046550	0.010487	0.012206	0.001031	0.000174	0.000174	0.006197	0.002076	0.046796	0.003889	0.000174	0.003339	0.003318	0.001116	0.005539	0.003188	0.013630	0.251818	0.001047	0.008195	0.000174	0.053845	0.004130	0.000174	0.006395	0.003612	0.035988	0.004276	0.022187	0.013197	0.005935	0.001241	
0.004843	0.033512	0.001830	0.027285	0.016876	0.012606	0.001054	0.045468	0.125969	0.091412	0.012888	0.024529	0.000687	0.000809	0.093083	0.000156	0.003097	0.132604	0.061314	0.009635	0.014981	0.000926	0.000156	0.000156	0.008090	0.001910	0.057603	0.003493	0.000156	0.003587	0.002980	0.001177	0.002366	0.003423	0.016569	0.014645	0.001140	0.015549	0.000156	0.010591	0.004444	0.000156	0.007344	0.004392	0.002207	0.003903	0.078003	0.026872	0.011212	0.002155	
0.019707	0.003407	0.001466	0.013752	0.006223	0.009638	0.000860	0.004616	0.176634	0.128135	0.006337	0.011997	0.000574	0.000669	0.125819	0.000159	0.002454	0.133828	0.057404	0.010208	0.001603	0.001044	0.000159	0.000159	0.001958	0.002114	0.005753	0.003991	0.000159	0.002836	0.003401	0.000956	0.001982	0.002709	0.002091	0.060325	0.000899	0.007204	0.000159	0.016559	0.003505	0.000159	0.005438	0.000572	0.008711	0.004327	0.109353	0.031664	0.005219	0.001104	
0.003951	0.049693	0.001011	0.058087	0.022631	0.009402	0.000617	0.067423	0.070539	0.051206	0.025689	0.049675	0.000430	0.000493	0.052512	0.000161	0.001655	0.165264	0.083354	0.009511	0.022175	0.000885	0.000161	0.000161	0.011215	0.001780	0.085466	0.003300	0.000161	0.001904	0.002817	0.000679	0.001748	0.001821	0.024738	0.011889	0.000667	0.009187	0.000161	0.010050	0.002340	0.000161	0.003893	0.006450	0.001819	0.003527	0.043708	0.015845	0.006643	0.001348	
0.029974	0.005027	0.003675	0.018945	0.005531	0.073377	0.002052	0.006789	0.036078	0.026290	0.019027	0.032391	0.001283	0.001540	0.071233	0.000173	0.006322	0.061377	0.031064	0.005876	0.002331	0.000669	0.000173	0.000173	0.001438	0.002096	0.008533	0.002320	0.000173	0.007347	0.001990	0.002308	0.018759	0.007005	0.004564	0.091805	0.002902	0.153981	0.000173	0.029941	0.009140	0.000173	0.023266	0.000790	0.013211	0.003116	0.022389	0.020825	0.110643	0.019745	
0.021155	0.003444	0.001194	0.062910	0.005947	0.068986	0.000725	0.004648	0.009530	0.006984	0.037101	0.068007	0.000503	0.000577	0.048820	0.000181	0.001960	0.139226	0.075430	0.008068	0.001632	0.000874	0.000181	0.000181	0.000939	0.002461	0.005801	0.003182	0.000181	0.002257	0.002720	0.000799	0.016880	0.002158	0.004645	0.064707	0.001504	0.141187	0.000181	0.020648	0.002776	0.000181	0.013260	0.000596	0.009357	0.003443	0.005966	0.006310	0.101456	0.018138	
0.003349	0.005832	0.000990	0.052934	0.008103	0.087708	0.000614	0.007901	0.012972	0.009474	0.035718	0.064181	0.000436	0.000495	0.062670	0.000178	0.001603	0.120084	0.067006	0.010307	0.002691	0.001065	0.000178	0.000178	0.001470	0.003089	0.009915	0.004019	0.000178	0.001841	0.003428	0.000673	0.020200	0.001761	0.005989	0.010019	0.001604	0.179474	0.000178	0.009146	0.002256	0.000178	0.015053	0.000896	0.001565	0.004246	0.008095	0.006093	0.128954	0.023011	
0.003807	0.006298	0.035238	0.006552	0.004708	0.009131	0.018962	0.008529	0.007281	0.006167	0.003822	0.006944	0.011252	0.013822	0.009215	0.000115	0.061794	0.018064	0.011502	0.004844	0.002863	0.000522	0.000115	0.000115	0.001485	0.001070	0.010764	0.001876	0.000115	0.072074	0.001605	0.021532	0.001851	0.068648	0.003319	0.011504	0.019037	0.013639	0.000115	0.117530	0.090064	0.000115	0.130367	0.000901	0.001730	0.009608	0.004549	0.153150	0.009828	0.001856	
0.004737	0.005098	0.027432	0.004071	0.027189	0.038400	0.014774	0.007134	0.007910	0.006433	0.002638	0.004679	0.008778	0.010776	0.009192	0.000117	0.048085	0.013150	0.039314	0.052326	0.002331	0.004736	0.000117	0.000117	0.001233	0.010191	0.008696	0.020132	0.000117	0.056079	0.017053	0.016772	0.001723	0.053414	0.002922	0.014827	0.014840	0.012119	0.000117	0.092321	0.070070	0.000117	0.101512	0.000749	0.002138	0.026385	0.004939	0.121369	0.008737	0.001898	
0.007015	0.003869	0.029069	0.004120	0.018244	0.025196	0.015653	0.005379	0.019177	0.014642	0.002298	0.004154	0.009297	0.011416	0.015651	0.000118	0.050959	0.019936	0.030416	0.034773	0.001785	0.003183	0.000118	0.000118	0.001041	0.006799	0.006578	0.013399	0.000118	0.059432	0.011356	0.017771	0.001308	0.056608	0.002208	0.021654	0.015693	0.007365	0.000118	0.098950	0.074261	0.000118	0.107223	0.000594	0.003136	0.019925	0.011911	0.129322	0.005323	0.001209	
0.005629	0.031968	0.015177	0.010786	0.014252	0.005922	0.008207	0.043358	0.083822	0.061175	0.005128	0.009680	0.004906	0.006006	0.060881	0.000137	0.026548	0.072481	0.031878	0.005466	0.014284	0.000542	0.000137	0.000137	0.007481	0.001051	0.054956	0.001893	0.000137	0.030950	0.001623	0.009308	0.001384	0.029483	0.015362	0.017058	0.008243	0.006545	0.000137	0.053287	0.038653	0.000137	0.055952	0.004179	0.002540	0.005217	0.051917	0.078285	0.004740	0.000974	
0.019662	0.028722	0.004023	0.007739	0.044166	0.086575	0.002228	0.039261	0.006122	0.004574	0.010144	0.016796	0.001378	0.001662	0.033236	0.000151	0.006951	0.019801	0.052806	0.068829	0.012849	0.006180	0.000151	0.000151	0.006310	0.013745	0.049357	0.026278	0.000151	0.008084	0.022258	0.002512	0.012015	0.007706	0.015081	0.060779	0.002759	0.096276	0.000151	0.024400	0.010067	0.000151	0.020785	0.003779	0.008687	0.027463	0.003845	0.021313	0.069191	0.012700	
0.028588	0.045137	0.004373	0.010975	0.044218	0.044007	0.002414	0.061483	0.034788	0.025364	0.005873	0.010768	0.001486	0.001796	0.030251	0.000146	0.007569	0.043693	0.054583	0.057535	0.020142	0.005140	0.000146	0.000146	0.010004	0.011068	0.077631	0.021785	0.000146	0.008806	0.018456	0.002724	0.004021	0.008394	0.021915	0.088101	0.002516	0.018578	0.000146	0.030840	0.010971	0.000146	0.016936	0.005859	0.012590	0.022991	0.021581	0.027022	0.013384	0.002766	
0.015844	0.033752	0.000983	0.006921	0.065925	0.094000	0.000593	0.046296	0.009806	0.007169	0.006834	0.011579	0.000409	0.000470	0.023443	0.000142	0.001618	0.020270	0.079444	0.110613	0.015080	0.009867	0.000142	0.000142	0.007405	0.021513	0.058026	0.042282	0.000142	0.001864	0.035799	0.000655	0.007252	0.001782	0.017162	0.049474	0.000895	0.054675	0.000142	0.012277	0.002295	0.000142	0.006854	0.004410	0.007012	0.043007	0.006122	0.010549	0.039309	0.007612	
0.005225	0.003481	0.001578	0.007075	0.096077	0.128127	0.000904	0.005646	0.006168	0.004541	0.003763	0.006934	0.000585	0.000692	0.007267	0.000125	0.002676	0.018497	0.134430	0.196260	0.001616	0.017509	0.000125	0.000125	0.000882	0.037844	0.005905	0.075456	0.000125	0.003102	0.063867	0.001011	0.001485	0.002960	0.002916	0.017728	0.000958	0.009795	0.000125	0.008331	0.003846	0.000125	0.006117	0.000551	0.002356	0.076741	0.003864	0.015099	0.007071	0.002319	
0.050532	0.004696	0.001382	0.007976	0.061688	0.082229	0.000810	0.006931	0.023246	0.016924	0.003694	0.006804	0.000539	0.000629	0.018975	0.000147	0.002317	0.030395	0.091667	0.124117	0.002169	0.011130	0.000147	0.000147	0.001266	0.023991	0.007982	0.047739	0.000147	0.002678	0.040417	0.000900	0.003778	0.002558	0.003130	0.156196	0.000858	0.008937	0.000147	0.033110	0.003311	0.000147	0.005280	0.000724	0.022190	0.048620	0.014440	0.013828	0.006460	0.001874	
