0.000652	0.010174	0.000652	0.000652	0.000652	0.000652	0.000652	0.000652	0.000652	0.000652	0.000652	0.000652	0.000652	0.001095	0.000652	0.000652	0.000652	0.000652	0.000652	0.000652	0.000652	0.000652	0.000652	0.000652	0.000652	0.000652	0.000652	0.000652	0.000652	0.001126	0.000652	0.000652	0.010371	0.000889	0.000848	0.000652	0.000652	0.001512	0.011803	0.000652	0.000652	0.000652	0.000652	0.000652	0.000652	0.000652	0.000652	0.000652	0.000652	0.935455	
0.000701	0.006165	0.000701	0.000701	0.000701	0.000701	0.000701	0.000701	0.000701	0.000701	0.000701	0.000701	0.000701	0.001037	0.000701	0.000701	0.000701	0.000701	0.000701	0.000701	0.000701	0.000701	0.000701	0.000701	0.000701	0.000701	0.000701	0.000701	0.000701	0.001107	0.000701	0.000701	0.006383	0.000904	0.000919	0.000701	0.000701	0.001795	0.007754	0.000701	0.000701	0.000701	0.000701	0.000701	0.000701	0.000701	0.000701	0.000701	0.000701	0.945185	
0.000761	0.002162	0.000761	0.000761	0.000761	0.000761	0.000761	0.000761	0.000761	0.000761	0.000761	0.000761	0.000761	0.001051	0.000761	0.000761	0.000761	0.000761	0.000761	0.000761	0.000761	0.000761	0.000761	0.000761	0.000761	0.000761	0.000761	0.000761	0.000761	0.001382	0.000761	0.000761	0.002379	0.001072	0.000978	0.000761	0.000761	0.001664	0.003775	0.000761	0.000761	0.000761	0.000761	0.000761	0.000761	0.000761	0.000761	0.000761	0.000761	0.954349	
0.000659	0.003931	0.000659	0.000659	0.000659	0.000659	0.000659	0.000659	0.000659	0.000659	0.000659	0.000659	0.000659	0.000760	0.000659	0.000659	0.000659	0.000659	0.000659	0.000659	0.000659	0.000659	0.000659	0.000659	0.000659	0.000659	0.000659	0.000659	0.000659	0.001100	0.000659	0.000659	0.004363	0.000879	0.001091	0.000659	0.000659	0.013357	0.005309	0.000659	0.000659	0.000659	0.000659	0.000659	0.000659	0.000659	0.000659	0.000659	0.000659	0.942203	
0.000674	0.001047	0.000674	0.000674	0.000674	0.000674	0.000674	0.000674	0.000674	0.000674	0.000674	0.000674	0.000674	0.000785	0.000674	0.000674	0.000674	0.000674	0.000674	0.000674	0.000674	0.000674	0.000674	0.000674	0.000674	0.000674	0.000674	0.000674	0.000674	0.001218	0.000674	0.000674	0.002419	0.000946	0.002046	0.000674	0.000674	0.009750	0.005301	0.000674	0.000674	0.000674	0.000674	0.000674	0.000674	0.000674	0.000674	0.000674	0.000674	0.948866	
0.000650	0.000995	0.000650	0.000650	0.000650	0.000650	0.000650	0.000650	0.000650	0.000650	0.000650	0.000650	0.000650	0.000807	0.000650	0.000650	0.000650	0.000650	0.000650	0.000650	0.000650	0.000650	0.000650	0.000650	0.000650	0.000650	0.000650	0.000650	0.000650	0.001885	0.000650	0.000650	0.001367	0.001268	0.001022	0.000650	0.000650	0.014695	0.003099	0.000650	0.000650	0.000650	0.000650	0.000650	0.000650	0.000650	0.000650	0.000650	0.000650	0.948210	
0.000642	0.001388	0.000642	0.000642	0.000642	0.000642	0.000642	0.000642	0.000642	0.000642	0.000642	0.000642	0.000642	0.001362	0.000642	0.000642	0.000642	0.000642	0.000642	0.000642	0.000642	0.000642	0.000642	0.000642	0.000642	0.000642	0.000642	0.000642	0.000642	0.001478	0.000642	0.000642	0.002321	0.001060	0.001575	0.000642	0.000642	0.013153	0.005342	0.000642	0.000642	0.000642	0.000642	0.000642	0.000642	0.000642	0.000642	0.000642	0.000642	0.945987	
0.000599	0.006140	0.000599	0.000599	0.000599	0.000599	0.000599	0.000599	0.000599	0.000599	0.000599	0.000599	0.000599	0.001821	0.000599	0.000599	0.000599	0.000599	0.000599	0.000599	0.000599	0.000599	0.000599	0.000599	0.000599	0.000599	0.000599	0.000599	0.000599	0.001071	0.000599	0.000599	0.006432	0.000835	0.000891	0.000599	0.000599	0.001648	0.010092	0.000599	0.000599	0.000599	0.000599	0.000599	0.000599	0.000599	0.000599	0.000599	0.000599	0.946494	
0.000618	0.004802	0.000618	0.000618	0.000618	0.000618	0.000618	0.000618	0.000618	0.000618	0.000618	0.000618	0.000618	0.000833	0.000618	0.000618	0.000618	0.000618	0.000618	0.000618	0.000618	0.000618	0.000618	0.000618	0.000618	0.000618	0.000618	0.000618	0.000618	0.000880	0.000618	0.000618	0.006145	0.000749	0.001961	0.000618	0.000618	0.005183	0.009541	0.000618	0.000618	0.000618	0.000618	0.000618	0.000618	0.000618	0.000618	0.000618	0.000618	0.944552	
0.000544	0.000867	0.000544	0.000544	0.000544	0.000544	0.000544	0.000544	0.000544	0.000544	0.000544	0.000544	0.000544	0.002240	0.000544	0.000544	0.000544	0.000544	0.000544	0.000544	0.000544	0.000544	0.000544	0.000544	0.000544	0.000544	0.000544	0.000544	0.000544	0.001144	0.000544	0.000544	0.001289	0.000844	0.000966	0.000544	0.000544	0.004286	0.006913	0.000544	0.000544	0.000544	0.000544	0.000544	0.000544	0.000544	0.000544	0.000544	0.000544	0.959133	
0.000510	0.001523	0.000510	0.000510	0.000510	0.000510	0.000510	0.000510	0.000510	0.000510	0.000510	0.000510	0.000510	0.003241	0.000510	0.000510	0.000510	0.000510	0.000510	0.000510	0.000510	0.000510	0.000510	0.000510	0.000510	0.000510	0.000510	0.000510	0.000510	0.000801	0.000510	0.000510	0.001678	0.000656	0.000666	0.000510	0.000510	0.001648	0.008514	0.000510	0.000510	0.000510	0.000510	0.000510	0.000510	0.000510	0.000510	0.000510	0.000510	0.960351	
0.000545	0.000998	0.000545	0.000545	0.000545	0.000545	0.000545	0.000545	0.000545	0.000545	0.000545	0.000545	0.000545	0.001474	0.000545	0.000545	0.000545	0.000545	0.000545	0.000545	0.000545	0.000545	0.000545	0.000545	0.000545	0.000545	0.000545	0.000545	0.000545	0.001112	0.000545	0.000545	0.001443	0.000828	0.000990	0.000545	0.000545	0.004020	0.006301	0.000545	0.000545	0.000545	0.000545	0.000545	0.000545	0.000545	0.000545	0.000545	0.000545	0.960496	
0.000554	0.003125	0.000554	0.000554	0.000554	0.000554	0.000554	0.000554	0.000554	0.000554	0.000554	0.000554	0.000554	0.001128	0.000554	0.000554	0.000554	0.000554	0.000554	0.000554	0.000554	0.000554	0.000554	0.000554	0.000554	0.000554	0.000554	0.000554	0.000554	0.001159	0.000554	0.000554	0.003430	0.000856	0.000860	0.000554	0.000554	0.001487	0.007592	0.000554	0.000554	0.000554	0.000554	0.000554	0.000554	0.000554	0.000554	0.000554	0.000554	0.957643	
0.000550	0.001530	0.000550	0.000550	0.000550	0.000550	0.000550	0.000550	0.000550	0.000550	0.000550	0.000550	0.000550	0.001053	0.000550	0.000550	0.000550	0.000550	0.000550	0.000550	0.000550	0.000550	0.000550	0.000550	0.000550	0.000550	0.000550	0.000550	0.000550	0.001659	0.000550	0.000550	0.001724	0.001105	0.000744	0.000550	0.000550	0.001489	0.006219	0.000550	0.000550	0.000550	0.000550	0.000550	0.000550	0.000550	0.000550	0.000550	0.000550	0.961907	
0.000564	0.001732	0.000564	0.000564	0.000564	0.000564	0.000564	0.000564	0.000564	0.000564	0.000564	0.000564	0.000564	0.000730	0.000564	0.000564	0.000564	0.000564	0.000564	0.000564	0.000564	0.000564	0.000564	0.000564	0.000564	0.000564	0.000564	0.000564	0.000564	0.001070	0.000564	0.000564	0.002099	0.000817	0.000932	0.000564	0.000564	0.003359	0.005774	0.000564	0.000564	0.000564	0.000564	0.000564	0.000564	0.000564	0.000564	0.000564	0.000564	0.960361	
0.000737	0.001490	0.000737	0.000737	0.000737	0.000737	0.000737	0.000737	0.000737	0.000737	0.000737	0.000737	0.000737	0.000883	0.000737	0.000737	0.000737	0.000737	0.000737	0.000737	0.000737	0.000737	0.000737	0.000737	0.000737	0.000737	0.000737	0.000737	0.000737	0.012766	0.000737	0.000737	0.001629	0.006751	0.000876	0.000737	0.000737	0.001488	0.008266	0.000737	0.000737	0.000737	0.000737	0.000737	0.000737	0.000737	0.000737	0.000737	0.000737	0.935653	
0.000748	0.001777	0.000748	0.000748	0.000748	0.000748	0.000748	0.000748	0.000748	0.000748	0.000748	0.000748	0.000748	0.000827	0.000748	0.000748	0.000748	0.000748	0.000748	0.000748	0.000748	0.000748	0.000748	0.000748	0.000748	0.000748	0.000748	0.000748	0.000748	0.011886	0.000748	0.000748	0.001955	0.006317	0.000926	0.000748	0.000748	0.001527	0.007983	0.000748	0.000748	0.000748	0.000748	0.000748	0.000748	0.000748	0.000748	0.000748	0.000748	0.936141	
0.000702	0.001485	0.000702	0.000702	0.000702	0.000702	0.000702	0.000702	0.000702	0.000702	0.000702	0.000702	0.000702	0.001427	0.000702	0.000702	0.000702	0.000702	0.000702	0.000702	0.000702	0.000702	0.000702	0.000702	0.000702	0.000702	0.000702	0.000702	0.000702	0.009832	0.000702	0.000702	0.001644	0.005267	0.000861	0.000702	0.000702	0.001954	0.007973	0.000702	0.000702	0.000702	0.000702	0.000702	0.000702	0.000702	0.000702	0.000702	0.000702	0.940759	
0.000580	0.001269	0.000580	0.000580	0.000580	0.000580	0.000580	0.000580	0.000580	0.000580	0.000580	0.000580	0.000580	0.003308	0.000580	0.000580	0.000580	0.000580	0.000580	0.000580	0.000580	0.000580	0.000580	0.000580	0.000580	0.000580	0.000580	0.000580	0.000580	0.004039	0.000580	0.000580	0.001467	0.002309	0.000778	0.000580	0.000580	0.001400	0.008972	0.000580	0.000580	0.000580	0.000580	0.000580	0.000580	0.000580	0.000580	0.000580	0.000580	0.952669	
0.000594	0.000847	0.000594	0.000594	0.000594	0.000594	0.000594	0.000594	0.000594	0.000594	0.000594	0.000594	0.000594	0.001905	0.000594	0.000594	0.000594	0.000594	0.000594	0.000594	0.000594	0.000594	0.000594	0.000594	0.000594	0.000594	0.000594	0.000594	0.000594	0.003609	0.000594	0.000594	0.001784	0.002101	0.001531	0.000594	0.000594	0.003030	0.008261	0.000594	0.000594	0.000594	0.000594	0.000594	0.000594	0.000594	0.000594	0.000594	0.000594	0.952590	
0.000552	0.000901	0.000552	0.000552	0.000552	0.000552	0.000552	0.000552	0.000552	0.000552	0.000552	0.000552	0.000552	0.003472	0.000552	0.000552	0.000552	0.000552	0.000552	0.000552	0.000552	0.000552	0.000552	0.000552	0.000552	0.000552	0.000552	0.000552	0.000552	0.001690	0.000552	0.000552	0.001198	0.001121	0.000849	0.000552	0.000552	0.001619	0.008369	0.000552	0.000552	0.000552	0.000552	0.000552	0.000552	0.000552	0.000552	0.000552	0.000552	0.958136	
0.000776	0.001128	0.000776	0.000776	0.000776	0.000776	0.000776	0.000776	0.000776	0.000776	0.000776	0.000776	0.000776	0.000981	0.000776	0.000776	0.000776	0.000776	0.000776	0.000776	0.000776	0.000776	0.000776	0.000776	0.000776	0.000776	0.000776	0.000776	0.000776	0.001261	0.000776	0.000776	0.007581	0.001018	0.007229	0.000776	0.000776	0.014773	0.014858	0.000776	0.000776	0.000776	0.000776	0.000776	0.000776	0.000776	0.000776	0.000776	0.000776	0.919374	
0.000720	0.000975	0.000720	0.000720	0.000720	0.000720	0.000720	0.000720	0.000720	0.000720	0.000720	0.000720	0.000720	0.001674	0.000720	0.000720	0.000720	0.000720	0.000720	0.000720	0.000720	0.000720	0.000720	0.000720	0.000720	0.000720	0.000720	0.000720	0.000720	0.001457	0.000720	0.000720	0.004752	0.001089	0.004497	0.000720	0.000720	0.009168	0.011018	0.000720	0.000720	0.000720	0.000720	0.000720	0.000720	0.000720	0.000720	0.000720	0.000720	0.935851	
0.000696	0.003495	0.000696	0.000696	0.000696	0.000696	0.000696	0.000696	0.000696	0.000696	0.000696	0.000696	0.000696	0.001519	0.000696	0.000696	0.000696	0.000696	0.000696	0.000696	0.000696	0.000696	0.000696	0.000696	0.000696	0.000696	0.000696	0.000696	0.000696	0.001463	0.000696	0.000696	0.007158	0.001080	0.004359	0.000696	0.000696	0.008631	0.013083	0.000696	0.000696	0.000696	0.000696	0.000696	0.000696	0.000696	0.000696	0.000696	0.000696	0.930657	
