0	0	0	0	0	169	0	
27	0	0	0	92	0	0	
0	145	0	0	0	18	0	
0	24	0	0	0	0	66	
0	0	0	28	25	0	101	
0	33	0	0	0	0	0	
0	0	105	0	0	4	0	
0	0	0	0	0	0	68	
0	36	0	0	4	1	0	
0	1	0	0	23	0	29	
0	145	0	0	0	0	0	
0	11	0	0	0	0	0	
0	42	0	0	0	0	0	
0	1	0	117	0	0	0	
138	0	0	82	2	14	0	
0	0	0	41	95	0	0	
0	0	0	0	0	15	0	
0	12	29	28	0	0	0	
0	0	1	0	54	0	0	
0	13	0	84	83	0	0	
173	0	0	0	0	0	0	
0	0	110	0	0	0	0	
0	0	0	0	0	73	0	
0	32	0	0	0	0	31	
1	0	44	0	0	0	0	
0	0	0	120	0	0	0	
0	0	25	0	0	0	0	
0	0	0	29	0	0	0	
4	0	0	0	73	0	0	
0	0	67	0	0	1	0	
102	0	0	45	1	0	0	
89	0	0	0	0	0	0	
0	0	25	0	0	0	0	
0	0	0	0	40	0	0	
0	0	0	0	0	53	0	
0	0	0	77	0	36	0	
0	0	0	27	0	0	0	
106	0	0	0	0	33	0	
0	0	0	1	0	0	59	
0	0	0	0	0	0	89	
0	0	1	0	12	0	69	
0	0	0	0	0	110	0	
0	0	0	28	0	0	0	
0	0	0	0	155	0	0	
0	0	0	0	1	30	0	
0	0	0	84	0	67	0	
0	0	0	0	0	0	126	
0	16	0	0	0	0	0	
0	0	0	38	0	21	0	
65	103	97	0	0	119	0	
