0.019250	0.040527	0.019250	0.033435	0.028707	0.035799	0.823033	
0.024150	0.640816	0.033673	0.159864	0.057483	0.050340	0.033673	
0.065247	0.603709	0.029190	0.055632	0.067651	0.115728	0.062843	
0.372376	0.035884	0.038253	0.033514	0.026405	0.471903	0.021666	
0.399866	0.145194	0.054072	0.257343	0.028371	0.086782	0.028371	
0.343058	0.237425	0.148223	0.117706	0.049631	0.084842	0.019115	
0.816807	0.023866	0.028571	0.037983	0.049748	0.021513	0.021513	
0.038344	0.437394	0.332881	0.076349	0.031218	0.040719	0.043095	
0.105605	0.036227	0.569720	0.036227	0.024265	0.060150	0.167806	
0.191629	0.029402	0.375649	0.167416	0.080249	0.048772	0.106883	
0.094232	0.033199	0.641180	0.028504	0.033199	0.148223	0.021462	
0.139034	0.031978	0.029545	0.623219	0.031978	0.024678	0.119569	
0.018981	0.063270	0.254412	0.438561	0.042291	0.037629	0.144855	
0.023588	0.072425	0.207309	0.353821	0.018937	0.300332	0.023588	
0.030423	0.143849	0.046627	0.623016	0.030423	0.097553	0.028108	
0.033593	0.040719	0.028843	0.050221	0.686800	0.123855	0.035969	
0.031593	0.243132	0.029190	0.038805	0.493132	0.120536	0.043613	
0.028912	0.031293	0.031293	0.024150	0.667007	0.188435	0.028912	
0.055102	0.031293	0.412245	0.024150	0.307483	0.050340	0.119388	
0.256807	0.040336	0.143866	0.157983	0.277983	0.094454	0.028571	
0.165019	0.083873	0.186498	0.131606	0.289124	0.086260	0.057620	
0.682272	0.036489	0.058176	0.017212	0.024441	0.149742	0.031670	
0.248537	0.236489	0.072633	0.036489	0.084682	0.303959	0.017212	
0.293897	0.028981	0.114899	0.024207	0.036140	0.477668	0.024207	
