0.011905	0.004264	0.006088	0.009054	0.095258	0.003730	0.097326	0.042642	0.000198	0.000982	0.002017	0.000852	0.001173	0.007573	0.007325	0.002633	0.001425	0.002808	0.000198	0.009514	0.013544	0.156014	0.005323	0.003927	0.100702	0.007308	0.033699	0.000198	0.002353	0.094001	0.006036	0.005130	0.033699	0.001793	0.001822	0.004928	0.002808	0.006666	0.007600	0.042075	0.012899	0.000198	0.000198	0.006919	0.001133	0.006317	0.015346	0.001286	0.000198	0.118913	
0.011198	0.011938	0.047239	0.009989	0.017101	0.042013	0.007796	0.007924	0.000143	0.003646	0.015829	0.003949	0.001210	0.104852	0.058995	0.011028	0.001486	0.037359	0.000143	0.116847	0.014781	0.006788	0.005754	0.004289	0.004404	0.084055	0.001563	0.000143	0.009777	0.004120	0.048034	0.005475	0.001563	0.007275	0.001921	0.067597	0.037359	0.007325	0.016304	0.001919	0.014264	0.000143	0.000143	0.029893	0.007861	0.037257	0.016985	0.015650	0.000143	0.036527	
0.007617	0.009272	0.063159	0.003984	0.011690	0.054469	0.007901	0.004906	0.000145	0.002019	0.021029	0.001486	0.000861	0.144125	0.010439	0.005967	0.001046	0.051329	0.000145	0.154445	0.027818	0.010046	0.003908	0.001762	0.006516	0.087437	0.002269	0.000145	0.005298	0.006091	0.008657	0.010379	0.002269	0.003959	0.001337	0.092915	0.051329	0.013583	0.004476	0.002800	0.005651	0.000145	0.000145	0.016190	0.001495	0.015296	0.006712	0.021472	0.000145	0.033723	
0.012138	0.043851	0.050350	0.003359	0.008496	0.003134	0.006632	0.003852	0.000145	0.001323	0.001740	0.002736	0.001302	0.004832	0.059922	0.003805	0.001602	0.001796	0.000145	0.007477	0.286250	0.007276	0.006232	0.001498	0.004718	0.026635	0.001669	0.000145	0.003384	0.004413	0.048534	0.106019	0.001669	0.002543	0.002074	0.003137	0.001796	0.137865	0.011738	0.002050	0.004755	0.000145	0.000145	0.012040	0.007984	0.031986	0.005643	0.000833	0.000145	0.058049	
0.015576	0.042310	0.040831	0.005519	0.019368	0.016857	0.005569	0.004430	0.000138	0.007932	0.004716	0.006560	0.001633	0.022482	0.068683	0.024354	0.002021	0.008063	0.000138	0.039840	0.145105	0.003969	0.008003	0.002404	0.002574	0.040321	0.000950	0.000138	0.021571	0.002412	0.056315	0.053725	0.000950	0.016004	0.002630	0.014502	0.008063	0.070358	0.014637	0.001153	0.007856	0.000138	0.000138	0.067081	0.009127	0.038042	0.009343	0.003440	0.000138	0.061897	
0.017495	0.041455	0.042523	0.003977	0.016235	0.015602	0.005455	0.003463	0.000138	0.006746	0.004842	0.005942	0.001820	0.022649	0.069172	0.020669	0.002256	0.008120	0.000138	0.037507	0.162426	0.004004	0.008983	0.001755	0.002592	0.040614	0.000956	0.000138	0.018309	0.002428	0.056583	0.060140	0.000956	0.013590	0.002941	0.014605	0.008120	0.078613	0.013617	0.001161	0.005644	0.000138	0.000138	0.057158	0.009192	0.038716	0.006705	0.003464	0.000138	0.059967	
0.043102	0.054613	0.042613	0.003360	0.027493	0.016104	0.012681	0.004742	0.000138	0.011378	0.005142	0.006498	0.004299	0.009996	0.010481	0.035062	0.005378	0.003588	0.000138	0.033957	0.163982	0.011152	0.022024	0.001495	0.007144	0.010011	0.002474	0.000138	0.031047	0.006677	0.009693	0.060805	0.002474	0.023019	0.007074	0.006392	0.003588	0.079808	0.004038	0.003057	0.004759	0.000138	0.000138	0.096377	0.001494	0.015271	0.005649	0.001576	0.000138	0.087604	
0.105276	0.004802	0.020001	0.004613	0.008770	0.015958	0.018308	0.004638	0.000141	0.000928	0.013901	0.004624	0.010345	0.041695	0.124000	0.002587	0.012990	0.014782	0.000141	0.044806	0.018100	0.007591	0.053804	0.002024	0.004704	0.073549	0.001662	0.000141	0.002306	0.004400	0.100226	0.006605	0.001662	0.001744	0.017147	0.026677	0.014782	0.008600	0.022608	0.002042	0.006554	0.000141	0.000141	0.006921	0.016385	0.085910	0.007789	0.006241	0.000141	0.046096	
0.047043	0.013616	0.015237	0.007519	0.022956	0.002814	0.024345	0.011385	0.000150	0.001177	0.004298	0.005592	0.004675	0.004523	0.149351	0.003341	0.005848	0.001645	0.000150	0.006707	0.075754	0.028137	0.023949	0.003252	0.018098	0.062061	0.006132	0.000150	0.002975	0.016901	0.120721	0.027925	0.006132	0.002241	0.007692	0.002860	0.001645	0.036331	0.028622	0.007628	0.010718	0.000150	0.000150	0.009350	0.019717	0.082945	0.012755	0.000773	0.000150	0.051719	
0.270675	0.009142	0.010390	0.006032	0.012255	0.003716	0.040716	0.006261	0.000143	0.001349	0.021481	0.001136	0.026407	0.007280	0.010712	0.003892	0.033216	0.002334	0.000143	0.009124	0.040056	0.011254	0.138272	0.002622	0.006684	0.008879	0.002323	0.000143	0.003461	0.006248	0.008806	0.014909	0.002323	0.002599	0.043916	0.004115	0.002334	0.019426	0.005974	0.002868	0.008590	0.000143	0.000143	0.010625	0.001529	0.065930	0.010217	0.001056	0.000143	0.098009	
0.277364	0.003232	0.003990	0.003289	0.010627	0.002563	0.042267	0.005073	0.000142	0.000839	0.021738	0.001829	0.027054	0.005686	0.040219	0.002306	0.034031	0.001759	0.000142	0.006358	0.008441	0.013579	0.141676	0.001467	0.008168	0.019698	0.002817	0.000142	0.002057	0.007633	0.032574	0.003155	0.002817	0.001560	0.044995	0.003072	0.001759	0.004109	0.008620	0.003486	0.004655	0.000142	0.000142	0.006091	0.005398	0.081590	0.005525	0.000816	0.000142	0.093164	
0.165766	0.022153	0.027058	0.003762	0.013234	0.005597	0.029943	0.005849	0.000145	0.001511	0.014221	0.001593	0.016215	0.011595	0.021974	0.004390	0.020382	0.004005	0.000145	0.014361	0.128955	0.015195	0.084663	0.001668	0.009471	0.015690	0.003254	0.000145	0.003902	0.008849	0.017915	0.047819	0.003254	0.002926	0.026929	0.007140	0.004005	0.062219	0.006115	0.004031	0.005333	0.000145	0.000145	0.012575	0.003008	0.048247	0.006333	0.001753	0.000145	0.084272	
0.080649	0.005664	0.028147	0.005421	0.023703	0.023930	0.030108	0.010907	0.000151	0.001369	0.014947	0.002930	0.007937	0.062237	0.064988	0.003936	0.009955	0.022124	0.000151	0.067262	0.015405	0.031836	0.041096	0.002370	0.020407	0.061920	0.006903	0.000151	0.003501	0.019057	0.052629	0.005702	0.006903	0.002631	0.013127	0.039976	0.022124	0.007455	0.013993	0.008591	0.007709	0.000151	0.000151	0.010562	0.008654	0.053046	0.009165	0.009306	0.000151	0.058811	
0.051830	0.007682	0.029252	0.003909	0.008144	0.021358	0.011525	0.004163	0.000142	0.000914	0.011963	0.004843	0.005155	0.056425	0.130914	0.002542	0.006454	0.020088	0.000142	0.060360	0.038782	0.007268	0.026505	0.001728	0.004619	0.084727	0.001634	0.000142	0.002266	0.004321	0.105807	0.014255	0.001634	0.001714	0.008496	0.036294	0.020088	0.018544	0.023185	0.002007	0.005545	0.000142	0.000142	0.006937	0.017292	0.078219	0.006586	0.008453	0.000142	0.034723	
0.090658	0.010416	0.046842	0.004211	0.008229	0.036346	0.015238	0.003917	0.000143	0.001445	0.020501	0.001473	0.008928	0.096239	0.019423	0.004190	0.011206	0.034194	0.000143	0.102914	0.047208	0.005563	0.046349	0.001856	0.003430	0.063467	0.001238	0.000143	0.003725	0.003211	0.015848	0.017545	0.001238	0.002794	0.014786	0.061861	0.034194	0.022859	0.006036	0.001512	0.005977	0.000143	0.000143	0.011484	0.002671	0.035317	0.007101	0.014331	0.000143	0.051170	
0.010315	0.006705	0.005465	0.109603	0.088822	0.003926	0.031017	0.070738	0.000170	0.002043	0.001650	0.001357	0.001149	0.004839	0.005764	0.005991	0.001403	0.001817	0.000170	0.008957	0.009500	0.006344	0.005318	0.046247	0.004130	0.005107	0.001490	0.000170	0.005322	0.003866	0.004887	0.003617	0.001490	0.003984	0.001801	0.003156	0.001817	0.004785	0.078796	0.001820	0.157121	0.000170	0.000170	0.016091	0.000903	0.005398	0.187359	0.000856	0.000170	0.076215	
0.011187	0.026000	0.017878	0.064693	0.065815	0.016112	0.019634	0.042035	0.000152	0.008855	0.003745	0.005666	0.001219	0.017615	0.026110	0.027194	0.001496	0.006347	0.000152	0.036688	0.011602	0.004929	0.005763	0.027327	0.003209	0.020578	0.001171	0.000152	0.024086	0.003005	0.022043	0.004354	0.001171	0.017869	0.001930	0.011381	0.006347	0.006236	0.050052	0.001426	0.092716	0.000152	0.000152	0.073893	0.003557	0.016188	0.110550	0.002734	0.000152	0.076681	
0.010309	0.009993	0.008114	0.101457	0.084778	0.004766	0.030197	0.066030	0.000168	0.002657	0.001731	0.001735	0.001145	0.005282	0.007312	0.007900	0.001398	0.001973	0.000168	0.010715	0.020654	0.008191	0.005304	0.042816	0.005321	0.005978	0.001886	0.000168	0.007012	0.004977	0.006202	0.007744	0.001886	0.005234	0.001796	0.003440	0.001973	0.010195	0.073249	0.002315	0.145438	0.000168	0.000168	0.021370	0.001105	0.006166	0.173426	0.000920	0.000168	0.076902	
0.013271	0.018193	0.018200	0.007797	0.073674	0.004775	0.072212	0.032011	0.000182	0.002516	0.001941	0.001872	0.001334	0.005759	0.013577	0.007434	0.001633	0.002150	0.000182	0.010879	0.081628	0.114442	0.006241	0.003389	0.073870	0.008747	0.024745	0.000182	0.006600	0.068958	0.011247	0.030327	0.024745	0.004933	0.002102	0.003749	0.002150	0.039537	0.007679	0.030886	0.011104	0.000182	0.000182	0.020484	0.001939	0.009633	0.013208	0.001002	0.000182	0.106334	
0.013965	0.042972	0.023260	0.013523	0.035501	0.016421	0.008703	0.010049	0.000135	0.013169	0.002360	0.010346	0.001472	0.005299	0.098616	0.040631	0.001819	0.001954	0.000135	0.032940	0.046713	0.006352	0.007166	0.005772	0.004114	0.042290	0.001462	0.000135	0.035977	0.003849	0.081043	0.017237	0.001462	0.026667	0.002363	0.003431	0.001954	0.023298	0.024984	0.001793	0.019335	0.000135	0.000135	0.110763	0.013051	0.051134	0.023034	0.000893	0.000135	0.070048	
0.063534	0.036270	0.026239	0.014693	0.032435	0.016103	0.016699	0.011441	0.000140	0.009906	0.007267	0.007092	0.006287	0.014559	0.052602	0.030485	0.007881	0.005186	0.000140	0.035541	0.063465	0.009286	0.032472	0.006267	0.005894	0.029423	0.002058	0.000140	0.026997	0.005510	0.043543	0.023514	0.002058	0.020021	0.010386	0.009286	0.005186	0.031224	0.018651	0.002537	0.021013	0.000140	0.000140	0.083229	0.007020	0.040469	0.025034	0.002242	0.000140	0.078159	
0.025294	0.049074	0.025580	0.009548	0.037343	0.020434	0.009495	0.007676	0.000133	0.015846	0.003715	0.010942	0.002570	0.008225	0.073076	0.048955	0.003201	0.002978	0.000133	0.041600	0.036988	0.006973	0.012948	0.004097	0.004487	0.033844	0.001584	0.000133	0.043344	0.004197	0.060709	0.013672	0.001584	0.032120	0.004194	0.005290	0.002978	0.018856	0.018182	0.001947	0.013636	0.000133	0.000133	0.133378	0.009699	0.041478	0.016237	0.001318	0.000133	0.079907	
0.015023	0.066570	0.035022	0.005960	0.045894	0.033944	0.005939	0.004838	0.000127	0.023340	0.005225	0.012984	0.001569	0.022543	0.012984	0.072253	0.001943	0.008078	0.000127	0.072397	0.012750	0.004522	0.007711	0.002583	0.002928	0.018212	0.001060	0.000127	0.063963	0.002741	0.012994	0.004782	0.001060	0.047382	0.002530	0.014538	0.008078	0.007837	0.006273	0.001294	0.008492	0.000127	0.000127	0.196695	0.001813	0.010981	0.010104	0.003440	0.000127	0.097971	
0.027623	0.054339	0.024624	0.004941	0.039931	0.022879	0.010029	0.005293	0.000130	0.018700	0.003712	0.012301	0.002791	0.006261	0.067920	0.057828	0.003481	0.002275	0.000130	0.045559	0.017943	0.009212	0.014124	0.002156	0.005926	0.030663	0.002062	0.000130	0.051197	0.005539	0.056852	0.006625	0.002062	0.037933	0.004565	0.004018	0.002275	0.009899	0.014106	0.002545	0.007029	0.000130	0.000130	0.157426	0.009021	0.039381	0.008358	0.001024	0.000130	0.086790	
