0.000719	0.001541	0.000719	0.000719	0.000719	0.000719	0.000719	0.000719	0.000719	0.000719	0.000719	0.000719	0.000719	0.000868	0.000719	0.000719	0.000719	0.000719	0.000719	0.000719	0.000719	0.000719	0.000719	0.000719	0.000719	0.000719	0.000719	0.000719	0.000719	0.001127	0.000719	0.000719	0.001589	0.006503	0.000864	0.000719	0.000719	0.002168	0.003802	0.000719	0.000719	0.000719	0.000719	0.000719	0.000719	0.000719	0.000719	0.000719	0.000719	0.952062	
0.000698	0.001146	0.000698	0.000698	0.000698	0.000698	0.000698	0.000698	0.000698	0.000698	0.000698	0.000698	0.000698	0.001690	0.000698	0.000698	0.000698	0.000698	0.000698	0.000698	0.000698	0.000698	0.000698	0.000698	0.000698	0.000698	0.000698	0.000698	0.000698	0.001880	0.000698	0.000698	0.001474	0.004624	0.001174	0.000698	0.000698	0.001992	0.002775	0.000698	0.000698	0.000698	0.000698	0.000698	0.000698	0.000698	0.000698	0.000698	0.000698	0.954642	
0.000705	0.001082	0.000705	0.000705	0.000705	0.000705	0.000705	0.000705	0.000705	0.000705	0.000705	0.000705	0.000705	0.002130	0.000705	0.000705	0.000705	0.000705	0.000705	0.000705	0.000705	0.000705	0.000705	0.000705	0.000705	0.000705	0.000705	0.000705	0.000705	0.001271	0.000705	0.000705	0.002720	0.004787	0.000882	0.000705	0.000705	0.004063	0.002247	0.000705	0.000705	0.000705	0.000705	0.000705	0.000705	0.000705	0.000705	0.000705	0.000705	0.951915	
0.000608	0.000885	0.000608	0.000608	0.000608	0.000608	0.000608	0.000608	0.000608	0.000608	0.000608	0.000608	0.000608	0.000774	0.000608	0.000608	0.000608	0.000608	0.000608	0.000608	0.000608	0.000608	0.000608	0.000608	0.000608	0.000608	0.000608	0.000608	0.000608	0.000893	0.000608	0.000608	0.003483	0.000774	0.002103	0.000608	0.000608	0.005400	0.004594	0.000608	0.000608	0.000608	0.000608	0.000608	0.000608	0.000608	0.000608	0.000608	0.000608	0.956154	
0.000619	0.001404	0.000619	0.000619	0.000619	0.000619	0.000619	0.000619	0.000619	0.000619	0.000619	0.000619	0.000619	0.000958	0.000619	0.000619	0.000619	0.000619	0.000619	0.000619	0.000619	0.000619	0.000619	0.000619	0.000619	0.000619	0.000619	0.000619	0.000619	0.001297	0.000619	0.000619	0.006626	0.000854	0.001839	0.000619	0.000619	0.010631	0.005028	0.000619	0.000619	0.000619	0.000619	0.000619	0.000619	0.000619	0.000619	0.000619	0.000619	0.945990	
0.000623	0.001824	0.000623	0.000623	0.000623	0.000623	0.000623	0.000623	0.000623	0.000623	0.000623	0.000623	0.000623	0.001700	0.000623	0.000623	0.000623	0.000623	0.000623	0.000623	0.000623	0.000623	0.000623	0.000623	0.000623	0.000623	0.000623	0.000623	0.000623	0.000964	0.000623	0.000623	0.003137	0.001037	0.002093	0.000623	0.000623	0.004813	0.006486	0.000623	0.000623	0.000623	0.000623	0.000623	0.000623	0.000623	0.000623	0.000623	0.000623	0.952402	
0.000619	0.000866	0.000619	0.000619	0.000619	0.000619	0.000619	0.000619	0.000619	0.000619	0.000619	0.000619	0.000619	0.000845	0.000619	0.000619	0.000619	0.000619	0.000619	0.000619	0.000619	0.000619	0.000619	0.000619	0.000619	0.000619	0.000619	0.000619	0.000619	0.002121	0.000619	0.000619	0.010052	0.000746	0.000792	0.000619	0.000619	0.016341	0.003127	0.000619	0.000619	0.000619	0.000619	0.000619	0.000619	0.000619	0.000619	0.000619	0.000619	0.939738	
0.000562	0.007499	0.000562	0.000562	0.000562	0.000562	0.000562	0.000562	0.000562	0.000562	0.000562	0.000562	0.000562	0.000774	0.000562	0.000562	0.000562	0.000562	0.000562	0.000562	0.000562	0.000562	0.000562	0.000562	0.000562	0.000562	0.000562	0.000562	0.000562	0.001304	0.000562	0.000562	0.002589	0.000887	0.000878	0.000562	0.000562	0.003940	0.025099	0.000562	0.000562	0.000562	0.000562	0.000562	0.000562	0.000562	0.000562	0.000562	0.000562	0.933971	
0.000556	0.007098	0.000556	0.000556	0.000556	0.000556	0.000556	0.000556	0.000556	0.000556	0.000556	0.000556	0.000556	0.000736	0.000556	0.000556	0.000556	0.000556	0.000556	0.000556	0.000556	0.000556	0.000556	0.000556	0.000556	0.000556	0.000556	0.000556	0.000556	0.000931	0.000556	0.000556	0.001783	0.000703	0.000936	0.000556	0.000556	0.002601	0.024434	0.000556	0.000556	0.000556	0.000556	0.000556	0.000556	0.000556	0.000556	0.000556	0.000556	0.937994	
0.000589	0.004638	0.000589	0.000589	0.000589	0.000589	0.000589	0.000589	0.000589	0.000589	0.000589	0.000589	0.000589	0.001591	0.000589	0.000589	0.000589	0.000589	0.000589	0.000589	0.000589	0.000589	0.000589	0.000589	0.000589	0.000589	0.000589	0.000589	0.000589	0.000969	0.000589	0.000589	0.004073	0.000811	0.000831	0.000589	0.000589	0.006395	0.015808	0.000589	0.000589	0.000589	0.000589	0.000589	0.000589	0.000589	0.000589	0.000589	0.000589	0.940737	
0.000570	0.006661	0.000570	0.000570	0.000570	0.000570	0.000570	0.000570	0.000570	0.000570	0.000570	0.000570	0.000570	0.000826	0.000570	0.000570	0.000570	0.000570	0.000570	0.000570	0.000570	0.000570	0.000570	0.000570	0.000570	0.000570	0.000570	0.000570	0.000570	0.000908	0.000570	0.000570	0.005357	0.000785	0.000820	0.000570	0.000570	0.008548	0.022063	0.000570	0.000570	0.000570	0.000570	0.000570	0.000570	0.000570	0.000570	0.000570	0.000570	0.930646	
0.000589	0.004030	0.000589	0.000589	0.000589	0.000589	0.000589	0.000589	0.000589	0.000589	0.000589	0.000589	0.000589	0.001686	0.000589	0.000589	0.000589	0.000589	0.000589	0.000589	0.000589	0.000589	0.000589	0.000589	0.000589	0.000589	0.000589	0.000589	0.000589	0.000973	0.000589	0.000589	0.002216	0.000887	0.000769	0.000589	0.000589	0.003301	0.014488	0.000589	0.000589	0.000589	0.000589	0.000589	0.000589	0.000589	0.000589	0.000589	0.000589	0.947515	
0.000631	0.003887	0.000631	0.000631	0.000631	0.000631	0.000631	0.000631	0.000631	0.000631	0.000631	0.000631	0.000631	0.002452	0.000631	0.000631	0.000631	0.000631	0.000631	0.000631	0.000631	0.000631	0.000631	0.000631	0.000631	0.000631	0.000631	0.000631	0.000631	0.001843	0.000631	0.000631	0.002006	0.001919	0.000879	0.000631	0.000631	0.002923	0.012284	0.000631	0.000631	0.000631	0.000631	0.000631	0.000631	0.000631	0.000631	0.000631	0.000631	0.945951	
0.000662	0.001334	0.000662	0.000662	0.000662	0.000662	0.000662	0.000662	0.000662	0.000662	0.000662	0.000662	0.000662	0.004959	0.000662	0.000662	0.000662	0.000662	0.000662	0.000662	0.000662	0.000662	0.000662	0.000662	0.000662	0.000662	0.000662	0.000662	0.000662	0.001056	0.000662	0.000662	0.001281	0.000874	0.001840	0.000662	0.000662	0.001694	0.003214	0.000662	0.000662	0.000662	0.000662	0.000662	0.000662	0.000662	0.000662	0.000662	0.000662	0.956588	
0.000666	0.001079	0.000666	0.000666	0.000666	0.000666	0.000666	0.000666	0.000666	0.000666	0.000666	0.000666	0.000666	0.005430	0.000666	0.000666	0.000666	0.000666	0.000666	0.000666	0.000666	0.000666	0.000666	0.000666	0.000666	0.000666	0.000666	0.000666	0.000666	0.001183	0.000666	0.000666	0.003145	0.000915	0.000868	0.000666	0.000666	0.004797	0.002260	0.000666	0.000666	0.000666	0.000666	0.000666	0.000666	0.000666	0.000666	0.000666	0.000666	0.953036	
0.000647	0.000946	0.000647	0.000647	0.000647	0.000647	0.000647	0.000647	0.000647	0.000647	0.000647	0.000647	0.000647	0.000827	0.000647	0.000647	0.000647	0.000647	0.000647	0.000647	0.000647	0.000647	0.000647	0.000647	0.000647	0.000647	0.000647	0.000647	0.000647	0.011479	0.000647	0.000647	0.001059	0.000884	0.000807	0.000647	0.000647	0.001334	0.001885	0.000647	0.000647	0.000647	0.000647	0.000647	0.000647	0.000647	0.000647	0.000647	0.000647	0.954247	
0.000639	0.000890	0.000639	0.000639	0.000639	0.000639	0.000639	0.000639	0.000639	0.000639	0.000639	0.000639	0.000639	0.000787	0.000639	0.000639	0.000639	0.000639	0.000639	0.000639	0.000639	0.000639	0.000639	0.000639	0.000639	0.000639	0.000639	0.000639	0.000639	0.010159	0.000639	0.000639	0.001280	0.000786	0.000910	0.000639	0.000639	0.001707	0.002242	0.000639	0.000639	0.000639	0.000639	0.000639	0.000639	0.000639	0.000639	0.000639	0.000639	0.955038	
0.000650	0.000902	0.000650	0.000650	0.000650	0.000650	0.000650	0.000650	0.000650	0.000650	0.000650	0.000650	0.000650	0.001093	0.000650	0.000650	0.000650	0.000650	0.000650	0.000650	0.000650	0.000650	0.000650	0.000650	0.000650	0.000650	0.000650	0.000650	0.000650	0.009312	0.000650	0.000650	0.002796	0.000979	0.001049	0.000650	0.000650	0.004227	0.001685	0.000650	0.000650	0.000650	0.000650	0.000650	0.000650	0.000650	0.000650	0.000650	0.000650	0.951319	
0.000594	0.004281	0.000594	0.000594	0.000594	0.000594	0.000594	0.000594	0.000594	0.000594	0.000594	0.000594	0.000594	0.000774	0.000594	0.000594	0.000594	0.000594	0.000594	0.000594	0.000594	0.000594	0.000594	0.000594	0.000594	0.000594	0.000594	0.000594	0.000594	0.004353	0.000594	0.000594	0.001275	0.001099	0.000706	0.000594	0.000594	0.001730	0.014692	0.000594	0.000594	0.000594	0.000594	0.000594	0.000594	0.000594	0.000594	0.000594	0.000594	0.946734	
0.000647	0.001019	0.000647	0.000647	0.000647	0.000647	0.000647	0.000647	0.000647	0.000647	0.000647	0.000647	0.000647	0.001278	0.000647	0.000647	0.000647	0.000647	0.000647	0.000647	0.000647	0.000647	0.000647	0.000647	0.000647	0.000647	0.000647	0.000647	0.000647	0.002190	0.000647	0.000647	0.001598	0.000811	0.004369	0.000647	0.000647	0.002233	0.002627	0.000647	0.000647	0.000647	0.000647	0.000647	0.000647	0.000647	0.000647	0.000647	0.000647	0.957347	
0.000609	0.002675	0.000609	0.000609	0.000609	0.000609	0.000609	0.000609	0.000609	0.000609	0.000609	0.000609	0.000609	0.000840	0.000609	0.000609	0.000609	0.000609	0.000609	0.000609	0.000609	0.000609	0.000609	0.000609	0.000609	0.000609	0.000609	0.000609	0.000609	0.001890	0.000609	0.000609	0.002118	0.000939	0.002342	0.000609	0.000609	0.003124	0.009459	0.000609	0.000609	0.000609	0.000609	0.000609	0.000609	0.000609	0.000609	0.000609	0.000609	0.951646	
0.000636	0.000990	0.000636	0.000636	0.000636	0.000636	0.000636	0.000636	0.000636	0.000636	0.000636	0.000636	0.000636	0.000819	0.000636	0.000636	0.000636	0.000636	0.000636	0.000636	0.000636	0.000636	0.000636	0.000636	0.000636	0.000636	0.000636	0.000636	0.000636	0.001048	0.000636	0.000636	0.002153	0.000822	0.004421	0.000636	0.000636	0.003164	0.003196	0.000636	0.000636	0.000636	0.000636	0.000636	0.000636	0.000636	0.000636	0.000636	0.000636	0.957298	
0.000650	0.001051	0.000650	0.000650	0.000650	0.000650	0.000650	0.000650	0.000650	0.000650	0.000650	0.000650	0.000650	0.001582	0.000650	0.000650	0.000650	0.000650	0.000650	0.000650	0.000650	0.000650	0.000650	0.000650	0.000650	0.000650	0.000650	0.000650	0.000650	0.001371	0.000650	0.000650	0.005164	0.000798	0.003781	0.000650	0.000650	0.008174	0.002275	0.000650	0.000650	0.000650	0.000650	0.000650	0.000650	0.000650	0.000650	0.000650	0.000650	0.949164	
0.000646	0.001191	0.000646	0.000646	0.000646	0.000646	0.000646	0.000646	0.000646	0.000646	0.000646	0.000646	0.000646	0.000761	0.000646	0.000646	0.000646	0.000646	0.000646	0.000646	0.000646	0.000646	0.000646	0.000646	0.000646	0.000646	0.000646	0.000646	0.000646	0.000928	0.000646	0.000646	0.006921	0.000883	0.004125	0.000646	0.000646	0.011105	0.002678	0.000646	0.000646	0.000646	0.000646	0.000646	0.000646	0.000646	0.000646	0.000646	0.000646	0.944922	
