0.002876	0.000142	0.000604	0.007745	0.020815	0.002346	0.006587	0.044143	0.007746	0.075256	0.004506	0.083322	0.055032	0.002841	0.001043	0.000142	0.002593	0.001732	0.027805	0.000142	0.004776	0.003806	0.022891	0.010141	0.050755	0.032934	0.000142	0.004718	0.004922	0.060521	0.000142	0.000954	0.025511	0.002475	0.000977	0.040275	0.002094	0.004548	0.002665	0.166456	0.017106	0.006341	0.039428	0.045249	0.003321	0.017426	0.000466	0.010741	0.000797	0.070002	
0.003586	0.000132	0.000715	0.007482	0.027475	0.002959	0.008271	0.058044	0.023998	0.053832	0.011156	0.006171	0.072732	0.003541	0.002960	0.000132	0.007823	0.002060	0.034798	0.000132	0.006813	0.004576	0.002234	0.022454	0.067075	0.043504	0.000132	0.004042	0.004627	0.017380	0.000132	0.001295	0.033562	0.002454	0.001145	0.053201	0.002578	0.005739	0.008050	0.218964	0.016085	0.006302	0.002946	0.009568	0.003988	0.028490	0.000524	0.010680	0.000928	0.092532	
0.004908	0.000143	0.000948	0.019525	0.018846	0.003387	0.011343	0.043968	0.026549	0.051810	0.012420	0.034658	0.049801	0.004847	0.003272	0.000143	0.008653	0.001932	0.042415	0.000143	0.012503	0.004267	0.010016	0.022053	0.045932	0.029809	0.000143	0.006359	0.007131	0.040347	0.000143	0.001582	0.023344	0.008815	0.001083	0.036630	0.002183	0.007224	0.008903	0.161025	0.024943	0.023185	0.016398	0.034706	0.003721	0.023554	0.000507	0.039537	0.000903	0.063344	
0.013467	0.000151	0.002399	0.006416	0.001199	0.007450	0.031333	0.025484	0.106951	0.059313	0.043497	0.116650	0.002933	0.013294	0.012805	0.000151	0.034570	0.001744	0.015839	0.000151	0.018582	0.003823	0.033836	0.070760	0.002716	0.001813	0.000151	0.004690	0.004678	0.086208	0.000151	0.005845	0.002514	0.001765	0.000988	0.003212	0.001429	0.018172	0.035582	0.011513	0.016218	0.004440	0.055193	0.060596	0.003337	0.043391	0.000475	0.007484	0.000945	0.003692	
0.003341	0.000154	0.000692	0.032258	0.003910	0.002022	0.007698	0.012863	0.115558	0.027491	0.048489	0.025187	0.010125	0.003300	0.013828	0.000154	0.037346	0.002928	0.038222	0.000154	0.024522	0.006547	0.009122	0.077085	0.009348	0.006111	0.000154	0.011552	0.013209	0.057979	0.000154	0.005758	0.006531	0.013742	0.001611	0.007654	0.002446	0.004588	0.038440	0.051719	0.046486	0.036259	0.011870	0.040283	0.005701	0.048687	0.000718	0.061882	0.001277	0.012844	
0.001903	0.000158	0.000453	0.022907	0.000942	0.001137	0.004377	0.004702	0.112309	0.052141	0.047894	0.082423	0.002238	0.001880	0.013446	0.000158	0.036302	0.004335	0.017217	0.000158	0.018697	0.009787	0.024627	0.074229	0.002076	0.001401	0.000158	0.013983	0.015666	0.096646	0.000158	0.005919	0.004050	0.006507	0.002353	0.001807	0.003442	0.002541	0.037365	0.017038	0.055196	0.017029	0.038911	0.054849	0.008512	0.045346	0.001008	0.029002	0.001809	0.002805	
0.002911	0.000203	0.000660	0.078031	0.000897	0.001704	0.006651	0.006268	0.007058	0.016920	0.005752	0.010791	0.002046	0.002876	0.001015	0.000203	0.002412	0.003671	0.009174	0.000203	0.005945	0.008198	0.002792	0.004887	0.001903	0.001304	0.000203	0.077509	0.089752	0.246269	0.000203	0.000576	0.003486	0.002800	0.002025	0.001755	0.002931	0.003884	0.002477	0.009952	0.318016	0.007104	0.004379	0.014602	0.007140	0.003411	0.000908	0.012002	0.001590	0.002549	
0.020984	0.000144	0.003662	0.016281	0.002131	0.011580	0.049868	0.040452	0.019982	0.115618	0.031312	0.028325	0.005421	0.020714	0.002494	0.000144	0.006537	0.029825	0.028282	0.000144	0.030382	0.068561	0.008616	0.013692	0.005010	0.003296	0.000144	0.010759	0.012272	0.050021	0.000144	0.001236	0.023603	0.004057	0.015739	0.005606	0.023353	0.028360	0.006725	0.023522	0.043186	0.010542	0.013356	0.052053	0.059505	0.009412	0.006181	0.017921	0.011985	0.006860	
0.009765	0.000139	0.001764	0.004674	0.001100	0.005423	0.023985	0.018840	0.015284	0.165787	0.037057	0.072424	0.002692	0.009640	0.001933	0.000139	0.005020	0.039720	0.013065	0.000139	0.028229	0.091377	0.020728	0.010348	0.002493	0.001664	0.000139	0.002387	0.002289	0.047897	0.000139	0.001249	0.029442	0.001898	0.020936	0.002745	0.031032	0.013174	0.005163	0.012547	0.007771	0.004813	0.034297	0.077124	0.079301	0.006831	0.008189	0.008130	0.015694	0.003388	
0.009712	0.000148	0.001763	0.024885	0.001304	0.005405	0.023578	0.019109	0.010010	0.127133	0.029295	0.043984	0.003218	0.009588	0.001317	0.000148	0.003327	0.031797	0.033360	0.000148	0.030175	0.073100	0.012729	0.006924	0.002979	0.001982	0.000148	0.009245	0.010418	0.053146	0.000148	0.000853	0.024033	0.010508	0.016777	0.003126	0.024863	0.013106	0.003420	0.027174	0.036596	0.027675	0.020780	0.072089	0.063445	0.004872	0.006585	0.047210	0.012610	0.004055	
0.005451	0.000145	0.001041	0.020671	0.001334	0.003080	0.013868	0.011704	0.006905	0.150693	0.033582	0.042762	0.003302	0.005382	0.000946	0.000145	0.002324	0.039051	0.023870	0.000145	0.029713	0.089827	0.012460	0.004885	0.003056	0.002031	0.000145	0.009065	0.010217	0.051690	0.000145	0.000696	0.029235	0.007929	0.020587	0.002855	0.030520	0.007353	0.002388	0.023735	0.035892	0.020827	0.020202	0.073422	0.077957	0.003656	0.008058	0.035504	0.015381	0.004164	
0.002946	0.000145	0.000618	0.014845	0.001393	0.001716	0.007702	0.007421	0.068751	0.119699	0.050494	0.040374	0.003457	0.002910	0.008274	0.000145	0.022255	0.029912	0.009934	0.000145	0.025670	0.068760	0.012814	0.045642	0.003199	0.002124	0.000145	0.011340	0.012869	0.062125	0.000145	0.003614	0.022797	0.002831	0.015785	0.002772	0.023396	0.003971	0.022906	0.016011	0.045303	0.007283	0.019049	0.053623	0.059679	0.028318	0.006200	0.012348	0.011786	0.004360	
0.003253	0.000132	0.000659	0.008657	0.013556	0.002297	0.008460	0.031062	0.010131	0.131000	0.028048	0.016634	0.035774	0.003212	0.001317	0.000132	0.003355	0.030604	0.024867	0.000132	0.021586	0.070373	0.005307	0.009959	0.032997	0.021425	0.000132	0.002673	0.002973	0.017817	0.000132	0.000696	0.037562	0.004068	0.016143	0.026297	0.024353	0.004810	0.003450	0.113450	0.010214	0.010590	0.007908	0.045463	0.061076	0.013371	0.006330	0.018012	0.012052	0.045495	
0.010164	0.000135	0.001828	0.006677	0.009248	0.005919	0.024191	0.035001	0.082296	0.082321	0.046676	0.013835	0.024331	0.010033	0.009870	0.000135	0.026613	0.018200	0.022769	0.000135	0.023957	0.041777	0.005704	0.056459	0.022446	0.014590	0.000135	0.003106	0.003493	0.023093	0.000135	0.004103	0.023679	0.002538	0.009627	0.018514	0.014534	0.013994	0.027392	0.076865	0.012054	0.006520	0.006582	0.029837	0.036266	0.039128	0.003809	0.011051	0.007308	0.030930	
0.007155	0.000139	0.001323	0.011624	0.012568	0.004394	0.017253	0.036013	0.031704	0.099499	0.029048	0.019896	0.033141	0.007064	0.003879	0.000139	0.010312	0.021145	0.022579	0.000139	0.018995	0.048560	0.006408	0.023933	0.030570	0.019854	0.000139	0.008975	0.010258	0.040771	0.000139	0.001741	0.029665	0.002144	0.011176	0.024687	0.016945	0.010044	0.010611	0.102230	0.036053	0.005468	0.009387	0.034583	0.042151	0.021277	0.004411	0.009250	0.008419	0.042142	
0.044159	0.000135	0.007568	0.005099	0.010119	0.024492	0.103196	0.096253	0.044219	0.036731	0.020985	0.008445	0.026643	0.043587	0.005358	0.000135	0.014342	0.004537	0.048912	0.000135	0.028236	0.010283	0.003285	0.031586	0.024578	0.015971	0.000135	0.003189	0.003623	0.017505	0.000135	0.002269	0.014974	0.001466	0.002448	0.022844	0.003912	0.059940	0.014760	0.081151	0.012513	0.003671	0.004032	0.015429	0.008940	0.024570	0.001030	0.006181	0.002423	0.033873	
0.049845	0.000138	0.008530	0.006037	0.003532	0.027368	0.116427	0.093724	0.078586	0.023650	0.033190	0.015095	0.009150	0.049200	0.009433	0.000138	0.025420	0.002790	0.049249	0.000138	0.033907	0.006250	0.005719	0.052636	0.008447	0.005522	0.000138	0.002770	0.003095	0.022451	0.000138	0.003937	0.006005	0.002342	0.001531	0.010565	0.002322	0.067392	0.026164	0.030792	0.010632	0.005995	0.007183	0.019024	0.005441	0.033709	0.000677	0.010152	0.001817	0.011607	
0.032822	0.000144	0.005661	0.005067	0.009729	0.018299	0.076636	0.075616	0.008371	0.066264	0.005786	0.090712	0.025594	0.032398	0.001119	0.000144	0.002795	0.003103	0.040218	0.000144	0.019101	0.006964	0.024947	0.007877	0.023611	0.015348	0.000144	0.002925	0.002797	0.059056	0.000144	0.001026	0.013488	0.001886	0.001698	0.021200	0.002781	0.044612	0.002873	0.078431	0.009560	0.004774	0.042942	0.052042	0.006062	0.010029	0.000746	0.008059	0.001722	0.032535	
0.054771	0.000152	0.009373	0.015271	0.001538	0.029992	0.127939	0.098541	0.007737	0.041269	0.005689	0.060624	0.003833	0.054061	0.001051	0.000152	0.002596	0.003298	0.050280	0.000152	0.029411	0.007405	0.016702	0.005483	0.003546	0.002351	0.000152	0.013436	0.015171	0.075086	0.000152	0.000838	0.004017	0.001902	0.001805	0.007085	0.002653	0.073971	0.002668	0.013998	0.053455	0.004804	0.028605	0.040592	0.006445	0.004128	0.000792	0.008105	0.002088	0.004837	
0.026378	0.000153	0.004581	0.039108	0.002141	0.014526	0.061589	0.049902	0.058113	0.020680	0.027126	0.007006	0.005430	0.026038	0.007020	0.000153	0.018832	0.003993	0.071880	0.000153	0.035846	0.009005	0.003137	0.038815	0.005019	0.003306	0.000153	0.007025	0.008076	0.029616	0.000153	0.002936	0.005217	0.020791	0.002171	0.006035	0.003216	0.035643	0.019381	0.048680	0.028270	0.054990	0.003320	0.048266	0.007833	0.024598	0.000934	0.093907	0.001991	0.006869	
0.033055	0.000142	0.005699	0.011524	0.002737	0.018184	0.077329	0.062767	0.092358	0.039313	0.042336	0.019475	0.007032	0.032627	0.011068	0.000142	0.029861	0.007468	0.038089	0.000142	0.030923	0.017030	0.007231	0.061517	0.006495	0.004258	0.000142	0.006189	0.007030	0.036488	0.000142	0.004617	0.008400	0.003776	0.003991	0.007717	0.005944	0.044685	0.030735	0.027063	0.024586	0.009797	0.009219	0.026620	0.014794	0.038643	0.001632	0.016649	0.003426	0.008911	
0.002713	0.000164	0.000594	0.060108	0.002293	0.001628	0.006330	0.008672	0.015642	0.043835	0.013059	0.045484	0.005817	0.002680	0.001998	0.000164	0.005152	0.006244	0.088990	0.000164	0.033902	0.014180	0.012855	0.010874	0.005376	0.003541	0.000164	0.003703	0.003981	0.037165	0.000164	0.001143	0.006988	0.036310	0.003359	0.004474	0.004978	0.003680	0.005299	0.074087	0.013711	0.096209	0.021557	0.094757	0.012325	0.007794	0.001400	0.164370	0.002567	0.007359	
0.005868	0.000163	0.001126	0.048357	0.001127	0.003308	0.013549	0.011994	0.094878	0.014698	0.039734	0.016860	0.002722	0.005794	0.011385	0.000163	0.030687	0.001585	0.055141	0.000163	0.028815	0.003442	0.006423	0.062791	0.002523	0.001692	0.000163	0.016043	0.018467	0.065749	0.000163	0.004741	0.002306	0.021240	0.000910	0.002469	0.001305	0.007902	0.031585	0.041382	0.065123	0.056166	0.007888	0.049292	0.003008	0.038534	0.000452	0.095911	0.000792	0.003420	
0.025775	0.000162	0.004486	0.045171	0.001037	0.014163	0.060120	0.046728	0.006416	0.036836	0.005902	0.060074	0.002486	0.025442	0.000903	0.000162	0.002177	0.002627	0.077673	0.000162	0.032368	0.005843	0.016553	0.004493	0.002305	0.001550	0.000162	0.008494	0.009443	0.059328	0.000162	0.000783	0.002943	0.023941	0.001457	0.003848	0.002114	0.034787	0.002237	0.044564	0.033100	0.063345	0.028404	0.077505	0.005091	0.003255	0.000663	0.108185	0.001455	0.003120	
