0.496520	0.003827	0.052825	0.001039	0.016727	0.020794	0.040217	0.104157	0.051732	0.090264	0.014829	0.034255	0.038302	0.028174	0.006338	
0.492267	0.005361	0.032961	0.001152	0.012243	0.013579	0.031494	0.128169	0.040613	0.105344	0.016020	0.029720	0.026197	0.046788	0.018090	
0.502805	0.004584	0.033205	0.000813	0.016971	0.019140	0.056634	0.125903	0.033316	0.104865	0.013261	0.027013	0.029025	0.023781	0.008684	
0.459401	0.001737	0.034920	0.006829	0.031251	0.033269	0.056941	0.025281	0.142658	0.029426	0.016378	0.095222	0.039816	0.020501	0.006370	
0.333722	0.001663	0.081248	0.004011	0.044656	0.061776	0.195486	0.026773	0.128963	0.022758	0.004948	0.040966	0.019322	0.024707	0.009003	
0.382250	0.002116	0.100368	0.005257	0.021025	0.040414	0.054421	0.044936	0.167172	0.038471	0.005899	0.055607	0.023188	0.049750	0.009124	
0.313776	0.001170	0.115471	0.002362	0.045250	0.068341	0.208001	0.014380	0.123973	0.013355	0.006419	0.030756	0.026245	0.026028	0.004474	
0.352034	0.004507	0.125859	0.000729	0.012208	0.031403	0.045896	0.075966	0.106538	0.061459	0.013511	0.012525	0.025874	0.102225	0.029266	
0.270553	0.005790	0.127823	0.001227	0.017652	0.033306	0.065482	0.036442	0.119469	0.027876	0.025816	0.023452	0.025603	0.161546	0.057963	
0.286927	0.001331	0.232552	0.000832	0.009881	0.051867	0.029090	0.017419	0.187928	0.016931	0.006393	0.013254	0.038450	0.098873	0.008272	
0.266846	0.001768	0.240618	0.000813	0.007340	0.050955	0.021513	0.017577	0.194800	0.015495	0.007071	0.010331	0.035118	0.115460	0.014295	
0.338559	0.003038	0.130540	0.000884	0.028760	0.048840	0.111218	0.011411	0.107868	0.010948	0.025916	0.046905	0.040023	0.075766	0.019324	
0.412719	0.002888	0.121990	0.001054	0.017389	0.034432	0.038615	0.040373	0.103881	0.037857	0.022695	0.048667	0.046530	0.061227	0.009684	
0.375095	0.002834	0.147946	0.000676	0.016384	0.036730	0.033848	0.026294	0.117909	0.027143	0.023336	0.041963	0.049517	0.084392	0.015932	
0.469563	0.003496	0.067556	0.000822	0.026338	0.032538	0.074226	0.035854	0.054280	0.033664	0.035967	0.076186	0.051354	0.031456	0.006702	
0.579444	0.000887	0.018420	0.000716	0.031048	0.006151	0.011595	0.089701	0.021448	0.109979	0.003711	0.008423	0.095992	0.016694	0.005791	
0.561036	0.001732	0.020355	0.000609	0.028217	0.006273	0.014466	0.096650	0.021563	0.110660	0.005683	0.007934	0.086059	0.027891	0.010872	
0.514142	0.002170	0.034627	0.000702	0.029915	0.011757	0.030665	0.075116	0.034386	0.089671	0.011453	0.015116	0.081835	0.049166	0.019279	
0.383698	0.004699	0.054831	0.003503	0.021633	0.015547	0.022053	0.054763	0.105302	0.056465	0.018944	0.036438	0.044636	0.126103	0.051385	
0.346741	0.004327	0.047023	0.008522	0.022907	0.028327	0.032404	0.019199	0.189120	0.015285	0.020780	0.094511	0.015773	0.109938	0.045143	
0.126716	0.011765	0.111986	0.000890	0.006497	0.007368	0.012886	0.033021	0.111966	0.018904	0.049434	0.011097	0.013046	0.341645	0.142777	
0.387090	0.002425	0.040141	0.008772	0.029984	0.038434	0.072709	0.030347	0.186024	0.026224	0.008282	0.088717	0.014893	0.046908	0.019051	
0.405366	0.003352	0.054626	0.005699	0.022914	0.033392	0.064249	0.063055	0.140848	0.051225	0.009589	0.061857	0.016470	0.049799	0.017559	
0.344530	0.003203	0.077508	0.004064	0.031709	0.038733	0.098033	0.031081	0.130236	0.031514	0.013622	0.043194	0.032542	0.086778	0.033254	
