0.003999	0.006944	0.049360	0.004265	0.009699	0.075472	0.005734	0.046628	0.001744	0.072992	0.000538	0.063832	0.020239	0.003961	0.002459	0.020657	0.002082	0.003455	0.044766	0.004515	0.001387	0.007041	0.002833	0.002814	0.006152	0.002155	0.091066	0.001534	0.012250	0.032101	0.007035	0.028401	0.000904	0.001270	0.000575	0.004450	0.050484	0.078987	0.000174	0.004555	0.024831	0.005669	0.008244	0.004334	0.001909	0.000578	0.007388	0.143952	0.010882	0.012705	
0.006482	0.019066	0.020263	0.009145	0.021390	0.028591	0.020512	0.036543	0.001574	0.050451	0.000859	0.024583	0.029420	0.010695	0.004258	0.007554	0.001919	0.006960	0.020418	0.010993	0.002166	0.020154	0.004555	0.003975	0.013982	0.003957	0.032967	0.003513	0.027836	0.077975	0.016472	0.067454	0.002865	0.004217	0.001288	0.010695	0.097546	0.045044	0.000162	0.007427	0.033989	0.005103	0.003892	0.012144	0.006583	0.000936	0.026859	0.052957	0.039307	0.042300	
0.005021	0.005624	0.029770	0.004902	0.014667	0.045781	0.025576	0.032025	0.002566	0.071288	0.000909	0.038225	0.020982	0.003322	0.004019	0.011965	0.003106	0.006188	0.031334	0.005511	0.001702	0.023650	0.003539	0.002425	0.007036	0.004236	0.052543	0.001687	0.018477	0.036614	0.006833	0.031743	0.003533	0.005219	0.000479	0.004959	0.098974	0.047585	0.000161	0.010534	0.020842	0.008580	0.005024	0.015126	0.008170	0.000992	0.033461	0.084625	0.048229	0.050242	
0.009594	0.117005	0.006427	0.040804	0.011543	0.009004	0.002524	0.012252	0.004273	0.006477	0.000615	0.003688	0.073327	0.065719	0.004332	0.000927	0.005104	0.013790	0.012476	0.050248	0.003149	0.008413	0.006717	0.001765	0.008491	0.002653	0.003575	0.001717	0.096103	0.037698	0.083138	0.073661	0.000444	0.000587	0.007311	0.005060	0.022012	0.116376	0.000157	0.008997	0.014234	0.014563	0.000891	0.004062	0.000839	0.000666	0.002993	0.009901	0.004659	0.009040	
0.009319	0.068874	0.007092	0.027660	0.035853	0.008713	0.016769	0.004665	0.003243	0.025904	0.003202	0.011368	0.055278	0.039658	0.012895	0.001266	0.004169	0.028884	0.021579	0.040676	0.003057	0.037956	0.006524	0.000583	0.004131	0.016766	0.005103	0.000514	0.108397	0.014664	0.051406	0.038314	0.002345	0.003442	0.004360	0.001292	0.051448	0.071962	0.000150	0.010009	0.004014	0.010976	0.000673	0.016274	0.005362	0.003541	0.021821	0.011200	0.031252	0.035394	
0.004529	0.067407	0.007261	0.027564	0.028085	0.015335	0.017224	0.010958	0.005169	0.030235	0.002285	0.012259	0.039225	0.038510	0.008487	0.002326	0.006357	0.021907	0.024027	0.036471	0.001540	0.030700	0.003195	0.001290	0.005009	0.011761	0.009799	0.001154	0.090325	0.026816	0.047206	0.043625	0.002394	0.003515	0.004270	0.003299	0.059681	0.073076	0.000152	0.014001	0.010236	0.017709	0.001254	0.015265	0.005476	0.002521	0.022289	0.020596	0.032102	0.034123	
0.023542	0.047128	0.018882	0.025998	0.027268	0.030890	0.003133	0.010601	0.012978	0.016968	0.002333	0.015802	0.094756	0.027038	0.013988	0.003439	0.015654	0.020489	0.043367	0.028188	0.007567	0.020668	0.016410	0.001010	0.009335	0.012035	0.014746	0.000804	0.076054	0.022318	0.046497	0.049112	0.000459	0.000614	0.003011	0.002207	0.016484	0.061596	0.000150	0.026752	0.007911	0.045050	0.001570	0.011873	0.000884	0.002575	0.003204	0.036683	0.004705	0.015273	
0.003201	0.010070	0.003255	0.021067	0.028166	0.037524	0.012824	0.032851	0.023639	0.023399	0.001015	0.004548	0.013693	0.005619	0.003886	0.000866	0.028189	0.007392	0.056113	0.008065	0.001118	0.015231	0.002271	0.004775	0.017400	0.004855	0.003323	0.004731	0.024872	0.105389	0.008268	0.081928	0.001679	0.002442	0.000717	0.014545	0.077210	0.012241	0.000151	0.050419	0.040508	0.082358	0.001728	0.018138	0.003779	0.001111	0.015237	0.030218	0.023039	0.024937	
0.002944	0.009736	0.004289	0.022179	0.038844	0.039476	0.004176	0.036645	0.023756	0.013769	0.001819	0.008128	0.012822	0.005668	0.006487	0.001368	0.028418	0.013325	0.060626	0.011171	0.001039	0.015807	0.002094	0.005231	0.018830	0.009220	0.005542	0.005155	0.039660	0.116093	0.007837	0.088649	0.000527	0.000714	0.000696	0.015870	0.057243	0.013648	0.000154	0.048779	0.044490	0.082762	0.002038	0.015788	0.001041	0.002004	0.003842	0.033807	0.006857	0.008935	
0.010455	0.021203	0.008541	0.032981	0.007586	0.064662	0.011227	0.005879	0.040020	0.027007	0.000644	0.006065	0.042000	0.012027	0.004723	0.001648	0.047641	0.005748	0.091798	0.010838	0.003408	0.010973	0.007309	0.000668	0.004720	0.002901	0.006846	0.000574	0.025996	0.012569	0.020793	0.024778	0.001340	0.001942	0.001418	0.001512	0.031511	0.027713	0.000136	0.083236	0.004896	0.139730	0.000828	0.023507	0.002995	0.000700	0.012022	0.053262	0.017263	0.021762	
0.010479	0.009363	0.011685	0.030620	0.009559	0.072298	0.005750	0.014646	0.041919	0.024564	0.000495	0.009824	0.038103	0.005256	0.004224	0.003005	0.049882	0.003566	0.097915	0.005425	0.003418	0.005613	0.007327	0.001677	0.008016	0.002074	0.012857	0.001498	0.014519	0.033111	0.012932	0.035927	0.000599	0.000829	0.000686	0.004408	0.025957	0.020992	0.000139	0.085887	0.013765	0.146368	0.001602	0.021325	0.001232	0.000534	0.004682	0.064683	0.007024	0.011740	
0.002639	0.033010	0.004283	0.040556	0.009337	0.072246	0.005477	0.004784	0.045696	0.019874	0.000835	0.005838	0.020492	0.018780	0.003167	0.001415	0.054414	0.008214	0.104461	0.016500	0.000930	0.008706	0.001876	0.000556	0.002082	0.003940	0.005810	0.000476	0.038514	0.009322	0.023390	0.019943	0.000534	0.000733	0.002150	0.001204	0.013203	0.036595	0.000136	0.093474	0.003897	0.159596	0.000713	0.023554	0.001081	0.000912	0.004065	0.057709	0.005853	0.007029	
0.004394	0.009851	0.006730	0.011182	0.031543	0.018102	0.032731	0.021431	0.007518	0.050204	0.002027	0.010988	0.017956	0.005986	0.007597	0.002122	0.009124	0.014938	0.027695	0.011853	0.001496	0.037623	0.003100	0.002855	0.010614	0.010369	0.008903	0.002732	0.042974	0.062076	0.009102	0.050193	0.004443	0.006590	0.000720	0.008265	0.118195	0.017068	0.000150	0.022116	0.023884	0.025938	0.001627	0.023188	0.010347	0.002235	0.042547	0.021711	0.061532	0.063436	
0.007362	0.021643	0.005816	0.016699	0.012288	0.023411	0.038392	0.009040	0.013508	0.055513	0.000853	0.004925	0.031807	0.012317	0.004537	0.001111	0.016121	0.007301	0.033977	0.011902	0.002431	0.032134	0.005161	0.001244	0.005975	0.004013	0.004440	0.001184	0.029798	0.025992	0.018975	0.031511	0.005150	0.007654	0.001448	0.003416	0.117558	0.025528	0.000142	0.035472	0.009824	0.046922	0.000803	0.025867	0.012036	0.000932	0.049595	0.021149	0.071176	0.073947	
0.005725	0.016322	0.006279	0.013480	0.013072	0.021454	0.045788	0.005320	0.010897	0.066340	0.001165	0.007371	0.024683	0.009499	0.005123	0.001646	0.013051	0.009180	0.030639	0.010913	0.001911	0.039689	0.004023	0.000592	0.003051	0.005721	0.006823	0.000498	0.031536	0.010755	0.014454	0.017023	0.006153	0.009159	0.001127	0.001264	0.132919	0.022108	0.000141	0.031794	0.004196	0.037788	0.000807	0.029034	0.014419	0.001279	0.059510	0.022085	0.085164	0.087029	
0.071763	0.016282	0.037620	0.008293	0.021736	0.007736	0.003377	0.006371	0.001718	0.009352	0.001884	0.009109	0.241794	0.009252	0.026031	0.001620	0.002210	0.014426	0.013574	0.013439	0.022853	0.016805	0.049928	0.000755	0.022956	0.009614	0.006694	0.000662	0.044114	0.026767	0.058175	0.081381	0.000565	0.000775	0.001077	0.001772	0.015596	0.035748	0.000145	0.004029	0.005580	0.005653	0.000846	0.006238	0.001142	0.002077	0.004293	0.012065	0.006226	0.037883	
0.061068	0.014285	0.032058	0.006837	0.013596	0.007266	0.008875	0.018468	0.001899	0.015875	0.000514	0.004971	0.205752	0.007602	0.018454	0.001418	0.002271	0.004016	0.007913	0.007329	0.019464	0.009359	0.042495	0.002564	0.026322	0.002139	0.005782	0.002485	0.017408	0.063847	0.049601	0.100197	0.001300	0.001876	0.000950	0.007491	0.048326	0.030492	0.000149	0.005580	0.021299	0.006274	0.001292	0.005920	0.002883	0.000555	0.011519	0.010826	0.017081	0.044056	
0.048808	0.015667	0.046732	0.006731	0.010196	0.038097	0.003001	0.021059	0.001395	0.036395	0.000919	0.033144	0.168231	0.008756	0.016346	0.010291	0.001714	0.007140	0.025619	0.009389	0.015582	0.008636	0.033975	0.001159	0.015715	0.004310	0.045129	0.000526	0.025609	0.017990	0.042568	0.057058	0.000527	0.000712	0.001069	0.001318	0.022339	0.060605	0.000156	0.003278	0.009710	0.004491	0.004062	0.003751	0.001037	0.001004	0.003817	0.071790	0.005498	0.026949	
0.039160	0.013089	0.035883	0.012542	0.007727	0.044477	0.005346	0.020775	0.012198	0.032889	0.000454	0.023676	0.134880	0.007165	0.012103	0.007580	0.014516	0.003486	0.041959	0.006588	0.012520	0.006056	0.027267	0.001660	0.015297	0.001801	0.033116	0.001195	0.015492	0.030847	0.034416	0.058312	0.000761	0.001066	0.000907	0.003433	0.030990	0.046520	0.000151	0.025650	0.013892	0.042313	0.003235	0.008434	0.001599	0.000488	0.006171	0.064564	0.009060	0.026292	
0.020745	0.015641	0.013189	0.015450	0.082511	0.008748	0.006729	0.006855	0.002578	0.013638	0.007273	0.022648	0.073765	0.011031	0.029669	0.001553	0.003830	0.054504	0.037426	0.034975	0.006680	0.062731	0.014466	0.000845	0.008346	0.038929	0.006374	0.000757	0.144621	0.028448	0.023933	0.036139	0.001010	0.001441	0.001080	0.002058	0.025734	0.024861	0.000150	0.006489	0.006317	0.008650	0.000849	0.020186	0.002193	0.008064	0.008646	0.012477	0.012476	0.022289	
0.028583	0.021780	0.015464	0.019660	0.036330	0.023568	0.011795	0.006332	0.014077	0.020431	0.003119	0.010125	0.101601	0.013032	0.018040	0.000919	0.017050	0.024157	0.044150	0.020883	0.009161	0.032309	0.019912	0.000889	0.010958	0.016346	0.003587	0.000841	0.071934	0.025371	0.033160	0.046272	0.001601	0.002330	0.001445	0.002335	0.038615	0.029694	0.000143	0.030859	0.006706	0.048910	0.000634	0.018286	0.003605	0.003450	0.014536	0.020421	0.020930	0.033663	
0.023561	0.009764	0.013573	0.015703	0.074899	0.014200	0.005044	0.010071	0.007248	0.011025	0.006387	0.019122	0.080781	0.007371	0.027510	0.001138	0.009287	0.047394	0.043135	0.029049	0.007572	0.054084	0.016423	0.001396	0.011235	0.034113	0.004540	0.001334	0.123890	0.040605	0.021879	0.046170	0.000752	0.001054	0.000711	0.003874	0.025374	0.018204	0.000149	0.015572	0.011097	0.024995	0.000859	0.019383	0.001583	0.007080	0.006110	0.014603	0.009015	0.020080	
0.009384	0.019857	0.006980	0.014626	0.066494	0.006488	0.021879	0.008290	0.001891	0.032092	0.005737	0.017659	0.037822	0.012940	0.021366	0.001204	0.002842	0.043457	0.028949	0.030657	0.003077	0.060774	0.006569	0.001123	0.006096	0.030573	0.004828	0.001057	0.119264	0.030923	0.019150	0.031506	0.003034	0.004477	0.001344	0.003004	0.071277	0.025100	0.000149	0.008381	0.008724	0.006245	0.000804	0.023807	0.007002	0.006358	0.028641	0.009326	0.041163	0.045608	
0.011092	0.024304	0.009760	0.019389	0.048883	0.022106	0.005420	0.027574	0.010385	0.015025	0.003252	0.013899	0.045100	0.014390	0.013544	0.002060	0.012669	0.025268	0.038795	0.022735	0.003623	0.029124	0.007758	0.003770	0.015840	0.017013	0.008604	0.003651	0.076660	0.085732	0.022962	0.076551	0.000787	0.001103	0.001600	0.011141	0.049048	0.032048	0.000156	0.021993	0.031804	0.035958	0.001868	0.013910	0.001655	0.003596	0.006390	0.024298	0.010071	0.015637	
