0	0	0	0	57	0	81	
0	0	0	80	0	0	0	
0	0	0	0	0	40	0	
203	68	0	0	37	73	0	
167	0	0	0	0	0	3	
0	0	0	0	90	1	0	
0	0	0	0	0	50	0	
43	2	0	151	35	0	9	
0	0	0	0	0	0	212	
0	0	0	220	0	0	0	
0	0	46	0	0	0	0	
0	0	0	0	0	0	0	
79	0	3	0	0	0	111	
0	0	0	0	0	0	0	
0	0	0	0	109	0	0	
1	0	0	72	0	0	0	
0	221	1	0	0	0	0	
0	0	0	0	0	0	40	
0	0	0	0	0	0	170	
19	24	0	0	0	0	0	
183	0	0	1	120	0	0	
0	0	41	0	0	119	1	
0	0	75	0	0	1	0	
11	0	0	37	38	0	0	
0	72	0	0	0	0	0	
0	0	0	0	0	0	0	
26	0	0	0	0	0	0	
0	0	0	0	75	0	0	
0	17	0	64	0	0	0	
0	10	0	32	0	1	0	
0	0	11	0	27	0	0	
0	0	48	0	0	0	0	
0	0	157	0	0	0	0	
0	0	0	70	0	0	0	
0	0	0	0	0	40	0	
0	38	1	0	0	111	0	
0	0	0	0	38	0	0	
0	12	1	0	0	0	0	
0	0	0	0	35	0	0	
0	0	0	0	0	0	0	
0	57	0	0	1	0	0	
0	26	0	0	0	42	0	
0	0	0	0	98	0	0	
22	0	0	0	0	0	0	
0	0	159	0	37	0	0	
83	0	0	0	0	0	0	
0	0	0	33	0	25	0	
35	0	0	0	0	0	0	
0	0	0	48	0	0	0	
0	41	0	0	0	0	0	
