0.053424	0.002953	0.014248	0.005346	0.020659	0.000916	0.013069	0.012233	0.030996	0.100335	0.018893	0.031482	0.038672	0.053356	0.009119	0.000562	0.002848	0.002172	0.070222	0.001622	0.029197	0.004264	0.009550	0.008576	0.070667	0.002554	0.005832	0.003716	0.004407	0.038923	0.002100	0.007367	0.019989	0.001741	0.001013	0.000915	0.009409	0.060409	0.007012	0.113067	0.008490	0.004613	0.018588	0.009210	0.004852	0.009431	0.001330	0.008328	0.000980	0.050344	
0.055677	0.002959	0.010394	0.004568	0.015048	0.000922	0.170782	0.159747	0.009496	0.021215	0.003597	0.006707	0.007164	0.038782	0.006672	0.000571	0.000653	0.002165	0.054622	0.019681	0.021982	0.004238	0.001909	0.038844	0.051346	0.021525	0.001548	0.003432	0.001654	0.012325	0.002574	0.001470	0.003766	0.002100	0.001017	0.010343	0.002518	0.043901	0.003761	0.081084	0.006654	0.003292	0.003570	0.005346	0.003861	0.022643	0.001622	0.010266	0.000986	0.039001	
0.050908	0.004970	0.012552	0.013193	0.018187	0.001451	0.049011	0.045851	0.024442	0.054881	0.010320	0.017724	0.020232	0.046930	0.008043	0.000856	0.001619	0.003561	0.076396	0.005744	0.028006	0.007078	0.005290	0.027129	0.062147	0.006648	0.003454	0.012008	0.004015	0.038088	0.009007	0.003918	0.010499	0.007220	0.001614	0.003070	0.005952	0.053130	0.008960	0.081836	0.014088	0.007598	0.010216	0.010844	0.006838	0.015380	0.005519	0.037178	0.001559	0.044842	
0.009602	0.008927	0.000980	0.015071	0.001362	0.001082	0.061107	0.057164	0.025294	0.071617	0.070640	0.112903	0.004203	0.003309	0.000675	0.000650	0.010309	0.002612	0.013106	0.007117	0.010548	0.005163	0.035430	0.027998	0.004339	0.007808	0.019159	0.009570	0.015343	0.138737	0.004354	0.000902	0.002892	0.003634	0.001200	0.003780	0.002049	0.003729	0.023244	0.029529	0.022193	0.014257	0.069459	0.025230	0.004593	0.011486	0.002694	0.017761	0.001160	0.004028	
0.005832	0.005174	0.001308	0.039761	0.001820	0.001528	0.014534	0.013606	0.026092	0.054017	0.006693	0.010903	0.021389	0.004435	0.000897	0.000910	0.001119	0.003719	0.087192	0.001822	0.007207	0.007370	0.003493	0.064438	0.005819	0.002407	0.001985	0.052476	0.003658	0.089206	0.040974	0.004156	0.011068	0.032420	0.001696	0.001037	0.006280	0.004998	0.009117	0.069784	0.015051	0.008203	0.006667	0.010559	0.008089	0.027379	0.024904	0.170775	0.001640	0.004392	
0.005990	0.022413	0.001437	0.040222	0.002023	0.001340	0.010646	0.009967	0.064036	0.052210	0.039068	0.062586	0.006872	0.005011	0.000968	0.000794	0.005761	0.003278	0.033667	0.001349	0.025126	0.006507	0.019658	0.047973	0.006593	0.001594	0.010685	0.019817	0.017627	0.114424	0.013838	0.001409	0.003954	0.011394	0.001489	0.000775	0.002911	0.005655	0.042705	0.025639	0.054598	0.037380	0.038779	0.030108	0.006089	0.011478	0.008445	0.057397	0.001440	0.004874	
0.004987	0.048688	0.001185	0.064975	0.001660	0.002307	0.009679	0.009062	0.133616	0.025041	0.006606	0.010918	0.004783	0.004085	0.000805	0.001313	0.001072	0.005830	0.011185	0.001231	0.051371	0.011701	0.003463	0.065401	0.005369	0.001422	0.001928	0.004365	0.026254	0.065037	0.003167	0.001010	0.002571	0.003529	0.002578	0.000709	0.003503	0.004608	0.083341	0.016101	0.117904	0.081528	0.007487	0.047266	0.010041	0.008067	0.001974	0.012799	0.002488	0.003990	
0.014984	0.007081	0.001074	0.010700	0.001492	0.011291	0.109688	0.102603	0.021551	0.055872	0.011163	0.019665	0.012979	0.003624	0.000739	0.006187	0.001742	0.029388	0.015313	0.012688	0.007507	0.059551	0.006123	0.034198	0.004752	0.014045	0.003160	0.007002	0.004447	0.033031	0.005036	0.002559	0.006806	0.004104	0.012683	0.006694	0.015024	0.004083	0.010055	0.063416	0.043712	0.008575	0.011055	0.050413	0.050355	0.040840	0.003113	0.020568	0.012219	0.005049	
0.005986	0.007364	0.000765	0.009231	0.001047	0.015176	0.034215	0.032012	0.024975	0.084783	0.026946	0.045484	0.017762	0.002483	0.000540	0.008287	0.004011	0.039601	0.008639	0.004044	0.006748	0.080309	0.014172	0.016693	0.003244	0.004750	0.007389	0.005035	0.006961	0.056655	0.002772	0.003448	0.009395	0.002323	0.017055	0.002179	0.020282	0.002793	0.012328	0.051437	0.055315	0.008870	0.026538	0.069297	0.067787	0.040726	0.001737	0.011131	0.016429	0.002851	
0.008193	0.004487	0.002076	0.010664	0.002952	0.015461	0.009223	0.008636	0.011643	0.069447	0.032852	0.055076	0.008365	0.007420	0.001375	0.008443	0.004865	0.040344	0.026685	0.001187	0.006215	0.081816	0.017138	0.016713	0.009785	0.001448	0.009041	0.013123	0.006419	0.075020	0.008860	0.001689	0.004657	0.007062	0.017375	0.000690	0.018534	0.008383	0.008302	0.027619	0.049675	0.004164	0.032273	0.069513	0.068938	0.040293	0.005428	0.036578	0.016737	0.007117	
0.005996	0.004956	0.001269	0.010933	0.001777	0.019605	0.016723	0.015651	0.009604	0.058502	0.019726	0.034739	0.005439	0.004367	0.000863	0.010689	0.002975	0.051216	0.024209	0.002048	0.004654	0.103901	0.010749	0.018906	0.005738	0.002323	0.005472	0.013157	0.004356	0.053191	0.009483	0.001143	0.003039	0.007551	0.022036	0.001141	0.022382	0.004925	0.006511	0.022150	0.061375	0.004017	0.019397	0.083059	0.087328	0.050164	0.005807	0.039172	0.021226	0.004360	
0.004148	0.003935	0.000995	0.006452	0.001383	0.013648	0.008400	0.007866	0.009529	0.082081	0.056308	0.092121	0.006315	0.003363	0.000684	0.007457	0.008242	0.035598	0.011809	0.001086	0.003882	0.072181	0.028787	0.009455	0.004411	0.001297	0.015301	0.008209	0.009857	0.106741	0.003934	0.001298	0.003832	0.003173	0.015336	0.000634	0.016124	0.003790	0.010690	0.019190	0.043751	0.003626	0.055271	0.067081	0.060669	0.033549	0.002440	0.016005	0.014774	0.003292	
0.003891	0.002518	0.000811	0.004694	0.001112	0.001787	0.012595	0.011790	0.074796	0.246632	0.003493	0.005821	0.112337	0.002651	0.000569	0.001035	0.000630	0.004451	0.007768	0.001572	0.003594	0.008891	0.001888	0.008143	0.003465	0.004033	0.001078	0.003134	0.001758	0.011999	0.002342	0.021183	0.057443	0.001921	0.001992	0.000890	0.026465	0.002983	0.004160	0.257994	0.009727	0.003698	0.003472	0.008966	0.011029	0.021387	0.001478	0.009327	0.001923	0.002686	
0.007644	0.006830	0.001111	0.015700	0.001546	0.006530	0.038137	0.035680	0.050925	0.137380	0.003508	0.006657	0.057695	0.003762	0.000764	0.003608	0.000639	0.016889	0.024968	0.004501	0.007933	0.034154	0.002097	0.028125	0.004936	0.006078	0.001101	0.013049	0.003634	0.029521	0.010134	0.010944	0.029557	0.008136	0.007327	0.002423	0.019648	0.004240	0.010292	0.145799	0.031638	0.009755	0.003562	0.030483	0.030677	0.031020	0.006203	0.041886	0.007061	0.004112	
0.013613	0.006437	0.002294	0.007967	0.003269	0.008331	0.053432	0.049986	0.047662	0.137198	0.005672	0.010524	0.055421	0.008241	0.001514	0.004581	0.000945	0.021628	0.013914	0.006246	0.009516	0.043790	0.003251	0.018811	0.010874	0.007927	0.001733	0.002499	0.003603	0.017617	0.001745	0.010512	0.028414	0.001511	0.009354	0.003330	0.021104	0.009314	0.009382	0.143566	0.035238	0.008587	0.005670	0.037562	0.038405	0.032310	0.001116	0.006825	0.009013	0.008549	
0.065193	0.004990	0.015797	0.006936	0.022911	0.001012	0.071235	0.066637	0.023847	0.048351	0.005217	0.009806	0.019408	0.059188	0.010107	0.000616	0.000879	0.002415	0.076766	0.008282	0.034137	0.004753	0.002719	0.021127	0.078394	0.009391	0.002224	0.002123	0.003209	0.015713	0.001470	0.003759	0.010027	0.001281	0.001120	0.004392	0.005297	0.067013	0.008264	0.088347	0.012759	0.007539	0.005211	0.008014	0.004640	0.013084	0.000949	0.005676	0.001084	0.056693	
0.057597	0.010016	0.013499	0.013992	0.019567	0.001597	0.079530	0.074396	0.028223	0.024022	0.011415	0.019588	0.004880	0.050517	0.008644	0.000933	0.001773	0.003951	0.067681	0.009231	0.034910	0.007875	0.005842	0.029861	0.066903	0.010120	0.003788	0.003494	0.006721	0.032837	0.002266	0.001035	0.002672	0.002010	0.001778	0.004887	0.002753	0.057193	0.017431	0.054775	0.025802	0.015829	0.011392	0.015429	0.006819	0.013704	0.001432	0.009006	0.001717	0.048668	
0.051416	0.002565	0.013772	0.005047	0.019968	0.001749	0.010591	0.009915	0.025036	0.091433	0.026187	0.043220	0.031087	0.051564	0.008816	0.001013	0.003899	0.004359	0.068585	0.001338	0.027810	0.008709	0.013232	0.007923	0.068291	0.002087	0.007774	0.004525	0.005279	0.051685	0.002406	0.005945	0.016187	0.001971	0.001950	0.000766	0.008652	0.058379	0.007104	0.094686	0.009778	0.003804	0.025731	0.013682	0.008339	0.010121	0.001514	0.009607	0.001883	0.048622	
0.032923	0.003891	0.007647	0.005895	0.011060	0.001935	0.049331	0.046150	0.012365	0.065588	0.059389	0.095692	0.005567	0.028466	0.004917	0.001112	0.008685	0.004852	0.038094	0.005768	0.017727	0.009715	0.029839	0.015296	0.037680	0.006371	0.016432	0.005030	0.010964	0.108607	0.001296	0.001157	0.003479	0.001119	0.002159	0.003076	0.003271	0.032220	0.013153	0.038361	0.012892	0.005678	0.058318	0.022310	0.008349	0.010784	0.000840	0.004977	0.002084	0.027493	
0.028324	0.020579	0.006443	0.028488	0.009305	0.004438	0.047959	0.044866	0.065054	0.054923	0.005453	0.009904	0.019131	0.023901	0.004154	0.002471	0.000912	0.011412	0.037188	0.005618	0.032186	0.023034	0.002979	0.038418	0.031629	0.006489	0.001862	0.004963	0.011202	0.035374	0.003690	0.003706	0.009888	0.003348	0.004975	0.003001	0.008949	0.027050	0.034392	0.067547	0.057943	0.033319	0.005760	0.033409	0.019980	0.019146	0.002294	0.014965	0.004796	0.023184	
0.024572	0.009383	0.005652	0.016614	0.008153	0.008458	0.039974	0.037399	0.025586	0.048938	0.025436	0.042397	0.006293	0.020911	0.003651	0.004650	0.003796	0.021961	0.040712	0.004706	0.018767	0.044466	0.013139	0.027526	0.027665	0.005230	0.007207	0.010773	0.008205	0.065032	0.007350	0.001301	0.003528	0.005989	0.009497	0.002526	0.010495	0.023663	0.016973	0.036610	0.042534	0.013645	0.025117	0.044555	0.037606	0.027181	0.004513	0.030262	0.009151	0.020255	
0.007187	0.012288	0.001718	0.036365	0.002425	0.002773	0.012585	0.011782	0.041041	0.056474	0.022567	0.036500	0.014954	0.006031	0.001152	0.001576	0.003394	0.007014	0.058477	0.001584	0.015105	0.014083	0.011474	0.051710	0.007940	0.002016	0.006265	0.033852	0.009723	0.096401	0.025617	0.002936	0.007928	0.020462	0.003099	0.000904	0.006226	0.006809	0.023014	0.049397	0.034809	0.019969	0.022381	0.024281	0.013033	0.021631	0.015590	0.106608	0.002990	0.005863	
0.007246	0.047560	0.001657	0.062956	0.002347	0.001757	0.014666	0.013726	0.132382	0.029356	0.005795	0.009575	0.007549	0.005867	0.001105	0.001015	0.000955	0.004386	0.011950	0.001801	0.051170	0.008768	0.003035	0.064017	0.007730	0.002100	0.001731	0.003367	0.025565	0.061205	0.002419	0.001528	0.003975	0.002917	0.001959	0.001006	0.003513	0.006626	0.081389	0.024174	0.113817	0.079699	0.006669	0.044082	0.007653	0.007410	0.001521	0.009671	0.001892	0.005738	
0.013960	0.019300	0.001283	0.035465	0.001794	0.002002	0.092622	0.086642	0.052391	0.026895	0.015261	0.024674	0.003833	0.004402	0.000874	0.001157	0.002336	0.005000	0.034037	0.010738	0.021551	0.009997	0.007786	0.059660	0.005783	0.011735	0.004275	0.018651	0.012091	0.069649	0.014004	0.000847	0.002179	0.011451	0.002233	0.005678	0.002960	0.004965	0.033568	0.041842	0.048132	0.031295	0.015355	0.024878	0.008917	0.021563	0.008549	0.058059	0.002156	0.005527	
