0.458086	0.002781	0.014431	0.000932	0.037795	0.037201	0.029052	0.149597	0.019101	0.167033	0.004546	0.007551	0.009641	0.013399	0.048852	
0.470055	0.006535	0.080163	0.001262	0.025236	0.043398	0.058311	0.090073	0.029868	0.091424	0.009835	0.012543	0.038161	0.020564	0.022571	
0.453566	0.007297	0.086951	0.000894	0.030088	0.025955	0.025195	0.112526	0.031190	0.116637	0.007899	0.011955	0.038490	0.021066	0.030291	
0.536762	0.000971	0.034686	0.008445	0.008436	0.035015	0.140459	0.012652	0.064932	0.011562	0.051152	0.028002	0.011095	0.048317	0.007515	
0.425724	0.003057	0.077213	0.005400	0.018531	0.010839	0.067828	0.030626	0.118232	0.025631	0.033676	0.052398	0.035082	0.084152	0.011611	
0.455165	0.005053	0.083922	0.004638	0.017296	0.022572	0.075208	0.043706	0.081839	0.040810	0.030164	0.038087	0.031273	0.058673	0.011593	
0.428230	0.001319	0.061446	0.003837	0.023906	0.024294	0.065335	0.044173	0.106582	0.038834	0.022716	0.039919	0.046456	0.074195	0.018757	
0.342334	0.003064	0.120519	0.001034	0.012439	0.068538	0.102351	0.022101	0.130672	0.018343	0.006604	0.035553	0.025030	0.086742	0.024675	
0.312854	0.001014	0.101541	0.001002	0.010013	0.086139	0.126656	0.010199	0.152650	0.009372	0.004995	0.047072	0.008550	0.102583	0.025361	
0.224751	0.001402	0.149603	0.001246	0.021415	0.013832	0.021368	0.040764	0.211209	0.039784	0.006707	0.054176	0.026148	0.139807	0.047787	
0.277596	0.001277	0.137244	0.001060	0.017853	0.039487	0.056683	0.040314	0.169988	0.040392	0.005428	0.033668	0.021628	0.110615	0.046767	
0.257324	0.001150	0.168766	0.004006	0.010849	0.007299	0.050745	0.014280	0.209426	0.013044	0.023861	0.040872	0.012376	0.137250	0.048753	
0.395525	0.007613	0.136927	0.001342	0.018773	0.032117	0.051793	0.053284	0.089628	0.047571	0.011470	0.030211	0.045313	0.060326	0.018106	
0.406724	0.008807	0.153027	0.001491	0.019447	0.019910	0.037615	0.054174	0.084318	0.045393	0.013282	0.026177	0.057149	0.056232	0.016255	
0.388693	0.010056	0.159525	0.000757	0.021592	0.016133	0.022239	0.063567	0.087317	0.055581	0.009495	0.032944	0.057625	0.058961	0.015515	
0.510078	0.001066	0.020965	0.000739	0.041778	0.030837	0.033730	0.072567	0.048269	0.054293	0.003386	0.025096	0.117141	0.034498	0.005557	
0.562772	0.002495	0.034807	0.003352	0.028290	0.037782	0.078958	0.058338	0.017714	0.045952	0.020539	0.006936	0.082572	0.013232	0.006260	
0.496512	0.001844	0.025333	0.000980	0.040651	0.027015	0.026911	0.095044	0.040208	0.086448	0.005083	0.018497	0.088522	0.028373	0.018579	
0.465579	0.001945	0.041009	0.002865	0.027464	0.036917	0.063425	0.091191	0.049766	0.097297	0.016580	0.012725	0.024682	0.033883	0.034674	
0.266311	0.002026	0.073020	0.001366	0.027354	0.025267	0.036551	0.032656	0.203228	0.027846	0.007879	0.104865	0.036784	0.144685	0.010164	
0.325972	0.002681	0.119707	0.002191	0.021777	0.018754	0.041606	0.034494	0.160055	0.027427	0.013560	0.051064	0.046431	0.108187	0.026094	
0.309518	0.001184	0.064372	0.002981	0.023346	0.025637	0.057678	0.024085	0.186801	0.019814	0.017380	0.093096	0.030687	0.133106	0.010316	
0.298637	0.005213	0.107069	0.001688	0.024414	0.014358	0.027529	0.038746	0.174625	0.032845	0.012053	0.088610	0.040813	0.123881	0.009520	
0.373133	0.001255	0.059279	0.002399	0.014674	0.072611	0.120629	0.018961	0.128760	0.017620	0.013755	0.058717	0.015416	0.090785	0.012006	
