0.056484	0.000135	0.006708	0.026079	0.000135	0.007753	0.000135	0.057764	0.009065	0.000135	0.066458	0.040860	0.000135	0.011532	0.000135	0.000135	0.005913	0.007277	0.064468	0.000135	0.019178	0.000135	0.003671	0.042623	0.003595	0.010324	0.006518	0.028642	0.033878	0.008516	0.000135	0.049792	0.035431	0.003364	0.000135	0.131659	0.070530	0.030447	0.001472	0.000135	0.011972	0.008752	0.000135	0.000135	0.003781	0.010472	0.065776	0.000135	0.051199	0.006019	
0.103663	0.000123	0.010723	0.004266	0.000123	0.008718	0.000123	0.106173	0.014407	0.000123	0.006646	0.004128	0.000123	0.005665	0.000123	0.000123	0.018417	0.007065	0.013126	0.000123	0.012585	0.000123	0.002583	0.074978	0.004109	0.022582	0.003227	0.002927	0.003442	0.005830	0.000123	0.015006	0.004481	0.005689	0.000123	0.242156	0.007046	0.017580	0.001050	0.000123	0.011123	0.010051	0.000123	0.000123	0.011744	0.020548	0.121068	0.000123	0.088495	0.006855	
0.077175	0.000129	0.009646	0.003224	0.000129	0.017982	0.000129	0.078786	0.015809	0.000129	0.003450	0.002168	0.000129	0.029368	0.000129	0.000129	0.006020	0.017482	0.046640	0.000129	0.043434	0.000129	0.007758	0.057515	0.004418	0.013057	0.016503	0.001557	0.001819	0.018602	0.000129	0.025610	0.005249	0.004012	0.000129	0.179644	0.003654	0.075547	0.001094	0.000129	0.029822	0.010814	0.000129	0.000129	0.003810	0.013867	0.089682	0.000129	0.075328	0.007518	
0.043114	0.000141	0.020254	0.014248	0.000141	0.012195	0.000141	0.043996	0.046095	0.000141	0.035858	0.022072	0.000141	0.018012	0.000141	0.000141	0.047435	0.008675	0.052505	0.000141	0.055671	0.000141	0.011726	0.031832	0.002315	0.028445	0.010149	0.015493	0.018313	0.029031	0.000141	0.043910	0.023631	0.009507	0.000141	0.100230	0.038051	0.046668	0.000929	0.000141	0.013846	0.005556	0.000141	0.000141	0.030131	0.015783	0.050927	0.000141	0.047175	0.004110	
0.003361	0.000164	0.063156	0.004607	0.000164	0.022662	0.000164	0.003135	0.101141	0.000164	0.007845	0.004880	0.000164	0.030013	0.000164	0.000164	0.165815	0.010334	0.050693	0.000164	0.027886	0.000164	0.004128	0.007279	0.003861	0.080120	0.016880	0.003465	0.004072	0.010618	0.000164	0.058903	0.005817	0.029508	0.000164	0.006943	0.008316	0.076734	0.001038	0.000164	0.015242	0.009371	0.000164	0.000164	0.105544	0.030752	0.006768	0.000164	0.010192	0.006456	
0.005120	0.000164	0.048933	0.023730	0.000164	0.009923	0.000164	0.005177	0.072032	0.000164	0.028435	0.017524	0.000164	0.006512	0.000164	0.000164	0.058290	0.005321	0.029838	0.000164	0.098435	0.000164	0.024654	0.045629	0.030300	0.028582	0.003719	0.012316	0.014548	0.057490	0.000164	0.036355	0.025143	0.029386	0.000164	0.011606	0.030171	0.016884	0.006987	0.000164	0.008754	0.075230	0.000164	0.000164	0.036943	0.011481	0.006991	0.000164	0.023867	0.051235	
0.004056	0.000146	0.007881	0.037051	0.000146	0.058890	0.000146	0.004119	0.009842	0.000146	0.094348	0.057990	0.000146	0.003492	0.000146	0.000146	0.007801	0.054201	0.072132	0.000146	0.014610	0.000146	0.003547	0.009795	0.005185	0.004315	0.002020	0.040637	0.048074	0.007988	0.000146	0.107508	0.049523	0.004678	0.000146	0.009213	0.100133	0.008704	0.002072	0.000146	0.103210	0.012697	0.000146	0.000146	0.004988	0.002170	0.004812	0.000146	0.031457	0.008665	
0.055758	0.000129	0.005984	0.003561	0.000129	0.040279	0.000129	0.057103	0.047777	0.000129	0.005035	0.003142	0.000129	0.003475	0.000129	0.000129	0.006246	0.037110	0.008667	0.000129	0.114077	0.000129	0.027108	0.042557	0.003851	0.010233	0.002003	0.002238	0.002625	0.066913	0.000129	0.038047	0.015043	0.004204	0.000129	0.130159	0.005336	0.010372	0.000984	0.000129	0.069715	0.009401	0.000129	0.000129	0.003775	0.010360	0.065026	0.000129	0.082770	0.007132	
0.004079	0.000141	0.007066	0.012177	0.000141	0.007222	0.000141	0.004142	0.111337	0.000141	0.028685	0.017668	0.000141	0.003511	0.000141	0.000141	0.010624	0.006157	0.025510	0.000141	0.269247	0.000141	0.064252	0.007632	0.003625	0.005249	0.002028	0.012410	0.014663	0.159542	0.000141	0.025553	0.044308	0.005762	0.000141	0.009273	0.030438	0.008785	0.001151	0.000141	0.011219	0.008819	0.000141	0.000141	0.006222	0.002524	0.004877	0.000141	0.054307	0.007821	
0.007724	0.000136	0.006183	0.003656	0.000136	0.106293	0.000136	0.007854	0.049362	0.000136	0.006785	0.004219	0.000136	0.005785	0.000136	0.000136	0.009555	0.098142	0.013389	0.000136	0.113939	0.000136	0.026887	0.008612	0.002589	0.005473	0.003299	0.002994	0.003519	0.066544	0.000136	0.095688	0.015863	0.003935	0.000136	0.017750	0.007193	0.014567	0.000730	0.000136	0.187083	0.006246	0.000136	0.000136	0.005885	0.003024	0.009088	0.000136	0.073090	0.005011	
0.003677	0.000138	0.005496	0.012260	0.000138	0.137804	0.000138	0.003716	0.009218	0.000138	0.029936	0.018435	0.000138	0.004859	0.000138	0.000138	0.007035	0.127474	0.028438	0.000138	0.014905	0.000138	0.003349	0.006144	0.002758	0.003893	0.002782	0.012946	0.015299	0.007830	0.000138	0.135203	0.016721	0.003007	0.000138	0.008304	0.031766	0.012096	0.000971	0.000138	0.243394	0.006665	0.000138	0.000138	0.004499	0.001961	0.004340	0.000138	0.066136	0.004610	
0.003835	0.000148	0.032663	0.003672	0.000148	0.089192	0.000148	0.003891	0.072923	0.000148	0.005186	0.003241	0.000148	0.003583	0.000148	0.000148	0.084733	0.076789	0.008915	0.000148	0.063470	0.000148	0.015140	0.007944	0.003970	0.041173	0.002072	0.002313	0.002711	0.037546	0.000148	0.092171	0.009567	0.016705	0.000148	0.008691	0.005495	0.009918	0.001026	0.000148	0.145492	0.009668	0.000148	0.000148	0.053839	0.016092	0.006048	0.000148	0.051131	0.006970	
0.035933	0.000137	0.015848	0.006870	0.000137	0.043893	0.000137	0.036769	0.059601	0.000137	0.014731	0.009098	0.000137	0.005170	0.000137	0.000137	0.036515	0.038342	0.018106	0.000137	0.100699	0.000137	0.023765	0.028417	0.003245	0.022181	0.002956	0.006410	0.007562	0.058847	0.000137	0.052402	0.018441	0.008645	0.000137	0.083741	0.015627	0.014319	0.000943	0.000137	0.071873	0.007879	0.000137	0.000137	0.023070	0.012598	0.042493	0.000137	0.064935	0.006016	
0.033439	0.000146	0.031911	0.007662	0.000146	0.024211	0.000146	0.034223	0.075607	0.000146	0.006607	0.004113	0.000146	0.004185	0.000146	0.000146	0.060185	0.018356	0.010836	0.000146	0.105799	0.000146	0.025561	0.038885	0.011916	0.033220	0.002408	0.002923	0.003433	0.062288	0.000146	0.034730	0.014922	0.018043	0.000146	0.077919	0.007004	0.012079	0.002770	0.000146	0.033428	0.029465	0.000146	0.000146	0.038124	0.016493	0.040058	0.000146	0.054456	0.020553	
0.020685	0.000150	0.043087	0.002961	0.000150	0.050690	0.000150	0.021116	0.083422	0.000150	0.004977	0.003114	0.000150	0.007762	0.000150	0.000150	0.118113	0.038869	0.015073	0.000150	0.043565	0.000150	0.009877	0.017160	0.002518	0.059472	0.004413	0.002225	0.002606	0.024841	0.000150	0.066435	0.007057	0.021062	0.000150	0.048000	0.005273	0.021309	0.000709	0.000150	0.071897	0.006047	0.000150	0.000150	0.075129	0.024954	0.026286	0.000150	0.042655	0.004388	
0.025144	0.000153	0.028536	0.016922	0.000153	0.016283	0.000153	0.025183	0.011527	0.000153	0.022133	0.013650	0.000153	0.056830	0.000153	0.000153	0.008480	0.016796	0.101353	0.000153	0.038041	0.000153	0.004822	0.044324	0.020025	0.007359	0.031892	0.009601	0.011336	0.009143	0.000153	0.043776	0.012999	0.014246	0.000153	0.057278	0.023483	0.142194	0.004681	0.000153	0.027183	0.049652	0.000153	0.000153	0.005419	0.005695	0.028776	0.000153	0.029448	0.033497	
0.043898	0.000144	0.021837	0.005785	0.000144	0.006956	0.000144	0.044240	0.012518	0.000144	0.005074	0.003171	0.000144	0.072632	0.000144	0.000144	0.014121	0.008385	0.113104	0.000144	0.039860	0.000144	0.003097	0.041220	0.008909	0.012533	0.040738	0.002263	0.002653	0.006404	0.000144	0.031046	0.003800	0.008057	0.000144	0.100783	0.005377	0.182243	0.002100	0.000144	0.009515	0.021977	0.000144	0.000144	0.009016	0.009791	0.050557	0.000144	0.039293	0.014877	
0.006434	0.000156	0.025477	0.007058	0.000156	0.008159	0.000156	0.005450	0.012569	0.000156	0.007909	0.004917	0.000156	0.111355	0.000156	0.000156	0.009725	0.011345	0.173576	0.000156	0.061514	0.000156	0.004681	0.016594	0.009428	0.005409	0.062428	0.003488	0.004100	0.010238	0.000156	0.044112	0.005965	0.007717	0.000156	0.012238	0.008385	0.277337	0.002247	0.000156	0.012860	0.023251	0.000156	0.000156	0.006209	0.002739	0.006361	0.000156	0.010607	0.015781	
0.004687	0.000150	0.009049	0.040101	0.000150	0.011189	0.000150	0.004460	0.009807	0.000150	0.105106	0.064597	0.000150	0.033217	0.000150	0.000150	0.006573	0.011253	0.124654	0.000150	0.028391	0.000150	0.003887	0.007081	0.003090	0.003768	0.018667	0.045263	0.053549	0.009107	0.000150	0.082237	0.055207	0.003159	0.000150	0.009987	0.111550	0.082707	0.001712	0.000150	0.018727	0.007473	0.000150	0.000150	0.004204	0.002004	0.005175	0.000150	0.010937	0.005171	
0.019020	0.000151	0.031048	0.007455	0.000151	0.035426	0.000151	0.019025	0.041617	0.000151	0.003880	0.002441	0.000151	0.045276	0.000151	0.000151	0.037737	0.031987	0.070940	0.000151	0.068021	0.000151	0.012751	0.031505	0.013741	0.020564	0.025421	0.001754	0.002048	0.029954	0.000151	0.050429	0.007548	0.015216	0.000151	0.043226	0.004109	0.113608	0.003149	0.000151	0.056883	0.034001	0.000151	0.000151	0.023960	0.009998	0.022341	0.000151	0.038430	0.023226	
0.021103	0.000150	0.028819	0.014112	0.000150	0.031550	0.000150	0.021386	0.047318	0.000150	0.020652	0.012739	0.000150	0.023163	0.000150	0.000150	0.035981	0.027640	0.049468	0.000150	0.076176	0.000150	0.016864	0.034585	0.014837	0.019997	0.013037	0.008962	0.010581	0.040048	0.000150	0.050696	0.017961	0.015737	0.000150	0.048617	0.021911	0.058601	0.003534	0.000150	0.050241	0.036735	0.000150	0.000150	0.022805	0.010048	0.024991	0.000150	0.041680	0.025179	
0.003967	0.000171	0.058003	0.024955	0.000171	0.006803	0.000171	0.003914	0.056689	0.000171	0.005623	0.003519	0.000171	0.014502	0.000171	0.000171	0.020586	0.005458	0.025685	0.000171	0.115375	0.000171	0.029148	0.075687	0.052365	0.010282	0.008197	0.002515	0.002945	0.065436	0.000171	0.016217	0.015063	0.037395	0.000171	0.008714	0.005958	0.036237	0.011607	0.000171	0.008887	0.130181	0.000171	0.000171	0.012921	0.004418	0.004818	0.000171	0.025130	0.088234	
0.011579	0.000171	0.059366	0.028526	0.000171	0.045522	0.000171	0.011778	0.013311	0.000171	0.008795	0.005466	0.000171	0.008351	0.000171	0.000171	0.011058	0.041774	0.018651	0.000171	0.015820	0.000171	0.006251	0.088531	0.057870	0.006879	0.004752	0.003878	0.004559	0.007552	0.000171	0.047141	0.005919	0.038734	0.000171	0.026662	0.009325	0.021056	0.012835	0.000171	0.078871	0.143893	0.000171	0.000171	0.007072	0.004015	0.013581	0.000171	0.031300	0.096770	
0.008353	0.000163	0.039529	0.037735	0.000163	0.011452	0.000163	0.008488	0.028403	0.000163	0.059510	0.036604	0.000163	0.006882	0.000163	0.000163	0.013739	0.009941	0.052476	0.000163	0.051767	0.000163	0.013790	0.055995	0.036159	0.007680	0.003926	0.025672	0.030357	0.029323	0.000163	0.048998	0.035766	0.025584	0.000163	0.019162	0.063154	0.017336	0.008537	0.000163	0.018070	0.089826	0.000163	0.000163	0.008695	0.003944	0.009890	0.000163	0.020096	0.060713	
