0.001164	0.022837	0.071653	0.012636	0.037842	0.002524	0.025030	0.004822	0.046853	0.010275	0.000828	0.000144	0.001180	0.014970	0.004747	0.003823	0.006220	0.010961	0.006095	0.061710	0.082123	0.000144	0.004600	0.002476	0.011122	0.000144	0.000144	0.059557	0.005245	0.027700	0.016479	0.003378	0.059429	0.039993	0.004548	0.004394	0.123502	0.002144	0.013063	0.008145	0.011793	0.069634	0.028364	0.001180	0.009040	0.040743	0.004280	0.003181	0.002863	0.014278	
0.000747	0.022678	0.070753	0.011586	0.007121	0.001552	0.004721	0.001004	0.058539	0.013748	0.004020	0.000143	0.002592	0.010228	0.025200	0.008836	0.002698	0.009244	0.003664	0.059954	0.075235	0.000143	0.010673	0.005653	0.014252	0.000143	0.000143	0.049698	0.002399	0.006901	0.003622	0.018469	0.077739	0.036793	0.010550	0.002658	0.113138	0.001476	0.018143	0.031788	0.011812	0.058508	0.037715	0.002592	0.006052	0.037331	0.023579	0.002985	0.001993	0.018785	
0.000817	0.022215	0.077247	0.012117	0.009306	0.001711	0.006148	0.001274	0.047378	0.009147	0.005854	0.000145	0.000869	0.015149	0.037038	0.002715	0.003843	0.012743	0.004060	0.059776	0.078707	0.000145	0.003258	0.001774	0.011414	0.000145	0.000145	0.061647	0.002722	0.009397	0.004424	0.027132	0.059866	0.038564	0.003222	0.002941	0.118362	0.001541	0.012982	0.035218	0.010347	0.059908	0.028152	0.000869	0.008577	0.039052	0.034657	0.002699	0.002898	0.009680	
0.001222	0.001406	0.014224	0.000594	0.235039	0.002659	0.155541	0.029355	0.008630	0.006436	0.001331	0.000145	0.000923	0.008104	0.008965	0.002906	0.021562	0.048224	0.006428	0.003228	0.003090	0.000145	0.003489	0.001895	0.001573	0.000145	0.000145	0.017574	0.015240	0.152747	0.099515	0.005749	0.009127	0.001630	0.003451	0.004633	0.004577	0.002058	0.002629	0.009937	0.006067	0.060267	0.004936	0.000923	0.005759	0.001604	0.007312	0.001957	0.001605	0.013296	
0.004131	0.004475	0.029075	0.002032	0.085973	0.009433	0.056815	0.010805	0.025575	0.017158	0.008110	0.000155	0.001122	0.032213	0.051930	0.003590	0.013657	0.039509	0.023351	0.011186	0.012473	0.000155	0.004315	0.002332	0.003916	0.000155	0.000155	0.072366	0.017007	0.062650	0.036514	0.037763	0.021275	0.006500	0.004267	0.016724	0.018691	0.007187	0.005346	0.048865	0.021072	0.030865	0.010569	0.001122	0.022195	0.006255	0.048249	0.006636	0.006035	0.038048	
0.002096	0.003256	0.019691	0.001793	0.183723	0.004695	0.121525	0.022963	0.012024	0.013336	0.001820	0.000147	0.001044	0.023650	0.011854	0.003332	0.020251	0.041935	0.011517	0.008491	0.010946	0.000147	0.004005	0.002166	0.001871	0.000147	0.000147	0.051248	0.015445	0.123322	0.077787	0.008053	0.011229	0.005468	0.003961	0.008268	0.016397	0.003592	0.003094	0.013163	0.010324	0.053534	0.006115	0.001044	0.014776	0.005495	0.010258	0.003307	0.004458	0.021089	
0.003595	0.002535	0.019906	0.001149	0.101676	0.008186	0.067142	0.012744	0.017859	0.026868	0.005515	0.000151	0.001949	0.047939	0.035273	0.006535	0.018045	0.036790	0.020238	0.006186	0.006697	0.000151	0.007883	0.004197	0.002354	0.000151	0.000151	0.099611	0.016093	0.076159	0.043051	0.025506	0.015632	0.003574	0.007793	0.014499	0.010001	0.006221	0.004732	0.037574	0.017603	0.031278	0.008935	0.001949	0.029073	0.003393	0.032575	0.005619	0.008917	0.038343	
0.001273	0.014954	0.019896	0.002071	0.008721	0.002785	0.005594	0.001165	0.115352	0.027075	0.004750	0.000139	0.000979	0.057364	0.029941	0.003120	0.012011	0.012110	0.006753	0.031758	0.012819	0.000139	0.003750	0.002029	0.028045	0.000139	0.000139	0.120418	0.004140	0.018391	0.004719	0.021936	0.136940	0.006507	0.003708	0.004863	0.019219	0.002671	0.030736	0.029487	0.022939	0.012124	0.060469	0.000979	0.030039	0.006419	0.028014	0.005670	0.010636	0.014101	
0.001638	0.013240	0.007784	0.000866	0.042993	0.003637	0.028250	0.005422	0.116273	0.028739	0.001161	0.000138	0.000855	0.062525	0.006950	0.002684	0.015913	0.013710	0.008887	0.026749	0.004914	0.000138	0.003221	0.001751	0.028086	0.000138	0.000138	0.125577	0.007001	0.041558	0.019201	0.004972	0.136453	0.002504	0.003186	0.006387	0.007324	0.003311	0.030626	0.008770	0.024673	0.014633	0.059985	0.000855	0.033152	0.002503	0.006320	0.006224	0.011582	0.016401	
0.000750	0.009382	0.009926	0.001438	0.012744	0.001571	0.008022	0.001617	0.070435	0.054769	0.001261	0.000135	0.001780	0.116743	0.007459	0.005976	0.023913	0.005812	0.003724	0.020005	0.008687	0.000135	0.007210	0.003837	0.017229	0.000135	0.000135	0.233306	0.002676	0.034055	0.005846	0.005456	0.086856	0.004340	0.007128	0.002699	0.013004	0.001547	0.020291	0.013061	0.013732	0.010794	0.039609	0.001780	0.058378	0.004370	0.006940	0.003404	0.021525	0.014374	
0.001082	0.015654	0.007301	0.001014	0.018803	0.002345	0.012213	0.002405	0.135369	0.031194	0.000975	0.000135	0.000651	0.070329	0.005649	0.001965	0.015385	0.007436	0.005660	0.031678	0.005905	0.000135	0.002351	0.001295	0.033180	0.000135	0.000135	0.141263	0.004042	0.027712	0.009150	0.004107	0.160470	0.002976	0.002326	0.004081	0.008817	0.002441	0.035768	0.006932	0.025289	0.009251	0.070171	0.000651	0.036109	0.002993	0.005214	0.006091	0.013011	0.010756	
0.001010	0.001815	0.027489	0.000721	0.040701	0.002162	0.026627	0.005123	0.010688	0.040677	0.011977	0.000146	0.000946	0.090560	0.076709	0.002987	0.021185	0.028711	0.005187	0.004200	0.003921	0.000146	0.003588	0.001947	0.002097	0.000146	0.000146	0.186160	0.004873	0.046232	0.017146	0.056074	0.011742	0.002517	0.003548	0.003747	0.005827	0.001696	0.003213	0.070031	0.005403	0.013395	0.006107	0.000946	0.045919	0.002016	0.071670	0.001710	0.016731	0.011686	
0.001072	0.019530	0.065739	0.011804	0.009150	0.002311	0.005883	0.001221	0.026934	0.030612	0.000723	0.000142	0.002015	0.056298	0.003934	0.006791	0.011841	0.005220	0.005565	0.054105	0.076676	0.000142	0.008195	0.004356	0.006223	0.000142	0.000142	0.138621	0.003518	0.018414	0.004049	0.002888	0.037773	0.037342	0.008102	0.004016	0.115307	0.001888	0.008921	0.010907	0.008296	0.059432	0.019816	0.002015	0.029194	0.038045	0.003653	0.002371	0.010443	0.018222	
0.000860	0.018775	0.068092	0.008978	0.005679	0.001809	0.003770	0.000828	0.057677	0.007984	0.010182	0.000147	0.001169	0.009571	0.064943	0.003774	0.002450	0.019078	0.004303	0.048724	0.058099	0.000147	0.004541	0.002446	0.013903	0.000147	0.000147	0.045832	0.002676	0.005840	0.003002	0.047584	0.071594	0.028752	0.004490	0.003116	0.087352	0.001664	0.015989	0.060793	0.012103	0.044399	0.033193	0.001169	0.005903	0.028847	0.060811	0.003104	0.001876	0.011687	
0.000805	0.015886	0.073900	0.009787	0.009883	0.001681	0.006471	0.001337	0.019814	0.014954	0.010813	0.000148	0.000730	0.030490	0.069030	0.002212	0.006881	0.020680	0.003980	0.044188	0.063401	0.000148	0.002648	0.001457	0.004512	0.000148	0.000148	0.089033	0.002704	0.013158	0.004360	0.050562	0.025604	0.031356	0.002619	0.002885	0.095328	0.001383	0.005495	0.062583	0.005951	0.048813	0.012906	0.000730	0.016090	0.031473	0.064620	0.001732	0.005714	0.008768	
0.000684	0.002517	0.006033	0.000701	0.009192	0.001413	0.006097	0.001258	0.016191	0.086190	0.001416	0.000138	0.021627	0.008153	0.008433	0.076423	0.002465	0.005333	0.003327	0.005564	0.003832	0.000138	0.092540	0.048488	0.003777	0.000138	0.000138	0.018048	0.002317	0.007766	0.004089	0.006180	0.072594	0.001990	0.091466	0.002415	0.005697	0.001166	0.030852	0.093298	0.004972	0.025422	0.055118	0.021627	0.004940	0.001967	0.007865	0.001457	0.001608	0.124940	
0.000682	0.002625	0.008537	0.001251	0.012538	0.001407	0.008326	0.001677	0.009809	0.086231	0.001074	0.000138	0.022038	0.004428	0.006242	0.077884	0.002022	0.005401	0.003312	0.006532	0.007440	0.000138	0.094310	0.049414	0.002195	0.000138	0.000138	0.011801	0.002476	0.009090	0.005452	0.004563	0.066213	0.003727	0.093215	0.002405	0.011126	0.001130	0.029692	0.093016	0.003968	0.029245	0.052872	0.022038	0.003106	0.003754	0.005797	0.001236	0.000925	0.127223	
0.000690	0.005262	0.016028	0.001041	0.009911	0.001422	0.006585	0.001352	0.037424	0.063795	0.005666	0.000141	0.016094	0.005535	0.035853	0.056775	0.002018	0.012234	0.003345	0.011390	0.006049	0.000141	0.068740	0.036035	0.009012	0.000141	0.000141	0.016315	0.002364	0.007649	0.004607	0.026261	0.083720	0.003261	0.067942	0.002429	0.009031	0.001276	0.029475	0.095097	0.008270	0.021947	0.053901	0.016094	0.003660	0.003066	0.033544	0.002182	0.001130	0.093965	
0.000859	0.004220	0.007053	0.000862	0.041211	0.001820	0.027217	0.005228	0.030304	0.068598	0.000821	0.000138	0.015198	0.025440	0.004747	0.053600	0.008540	0.010739	0.004343	0.009114	0.004891	0.000138	0.064895	0.034023	0.007187	0.000138	0.000138	0.052105	0.004457	0.032151	0.017720	0.003364	0.072628	0.002478	0.064142	0.003142	0.007290	0.001538	0.026426	0.064224	0.007925	0.027861	0.048101	0.015198	0.013706	0.002492	0.004264	0.002187	0.004779	0.090360	
0.001045	0.004391	0.036536	0.001036	0.009409	0.002241	0.006052	0.001258	0.030772	0.031266	0.016466	0.000149	0.002075	0.057374	0.105513	0.006986	0.012077	0.030216	0.005380	0.009663	0.005973	0.000149	0.008430	0.004482	0.007025	0.000149	0.000149	0.124452	0.003432	0.018816	0.004191	0.077284	0.038370	0.003719	0.008334	0.003885	0.008913	0.001853	0.009837	0.099822	0.008648	0.008369	0.018899	0.002075	0.029673	0.003033	0.098793	0.002438	0.010646	0.018258	
0.001175	0.005304	0.032490	0.001268	0.016275	0.002545	0.010667	0.002125	0.036364	0.034679	0.013529	0.000147	0.004941	0.038956	0.086598	0.017166	0.009070	0.027188	0.006141	0.011770	0.007502	0.000147	0.020761	0.010934	0.008367	0.000147	0.000147	0.087117	0.004192	0.019162	0.007193	0.063405	0.052208	0.004328	0.020522	0.004428	0.011214	0.002107	0.014843	0.094746	0.010099	0.013900	0.028058	0.004941	0.020834	0.003790	0.081045	0.002817	0.007266	0.035384	
0.012496	0.002349	0.008549	0.000965	0.051749	0.028927	0.034118	0.006553	0.040693	0.021504	0.001208	0.000173	0.000703	0.046744	0.007108	0.002055	0.013605	0.045152	0.072060	0.005519	0.005374	0.000173	0.002453	0.001366	0.002577	0.000173	0.000173	0.094202	0.041749	0.044595	0.021961	0.005065	0.013323	0.002746	0.002427	0.051520	0.007999	0.021786	0.003381	0.008127	0.059191	0.016947	0.006535	0.000703	0.042557	0.002749	0.006429	0.018988	0.008715	0.103784	
0.018429	0.003809	0.009792	0.001319	0.007259	0.042749	0.004834	0.001063	0.064462	0.008312	0.001822	0.000190	0.001372	0.008817	0.010756	0.004385	0.002468	0.054236	0.106586	0.008818	0.007598	0.000190	0.005271	0.002849	0.004817	0.000190	0.000190	0.020874	0.058297	0.008154	0.003339	0.007903	0.025784	0.003862	0.005212	0.076187	0.011337	0.032200	0.006566	0.014112	0.088210	0.008385	0.012689	0.001372	0.033306	0.003859	0.010053	0.028184	0.001773	0.155762	
0.009279	0.012145	0.005973	0.000780	0.011391	0.021437	0.007498	0.001540	0.126376	0.014598	0.001188	0.000161	0.001334	0.024113	0.006848	0.004325	0.005775	0.028912	0.053351	0.024440	0.004229	0.000161	0.005205	0.002800	0.025878	0.000161	0.000161	0.049798	0.029587	0.013423	0.005859	0.005018	0.126888	0.002183	0.005146	0.038154	0.006282	0.016622	0.028857	0.010644	0.058849	0.006923	0.056347	0.001334	0.026362	0.002175	0.006372	0.017368	0.004554	0.081197	
