0.001031	0.004068	0.001481	0.002946	0.000200	0.004710	0.001224	0.039463	0.389161	0.003069	0.002986	0.001807	0.006735	0.005961	0.000200	0.002469	0.003412	0.004809	0.005537	0.004199	0.003674	0.000729	0.076639	0.001639	0.006343	0.006627	0.008332	0.004471	0.010243	0.000200	0.058193	0.003358	0.007390	0.002566	0.000947	0.058315	0.000643	0.012412	0.005055	0.000200	0.062608	0.004656	0.130168	0.006340	0.000521	0.039463	0.001259	0.000505	0.000836	0.000200	
0.002085	0.005816	0.012108	0.003659	0.000150	0.022145	0.001662	0.009154	0.091454	0.018047	0.031672	0.001862	0.040876	0.077685	0.000150	0.003501	0.004871	0.005898	0.005839	0.010897	0.046899	0.004542	0.037293	0.002275	0.082816	0.007001	0.075825	0.009648	0.067367	0.000150	0.015519	0.040293	0.012724	0.001417	0.001253	0.027921	0.000804	0.024541	0.008641	0.000150	0.030208	0.015862	0.096642	0.006695	0.000976	0.009154	0.014403	0.000599	0.008701	0.000150	
0.003464	0.006655	0.007674	0.005584	0.000138	0.019209	0.001301	0.002587	0.026220	0.024102	0.043778	0.003867	0.056197	0.108621	0.000138	0.002716	0.003855	0.009505	0.012525	0.014283	0.065547	0.003046	0.032733	0.001773	0.115800	0.015056	0.047839	0.013354	0.047624	0.000138	0.006682	0.056442	0.009005	0.000909	0.000986	0.013286	0.000641	0.031990	0.006125	0.000138	0.014098	0.010512	0.102856	0.014390	0.001222	0.002587	0.020079	0.000483	0.012103	0.000138	
0.001191	0.020310	0.008304	0.009167	0.000161	0.017039	0.016417	0.009960	0.123615	0.010990	0.013850	0.001919	0.008545	0.014719	0.000161	0.036188	0.050310	0.013815	0.006001	0.009727	0.008938	0.003203	0.022614	0.023007	0.015682	0.007194	0.052105	0.009831	0.096620	0.000161	0.016527	0.007890	0.058650	0.009833	0.012023	0.034277	0.007190	0.066836	0.039656	0.000161	0.026298	0.037313	0.044078	0.006880	0.000929	0.009960	0.002837	0.004994	0.001766	0.000161	
0.001462	0.026448	0.004302	0.011427	0.000147	0.020266	0.015995	0.002636	0.050823	0.019742	0.022040	0.001848	0.018759	0.035867	0.000147	0.035270	0.049037	0.017039	0.005796	0.020553	0.021684	0.002011	0.014091	0.022420	0.038231	0.006951	0.026856	0.018008	0.077985	0.000147	0.008266	0.018817	0.078381	0.009255	0.011712	0.023744	0.007001	0.083700	0.052976	0.000147	0.009603	0.042212	0.039321	0.006647	0.001783	0.002636	0.006714	0.004859	0.004087	0.000147	
0.001677	0.006531	0.003971	0.003452	0.000140	0.014716	0.018393	0.002468	0.053195	0.017846	0.036412	0.001265	0.035859	0.069127	0.000140	0.040593	0.056420	0.005360	0.003879	0.013931	0.041735	0.001750	0.022338	0.025793	0.073692	0.004643	0.024864	0.012370	0.087351	0.000140	0.006493	0.035836	0.016885	0.010605	0.013460	0.010809	0.008033	0.078231	0.011447	0.000140	0.008909	0.016791	0.067911	0.004442	0.001218	0.002468	0.012821	0.005566	0.007748	0.000140	
0.000856	0.003261	0.002539	0.002409	0.000148	0.060838	0.012429	0.012894	0.146116	0.024657	0.008238	0.001504	0.004049	0.005476	0.000148	0.027366	0.038036	0.003956	0.004651	0.077151	0.003361	0.002547	0.025852	0.017408	0.005829	0.005571	0.015603	0.061956	0.054928	0.000148	0.035877	0.003426	0.005738	0.007698	0.009110	0.021742	0.005459	0.169288	0.003923	0.000148	0.023074	0.008798	0.045365	0.005329	0.006399	0.012894	0.001127	0.003799	0.000736	0.000148	
0.002615	0.010472	0.022334	0.007949	0.000138	0.076964	0.002033	0.001568	0.017367	0.024269	0.006717	0.005022	0.007602	0.014386	0.000138	0.004337	0.006151	0.013378	0.016362	0.067051	0.008729	0.009263	0.006535	0.002801	0.015329	0.019676	0.140580	0.056335	0.112165	0.000138	0.017139	0.008334	0.017468	0.001278	0.001521	0.028943	0.000957	0.126829	0.011840	0.000138	0.032313	0.026440	0.017155	0.018804	0.005564	0.001568	0.002757	0.000701	0.001709	0.000138	
0.000789	0.006663	0.046039	0.003606	0.000148	0.061153	0.003459	0.001155	0.015536	0.004803	0.003411	0.001397	0.002382	0.004310	0.000148	0.007485	0.010393	0.005629	0.004297	0.008079	0.002658	0.016371	0.003141	0.004801	0.004585	0.005144	0.290499	0.008498	0.227774	0.000148	0.003377	0.002464	0.016894	0.002073	0.002564	0.053119	0.001580	0.025254	0.011456	0.000148	0.063657	0.046250	0.006993	0.004921	0.000790	0.001155	0.000913	0.001133	0.000607	0.000148	
0.001055	0.021696	0.003025	0.009683	0.000133	0.089661	0.001955	0.004405	0.045268	0.041469	0.003694	0.001905	0.003989	0.006869	0.000133	0.004170	0.005809	0.014572	0.006016	0.114733	0.004195	0.003471	0.010021	0.002693	0.007315	0.007218	0.018471	0.091053	0.020618	0.000133	0.031931	0.004372	0.063077	0.001361	0.001463	0.021842	0.000921	0.203013	0.042637	0.000133	0.010638	0.029764	0.019618	0.006902	0.009437	0.004405	0.001372	0.000675	0.000876	0.000133	
0.000828	0.014431	0.008580	0.006600	0.000133	0.091664	0.003497	0.004028	0.044106	0.037264	0.003706	0.001476	0.002997	0.005010	0.000133	0.007590	0.010548	0.009971	0.004594	0.108510	0.003073	0.005289	0.008825	0.004861	0.005332	0.005505	0.053656	0.086130	0.052018	0.000133	0.029997	0.003337	0.041335	0.002219	0.002588	0.022775	0.001588	0.196343	0.027955	0.000133	0.017558	0.025700	0.016795	0.005265	0.008932	0.004028	0.001029	0.001133	0.000670	0.000133	
0.000738	0.026449	0.002741	0.010974	0.000130	0.093279	0.002085	0.001942	0.021227	0.044339	0.003098	0.001278	0.002909	0.005209	0.000130	0.004463	0.006194	0.016166	0.003942	0.119986	0.003192	0.003477	0.004897	0.002878	0.005545	0.004721	0.016695	0.094745	0.019643	0.000130	0.029527	0.003476	0.080184	0.001322	0.001557	0.021518	0.000975	0.211405	0.054187	0.000130	0.006455	0.036808	0.010340	0.004516	0.009861	0.001942	0.001064	0.000711	0.000690	0.000130	
0.001369	0.003686	0.018132	0.002545	0.000138	0.062169	0.002249	0.004863	0.050222	0.024242	0.017657	0.001472	0.021947	0.041675	0.000138	0.004815	0.006688	0.004146	0.004569	0.054271	0.025182	0.007529	0.019848	0.003104	0.044423	0.005474	0.114002	0.043685	0.095175	0.000138	0.019033	0.021933	0.007178	0.001551	0.001678	0.027104	0.001051	0.099936	0.004892	0.000138	0.031731	0.018699	0.051516	0.005235	0.004510	0.004863	0.007774	0.000766	0.004720	0.000138	
0.001701	0.009739	0.012922	0.005022	0.000143	0.044479	0.001884	0.005938	0.060175	0.024006	0.023341	0.001716	0.029644	0.056436	0.000143	0.004001	0.005563	0.007798	0.005368	0.039160	0.034084	0.005399	0.025694	0.002590	0.060161	0.006436	0.081020	0.031801	0.070462	0.000143	0.017194	0.029482	0.025660	0.001394	0.001413	0.026857	0.000896	0.073332	0.017373	0.000143	0.026351	0.022083	0.067839	0.006155	0.003278	0.005938	0.010491	0.000660	0.006352	0.000143	
0.002270	0.009643	0.002493	0.005466	0.000130	0.050775	0.002374	0.002296	0.025195	0.034869	0.031633	0.002312	0.039749	0.076722	0.000130	0.005103	0.007122	0.008694	0.007377	0.064331	0.046310	0.002249	0.023976	0.003284	0.081790	0.008858	0.015137	0.051538	0.024752	0.000130	0.017494	0.040109	0.023446	0.001502	0.001768	0.010351	0.001101	0.118307	0.015874	0.000130	0.006668	0.012723	0.074040	0.008468	0.005299	0.002296	0.014210	0.000797	0.008578	0.000130	
0.018593	0.043367	0.001324	0.048057	0.000175	0.010063	0.002346	0.001842	0.020200	0.006066	0.004349	0.039596	0.004369	0.008029	0.000175	0.004986	0.008271	0.085280	0.131109	0.011559	0.004910	0.000807	0.005379	0.003226	0.008549	0.157858	0.007503	0.035925	0.013781	0.000175	0.005130	0.008499	0.012168	0.001483	0.001759	0.006142	0.001114	0.086369	0.008273	0.000175	0.004303	0.006955	0.012352	0.150819	0.001095	0.001842	0.001619	0.000820	0.001041	0.000175	
0.012357	0.030463	0.008834	0.031634	0.000162	0.014315	0.001580	0.001727	0.017934	0.010212	0.016590	0.025173	0.020705	0.039798	0.000162	0.003305	0.005424	0.055725	0.083233	0.005442	0.024060	0.003299	0.013350	0.002155	0.042421	0.100205	0.055046	0.021326	0.048813	0.000162	0.003552	0.023268	0.016988	0.001038	0.001197	0.014854	0.000775	0.051230	0.011524	0.000162	0.014287	0.014926	0.039822	0.095739	0.000567	0.001727	0.007448	0.000584	0.004534	0.000162	
0.015770	0.050666	0.001731	0.046012	0.000174	0.010835	0.002449	0.001607	0.018064	0.009582	0.003240	0.033610	0.002844	0.005108	0.000174	0.005217	0.008379	0.079856	0.111231	0.011913	0.003149	0.000956	0.004180	0.003372	0.005435	0.133920	0.010088	0.032174	0.015854	0.000174	0.004872	0.006355	0.054416	0.001530	0.001834	0.014733	0.001158	0.078129	0.036801	0.000174	0.004492	0.025185	0.009052	0.127950	0.001124	0.001607	0.001081	0.000850	0.000718	0.000174	
0.001720	0.083487	0.001740	0.034064	0.000167	0.006519	0.001958	0.001724	0.018480	0.027006	0.004157	0.003263	0.004351	0.008021	0.000167	0.004136	0.005796	0.050091	0.010450	0.006168	0.004903	0.000838	0.005161	0.002684	0.008541	0.012551	0.010163	0.007050	0.014429	0.000167	0.003760	0.004572	0.255306	0.001254	0.001474	0.055304	0.000942	0.020303	0.172452	0.000167	0.004697	0.109936	0.011994	0.011998	0.000650	0.001724	0.001611	0.000700	0.001033	0.000167	
0.002951	0.020000	0.007058	0.012368	0.000139	0.066815	0.010642	0.001472	0.030612	0.028329	0.007059	0.006052	0.002607	0.004699	0.000139	0.023417	0.032712	0.020146	0.019781	0.077871	0.002888	0.004138	0.003859	0.014900	0.005001	0.023794	0.044188	0.065631	0.069900	0.000139	0.019433	0.003514	0.044498	0.006161	0.007803	0.018201	0.004681	0.172291	0.030092	0.000139	0.011541	0.028287	0.008373	0.022738	0.006449	0.001472	0.000977	0.003261	0.000642	0.000139	
0.004784	0.028185	0.007556	0.018286	0.000144	0.057975	0.003606	0.001379	0.018041	0.028213	0.008743	0.009587	0.009220	0.017559	0.000144	0.007816	0.011148	0.030104	0.031510	0.065410	0.010644	0.004061	0.006985	0.005009	0.018712	0.037918	0.047123	0.057844	0.048428	0.000144	0.016490	0.010450	0.059290	0.002165	0.002670	0.021558	0.001641	0.135613	0.040082	0.000144	0.012061	0.032475	0.019314	0.036232	0.005434	0.001379	0.003345	0.001173	0.002064	0.000144	
0.001047	0.004761	0.007090	0.003312	0.000145	0.014920	0.038343	0.001399	0.075488	0.004449	0.020750	0.001925	0.002880	0.005237	0.000145	0.084799	0.117898	0.005430	0.006057	0.008757	0.003215	0.002750	0.003850	0.053828	0.005574	0.007265	0.045102	0.010294	0.167366	0.000145	0.003884	0.003000	0.009165	0.021882	0.028019	0.011017	0.016663	0.129987	0.006236	0.000145	0.011458	0.023108	0.008590	0.006947	0.000842	0.001399	0.001081	0.011501	0.000707	0.000145	
0.001714	0.005173	0.002001	0.003637	0.000137	0.042326	0.015679	0.004246	0.066293	0.024755	0.025236	0.002134	0.023246	0.044308	0.000137	0.034581	0.048094	0.005989	0.006771	0.053641	0.026769	0.001869	0.019350	0.021979	0.047231	0.008126	0.012346	0.043951	0.066751	0.000137	0.017992	0.023356	0.009800	0.009145	0.011478	0.009827	0.006858	0.139422	0.006662	0.000137	0.009004	0.011220	0.051862	0.007770	0.004456	0.004246	0.008257	0.004757	0.005009	0.000137	
0.000825	0.013416	0.012642	0.006244	0.000150	0.020303	0.029086	0.002461	0.070654	0.006234	0.015382	0.001512	0.001858	0.003060	0.000150	0.064279	0.089353	0.009460	0.004675	0.007044	0.001904	0.004662	0.005311	0.040817	0.003252	0.005599	0.079944	0.008323	0.160744	0.000150	0.005047	0.001828	0.038008	0.016678	0.021265	0.024134	0.012663	0.099172	0.025714	0.000150	0.020586	0.036624	0.010050	0.005356	0.000708	0.002461	0.000685	0.008753	0.000471	0.000150	
