5	0	0	0	60	0	54	
0	0	0	0	0	112	0	
0	0	0	0	0	0	40	
72	46	2	0	30	240	0	
173	0	5	0	0	0	0	
0	0	0	0	71	0	0	
0	0	0	0	0	50	0	
0	0	0	0	0	0	0	
86	0	0	0	1	0	128	
0	0	0	109	0	62	0	
0	0	44	0	0	0	0	
0	0	0	0	0	0	0	
195	0	1	0	0	0	0	
0	0	0	0	0	0	0	
0	0	0	0	102	0	0	
0	0	0	56	0	0	0	
0	153	0	76	0	0	0	
0	0	0	0	0	0	40	
181	0	0	0	0	0	0	
0	15	0	0	0	0	0	
33	25	0	3	174	0	0	
0	0	0	0	0	0	161	
0	0	75	0	0	0	1	
0	3	0	0	73	39	2	
0	69	0	0	0	1	0	
0	0	0	16	0	0	0	
28	0	0	0	0	0	0	
0	0	0	0	73	0	0	
0	4	0	111	0	0	0	
0	0	0	0	0	0	0	
0	0	0	0	36	0	0	
0	0	88	61	0	0	0	
0	0	160	0	0	0	0	
0	0	0	0	0	68	0	
0	0	0	0	0	0	40	
0	68	0	0	0	44	50	
0	0	0	0	34	0	0	
0	0	0	0	0	0	0	
0	0	0	0	0	0	0	
0	0	0	147	47	14	0	
0	146	0	0	0	0	0	
0	28	0	0	0	0	38	
0	0	0	0	103	0	0	
40	0	0	0	0	0	0	
0	0	163	0	11	0	0	
88	0	2	0	0	0	0	
0	0	0	0	0	58	0	
36	0	0	0	0	0	0	
0	0	0	36	0	0	0	
0	26	0	0	0	0	0	
