0.000540	0.048333	0.042040	0.004465	0.041681	0.001032	0.027303	0.005230	0.128882	0.009631	0.000895	0.000168	0.000833	0.006343	0.082392	0.002053	0.007483	0.009199	0.002358	0.070286	0.110412	0.000168	0.003162	0.001794	0.002105	0.000168	0.000168	0.078754	0.002507	0.034225	0.015382	0.006456	0.040553	0.014133	0.003199	0.001710	0.063980	0.000846	0.002542	0.007564	0.003278	0.038238	0.044445	0.000833	0.003672	0.014133	0.005092	0.000939	0.001282	0.007116	
0.001034	0.027732	0.063009	0.007332	0.008134	0.001752	0.005372	0.001132	0.082831	0.030146	0.005630	0.000159	0.001844	0.015954	0.063508	0.004932	0.003883	0.011407	0.004199	0.043515	0.063270	0.000159	0.007739	0.004277	0.005286	0.000159	0.000159	0.088907	0.002800	0.006788	0.003795	0.031749	0.048575	0.023470	0.007833	0.003004	0.074979	0.001411	0.006199	0.039377	0.006647	0.063406	0.032626	0.001844	0.011323	0.023470	0.037213	0.001581	0.003012	0.015438	
0.000651	0.055241	0.034167	0.003399	0.011833	0.001287	0.007793	0.001591	0.150457	0.010379	0.001122	0.000168	0.001084	0.011702	0.094242	0.002761	0.003137	0.005104	0.003006	0.081519	0.126224	0.000168	0.004286	0.002405	0.003774	0.000168	0.000168	0.095183	0.002171	0.009778	0.004881	0.006912	0.049038	0.010669	0.004337	0.002166	0.059464	0.001048	0.003931	0.009737	0.004692	0.028698	0.052575	0.001084	0.005627	0.010669	0.006626	0.001167	0.002252	0.009455	
0.001129	0.001499	0.006286	0.000871	0.255962	0.002578	0.167363	0.031345	0.006500	0.004777	0.000731	0.000148	0.000633	0.003764	0.004278	0.001523	0.041729	0.045941	0.006310	0.002998	0.003240	0.000148	0.002331	0.001334	0.001269	0.000148	0.000148	0.011253	0.010120	0.209818	0.092458	0.003485	0.007562	0.002495	0.002358	0.004488	0.006826	0.002058	0.001723	0.005541	0.005693	0.007761	0.003622	0.000633	0.005204	0.002495	0.004092	0.002318	0.000788	0.012222	
0.004272	0.003009	0.029415	0.003653	0.072025	0.009557	0.047133	0.008917	0.013975	0.036542	0.009509	0.000152	0.001766	0.007468	0.034000	0.004723	0.014379	0.039259	0.024000	0.006051	0.006690	0.000152	0.007412	0.004096	0.002741	0.000152	0.000152	0.076991	0.016348	0.059143	0.030449	0.048696	0.020654	0.011530	0.007501	0.016947	0.030310	0.007542	0.004611	0.061053	0.020446	0.031354	0.008850	0.001766	0.024136	0.011530	0.063519	0.008549	0.001418	0.045457	
0.002686	0.002805	0.060439	0.007421	0.140672	0.006388	0.092006	0.017293	0.011455	0.015090	0.001938	0.000157	0.000755	0.005592	0.011299	0.001852	0.023577	0.034997	0.015957	0.005296	0.006220	0.000157	0.002850	0.001620	0.001853	0.000157	0.000157	0.025581	0.013153	0.115344	0.053309	0.013521	0.020673	0.023765	0.002883	0.011284	0.060767	0.005053	0.002241	0.013741	0.014018	0.064857	0.005539	0.000755	0.012383	0.023765	0.012220	0.005720	0.001102	0.027640	
0.004284	0.008480	0.009341	0.001133	0.105425	0.009799	0.068965	0.012992	0.026424	0.026749	0.007655	0.000154	0.001291	0.005316	0.036874	0.003377	0.019171	0.042486	0.024612	0.013263	0.019212	0.000154	0.005273	0.002935	0.001988	0.000154	0.000154	0.071418	0.017534	0.086488	0.042463	0.037931	0.015400	0.003336	0.005336	0.017378	0.013105	0.007732	0.003281	0.048130	0.020379	0.009296	0.011585	0.001291	0.022340	0.003336	0.050958	0.008766	0.001027	0.043833	
0.001129	0.010343	0.028240	0.003373	0.007338	0.002555	0.004842	0.001009	0.102321	0.011290	0.001139	0.000130	0.001209	0.110963	0.020605	0.003186	0.009939	0.006476	0.006278	0.043799	0.023506	0.000130	0.004983	0.002766	0.034501	0.000130	0.000130	0.129083	0.004029	0.006097	0.003909	0.007156	0.131771	0.010667	0.005043	0.004459	0.032600	0.002035	0.020481	0.010673	0.025258	0.028737	0.045835	0.001209	0.033134	0.010667	0.006964	0.002295	0.020207	0.015378	
0.001167	0.003194	0.011895	0.001504	0.047464	0.002448	0.031070	0.005900	0.078087	0.016031	0.002940	0.000127	0.001572	0.102167	0.013994	0.004222	0.016138	0.015229	0.006011	0.031319	0.007146	0.000127	0.006630	0.003660	0.031856	0.000127	0.000127	0.121617	0.004845	0.039001	0.018144	0.014923	0.117305	0.004602	0.006710	0.004271	0.013154	0.001950	0.019792	0.022316	0.023337	0.012491	0.038011	0.001572	0.032271	0.004602	0.019176	0.002199	0.018611	0.016948	
0.001243	0.004015	0.007277	0.000928	0.038074	0.002853	0.024930	0.004752	0.092743	0.009626	0.001157	0.000124	0.001350	0.120734	0.009821	0.003598	0.015630	0.011931	0.007045	0.037372	0.009031	0.000124	0.005641	0.003121	0.037523	0.000124	0.000124	0.130027	0.005241	0.031293	0.015003	0.005747	0.135629	0.002737	0.005710	0.004998	0.008992	0.002269	0.022377	0.011095	0.027480	0.007396	0.043895	0.001350	0.036120	0.002737	0.007123	0.002561	0.021971	0.017357	
0.001168	0.003123	0.007434	0.000959	0.023343	0.002630	0.015300	0.002953	0.097978	0.009426	0.001468	0.000121	0.001126	0.132002	0.009316	0.002967	0.014184	0.009638	0.006483	0.039073	0.006993	0.000121	0.004642	0.002577	0.041030	0.000121	0.000121	0.141314	0.004540	0.019208	0.009645	0.007317	0.146314	0.002844	0.004697	0.004601	0.008730	0.002092	0.023766	0.012018	0.029083	0.007618	0.046071	0.001126	0.038959	0.002844	0.009241	0.002361	0.024013	0.015302	
0.001682	0.003082	0.008312	0.001079	0.040563	0.002512	0.026561	0.005066	0.040572	0.042311	0.013616	0.000135	0.001187	0.047567	0.046212	0.003114	0.013306	0.028761	0.006163	0.016786	0.006880	0.000135	0.004866	0.002705	0.015423	0.000135	0.000135	0.134597	0.004772	0.033325	0.015720	0.067514	0.057261	0.003202	0.004924	0.004380	0.009569	0.002003	0.010049	0.082276	0.013532	0.008647	0.019985	0.001187	0.027526	0.003202	0.091434	0.002258	0.008719	0.015053	
0.000921	0.006597	0.107940	0.013112	0.009233	0.001806	0.006087	0.001258	0.047785	0.026394	0.002797	0.000151	0.001431	0.044836	0.021240	0.003777	0.005607	0.007822	0.004348	0.021062	0.014905	0.000151	0.005910	0.003279	0.014103	0.000151	0.000151	0.069749	0.002914	0.007665	0.004212	0.021362	0.075838	0.042275	0.005981	0.003107	0.109328	0.001451	0.010089	0.022165	0.012361	0.114415	0.022696	0.001431	0.016402	0.042275	0.018073	0.001629	0.008241	0.013490	
0.000995	0.005598	0.105055	0.012780	0.009404	0.001600	0.006200	0.001281	0.034723	0.035219	0.006170	0.000152	0.001456	0.029390	0.029801	0.003846	0.005228	0.012122	0.003823	0.015578	0.012617	0.000152	0.006019	0.003339	0.009472	0.000152	0.000152	0.074037	0.002601	0.007807	0.004171	0.037858	0.058556	0.041192	0.006091	0.002738	0.106018	0.001290	0.007611	0.041683	0.009128	0.111477	0.017128	0.001456	0.015031	0.041192	0.040907	0.001445	0.005443	0.012813	
0.001228	0.006376	0.098749	0.012004	0.012986	0.001968	0.008541	0.001719	0.029750	0.038547	0.008117	0.000154	0.001227	0.019214	0.036859	0.003195	0.005473	0.015929	0.004753	0.014002	0.014396	0.000154	0.004983	0.002777	0.006403	0.000154	0.000154	0.077631	0.003253	0.010729	0.005630	0.047013	0.046071	0.038667	0.005043	0.003393	0.100171	0.001579	0.005470	0.051896	0.007966	0.104647	0.014038	0.001227	0.014640	0.038667	0.054085	0.001773	0.003598	0.012998	
0.000779	0.005939	0.008063	0.001010	0.011836	0.001634	0.007787	0.001570	0.027112	0.096820	0.001245	0.000144	0.019356	0.005108	0.013190	0.054577	0.002650	0.005868	0.003921	0.009678	0.013409	0.000144	0.086597	0.047106	0.001716	0.000144	0.000144	0.021107	0.002717	0.010793	0.005052	0.006141	0.083302	0.002959	0.087664	0.002804	0.010659	0.001314	0.040439	0.083456	0.004067	0.007834	0.055656	0.019356	0.004593	0.002959	0.007602	0.001474	0.001034	0.109473	
0.000956	0.002267	0.030124	0.003745	0.008857	0.002107	0.005839	0.001208	0.018233	0.092261	0.001020	0.000145	0.017974	0.006825	0.006973	0.050659	0.002249	0.005822	0.005119	0.004902	0.005002	0.000145	0.080373	0.043726	0.002234	0.000145	0.000145	0.016643	0.003370	0.008275	0.004228	0.006728	0.082192	0.011844	0.081363	0.003648	0.030664	0.001686	0.037875	0.076957	0.005491	0.031908	0.049547	0.017974	0.005543	0.011844	0.006069	0.001897	0.001344	0.103856	
0.001019	0.012993	0.007889	0.000877	0.008899	0.001629	0.005868	0.001214	0.043855	0.079217	0.006525	0.000146	0.012815	0.007279	0.040836	0.036041	0.003543	0.012583	0.003905	0.020280	0.029551	0.000146	0.057156	0.031115	0.002631	0.000146	0.000146	0.065442	0.002636	0.008023	0.004004	0.032208	0.063912	0.002521	0.057860	0.002793	0.013792	0.001311	0.027347	0.087737	0.004440	0.006629	0.045565	0.012815	0.009701	0.002521	0.043349	0.001470	0.001430	0.074188	
0.000801	0.003571	0.007625	0.000992	0.045117	0.001606	0.029540	0.005626	0.029678	0.075440	0.002010	0.000141	0.014506	0.021057	0.011635	0.040843	0.009392	0.012232	0.003855	0.010510	0.007992	0.000141	0.064785	0.035256	0.006692	0.000141	0.000141	0.037786	0.003487	0.037797	0.016889	0.009936	0.080377	0.002909	0.065584	0.002756	0.009120	0.001292	0.033086	0.068502	0.006906	0.007867	0.046216	0.014506	0.009321	0.002909	0.012803	0.001449	0.003923	0.083257	
0.002138	0.002806	0.010172	0.001312	0.013741	0.003164	0.009030	0.001797	0.027802	0.057543	0.017985	0.000138	0.001870	0.029276	0.059095	0.005046	0.008591	0.031419	0.007812	0.011572	0.006244	0.000138	0.007932	0.004372	0.009947	0.000138	0.000138	0.144034	0.005117	0.011382	0.006495	0.089291	0.040702	0.003951	0.008029	0.005542	0.011270	0.002516	0.008452	0.110234	0.011526	0.010543	0.015815	0.001870	0.027560	0.003951	0.121005	0.002840	0.005401	0.021252	
0.001794	0.003025	0.017836	0.002240	0.038266	0.002954	0.025062	0.004791	0.024268	0.057766	0.012180	0.000142	0.004950	0.021256	0.041940	0.013766	0.010612	0.027114	0.007272	0.009773	0.006742	0.000142	0.021780	0.011896	0.007202	0.000142	0.000142	0.100815	0.005390	0.031652	0.015124	0.061098	0.045569	0.006961	0.022047	0.005163	0.018919	0.002351	0.013467	0.089133	0.009706	0.018818	0.021378	0.004950	0.020164	0.006961	0.081675	0.002652	0.003951	0.037001	
0.013563	0.002311	0.006513	0.000903	0.039385	0.034044	0.025803	0.004951	0.015777	0.010728	0.002070	0.000169	0.001147	0.010255	0.009619	0.002939	0.007588	0.062306	0.086066	0.005552	0.005072	0.000169	0.004569	0.002559	0.003006	0.000169	0.000169	0.054803	0.053148	0.032361	0.031071	0.010047	0.015556	0.002555	0.004624	0.060660	0.007421	0.026785	0.003632	0.015147	0.069574	0.006832	0.007228	0.001147	0.054907	0.002555	0.013044	0.030414	0.001778	0.137310	
0.014338	0.010583	0.007077	0.000842	0.011142	0.036135	0.007343	0.001512	0.036366	0.007156	0.000984	0.000174	0.001031	0.009013	0.019885	0.002601	0.002698	0.059554	0.091360	0.016967	0.024000	0.000174	0.004029	0.002268	0.002552	0.000174	0.000174	0.060357	0.055667	0.009210	0.022060	0.004606	0.017819	0.002346	0.004077	0.064389	0.011851	0.028429	0.003172	0.008362	0.073506	0.006118	0.013495	0.001031	0.056759	0.002346	0.005662	0.032282	0.001544	0.144780	
0.007998	0.007812	0.007726	0.000944	0.013915	0.020019	0.009148	0.001828	0.066051	0.010507	0.001098	0.000149	0.001601	0.064801	0.015789	0.004263	0.007442	0.034883	0.050533	0.027874	0.017688	0.000149	0.006684	0.003699	0.020011	0.000149	0.000149	0.096474	0.030999	0.011511	0.014986	0.005347	0.078555	0.002732	0.006764	0.035631	0.011202	0.015761	0.013604	0.011534	0.051530	0.007218	0.030149	0.001601	0.047226	0.002732	0.006576	0.017890	0.011741	0.085323	
