0	44	0	0	0	0	52	
0	0	18	0	0	0	0	
0	0	0	0	0	0	0	
0	0	0	0	0	0	28	
0	0	0	0	0	56	0	
136	146	0	0	15	0	0	
0	0	0	22	0	0	0	
0	0	0	0	29	178	0	
134	0	0	0	0	0	0	
0	0	0	0	0	0	44	
0	27	0	0	0	31	40	
0	0	0	0	0	0	70	
0	0	0	108	0	1	0	
0	0	116	0	0	0	1	
22	0	0	97	0	0	0	
0	0	0	155	1	0	0	
0	0	0	0	114	0	13	
0	0	0	0	120	0	0	
0	0	0	0	14	0	0	
0	0	0	34	0	39	0	
0	0	0	0	0	37	0	
0	0	0	12	0	0	0	
63	0	65	0	0	0	0	
0	0	18	0	0	0	0	
0	0	0	0	0	69	0	
0	0	0	103	0	0	0	
0	1	13	0	0	0	0	
0	60	0	0	0	65	0	
59	0	0	0	0	0	0	
0	0	109	0	0	0	0	
0	0	34	0	0	0	0	
46	2	0	0	100	0	84	
0	17	0	0	0	28	0	
0	0	38	0	0	0	0	
0	0	0	151	0	0	0	
0	0	0	0	0	0	46	
0	0	0	0	0	102	0	
0	30	0	0	44	0	90	
115	0	0	24	3	73	0	
0	0	120	65	54	0	0	
0	0	0	0	0	0	46	
59	0	0	0	0	0	0	
0	39	56	0	0	3	0	
0	0	0	28	0	0	0	
0	0	14	0	0	0	0	
0	0	0	0	27	0	0	
3	104	164	2	0	0	26	
0	0	0	0	228	0	0	
0	0	0	0	44	0	0	
0	0	0	0	0	30	0	
