6
6
6
6
6
6
6
6
6
6
6
6
6
6
6
6
6
6
6
6
6
6
6
6
6
42
42
42
42
42
42
42
42
42
42
42
42
42
42
42
42
42
42
42
42
42
42
23
23
23
23
23
23
23
23
23
23
23
23
23
23
23
23
23
23
23
23
23
23
16
16
16
16
16
16
16
16
16
16
16
16
16
16
16
16
16
16
16
16
16
16
16
16
16
16
33
33
33
33
33
33
14
14
14
14
14
14
14
14
14
14
14
14
14
14
14
14
14
14
14
30
30
30
30
30
30
30
30
30
30
30
30
30
30
30
30
30
30
30
30
30
30
30
30
30
30
30
30
30
30
30
30
30
8
8
8
8
8
8
8
8
8
8
8
8
8
27
27
27
27
27
27
27
27
27
27
27
27
27
27
27
27
27
27
27
27
27
27
27
27
27
20
20
20
20
20
14
14
14
14
14
14
14
14
14
14
44
44
44
44
44
44
44
44
44
48
48
48
48
48
48
48
48
48
48
48
48
48
48
48
48
48
