29	0	0	22	0	0	5	
0	0	0	0	24	0	97	
0	0	0	0	97	0	0	
26	0	0	69	0	147	0	
0	0	1	0	0	0	16	
0	0	73	0	0	0	0	
0	0	0	31	0	128	0	
0	272	0	0	34	0	0	
187	0	0	0	85	0	0	
0	0	0	0	61	0	183	
0	0	0	0	0	227	0	
0	0	28	0	0	0	0	
0	0	0	0	0	1	153	
15	0	0	0	0	0	0	
42	0	0	0	0	1	0	
0	0	0	13	0	0	0	
0	93	1	0	0	0	53	
0	0	1	91	24	61	0	
0	0	71	0	0	0	0	
0	16	0	0	0	0	0	
0	0	0	0	81	0	0	
64	0	0	0	0	0	0	
0	0	0	0	0	28	0	
59	45	0	0	0	4	0	
0	0	50	183	0	0	0	
0	0	0	80	56	67	1	
104	0	0	0	0	0	0	
0	0	0	0	0	42	81	
0	0	0	15	0	0	0	
0	0	0	0	0	39	0	
0	0	0	18	31	1	0	
0	0	28	0	0	0	0	
0	0	0	0	0	23	0	
0	0	0	53	76	0	15	
44	0	0	0	1	0	0	
0	0	0	0	0	0	14	
0	0	0	0	0	0	0	
0	0	0	5	112	39	76	
0	165	2	0	0	1	0	
0	0	0	0	0	0	16	
27	0	0	0	0	0	0	
0	0	0	0	133	0	0	
0	0	0	0	0	0	16	
0	0	0	0	0	14	0	
0	36	0	0	0	0	0	
0	0	0	0	26	0	0	
0	0	0	0	0	42	0	
0	0	0	0	18	0	0	
0	0	106	0	0	0	0	
0	0	0	87	0	0	0	
