0.482146	0.001696	0.039824	0.001848	0.041794	0.033548	0.025190	0.095530	0.035236	0.105992	0.031376	0.010055	0.031628	0.018314	0.045822	
0.465244	0.001949	0.032852	0.001132	0.034756	0.019702	0.039478	0.128980	0.042868	0.107240	0.011323	0.016410	0.034860	0.059981	0.003227	
0.487432	0.001711	0.031580	0.001646	0.038481	0.022923	0.026124	0.124579	0.027878	0.113976	0.018112	0.008130	0.038711	0.041812	0.016905	
0.389981	0.001626	0.074012	0.002334	0.021535	0.044527	0.087493	0.037472	0.102967	0.045163	0.014550	0.045066	0.033110	0.076807	0.023358	
0.332125	0.003160	0.077085	0.001452	0.019098	0.015278	0.111321	0.028690	0.200395	0.023684	0.010937	0.099165	0.015370	0.045049	0.017190	
0.343346	0.005551	0.079070	0.001998	0.018378	0.011022	0.082320	0.052165	0.173292	0.030120	0.008956	0.076163	0.028022	0.078837	0.010760	
0.367224	0.001851	0.079565	0.001633	0.027192	0.037296	0.093549	0.012959	0.156165	0.036542	0.028132	0.073927	0.012795	0.019757	0.051411	
0.368944	0.001796	0.139298	0.000955	0.014964	0.043724	0.064210	0.043198	0.106504	0.035981	0.007154	0.026151	0.036844	0.102703	0.007575	
0.338939	0.001472	0.097823	0.001295	0.012251	0.086495	0.116127	0.014228	0.067543	0.021508	0.012203	0.017676	0.023255	0.167873	0.021312	
0.361876	0.004641	0.175596	0.001472	0.017793	0.026492	0.023522	0.029286	0.145259	0.025640	0.019290	0.030988	0.040681	0.064794	0.032672	
0.361757	0.001953	0.171274	0.001330	0.014599	0.034412	0.051874	0.018351	0.145257	0.022651	0.012388	0.039794	0.039862	0.063299	0.021200	
0.374306	0.001599	0.148132	0.001428	0.021075	0.032669	0.055487	0.014727	0.150618	0.031018	0.021068	0.050318	0.031573	0.028095	0.037886	
0.402783	0.001509	0.164311	0.001682	0.019592	0.024168	0.027835	0.038348	0.126928	0.042856	0.013441	0.031106	0.048628	0.036195	0.020618	
0.367596	0.001861	0.175619	0.000765	0.013605	0.031047	0.044347	0.039581	0.131439	0.031023	0.006100	0.029725	0.042226	0.079077	0.005988	
0.414149	0.001599	0.144725	0.000920	0.023922	0.015989	0.024021	0.065776	0.119452	0.060034	0.012490	0.030883	0.041776	0.030021	0.014241	
0.570204	0.001141	0.013884	0.009680	0.025948	0.008974	0.014745	0.071386	0.019754	0.090536	0.004529	0.018625	0.123529	0.020319	0.006746	
0.552867	0.002781	0.014672	0.009403	0.025147	0.007447	0.011473	0.077582	0.024117	0.086602	0.004867	0.016705	0.119863	0.040181	0.006292	
0.441011	0.005509	0.028031	0.005191	0.022779	0.036480	0.048853	0.077365	0.039390	0.064524	0.011600	0.012362	0.066083	0.125849	0.014973	
0.457408	0.003408	0.019670	0.004383	0.040402	0.068345	0.050057	0.027251	0.028085	0.073323	0.050293	0.010803	0.032556	0.041011	0.093003	
0.356448	0.004220	0.061428	0.001783	0.019228	0.026652	0.093812	0.058562	0.135585	0.039806	0.007896	0.061907	0.025988	0.099072	0.007612	
0.256809	0.020724	0.053437	0.001254	0.019378	0.021834	0.018870	0.121130	0.111643	0.022975	0.024965	0.006676	0.012005	0.277877	0.030424	
0.333165	0.001276	0.074548	0.001296	0.016553	0.035347	0.130623	0.019460	0.172450	0.022381	0.008223	0.088293	0.014590	0.068558	0.013238	
0.289195	0.010299	0.096686	0.000793	0.014976	0.007376	0.066530	0.072082	0.184340	0.017685	0.008880	0.064658	0.017452	0.142209	0.006837	
0.333887	0.001784	0.060897	0.001317	0.017141	0.072373	0.134149	0.015840	0.102506	0.025033	0.015767	0.048943	0.011020	0.131614	0.027730	
