0.524785	0.006341	0.015971	0.000863	0.040280	0.018527	0.030337	0.163125	0.027117	0.133624	0.004245	0.006689	0.007800	0.013979	0.006316	
0.471149	0.004348	0.062650	0.001417	0.039073	0.023465	0.040197	0.116533	0.037166	0.101680	0.010964	0.027668	0.028585	0.017219	0.017886	
0.457799	0.003586	0.081027	0.001028	0.040084	0.019605	0.031137	0.108993	0.035022	0.093120	0.010452	0.036301	0.046927	0.017107	0.017812	
0.503051	0.000748	0.013412	0.013075	0.005385	0.093184	0.224387	0.015145	0.029347	0.013372	0.026883	0.009578	0.007902	0.037232	0.007298	
0.391383	0.000960	0.108944	0.005752	0.023599	0.044331	0.110690	0.027536	0.105072	0.022629	0.014352	0.066001	0.042716	0.028310	0.007724	
0.473528	0.000968	0.033158	0.009746	0.009755	0.069433	0.170618	0.030243	0.065213	0.020184	0.019570	0.025228	0.029077	0.039739	0.003542	
0.404305	0.000762	0.024882	0.003241	0.017228	0.051096	0.102759	0.012770	0.141382	0.059644	0.046978	0.024240	0.010688	0.016214	0.083811	
0.332928	0.008536	0.124772	0.001321	0.011555	0.032690	0.027624	0.039444	0.118475	0.034370	0.006137	0.009451	0.012135	0.228462	0.012100	
0.328573	0.006407	0.112809	0.003451	0.006739	0.040983	0.068939	0.016750	0.158348	0.014380	0.008632	0.027725	0.009854	0.188617	0.007791	
0.330794	0.004795	0.122613	0.000744	0.020601	0.033809	0.036702	0.019281	0.119379	0.043046	0.025063	0.029389	0.025905	0.136604	0.051276	
0.297035	0.008015	0.143229	0.000934	0.010396	0.034861	0.026751	0.013717	0.135449	0.023818	0.012899	0.015259	0.012730	0.237206	0.027700	
0.359682	0.001238	0.133897	0.001105	0.035291	0.028521	0.045764	0.030771	0.088926	0.052195	0.027173	0.061825	0.053906	0.027718	0.051989	
0.343541	0.004084	0.181925	0.001118	0.035592	0.020311	0.022193	0.050991	0.065692	0.039244	0.004297	0.064294	0.061005	0.099013	0.006700	
0.335969	0.004044	0.185638	0.001011	0.033764	0.020534	0.019613	0.044283	0.067438	0.034200	0.005245	0.062704	0.065601	0.110879	0.009077	
0.351817	0.001014	0.212032	0.001539	0.048008	0.016137	0.028057	0.051446	0.035293	0.037136	0.004783	0.096610	0.091705	0.019905	0.004519	
0.531835	0.001025	0.017697	0.000844	0.027241	0.007516	0.014022	0.128125	0.022497	0.083051	0.006029	0.017478	0.121036	0.016660	0.004944	
0.540853	0.001751	0.012273	0.000737	0.030325	0.007450	0.014129	0.140722	0.018316	0.095042	0.004816	0.015363	0.106374	0.008483	0.003367	
0.460160	0.000929	0.019102	0.000806	0.025581	0.029239	0.047056	0.066346	0.078383	0.084950	0.036006	0.014828	0.058083	0.009557	0.068975	
0.407108	0.001976	0.025681	0.001518	0.020927	0.047449	0.075565	0.023638	0.115005	0.078464	0.051172	0.008027	0.007612	0.035947	0.099911	
0.351835	0.003495	0.154714	0.000812	0.029815	0.016366	0.020132	0.051745	0.096371	0.036857	0.004485	0.061742	0.069093	0.095748	0.006790	
0.328535	0.006401	0.117518	0.000694	0.014157	0.034175	0.029589	0.021700	0.122259	0.038363	0.020460	0.014234	0.021768	0.187350	0.042796	
0.278096	0.000914	0.053202	0.000971	0.004665	0.007926	0.073534	0.010495	0.415212	0.010509	0.006865	0.111612	0.007014	0.013616	0.005369	
0.333001	0.003623	0.073380	0.001159	0.009798	0.017280	0.050008	0.035982	0.254439	0.028097	0.006712	0.061497	0.025048	0.092106	0.007871	
0.368899	0.001431	0.042727	0.004850	0.007376	0.041792	0.117646	0.014105	0.232571	0.021237	0.019570	0.058575	0.009551	0.039439	0.020231	
