0	0	0	0	0	30	0	
70	78	4	0	0	0	0	
0	0	0	0	97	0	0	
0	0	0	0	0	210	0	
2	30	2	0	0	0	0	
0	6	0	0	0	0	74	
0	0	0	0	0	152	0	
0	36	204	0	72	0	0	
195	0	0	0	88	0	0	
0	138	0	0	122	0	0	
0	0	0	235	0	52	0	
0	0	0	0	0	0	28	
0	66	0	142	0	0	0	
78	0	0	0	0	0	0	
41	0	0	0	0	0	1	
0	17	0	0	0	12	0	
0	82	29	0	0	0	0	
30	0	0	100	36	0	0	
0	0	0	0	0	0	60	
0	0	99	0	0	0	0	
0	0	0	0	81	0	0	
67	0	0	0	0	0	0	
0	0	0	0	0	15	0	
0	0	85	49	0	0	0	
0	0	0	0	0	152	70	
0	0	0	0	0	0	0	
54	0	0	0	0	0	0	
0	0	0	184	0	0	0	
0	0	0	0	0	14	0	
0	0	0	50	0	0	0	
0	0	0	0	0	12	0	
0	0	0	0	0	0	28	
0	0	11	0	0	0	0	
26	23	0	0	38	35	0	
50	0	0	0	0	0	0	
0	24	0	0	3	0	0	
0	0	0	0	0	0	0	
0	0	99	0	154	4	0	
0	0	173	0	0	3	0	
0	15	0	0	0	0	0	
28	0	0	0	0	0	0	
0	0	9	0	121	0	0	
0	15	0	0	0	0	0	
0	23	0	0	0	0	0	
0	0	33	0	0	0	0	
0	0	0	0	24	0	0	
16	0	0	0	0	0	0	
0	0	0	0	18	0	0	
0	0	0	1	0	0	95	
0	4	0	0	0	85	0	
