0.000615	0.000970	0.000615	0.000615	0.000615	0.000615	0.000615	0.000615	0.000615	0.000615	0.000615	0.000615	0.000615	0.000783	0.000615	0.000615	0.000615	0.000615	0.000615	0.000615	0.000615	0.000615	0.000615	0.000615	0.000615	0.000615	0.000615	0.000615	0.000615	0.003717	0.000615	0.000615	0.002502	0.002059	0.000796	0.000615	0.000615	0.001551	0.012382	0.000615	0.000615	0.000615	0.000615	0.000615	0.000615	0.000615	0.000615	0.000615	0.000615	0.950023	
0.000581	0.000999	0.000581	0.000581	0.000581	0.000581	0.000581	0.000581	0.000581	0.000581	0.000581	0.000581	0.000581	0.000780	0.000581	0.000581	0.000581	0.000581	0.000581	0.000581	0.000581	0.000581	0.000581	0.000581	0.000581	0.000581	0.000581	0.000581	0.000581	0.001829	0.000581	0.000581	0.001603	0.001707	0.002845	0.000581	0.000581	0.001675	0.008590	0.000581	0.000581	0.000581	0.000581	0.000581	0.000581	0.000581	0.000581	0.000581	0.000581	0.956169	
0.000579	0.001508	0.000579	0.000579	0.000579	0.000579	0.000579	0.000579	0.000579	0.000579	0.000579	0.000579	0.000579	0.001099	0.000579	0.000579	0.000579	0.000579	0.000579	0.000579	0.000579	0.000579	0.000579	0.000579	0.000579	0.000579	0.000579	0.000579	0.000579	0.001314	0.000579	0.000579	0.001986	0.000851	0.003962	0.000579	0.000579	0.002623	0.002945	0.000579	0.000579	0.000579	0.000579	0.000579	0.000579	0.000579	0.000579	0.000579	0.000579	0.959971	
0.000654	0.001382	0.000654	0.000654	0.000654	0.000654	0.000654	0.000654	0.000654	0.000654	0.000654	0.000654	0.000654	0.000839	0.000654	0.000654	0.000654	0.000654	0.000654	0.000654	0.000654	0.000654	0.000654	0.000654	0.000654	0.000654	0.000654	0.000654	0.000654	0.001135	0.000654	0.000654	0.001265	0.001348	0.000848	0.000654	0.000654	0.003368	0.005301	0.000654	0.000654	0.000654	0.000654	0.000654	0.000654	0.000654	0.000654	0.000654	0.000654	0.957709	
0.000660	0.005158	0.000660	0.000660	0.000660	0.000660	0.000660	0.000660	0.000660	0.000660	0.000660	0.000660	0.000660	0.000907	0.000660	0.000660	0.000660	0.000660	0.000660	0.000660	0.000660	0.000660	0.000660	0.000660	0.000660	0.000660	0.000660	0.000660	0.000660	0.001872	0.000660	0.000660	0.001760	0.001039	0.001302	0.000660	0.000660	0.021914	0.004142	0.000660	0.000660	0.000660	0.000660	0.000660	0.000660	0.000660	0.000660	0.000660	0.000660	0.934838	
0.000668	0.002794	0.000668	0.000668	0.000668	0.000668	0.000668	0.000668	0.000668	0.000668	0.000668	0.000668	0.000668	0.001120	0.000668	0.000668	0.000668	0.000668	0.000668	0.000668	0.000668	0.000668	0.000668	0.000668	0.000668	0.000668	0.000668	0.000668	0.000668	0.001093	0.000668	0.000668	0.001784	0.000798	0.002029	0.000668	0.000668	0.009040	0.001873	0.000668	0.000668	0.000668	0.000668	0.000668	0.000668	0.000668	0.000668	0.000668	0.000668	0.952079	
0.000693	0.006687	0.000693	0.000693	0.000693	0.000693	0.000693	0.000693	0.000693	0.000693	0.000693	0.000693	0.000693	0.001024	0.000693	0.000693	0.000693	0.000693	0.000693	0.000693	0.000693	0.000693	0.000693	0.000693	0.000693	0.000693	0.000693	0.000693	0.000693	0.000918	0.000693	0.000693	0.001467	0.000872	0.000796	0.000693	0.000693	0.029007	0.001991	0.000693	0.000693	0.000693	0.000693	0.000693	0.000693	0.000693	0.000693	0.000693	0.000693	0.928812	
0.000628	0.002265	0.000628	0.000628	0.000628	0.000628	0.000628	0.000628	0.000628	0.000628	0.000628	0.000628	0.000628	0.001441	0.000628	0.000628	0.000628	0.000628	0.000628	0.000628	0.000628	0.000628	0.000628	0.000628	0.000628	0.000628	0.000628	0.000628	0.000628	0.001217	0.000628	0.000628	0.002548	0.001903	0.001891	0.000628	0.000628	0.004748	0.008867	0.000628	0.000628	0.000628	0.000628	0.000628	0.000628	0.000628	0.000628	0.000628	0.000628	0.949355	
0.000700	0.001273	0.000700	0.000700	0.000700	0.000700	0.000700	0.000700	0.000700	0.000700	0.000700	0.000700	0.000700	0.001034	0.000700	0.000700	0.000700	0.000700	0.000700	0.000700	0.000700	0.000700	0.000700	0.000700	0.000700	0.000700	0.000700	0.000700	0.000700	0.001068	0.000700	0.000700	0.001553	0.000894	0.000804	0.000700	0.000700	0.001891	0.002230	0.000700	0.000700	0.000700	0.000700	0.000700	0.000700	0.000700	0.000700	0.000700	0.000700	0.960562	
0.000624	0.003005	0.000624	0.000624	0.000624	0.000624	0.000624	0.000624	0.000624	0.000624	0.000624	0.000624	0.000624	0.002659	0.000624	0.000624	0.000624	0.000624	0.000624	0.000624	0.000624	0.000624	0.000624	0.000624	0.000624	0.000624	0.000624	0.000624	0.000624	0.002654	0.000624	0.000624	0.005709	0.002165	0.000861	0.000624	0.000624	0.002354	0.011899	0.000624	0.000624	0.000624	0.000624	0.000624	0.000624	0.000624	0.000624	0.000624	0.000624	0.943109	
0.000638	0.003420	0.000638	0.000638	0.000638	0.000638	0.000638	0.000638	0.000638	0.000638	0.000638	0.000638	0.000638	0.003021	0.000638	0.000638	0.000638	0.000638	0.000638	0.000638	0.000638	0.000638	0.000638	0.000638	0.000638	0.000638	0.000638	0.000638	0.000638	0.002592	0.000638	0.000638	0.006380	0.001908	0.000728	0.000638	0.000638	0.002634	0.010209	0.000638	0.000638	0.000638	0.000638	0.000638	0.000638	0.000638	0.000638	0.000638	0.000638	0.942938	
0.000620	0.003372	0.000620	0.000620	0.000620	0.000620	0.000620	0.000620	0.000620	0.000620	0.000620	0.000620	0.000620	0.002389	0.000620	0.000620	0.000620	0.000620	0.000620	0.000620	0.000620	0.000620	0.000620	0.000620	0.000620	0.000620	0.000620	0.000620	0.000620	0.000853	0.000620	0.000620	0.004273	0.003067	0.000766	0.000620	0.000620	0.005540	0.015534	0.000620	0.000620	0.000620	0.000620	0.000620	0.000620	0.000620	0.000620	0.000620	0.000620	0.938771	
0.000610	0.001403	0.000610	0.000610	0.000610	0.000610	0.000610	0.000610	0.000610	0.000610	0.000610	0.000610	0.000610	0.000915	0.000610	0.000610	0.000610	0.000610	0.000610	0.000610	0.000610	0.000610	0.000610	0.000610	0.000610	0.000610	0.000610	0.000610	0.000610	0.001017	0.000610	0.000610	0.001424	0.003377	0.000747	0.000610	0.000610	0.003050	0.017623	0.000610	0.000610	0.000610	0.000610	0.000610	0.000610	0.000610	0.000610	0.000610	0.000610	0.945446	
0.000599	0.000946	0.000599	0.000599	0.000599	0.000599	0.000599	0.000599	0.000599	0.000599	0.000599	0.000599	0.000599	0.000747	0.000599	0.000599	0.000599	0.000599	0.000599	0.000599	0.000599	0.000599	0.000599	0.000599	0.000599	0.000599	0.000599	0.000599	0.000599	0.000848	0.000599	0.000599	0.001019	0.003026	0.001770	0.000599	0.000599	0.001593	0.015409	0.000599	0.000599	0.000599	0.000599	0.000599	0.000599	0.000599	0.000599	0.000599	0.000599	0.950078	
0.000595	0.002143	0.000595	0.000595	0.000595	0.000595	0.000595	0.000595	0.000595	0.000595	0.000595	0.000595	0.000595	0.000983	0.000595	0.000595	0.000595	0.000595	0.000595	0.000595	0.000595	0.000595	0.000595	0.000595	0.000595	0.000595	0.000595	0.000595	0.000595	0.001953	0.000595	0.000595	0.002050	0.003333	0.000857	0.000595	0.000595	0.006394	0.018378	0.000595	0.000595	0.000595	0.000595	0.000595	0.000595	0.000595	0.000595	0.000595	0.000595	0.939500	
0.000586	0.001040	0.000586	0.000586	0.000586	0.000586	0.000586	0.000586	0.000586	0.000586	0.000586	0.000586	0.000586	0.000903	0.000586	0.000586	0.000586	0.000586	0.000586	0.000586	0.000586	0.000586	0.000586	0.000586	0.000586	0.000586	0.000586	0.000586	0.000586	0.005531	0.000586	0.000586	0.003693	0.001201	0.002171	0.000586	0.000586	0.001270	0.009218	0.000586	0.000586	0.000586	0.000586	0.000586	0.000586	0.000586	0.000586	0.000586	0.000586	0.950939	
0.000572	0.000911	0.000572	0.000572	0.000572	0.000572	0.000572	0.000572	0.000572	0.000572	0.000572	0.000572	0.000572	0.000740	0.000572	0.000572	0.000572	0.000572	0.000572	0.000572	0.000572	0.000572	0.000572	0.000572	0.000572	0.000572	0.000572	0.000572	0.000572	0.005656	0.000572	0.000572	0.003450	0.000701	0.002986	0.000572	0.000572	0.001424	0.006433	0.000572	0.000572	0.000572	0.000572	0.000572	0.000572	0.000572	0.000572	0.000572	0.000572	0.954246	
0.000612	0.001067	0.000612	0.000612	0.000612	0.000612	0.000612	0.000612	0.000612	0.000612	0.000612	0.000612	0.000612	0.000796	0.000612	0.000612	0.000612	0.000612	0.000612	0.000612	0.000612	0.000612	0.000612	0.000612	0.000612	0.000612	0.000612	0.000612	0.000612	0.008831	0.000612	0.000612	0.005090	0.000728	0.000779	0.000612	0.000612	0.001965	0.009529	0.000612	0.000612	0.000612	0.000612	0.000612	0.000612	0.000612	0.000612	0.000612	0.000612	0.946121	
0.000601	0.001507	0.000601	0.000601	0.000601	0.000601	0.000601	0.000601	0.000601	0.000601	0.000601	0.000601	0.000601	0.000901	0.000601	0.000601	0.000601	0.000601	0.000601	0.000601	0.000601	0.000601	0.000601	0.000601	0.000601	0.000601	0.000601	0.000601	0.000601	0.006871	0.000601	0.000601	0.004336	0.000743	0.001724	0.000601	0.000601	0.003631	0.007722	0.000601	0.000601	0.000601	0.000601	0.000601	0.000601	0.000601	0.000601	0.000601	0.000601	0.947909	
0.000645	0.002707	0.000645	0.000645	0.000645	0.000645	0.000645	0.000645	0.000645	0.000645	0.000645	0.000645	0.000645	0.001885	0.000645	0.000645	0.000645	0.000645	0.000645	0.000645	0.000645	0.000645	0.000645	0.000645	0.000645	0.000645	0.000645	0.000645	0.000645	0.002316	0.000645	0.000645	0.003960	0.001346	0.001600	0.000645	0.000645	0.004756	0.006519	0.000645	0.000645	0.000645	0.000645	0.000645	0.000645	0.000645	0.000645	0.000645	0.000645	0.948452	
0.000653	0.002358	0.000653	0.000653	0.000653	0.000653	0.000653	0.000653	0.000653	0.000653	0.000653	0.000653	0.000653	0.001934	0.000653	0.000653	0.000653	0.000653	0.000653	0.000653	0.000653	0.000653	0.000653	0.000653	0.000653	0.000653	0.000653	0.000653	0.000653	0.002671	0.000653	0.000653	0.004225	0.000859	0.001742	0.000653	0.000653	0.002771	0.003911	0.000653	0.000653	0.000653	0.000653	0.000653	0.000653	0.000653	0.000653	0.000653	0.000653	0.952760	
0.000678	0.004235	0.000678	0.000678	0.000678	0.000678	0.000678	0.000678	0.000678	0.000678	0.000678	0.000678	0.000678	0.003844	0.000678	0.000678	0.000678	0.000678	0.000678	0.000678	0.000678	0.000678	0.000678	0.000678	0.000678	0.000678	0.000678	0.000678	0.000678	0.000962	0.000678	0.000678	0.007153	0.000885	0.000897	0.000678	0.000678	0.002632	0.002204	0.000678	0.000678	0.000678	0.000678	0.000678	0.000678	0.000678	0.000678	0.000678	0.000678	0.949404	
0.000643	0.003966	0.000643	0.000643	0.000643	0.000643	0.000643	0.000643	0.000643	0.000643	0.000643	0.000643	0.000643	0.003626	0.000643	0.000643	0.000643	0.000643	0.000643	0.000643	0.000643	0.000643	0.000643	0.000643	0.000643	0.000643	0.000643	0.000643	0.000643	0.002161	0.000643	0.000643	0.007369	0.000837	0.001914	0.000643	0.000643	0.002344	0.003326	0.000643	0.000643	0.000643	0.000643	0.000643	0.000643	0.000643	0.000643	0.000643	0.000643	0.948105	
0.000647	0.003596	0.000647	0.000647	0.000647	0.000647	0.000647	0.000647	0.000647	0.000647	0.000647	0.000647	0.000647	0.002302	0.000647	0.000647	0.000647	0.000647	0.000647	0.000647	0.000647	0.000647	0.000647	0.000647	0.000647	0.000647	0.000647	0.000647	0.000647	0.002711	0.000647	0.000647	0.004991	0.000776	0.001578	0.000647	0.000647	0.007114	0.003486	0.000647	0.000647	0.000647	0.000647	0.000647	0.000647	0.000647	0.000647	0.000647	0.000647	0.946933	
