0.033754	0.026594	0.040914	0.079100	0.033754	0.747358	0.038527	
0.059864	0.040816	0.031293	0.033673	0.138435	0.333673	0.362245	
0.050221	0.026468	0.043095	0.026468	0.038344	0.187988	0.627418	
0.431293	0.355102	0.055102	0.026531	0.036054	0.031293	0.064626	
0.219677	0.283356	0.092318	0.049865	0.207884	0.023922	0.122978	
0.355102	0.200340	0.021769	0.067007	0.145578	0.021769	0.188435	
0.508612	0.113813	0.165822	0.033435	0.042891	0.104357	0.031071	
0.043095	0.033593	0.028843	0.634544	0.043095	0.035969	0.180862	
0.147959	0.050340	0.024150	0.607483	0.114626	0.033673	0.021769	
0.494293	0.041508	0.043929	0.271532	0.058457	0.024559	0.065721	
0.404091	0.061368	0.131791	0.272636	0.040241	0.068410	0.021462	
0.480929	0.053745	0.029473	0.126560	0.264910	0.019764	0.024619	
0.051138	0.021115	0.129660	0.212801	0.362917	0.030353	0.192016	
0.028305	0.023643	0.126207	0.051615	0.648352	0.025974	0.095904	
0.060797	0.056146	0.039867	0.025914	0.604983	0.039867	0.172425	
0.019574	0.038805	0.558036	0.021978	0.048420	0.139766	0.173420	
0.021873	0.031442	0.715653	0.029050	0.021873	0.036227	0.143882	
0.040914	0.033754	0.785544	0.021821	0.026594	0.043300	0.048074	
0.050340	0.026531	0.319388	0.438435	0.019388	0.095578	0.050340	
0.099629	0.475515	0.182371	0.033435	0.019250	0.156366	0.033435	
0.121411	0.140782	0.189208	0.208578	0.109305	0.068143	0.162574	
0.118417	0.581067	0.038898	0.031670	0.041308	0.169019	0.019621	
0.100580	0.262871	0.112513	0.026594	0.038527	0.024207	0.434708	
0.031442	0.509911	0.210868	0.048189	0.057758	0.122351	0.019481	
