0.000767	0.001070	0.000767	0.000767	0.000767	0.000767	0.000767	0.000767	0.000767	0.000767	0.000767	0.000767	0.000767	0.007206	0.000767	0.000767	0.000767	0.000767	0.000767	0.000767	0.000767	0.000767	0.000767	0.000767	0.000767	0.000767	0.000767	0.000767	0.000767	0.000981	0.000767	0.000767	0.001609	0.000979	0.007206	0.000767	0.000767	0.001639	0.002262	0.000767	0.000767	0.000767	0.000767	0.000767	0.000767	0.000767	0.000767	0.000767	0.000767	0.945593	
0.000717	0.002762	0.000717	0.000717	0.000717	0.000717	0.000717	0.000717	0.000717	0.000717	0.000717	0.000717	0.000717	0.001719	0.000717	0.000717	0.000717	0.000717	0.000717	0.000717	0.000717	0.000717	0.000717	0.000717	0.000717	0.000717	0.000717	0.000717	0.000717	0.002287	0.000717	0.000717	0.005608	0.001192	0.001719	0.000717	0.000717	0.002257	0.009537	0.000717	0.000717	0.000717	0.000717	0.000717	0.000717	0.000717	0.000717	0.000717	0.000717	0.943508	
0.000774	0.002009	0.000774	0.000774	0.000774	0.000774	0.000774	0.000774	0.000774	0.000774	0.000774	0.000774	0.000774	0.001173	0.000774	0.000774	0.000774	0.000774	0.000774	0.000774	0.000774	0.000774	0.000774	0.000774	0.000774	0.000774	0.000774	0.000774	0.000774	0.001039	0.000774	0.000774	0.007686	0.001012	0.001173	0.000774	0.000774	0.001395	0.007762	0.000774	0.000774	0.000774	0.000774	0.000774	0.000774	0.000774	0.000774	0.000774	0.000774	0.945011	
0.000586	0.002039	0.000586	0.000586	0.000586	0.000586	0.000586	0.000586	0.000586	0.000586	0.000586	0.000586	0.000586	0.000797	0.000586	0.000586	0.000586	0.000586	0.000586	0.000586	0.000586	0.000586	0.000586	0.000586	0.000586	0.000586	0.000586	0.000586	0.000586	0.000930	0.000586	0.000586	0.002462	0.000964	0.000797	0.000586	0.000586	0.011150	0.008819	0.000586	0.000586	0.000586	0.000586	0.000586	0.000586	0.000586	0.000586	0.000586	0.000586	0.948005	
0.000593	0.001790	0.000593	0.000593	0.000593	0.000593	0.000593	0.000593	0.000593	0.000593	0.000593	0.000593	0.000593	0.001026	0.000593	0.000593	0.000593	0.000593	0.000593	0.000593	0.000593	0.000593	0.000593	0.000593	0.000593	0.000593	0.000593	0.000593	0.000593	0.002463	0.000593	0.000593	0.001876	0.000760	0.001026	0.000593	0.000593	0.007288	0.003271	0.000593	0.000593	0.000593	0.000593	0.000593	0.000593	0.000593	0.000593	0.000593	0.000593	0.956189	
0.000604	0.001852	0.000604	0.000604	0.000604	0.000604	0.000604	0.000604	0.000604	0.000604	0.000604	0.000604	0.000604	0.000814	0.000604	0.000604	0.000604	0.000604	0.000604	0.000604	0.000604	0.000604	0.000604	0.000604	0.000604	0.000604	0.000604	0.000604	0.000604	0.000999	0.000604	0.000604	0.002936	0.000967	0.000814	0.000604	0.000604	0.010469	0.007467	0.000604	0.000604	0.000604	0.000604	0.000604	0.000604	0.000604	0.000604	0.000604	0.000604	0.948913	
0.000571	0.000944	0.000571	0.000571	0.000571	0.000571	0.000571	0.000571	0.000571	0.000571	0.000571	0.000571	0.000571	0.000911	0.000571	0.000571	0.000571	0.000571	0.000571	0.000571	0.000571	0.000571	0.000571	0.000571	0.000571	0.000571	0.000571	0.000571	0.000571	0.000964	0.000571	0.000571	0.001972	0.001347	0.000911	0.000571	0.000571	0.012278	0.002602	0.000571	0.000571	0.000571	0.000571	0.000571	0.000571	0.000571	0.000571	0.000571	0.000571	0.954670	
0.000716	0.006287	0.000716	0.000716	0.000716	0.000716	0.000716	0.000716	0.000716	0.000716	0.000716	0.000716	0.000716	0.001114	0.000716	0.000716	0.000716	0.000716	0.000716	0.000716	0.000716	0.000716	0.000716	0.000716	0.000716	0.000716	0.000716	0.000716	0.000716	0.001059	0.000716	0.000716	0.006846	0.000898	0.001114	0.000716	0.000716	0.002133	0.033466	0.000716	0.000716	0.000716	0.000716	0.000716	0.000716	0.000716	0.000716	0.000716	0.000716	0.917737	
0.000633	0.005306	0.000633	0.000633	0.000633	0.000633	0.000633	0.000633	0.000633	0.000633	0.000633	0.000633	0.000633	0.000806	0.000633	0.000633	0.000633	0.000633	0.000633	0.000633	0.000633	0.000633	0.000633	0.000633	0.000633	0.000633	0.000633	0.000633	0.000633	0.003881	0.000633	0.000633	0.004007	0.000761	0.000806	0.000633	0.000633	0.005306	0.020677	0.000633	0.000633	0.000633	0.000633	0.000633	0.000633	0.000633	0.000633	0.000633	0.000633	0.932483	
0.000580	0.001703	0.000580	0.000580	0.000580	0.000580	0.000580	0.000580	0.000580	0.000580	0.000580	0.000580	0.000580	0.001563	0.000580	0.000580	0.000580	0.000580	0.000580	0.000580	0.000580	0.000580	0.000580	0.000580	0.000580	0.000580	0.000580	0.000580	0.000580	0.002500	0.000580	0.000580	0.001386	0.000823	0.001563	0.000580	0.000580	0.014693	0.002759	0.000580	0.000580	0.000580	0.000580	0.000580	0.000580	0.000580	0.000580	0.000580	0.000580	0.949222	
0.000593	0.002256	0.000593	0.000593	0.000593	0.000593	0.000593	0.000593	0.000593	0.000593	0.000593	0.000593	0.000593	0.001302	0.000593	0.000593	0.000593	0.000593	0.000593	0.000593	0.000593	0.000593	0.000593	0.000593	0.000593	0.000593	0.000593	0.000593	0.000593	0.002192	0.000593	0.000593	0.002776	0.001718	0.001302	0.000593	0.000593	0.010983	0.007698	0.000593	0.000593	0.000593	0.000593	0.000593	0.000593	0.000593	0.000593	0.000593	0.000593	0.945465	
0.000548	0.002496	0.000548	0.000548	0.000548	0.000548	0.000548	0.000548	0.000548	0.000548	0.000548	0.000548	0.000548	0.000705	0.000548	0.000548	0.000548	0.000548	0.000548	0.000548	0.000548	0.000548	0.000548	0.000548	0.000548	0.000548	0.000548	0.000548	0.000548	0.004046	0.000548	0.000548	0.001058	0.000678	0.000705	0.000548	0.000548	0.014694	0.003620	0.000548	0.000548	0.000548	0.000548	0.000548	0.000548	0.000548	0.000548	0.000548	0.000548	0.949539	
0.000625	0.005097	0.000625	0.000625	0.000625	0.000625	0.000625	0.000625	0.000625	0.000625	0.000625	0.000625	0.000625	0.001084	0.000625	0.000625	0.000625	0.000625	0.000625	0.000625	0.000625	0.000625	0.000625	0.000625	0.000625	0.000625	0.000625	0.000625	0.000625	0.006792	0.000625	0.000625	0.002963	0.000761	0.001084	0.000625	0.000625	0.001878	0.012176	0.000625	0.000625	0.000625	0.000625	0.000625	0.000625	0.000625	0.000625	0.000625	0.000625	0.942548	
0.000609	0.005136	0.000609	0.000609	0.000609	0.000609	0.000609	0.000609	0.000609	0.000609	0.000609	0.000609	0.000609	0.001040	0.000609	0.000609	0.000609	0.000609	0.000609	0.000609	0.000609	0.000609	0.000609	0.000609	0.000609	0.000609	0.000609	0.000609	0.000609	0.007552	0.000609	0.000609	0.002422	0.000749	0.001040	0.000609	0.000609	0.001767	0.010552	0.000609	0.000609	0.000609	0.000609	0.000609	0.000609	0.000609	0.000609	0.000609	0.000609	0.944758	
0.000618	0.004082	0.000618	0.000618	0.000618	0.000618	0.000618	0.000618	0.000618	0.000618	0.000618	0.000618	0.000618	0.000861	0.000618	0.000618	0.000618	0.000618	0.000618	0.000618	0.000618	0.000618	0.000618	0.000618	0.000618	0.000618	0.000618	0.000618	0.000618	0.007062	0.000618	0.000618	0.002754	0.000851	0.000861	0.000618	0.000618	0.001825	0.005524	0.000618	0.000618	0.000618	0.000618	0.000618	0.000618	0.000618	0.000618	0.000618	0.000618	0.950835	
0.000640	0.001474	0.000640	0.000640	0.000640	0.000640	0.000640	0.000640	0.000640	0.000640	0.000640	0.000640	0.000640	0.002004	0.000640	0.000640	0.000640	0.000640	0.000640	0.000640	0.000640	0.000640	0.000640	0.000640	0.000640	0.000640	0.000640	0.000640	0.000640	0.001202	0.000640	0.000640	0.005109	0.004117	0.002004	0.000640	0.000640	0.001210	0.007717	0.000640	0.000640	0.000640	0.000640	0.000640	0.000640	0.000640	0.000640	0.000640	0.000640	0.948907	
0.000621	0.001268	0.000621	0.000621	0.000621	0.000621	0.000621	0.000621	0.000621	0.000621	0.000621	0.000621	0.000621	0.000852	0.000621	0.000621	0.000621	0.000621	0.000621	0.000621	0.000621	0.000621	0.000621	0.000621	0.000621	0.000621	0.000621	0.000621	0.000621	0.000888	0.000621	0.000621	0.006139	0.004816	0.000852	0.000621	0.000621	0.001371	0.008033	0.000621	0.000621	0.000621	0.000621	0.000621	0.000621	0.000621	0.000621	0.000621	0.000621	0.950325	
0.000600	0.000933	0.000600	0.000600	0.000600	0.000600	0.000600	0.000600	0.000600	0.000600	0.000600	0.000600	0.000600	0.000925	0.000600	0.000600	0.000600	0.000600	0.000600	0.000600	0.000600	0.000600	0.000600	0.000600	0.000600	0.000600	0.000600	0.000600	0.000600	0.000840	0.000600	0.000600	0.005608	0.005138	0.000925	0.000600	0.000600	0.001593	0.006536	0.000600	0.000600	0.000600	0.000600	0.000600	0.000600	0.000600	0.000600	0.000600	0.000600	0.952902	
0.000684	0.002088	0.000684	0.000684	0.000684	0.000684	0.000684	0.000684	0.000684	0.000684	0.000684	0.000684	0.000684	0.003654	0.000684	0.000684	0.000684	0.000684	0.000684	0.000684	0.000684	0.000684	0.000684	0.000684	0.000684	0.000684	0.000684	0.000684	0.000684	0.001211	0.000684	0.000684	0.003537	0.002121	0.003654	0.000684	0.000684	0.003270	0.009227	0.000684	0.000684	0.000684	0.000684	0.000684	0.000684	0.000684	0.000684	0.000684	0.000684	0.943177	
0.000595	0.001037	0.000595	0.000595	0.000595	0.000595	0.000595	0.000595	0.000595	0.000595	0.000595	0.000595	0.000595	0.001348	0.000595	0.000595	0.000595	0.000595	0.000595	0.000595	0.000595	0.000595	0.000595	0.000595	0.000595	0.000595	0.000595	0.000595	0.000595	0.000988	0.000595	0.000595	0.002170	0.001689	0.001348	0.000595	0.000595	0.003102	0.003361	0.000595	0.000595	0.000595	0.000595	0.000595	0.000595	0.000595	0.000595	0.000595	0.000595	0.960574	
0.000628	0.002607	0.000628	0.000628	0.000628	0.000628	0.000628	0.000628	0.000628	0.000628	0.000628	0.000628	0.000628	0.001544	0.000628	0.000628	0.000628	0.000628	0.000628	0.000628	0.000628	0.000628	0.000628	0.000628	0.000628	0.000628	0.000628	0.000628	0.000628	0.003135	0.000628	0.000628	0.003118	0.001486	0.001544	0.000628	0.000628	0.004036	0.007092	0.000628	0.000628	0.000628	0.000628	0.000628	0.000628	0.000628	0.000628	0.000628	0.000628	0.949684	
0.000593	0.001572	0.000593	0.000593	0.000593	0.000593	0.000593	0.000593	0.000593	0.000593	0.000593	0.000593	0.000593	0.000845	0.000593	0.000593	0.000593	0.000593	0.000593	0.000593	0.000593	0.000593	0.000593	0.000593	0.000593	0.000593	0.000593	0.000593	0.000593	0.000915	0.000593	0.000593	0.001935	0.000779	0.000845	0.000593	0.000593	0.002838	0.005845	0.000593	0.000593	0.000593	0.000593	0.000593	0.000593	0.000593	0.000593	0.000593	0.000593	0.960102	
0.000664	0.001176	0.000664	0.000664	0.000664	0.000664	0.000664	0.000664	0.000664	0.000664	0.000664	0.000664	0.000664	0.000856	0.000664	0.000664	0.000664	0.000664	0.000664	0.000664	0.000664	0.000664	0.000664	0.000664	0.000664	0.000664	0.000664	0.000664	0.000664	0.001192	0.000664	0.000664	0.004563	0.001280	0.000856	0.000664	0.000664	0.003933	0.003033	0.000664	0.000664	0.000664	0.000664	0.000664	0.000664	0.000664	0.000664	0.000664	0.000664	0.955896	
0.000613	0.002166	0.000613	0.000613	0.000613	0.000613	0.000613	0.000613	0.000613	0.000613	0.000613	0.000613	0.000613	0.001071	0.000613	0.000613	0.000613	0.000613	0.000613	0.000613	0.000613	0.000613	0.000613	0.000613	0.000613	0.000613	0.000613	0.000613	0.000613	0.001011	0.000613	0.000613	0.002988	0.001397	0.001071	0.000613	0.000613	0.001852	0.009718	0.000613	0.000613	0.000613	0.000613	0.000613	0.000613	0.000613	0.000613	0.000613	0.000613	0.953578	
