0	0	0	77	0	0	0	
0	0	0	0	0	0	25	
0	0	217	0	10	0	0	
0	0	0	0	0	0	106	
0	0	0	0	26	0	0	
0	301	0	2	0	0	3	
0	61	3	0	0	1	0	
0	0	0	0	0	146	0	
0	0	3	0	0	0	20	
0	0	230	2	123	0	0	
84	0	0	0	120	0	0	
0	0	201	91	0	0	0	
0	0	47	3	0	0	17	
0	184	0	0	0	0	0	
0	67	0	0	0	0	64	
0	0	0	0	0	0	12	
0	0	0	55	0	4	17	
0	25	0	0	0	0	0	
11	0	0	0	0	0	0	
0	0	0	0	0	0	0	
0	84	0	0	0	0	0	
11	0	0	0	0	0	0	
0	0	0	0	82	0	0	
120	0	0	0	0	0	0	
11	0	0	0	0	0	0	
0	0	0	84	0	0	0	
2	0	0	0	77	0	0	
244	0	0	0	0	0	0	
0	0	0	0	24	14	0	
125	4	0	0	0	0	0	
0	1	0	111	0	0	0	
0	1	29	0	0	0	0	
0	0	2	34	15	0	0	
0	23	0	0	0	49	0	
0	0	0	0	0	15	0	
0	0	0	0	0	0	25	
0	0	0	47	1	0	0	
0	0	0	13	0	0	0	
26	0	0	0	0	102	0	
0	10	0	2	1	0	0	
1	0	0	0	113	86	0	
2	0	6	0	0	2	0	
244	0	0	0	0	1	21	
1	0	0	0	14	13	0	
24	0	0	0	0	0	0	
0	0	0	0	27	56	0	
0	0	0	0	0	15	0	
57	0	4	0	0	0	0	
0	0	0	15	0	10	0	
0	0	0	2	2	0	238	
