7
7
7
7
7
7
7
7
7
43
43
43
43
43
43
43
43
43
7
7
7
7
7
7
7
7
7
43
43
43
43
43
43
15
15
15
15
15
15
15
15
15
15
15
15
15
15
15
6
6
6
6
6
4
4
4
4
4
4
4
4
4
4
4
4
4
11
11
11
11
11
11
11
11
11
11
11
11
11
30
30
30
30
30
30
30
30
30
30
11
11
11
11
7
7
7
7
7
7
7
7
7
7
7
7
7
7
7
7
7
7
7
7
7
7
7
7
7
7
7
7
7
7
7
7
7
7
7
7
8
8
8
8
8
8
8
8
8
8
8
8
8
8
8
8
8
48
48
48
48
48
48
48
48
48
48
48
48
48
48
48
48
48
48
48
48
48
48
48
48
48
48
17
17
17
17
17
17
17
17
17
17
17
17
17
17
17
17
17
17
17
17
17
17
17
17
17
17
17
17
17
17
17
