0.000951	0.017893	0.000951	0.000951	0.000951	0.000951	0.000951	0.000951	0.000951	0.000951	0.000951	0.000951	0.000951	0.001078	0.000951	0.000951	0.000951	0.000951	0.000951	0.000951	0.000951	0.000951	0.000951	0.000951	0.000951	0.000951	0.000951	0.000951	0.000951	0.001216	0.000951	0.000951	0.001348	0.001185	0.001157	0.000951	0.000951	0.001726	0.002139	0.000951	0.000951	0.000951	0.000951	0.000951	0.000951	0.000951	0.000951	0.000951	0.000951	0.933249	
0.000638	0.004921	0.000638	0.000638	0.000638	0.000638	0.000638	0.000638	0.000638	0.000638	0.000638	0.000638	0.000638	0.001336	0.000638	0.000638	0.000638	0.000638	0.000638	0.000638	0.000638	0.000638	0.000638	0.000638	0.000638	0.000638	0.000638	0.000638	0.000638	0.003579	0.000638	0.000638	0.005050	0.001240	0.000936	0.000638	0.000638	0.004150	0.007740	0.000638	0.000638	0.000638	0.000638	0.000638	0.000638	0.000638	0.000638	0.000638	0.000638	0.944878	
0.000530	0.001122	0.000530	0.000530	0.000530	0.000530	0.000530	0.000530	0.000530	0.000530	0.000530	0.000530	0.000530	0.001649	0.000530	0.000530	0.000530	0.000530	0.000530	0.000530	0.000530	0.000530	0.000530	0.000530	0.000530	0.000530	0.000530	0.000530	0.000530	0.005205	0.000530	0.000530	0.007542	0.001133	0.000874	0.000530	0.000530	0.001944	0.011586	0.000530	0.000530	0.000530	0.000530	0.000530	0.000530	0.000530	0.000530	0.000530	0.000530	0.947212	
0.000576	0.001453	0.000576	0.000576	0.000576	0.000576	0.000576	0.000576	0.000576	0.000576	0.000576	0.000576	0.000576	0.000702	0.000576	0.000576	0.000576	0.000576	0.000576	0.000576	0.000576	0.000576	0.000576	0.000576	0.000576	0.000576	0.000576	0.000576	0.000576	0.000922	0.000576	0.000576	0.001094	0.000876	0.000918	0.000576	0.000576	0.002537	0.002158	0.000576	0.000576	0.000576	0.000576	0.000576	0.000576	0.000576	0.000576	0.000576	0.000576	0.965732	
0.000612	0.001287	0.000612	0.000612	0.000612	0.000612	0.000612	0.000612	0.000612	0.000612	0.000612	0.000612	0.000612	0.000764	0.000612	0.000612	0.000612	0.000612	0.000612	0.000612	0.000612	0.000612	0.000612	0.000612	0.000612	0.000612	0.000612	0.000612	0.000612	0.001033	0.000612	0.000612	0.001243	0.000778	0.001060	0.000612	0.000612	0.023712	0.002596	0.000612	0.000612	0.000612	0.000612	0.000612	0.000612	0.000612	0.000612	0.000612	0.000612	0.942429	
0.000592	0.001270	0.000592	0.000592	0.000592	0.000592	0.000592	0.000592	0.000592	0.000592	0.000592	0.000592	0.000592	0.000718	0.000592	0.000592	0.000592	0.000592	0.000592	0.000592	0.000592	0.000592	0.000592	0.000592	0.000592	0.000592	0.000592	0.000592	0.000592	0.001474	0.000592	0.000592	0.001915	0.000742	0.001043	0.000592	0.000592	0.016551	0.003192	0.000592	0.000592	0.000592	0.000592	0.000592	0.000592	0.000592	0.000592	0.000592	0.000592	0.948812	
0.000664	0.001487	0.000664	0.000664	0.000664	0.000664	0.000664	0.000664	0.000664	0.000664	0.000664	0.000664	0.000664	0.000817	0.000664	0.000664	0.000664	0.000664	0.000664	0.000664	0.000664	0.000664	0.000664	0.000664	0.000664	0.000664	0.000664	0.000664	0.000664	0.001127	0.000664	0.000664	0.001359	0.002097	0.002235	0.000664	0.000664	0.007248	0.004962	0.000664	0.000664	0.000664	0.000664	0.000664	0.000664	0.000664	0.000664	0.000664	0.000664	0.951463	
0.000718	0.006225	0.000718	0.000718	0.000718	0.000718	0.000718	0.000718	0.000718	0.000718	0.000718	0.000718	0.000718	0.002656	0.000718	0.000718	0.000718	0.000718	0.000718	0.000718	0.000718	0.000718	0.000718	0.000718	0.000718	0.000718	0.000718	0.000718	0.000718	0.000902	0.000718	0.000718	0.000994	0.001432	0.001014	0.000718	0.000718	0.005526	0.007398	0.000718	0.000718	0.000718	0.000718	0.000718	0.000718	0.000718	0.000718	0.000718	0.000718	0.944402	
0.000696	0.004971	0.000696	0.000696	0.000696	0.000696	0.000696	0.000696	0.000696	0.000696	0.000696	0.000696	0.000696	0.002638	0.000696	0.000696	0.000696	0.000696	0.000696	0.000696	0.000696	0.000696	0.000696	0.000696	0.000696	0.000696	0.000696	0.000696	0.000696	0.000924	0.000696	0.000696	0.001038	0.001354	0.001363	0.000696	0.000696	0.001767	0.008198	0.000696	0.000696	0.000696	0.000696	0.000696	0.000696	0.000696	0.000696	0.000696	0.000696	0.949201	
0.000654	0.001852	0.000654	0.000654	0.000654	0.000654	0.000654	0.000654	0.000654	0.000654	0.000654	0.000654	0.000654	0.002762	0.000654	0.000654	0.000654	0.000654	0.000654	0.000654	0.000654	0.000654	0.000654	0.000654	0.000654	0.000654	0.000654	0.000654	0.000654	0.001091	0.000654	0.000654	0.001310	0.003276	0.000981	0.000654	0.000654	0.001809	0.008289	0.000654	0.000654	0.000654	0.000654	0.000654	0.000654	0.000654	0.000654	0.000654	0.000654	0.951828	
0.000676	0.001494	0.000676	0.000676	0.000676	0.000676	0.000676	0.000676	0.000676	0.000676	0.000676	0.000676	0.000676	0.002004	0.000676	0.000676	0.000676	0.000676	0.000676	0.000676	0.000676	0.000676	0.000676	0.000676	0.000676	0.000676	0.000676	0.000676	0.000676	0.000898	0.000676	0.000676	0.001009	0.004959	0.000946	0.000676	0.000676	0.001236	0.005531	0.000676	0.000676	0.000676	0.000676	0.000676	0.000676	0.000676	0.000676	0.000676	0.000676	0.954198	
0.000591	0.001044	0.000591	0.000591	0.000591	0.000591	0.000591	0.000591	0.000591	0.000591	0.000591	0.000591	0.000591	0.002836	0.000591	0.000591	0.000591	0.000591	0.000591	0.000591	0.000591	0.000591	0.000591	0.000591	0.000591	0.000591	0.000591	0.000591	0.000591	0.000946	0.000591	0.000591	0.001123	0.000798	0.000895	0.000591	0.000591	0.008169	0.008464	0.000591	0.000591	0.000591	0.000591	0.000591	0.000591	0.000591	0.000591	0.000591	0.000591	0.951474	
0.000644	0.003243	0.000644	0.000644	0.000644	0.000644	0.000644	0.000644	0.000644	0.000644	0.000644	0.000644	0.000644	0.004441	0.000644	0.000644	0.000644	0.000644	0.000644	0.000644	0.000644	0.000644	0.000644	0.000644	0.000644	0.000644	0.000644	0.000644	0.000644	0.001178	0.000644	0.000644	0.001445	0.001050	0.000890	0.000644	0.000644	0.001741	0.013326	0.000644	0.000644	0.000644	0.000644	0.000644	0.000644	0.000644	0.000644	0.000644	0.000644	0.946264	
0.000607	0.001278	0.000607	0.000607	0.000607	0.000607	0.000607	0.000607	0.000607	0.000607	0.000607	0.000607	0.000607	0.004022	0.000607	0.000607	0.000607	0.000607	0.000607	0.000607	0.000607	0.000607	0.000607	0.000607	0.000607	0.000607	0.000607	0.000607	0.000607	0.000906	0.000607	0.000607	0.001056	0.001064	0.000787	0.000607	0.000607	0.007251	0.011664	0.000607	0.000607	0.000607	0.000607	0.000607	0.000607	0.000607	0.000607	0.000607	0.000607	0.947093	
0.000594	0.000983	0.000594	0.000594	0.000594	0.000594	0.000594	0.000594	0.000594	0.000594	0.000594	0.000594	0.000594	0.003841	0.000594	0.000594	0.000594	0.000594	0.000594	0.000594	0.000594	0.000594	0.000594	0.000594	0.000594	0.000594	0.000594	0.000594	0.000594	0.001274	0.000594	0.000594	0.001614	0.000858	0.000865	0.000594	0.000594	0.007560	0.011899	0.000594	0.000594	0.000594	0.000594	0.000594	0.000594	0.000594	0.000594	0.000594	0.000594	0.946762	
0.000482	0.000881	0.000482	0.000482	0.000482	0.000482	0.000482	0.000482	0.000482	0.000482	0.000482	0.000482	0.000482	0.000961	0.000482	0.000482	0.000482	0.000482	0.000482	0.000482	0.000482	0.000482	0.000482	0.000482	0.000482	0.000482	0.000482	0.000482	0.000482	0.007118	0.000482	0.000482	0.010436	0.000652	0.000805	0.000482	0.000482	0.000986	0.012518	0.000482	0.000482	0.000482	0.000482	0.000482	0.000482	0.000482	0.000482	0.000482	0.000482	0.945875	
0.000480	0.001169	0.000480	0.000480	0.000480	0.000480	0.000480	0.000480	0.000480	0.000480	0.000480	0.000480	0.000480	0.000635	0.000480	0.000480	0.000480	0.000480	0.000480	0.000480	0.000480	0.000480	0.000480	0.000480	0.000480	0.000480	0.000480	0.000480	0.000480	0.007450	0.000480	0.000480	0.010935	0.000632	0.000756	0.000480	0.000480	0.001192	0.011953	0.000480	0.000480	0.000480	0.000480	0.000480	0.000480	0.000480	0.000480	0.000480	0.000480	0.945603	
0.000502	0.001047	0.000502	0.000502	0.000502	0.000502	0.000502	0.000502	0.000502	0.000502	0.000502	0.000502	0.000502	0.000616	0.000502	0.000502	0.000502	0.000502	0.000502	0.000502	0.000502	0.000502	0.000502	0.000502	0.000502	0.000502	0.000502	0.000502	0.000502	0.006750	0.000502	0.000502	0.009874	0.001359	0.000756	0.000502	0.000502	0.001640	0.010726	0.000502	0.000502	0.000502	0.000502	0.000502	0.000502	0.000502	0.000502	0.000502	0.000502	0.946655	
0.000577	0.000923	0.000577	0.000577	0.000577	0.000577	0.000577	0.000577	0.000577	0.000577	0.000577	0.000577	0.000577	0.000746	0.000577	0.000577	0.000577	0.000577	0.000577	0.000577	0.000577	0.000577	0.000577	0.000577	0.000577	0.000577	0.000577	0.000577	0.000577	0.001246	0.000577	0.000577	0.001580	0.002071	0.000739	0.000577	0.000577	0.001145	0.002407	0.000577	0.000577	0.000577	0.000577	0.000577	0.000577	0.000577	0.000577	0.000577	0.000577	0.965475	
0.000595	0.001085	0.000595	0.000595	0.000595	0.000595	0.000595	0.000595	0.000595	0.000595	0.000595	0.000595	0.000595	0.000915	0.000595	0.000595	0.000595	0.000595	0.000595	0.000595	0.000595	0.000595	0.000595	0.000595	0.000595	0.000595	0.000595	0.000595	0.000595	0.002188	0.000595	0.000595	0.002984	0.002003	0.001071	0.000595	0.000595	0.007906	0.004896	0.000595	0.000595	0.000595	0.000595	0.000595	0.000595	0.000595	0.000595	0.000595	0.000595	0.952544	
0.000626	0.001073	0.000626	0.000626	0.000626	0.000626	0.000626	0.000626	0.000626	0.000626	0.000626	0.000626	0.000626	0.000768	0.000626	0.000626	0.000626	0.000626	0.000626	0.000626	0.000626	0.000626	0.000626	0.000626	0.000626	0.000626	0.000626	0.000626	0.000626	0.002363	0.000626	0.000626	0.003232	0.004183	0.000994	0.000626	0.000626	0.001623	0.004396	0.000626	0.000626	0.000626	0.000626	0.000626	0.000626	0.000626	0.000626	0.000626	0.000626	0.955721	
0.000884	0.001432	0.000884	0.000884	0.000884	0.000884	0.000884	0.000884	0.000884	0.000884	0.000884	0.000884	0.000884	0.001013	0.000884	0.000884	0.000884	0.000884	0.000884	0.000884	0.000884	0.000884	0.000884	0.000884	0.000884	0.000884	0.000884	0.000884	0.000884	0.001194	0.000884	0.000884	0.001350	0.001122	0.008437	0.000884	0.000884	0.002028	0.016843	0.000884	0.000884	0.000884	0.000884	0.000884	0.000884	0.000884	0.000884	0.000884	0.000884	0.930351	
0.000729	0.001272	0.000729	0.000729	0.000729	0.000729	0.000729	0.000729	0.000729	0.000729	0.000729	0.000729	0.000729	0.000857	0.000729	0.000729	0.000729	0.000729	0.000729	0.000729	0.000729	0.000729	0.000729	0.000729	0.000729	0.000729	0.000729	0.000729	0.000729	0.002865	0.000729	0.000729	0.003933	0.001433	0.004960	0.000729	0.000729	0.004109	0.012778	0.000729	0.000729	0.000729	0.000729	0.000729	0.000729	0.000729	0.000729	0.000729	0.000729	0.937885	
0.000673	0.001216	0.000673	0.000673	0.000673	0.000673	0.000673	0.000673	0.000673	0.000673	0.000673	0.000673	0.000673	0.000898	0.000673	0.000673	0.000673	0.000673	0.000673	0.000673	0.000673	0.000673	0.000673	0.000673	0.000673	0.000673	0.000673	0.000673	0.000673	0.002362	0.000673	0.000673	0.003206	0.002261	0.002949	0.000673	0.000673	0.005105	0.008434	0.000673	0.000673	0.000673	0.000673	0.000673	0.000673	0.000673	0.000673	0.000673	0.000673	0.945984	
