0.019434	0.024207	0.857143	0.021821	0.038527	0.017047	0.021821	
0.054971	0.278249	0.247370	0.052596	0.028843	0.121479	0.216491	
0.060879	0.356278	0.140782	0.026980	0.109305	0.169837	0.135939	
0.244947	0.029120	0.029120	0.069887	0.021925	0.019527	0.585474	
0.552224	0.078167	0.045148	0.023922	0.233827	0.028639	0.038073	
0.431618	0.040623	0.047732	0.033514	0.076168	0.189912	0.180433	
0.767395	0.033277	0.040336	0.028571	0.035630	0.061513	0.033277	
0.106721	0.054711	0.109085	0.239108	0.151638	0.175279	0.163458	
0.118703	0.055901	0.142857	0.251553	0.159765	0.029331	0.241891	
0.056584	0.103039	0.054139	0.587146	0.063919	0.088369	0.046804	
0.040241	0.061368	0.035547	0.533199	0.028504	0.145875	0.155265	
0.152685	0.066690	0.029835	0.408213	0.184626	0.071604	0.086346	
0.028239	0.063123	0.177076	0.028239	0.537542	0.051495	0.114286	
0.079034	0.041997	0.032738	0.102183	0.574405	0.053571	0.116071	
0.131482	0.094011	0.047173	0.044831	0.499164	0.091669	0.091669	
0.021821	0.520627	0.055234	0.031367	0.091033	0.036140	0.243778	
0.026786	0.555632	0.074863	0.017170	0.106113	0.026786	0.192651	
0.126254	0.627465	0.034244	0.043929	0.031823	0.056036	0.080249	
0.149742	0.337694	0.038898	0.275043	0.022031	0.024441	0.152151	
0.083080	0.187099	0.031071	0.085444	0.180007	0.284026	0.149274	
0.145273	0.232229	0.022084	0.345756	0.067978	0.087302	0.099379	
0.170606	0.055498	0.045906	0.043508	0.127441	0.451182	0.105858	
0.031518	0.036314	0.057897	0.048304	0.024323	0.765331	0.036314	
0.245536	0.065247	0.091690	0.084478	0.048420	0.209478	0.255151	
