0.000635	0.000914	0.000635	0.000635	0.000635	0.000635	0.000635	0.000635	0.000635	0.000635	0.000635	0.000635	0.000635	0.005509	0.000635	0.000635	0.000635	0.000635	0.000635	0.000635	0.000635	0.000635	0.000635	0.000635	0.000635	0.000635	0.000635	0.000635	0.000635	0.001398	0.000635	0.000635	0.001761	0.001016	0.001010	0.000635	0.000635	0.001411	0.007275	0.000635	0.000635	0.000635	0.000635	0.000635	0.000635	0.000635	0.000635	0.000635	0.000635	0.953686	
0.000671	0.000981	0.000671	0.000671	0.000671	0.000671	0.000671	0.000671	0.000671	0.000671	0.000671	0.000671	0.000671	0.001546	0.000671	0.000671	0.000671	0.000671	0.000671	0.000671	0.000671	0.000671	0.000671	0.000671	0.000671	0.000671	0.000671	0.000671	0.000671	0.001288	0.000671	0.000671	0.009557	0.000979	0.003633	0.000671	0.000671	0.001596	0.003213	0.000671	0.000671	0.000671	0.000671	0.000671	0.000671	0.000671	0.000671	0.000671	0.000671	0.949707	
0.000680	0.001285	0.000680	0.000680	0.000680	0.000680	0.000680	0.000680	0.000680	0.000680	0.000680	0.000680	0.000680	0.002636	0.000680	0.000680	0.000680	0.000680	0.000680	0.000680	0.000680	0.000680	0.000680	0.000680	0.000680	0.000680	0.000680	0.000680	0.000680	0.001165	0.000680	0.000680	0.009978	0.000923	0.003779	0.000680	0.000680	0.001449	0.003980	0.000680	0.000680	0.000680	0.000680	0.000680	0.000680	0.000680	0.000680	0.000680	0.000680	0.946925	
0.000570	0.001726	0.000570	0.000570	0.000570	0.000570	0.000570	0.000570	0.000570	0.000570	0.000570	0.000570	0.000570	0.000768	0.000570	0.000570	0.000570	0.000570	0.000570	0.000570	0.000570	0.000570	0.000570	0.000570	0.000570	0.000570	0.000570	0.000570	0.000570	0.001360	0.000570	0.000570	0.001002	0.000965	0.000714	0.000570	0.000570	0.004257	0.004903	0.000570	0.000570	0.000570	0.000570	0.000570	0.000570	0.000570	0.000570	0.000570	0.000570	0.960948	
0.000647	0.001058	0.000647	0.000647	0.000647	0.000647	0.000647	0.000647	0.000647	0.000647	0.000647	0.000647	0.000647	0.000858	0.000647	0.000647	0.000647	0.000647	0.000647	0.000647	0.000647	0.000647	0.000647	0.000647	0.000647	0.000647	0.000647	0.000647	0.000647	0.001696	0.000647	0.000647	0.002751	0.001172	0.001348	0.000647	0.000647	0.013478	0.012696	0.000647	0.000647	0.000647	0.000647	0.000647	0.000647	0.000647	0.000647	0.000647	0.000647	0.938417	
0.000631	0.001405	0.000631	0.000631	0.000631	0.000631	0.000631	0.000631	0.000631	0.000631	0.000631	0.000631	0.000631	0.001254	0.000631	0.000631	0.000631	0.000631	0.000631	0.000631	0.000631	0.000631	0.000631	0.000631	0.000631	0.000631	0.000631	0.000631	0.000631	0.000999	0.000631	0.000631	0.005157	0.000815	0.002140	0.000631	0.000631	0.007526	0.007321	0.000631	0.000631	0.000631	0.000631	0.000631	0.000631	0.000631	0.000631	0.000631	0.000631	0.947515	
0.000599	0.000934	0.000599	0.000599	0.000599	0.000599	0.000599	0.000599	0.000599	0.000599	0.000599	0.000599	0.000599	0.001390	0.000599	0.000599	0.000599	0.000599	0.000599	0.000599	0.000599	0.000599	0.000599	0.000599	0.000599	0.000599	0.000599	0.000599	0.000599	0.001241	0.000599	0.000599	0.001779	0.000920	0.000992	0.000599	0.000599	0.012251	0.011675	0.000599	0.000599	0.000599	0.000599	0.000599	0.000599	0.000599	0.000599	0.000599	0.000599	0.944258	
0.000630	0.004539	0.000630	0.000630	0.000630	0.000630	0.000630	0.000630	0.000630	0.000630	0.000630	0.000630	0.000630	0.001615	0.000630	0.000630	0.000630	0.000630	0.000630	0.000630	0.000630	0.000630	0.000630	0.000630	0.000630	0.000630	0.000630	0.000630	0.000630	0.001464	0.000630	0.000630	0.005006	0.001047	0.002089	0.000630	0.000630	0.001839	0.003834	0.000630	0.000630	0.000630	0.000630	0.000630	0.000630	0.000630	0.000630	0.000630	0.000630	0.952752	
0.000598	0.005408	0.000598	0.000598	0.000598	0.000598	0.000598	0.000598	0.000598	0.000598	0.000598	0.000598	0.000598	0.001606	0.000598	0.000598	0.000598	0.000598	0.000598	0.000598	0.000598	0.000598	0.000598	0.000598	0.000598	0.000598	0.000598	0.000598	0.000598	0.000974	0.000598	0.000598	0.001693	0.000786	0.000963	0.000598	0.000598	0.002741	0.003884	0.000598	0.000598	0.000598	0.000598	0.000598	0.000598	0.000598	0.000598	0.000598	0.000598	0.957417	
0.000607	0.007179	0.000607	0.000607	0.000607	0.000607	0.000607	0.000607	0.000607	0.000607	0.000607	0.000607	0.000607	0.001435	0.000607	0.000607	0.000607	0.000607	0.000607	0.000607	0.000607	0.000607	0.000607	0.000607	0.000607	0.000607	0.000607	0.000607	0.000607	0.001047	0.000607	0.000607	0.001545	0.000827	0.000919	0.000607	0.000607	0.001977	0.003193	0.000607	0.000607	0.000607	0.000607	0.000607	0.000607	0.000607	0.000607	0.000607	0.000607	0.957009	
0.000597	0.005695	0.000597	0.000597	0.000597	0.000597	0.000597	0.000597	0.000597	0.000597	0.000597	0.000597	0.000597	0.001844	0.000597	0.000597	0.000597	0.000597	0.000597	0.000597	0.000597	0.000597	0.000597	0.000597	0.000597	0.000597	0.000597	0.000597	0.000597	0.001172	0.000597	0.000597	0.001395	0.000885	0.000863	0.000597	0.000597	0.003018	0.004642	0.000597	0.000597	0.000597	0.000597	0.000597	0.000597	0.000597	0.000597	0.000597	0.000597	0.955991	
0.000630	0.007311	0.000630	0.000630	0.000630	0.000630	0.000630	0.000630	0.000630	0.000630	0.000630	0.000630	0.000630	0.000850	0.000630	0.000630	0.000630	0.000630	0.000630	0.000630	0.000630	0.000630	0.000630	0.000630	0.000630	0.000630	0.000630	0.000630	0.000630	0.001007	0.000630	0.000630	0.001346	0.000819	0.000869	0.000630	0.000630	0.002350	0.002791	0.000630	0.000630	0.000630	0.000630	0.000630	0.000630	0.000630	0.000630	0.000630	0.000630	0.956816	
0.000694	0.001181	0.000694	0.000694	0.000694	0.000694	0.000694	0.000694	0.000694	0.000694	0.000694	0.000694	0.000694	0.001655	0.000694	0.000694	0.000694	0.000694	0.000694	0.000694	0.000694	0.000694	0.000694	0.000694	0.000694	0.000694	0.000694	0.000694	0.000694	0.001082	0.000694	0.000694	0.003499	0.000888	0.001629	0.000694	0.000694	0.003279	0.004305	0.000694	0.000694	0.000694	0.000694	0.000694	0.000694	0.000694	0.000694	0.000694	0.000694	0.954010	
0.000703	0.001638	0.000703	0.000703	0.000703	0.000703	0.000703	0.000703	0.000703	0.000703	0.000703	0.000703	0.000703	0.000881	0.000703	0.000703	0.000703	0.000703	0.000703	0.000703	0.000703	0.000703	0.000703	0.000703	0.000703	0.000703	0.000703	0.000703	0.000703	0.001499	0.000703	0.000703	0.003540	0.001101	0.001649	0.000703	0.000703	0.002126	0.003212	0.000703	0.000703	0.000703	0.000703	0.000703	0.000703	0.000703	0.000703	0.000703	0.000703	0.955521	
0.000706	0.001554	0.000706	0.000706	0.000706	0.000706	0.000706	0.000706	0.000706	0.000706	0.000706	0.000706	0.000706	0.001143	0.000706	0.000706	0.000706	0.000706	0.000706	0.000706	0.000706	0.000706	0.000706	0.000706	0.000706	0.000706	0.000706	0.000706	0.000706	0.001760	0.000706	0.000706	0.006295	0.001233	0.002569	0.000706	0.000706	0.004022	0.005377	0.000706	0.000706	0.000706	0.000706	0.000706	0.000706	0.000706	0.000706	0.000706	0.000706	0.947120	
0.000627	0.000934	0.000627	0.000627	0.000627	0.000627	0.000627	0.000627	0.000627	0.000627	0.000627	0.000627	0.000627	0.000963	0.000627	0.000627	0.000627	0.000627	0.000627	0.000627	0.000627	0.000627	0.000627	0.000627	0.000627	0.000627	0.000627	0.000627	0.000627	0.009647	0.000627	0.000627	0.001328	0.005137	0.000861	0.000627	0.000627	0.001683	0.015338	0.000627	0.000627	0.000627	0.000627	0.000627	0.000627	0.000627	0.000627	0.000627	0.000627	0.938388	
0.000621	0.000872	0.000621	0.000621	0.000621	0.000621	0.000621	0.000621	0.000621	0.000621	0.000621	0.000621	0.000621	0.001726	0.000621	0.000621	0.000621	0.000621	0.000621	0.000621	0.000621	0.000621	0.000621	0.000621	0.000621	0.000621	0.000621	0.000621	0.000621	0.005399	0.000621	0.000621	0.002910	0.003010	0.001384	0.000621	0.000621	0.002088	0.010066	0.000621	0.000621	0.000621	0.000621	0.000621	0.000621	0.000621	0.000621	0.000621	0.000621	0.947062	
0.000632	0.001190	0.000632	0.000632	0.000632	0.000632	0.000632	0.000632	0.000632	0.000632	0.000632	0.000632	0.000632	0.001900	0.000632	0.000632	0.000632	0.000632	0.000632	0.000632	0.000632	0.000632	0.000632	0.000632	0.000632	0.000632	0.000632	0.000632	0.000632	0.007865	0.000632	0.000632	0.001710	0.004248	0.000991	0.000632	0.000632	0.002113	0.013934	0.000632	0.000632	0.000632	0.000632	0.000632	0.000632	0.000632	0.000632	0.000632	0.000632	0.940145	
0.000614	0.001401	0.000614	0.000614	0.000614	0.000614	0.000614	0.000614	0.000614	0.000614	0.000614	0.000614	0.000614	0.003188	0.000614	0.000614	0.000614	0.000614	0.000614	0.000614	0.000614	0.000614	0.000614	0.000614	0.000614	0.000614	0.000614	0.000614	0.000614	0.002467	0.000614	0.000614	0.001812	0.001541	0.001013	0.000614	0.000614	0.001827	0.006937	0.000614	0.000614	0.000614	0.000614	0.000614	0.000614	0.000614	0.000614	0.000614	0.000614	0.954626	
0.000625	0.002038	0.000625	0.000625	0.000625	0.000625	0.000625	0.000625	0.000625	0.000625	0.000625	0.000625	0.000625	0.000810	0.000625	0.000625	0.000625	0.000625	0.000625	0.000625	0.000625	0.000625	0.000625	0.000625	0.000625	0.000625	0.000625	0.000625	0.000625	0.004190	0.000625	0.000625	0.001648	0.002408	0.000966	0.000625	0.000625	0.008881	0.012761	0.000625	0.000625	0.000625	0.000625	0.000625	0.000625	0.000625	0.000625	0.000625	0.000625	0.940658	
0.000628	0.004380	0.000628	0.000628	0.000628	0.000628	0.000628	0.000628	0.000628	0.000628	0.000628	0.000628	0.000628	0.000934	0.000628	0.000628	0.000628	0.000628	0.000628	0.000628	0.000628	0.000628	0.000628	0.000628	0.000628	0.000628	0.000628	0.000628	0.000628	0.003546	0.000628	0.000628	0.003886	0.002087	0.001714	0.000628	0.000628	0.002938	0.007160	0.000628	0.000628	0.000628	0.000628	0.000628	0.000628	0.000628	0.000628	0.000628	0.000628	0.947615	
0.000611	0.001653	0.000611	0.000611	0.000611	0.000611	0.000611	0.000611	0.000611	0.000611	0.000611	0.000611	0.000611	0.000768	0.000611	0.000611	0.000611	0.000611	0.000611	0.000611	0.000611	0.000611	0.000611	0.000611	0.000611	0.000611	0.000611	0.000611	0.000611	0.001264	0.000611	0.000611	0.004034	0.000938	0.001752	0.000611	0.000611	0.013738	0.012249	0.000611	0.000611	0.000611	0.000611	0.000611	0.000611	0.000611	0.000611	0.000611	0.000611	0.938538	
0.000658	0.001384	0.000658	0.000658	0.000658	0.000658	0.000658	0.000658	0.000658	0.000658	0.000658	0.000658	0.000658	0.000798	0.000658	0.000658	0.000658	0.000658	0.000658	0.000658	0.000658	0.000658	0.000658	0.000658	0.000658	0.000658	0.000658	0.000658	0.000658	0.002039	0.000658	0.000658	0.009791	0.001348	0.003703	0.000658	0.000658	0.010218	0.010516	0.000658	0.000658	0.000658	0.000658	0.000658	0.000658	0.000658	0.000658	0.000658	0.000658	0.933210	
0.000607	0.001261	0.000607	0.000607	0.000607	0.000607	0.000607	0.000607	0.000607	0.000607	0.000607	0.000607	0.000607	0.001636	0.000607	0.000607	0.000607	0.000607	0.000607	0.000607	0.000607	0.000607	0.000607	0.000607	0.000607	0.000607	0.000607	0.000607	0.000607	0.000954	0.000607	0.000607	0.002580	0.000780	0.001265	0.000607	0.000607	0.010831	0.010335	0.000607	0.000607	0.000607	0.000607	0.000607	0.000607	0.000607	0.000607	0.000607	0.000607	0.945473	
