0.010901	0.097420	0.016631	0.010919	0.004572	0.026348	0.026005	0.004947	0.045201	0.008511	0.008708	0.006172	0.003440	0.002631	0.014442	0.007420	0.012105	0.008234	0.000656	0.004775	0.001811	0.036821	0.000707	0.025529	0.021434	0.013433	0.002518	0.000928	0.006503	0.007235	0.000136	0.041470	0.005719	0.002866	0.006131	0.002121	0.001264	0.001777	0.026841	0.023653	0.039874	0.140339	0.041366	0.004286	0.051989	0.025420	0.002688	0.007235	0.136763	0.001102	
0.009477	0.053125	0.032953	0.008014	0.004192	0.055332	0.015557	0.009154	0.024685	0.015602	0.011264	0.004975	0.002599	0.002419	0.007933	0.009869	0.008267	0.006641	0.001442	0.003528	0.002869	0.057804	0.001150	0.053607	0.044984	0.009709	0.001880	0.000864	0.011395	0.015089	0.000141	0.049588	0.011214	0.005890	0.004034	0.003743	0.000965	0.004245	0.016443	0.052050	0.040211	0.076501	0.086952	0.009116	0.034934	0.020992	0.005111	0.015089	0.074553	0.001849	
0.014850	0.029531	0.035255	0.007673	0.007402	0.056298	0.010844	0.009135	0.013757	0.017164	0.014347	0.006550	0.002514	0.004227	0.004466	0.013804	0.006018	0.008808	0.001484	0.003384	0.002795	0.073424	0.001355	0.054543	0.045769	0.010958	0.001808	0.001441	0.013641	0.015353	0.000145	0.080123	0.012808	0.005994	0.004227	0.004360	0.000932	0.004368	0.010259	0.053134	0.073449	0.042496	0.088469	0.009294	0.025545	0.031338	0.005503	0.015353	0.041415	0.002192	
0.085269	0.006352	0.008830	0.011997	0.076453	0.004581	0.008423	0.000883	0.003020	0.032594	0.092583	0.044408	0.003784	0.043068	0.001057	0.068151	0.002120	0.060707	0.004455	0.005243	0.008499	0.023262	0.000880	0.004443	0.003749	0.008893	0.002762	0.013770	0.008354	0.001345	0.000144	0.081919	0.062663	0.000606	0.029715	0.002398	0.001384	0.013742	0.007472	0.053186	0.044522	0.009092	0.007124	0.005720	0.010019	0.017836	0.000924	0.001345	0.008863	0.001389	
0.060724	0.005932	0.054999	0.007498	0.056166	0.028052	0.005357	0.004550	0.002827	0.030131	0.060964	0.032179	0.002791	0.031658	0.000998	0.081255	0.010356	0.043995	0.001793	0.003310	0.003603	0.024582	0.005631	0.027180	0.022820	0.004206	0.001771	0.010150	0.061315	0.007705	0.000147	0.025115	0.035060	0.003054	0.021910	0.016890	0.000916	0.005339	0.004122	0.037874	0.009896	0.008484	0.044039	0.005825	0.054377	0.004489	0.002563	0.007705	0.008272	0.009428	
0.092942	0.005887	0.028019	0.006886	0.087050	0.004539	0.005237	0.000872	0.002804	0.036936	0.093724	0.048238	0.002434	0.049028	0.000987	0.093006	0.006375	0.066054	0.002731	0.003044	0.005540	0.010156	0.003424	0.004401	0.003714	0.004418	0.001632	0.015662	0.036744	0.001333	0.000143	0.038926	0.054553	0.000600	0.033762	0.010033	0.000848	0.008306	0.005094	0.033139	0.015404	0.008421	0.007057	0.003725	0.033684	0.006598	0.000650	0.001333	0.008210	0.005696	
0.108087	0.004693	0.009396	0.014757	0.098050	0.003624	0.008905	0.000714	0.002247	0.041222	0.098015	0.056731	0.004621	0.055212	0.000806	0.086776	0.002106	0.077579	0.001047	0.006426	0.002657	0.021082	0.000982	0.003515	0.002970	0.009606	0.003366	0.017620	0.009573	0.001080	0.000135	0.046201	0.046945	0.000499	0.037929	0.002710	0.001666	0.003012	0.002571	0.013054	0.041198	0.006704	0.005622	0.001660	0.010255	0.016383	0.000806	0.001080	0.006537	0.001567	
0.015960	0.007177	0.076835	0.015346	0.003565	0.005218	0.010576	0.001006	0.003413	0.002825	0.013668	0.007163	0.005495	0.002077	0.001196	0.063661	0.017269	0.009508	0.001812	0.006697	0.003160	0.058293	0.009784	0.005060	0.004271	0.016692	0.003519	0.000772	0.107454	0.001534	0.000165	0.126163	0.013466	0.000692	0.001780	0.029075	0.001754	0.005358	0.004227	0.022658	0.121516	0.010271	0.008114	0.002749	0.093787	0.047517	0.001710	0.001534	0.010013	0.016443	
0.030728	0.006888	0.053841	0.046987	0.010797	0.003075	0.026185	0.000663	0.003276	0.005257	0.024726	0.021826	0.014833	0.006142	0.001148	0.051435	0.012318	0.029089	0.001375	0.020305	0.002456	0.052656	0.006887	0.002984	0.002528	0.028420	0.010504	0.002058	0.075210	0.000948	0.000158	0.113736	0.013331	0.000462	0.004539	0.020375	0.005059	0.003998	0.003562	0.016244	0.112391	0.009858	0.004746	0.001958	0.066522	0.043977	0.001440	0.000948	0.009610	0.011545	
0.057912	0.005203	0.007499	0.167259	0.014879	0.006248	0.085057	0.001132	0.002486	0.007721	0.053321	0.065230	0.050709	0.008431	0.000885	0.016023	0.001740	0.086586	0.001588	0.072041	0.002871	0.008993	0.000718	0.006058	0.005103	0.067337	0.037062	0.002772	0.006584	0.001795	0.000141	0.023143	0.016663	0.000777	0.006022	0.001937	0.017630	0.004707	0.003438	0.021029	0.010078	0.007437	0.009748	0.002638	0.007982	0.004480	0.000742	0.001795	0.007251	0.001118	
0.052915	0.004233	0.007136	0.176146	0.007460	0.003890	0.089417	0.000758	0.002037	0.004085	0.049717	0.064371	0.053404	0.004259	0.000744	0.010439	0.001765	0.085250	0.001933	0.075865	0.003406	0.010353	0.000811	0.003773	0.003188	0.071361	0.039027	0.001449	0.007605	0.001158	0.000142	0.032586	0.016094	0.000533	0.003132	0.002189	0.018561	0.005789	0.003606	0.023438	0.016880	0.006038	0.006038	0.002716	0.008376	0.006995	0.000610	0.001158	0.005888	0.001275	
0.033105	0.012814	0.066791	0.098432	0.007430	0.004057	0.052144	0.000857	0.006019	0.004118	0.030515	0.037699	0.030520	0.004247	0.002016	0.059804	0.015974	0.049984	0.001091	0.042437	0.001969	0.007825	0.008654	0.003935	0.003325	0.040656	0.021867	0.001454	0.094950	0.001212	0.000155	0.019029	0.009913	0.000561	0.003506	0.025692	0.010439	0.003108	0.004771	0.013632	0.010989	0.018399	0.006293	0.001763	0.085964	0.005621	0.000580	0.001212	0.017933	0.014537	
0.011898	0.088505	0.024196	0.011099	0.003450	0.005058	0.024676	0.001561	0.041076	0.002730	0.011296	0.005643	0.003670	0.002003	0.013138	0.020417	0.014644	0.007503	0.001470	0.004857	0.003170	0.035631	0.002923	0.004904	0.004136	0.015603	0.002564	0.000734	0.031140	0.001475	0.000144	0.077518	0.011092	0.000656	0.005311	0.008532	0.001290	0.004327	0.025319	0.018825	0.071303	0.127487	0.007873	0.002340	0.068454	0.036583	0.001212	0.001475	0.124239	0.004847	
0.015025	0.049822	0.063876	0.023948	0.005490	0.005446	0.022931	0.001347	0.023162	0.003669	0.017055	0.011127	0.007963	0.003156	0.007459	0.055026	0.019221	0.014803	0.001778	0.010391	0.003440	0.023562	0.008152	0.005281	0.004454	0.016121	0.005411	0.001107	0.089350	0.001588	0.000155	0.055432	0.014084	0.000706	0.004394	0.024201	0.002645	0.005275	0.015480	0.022538	0.043809	0.071734	0.008478	0.002744	0.098940	0.022042	0.001000	0.001588	0.069908	0.013688	
0.031031	0.077190	0.027744	0.037896	0.019445	0.005456	0.035157	0.001537	0.035832	0.009398	0.030059	0.023261	0.011807	0.010999	0.011471	0.036820	0.014234	0.031224	0.001156	0.016384	0.002676	0.009727	0.003414	0.005290	0.004460	0.020669	0.008482	0.003588	0.036656	0.001580	0.000140	0.021610	0.015411	0.000694	0.010951	0.010017	0.004092	0.003343	0.021919	0.015478	0.012980	0.111182	0.008502	0.002032	0.067689	0.013006	0.000702	0.001580	0.108349	0.005681	
0.007923	0.025513	0.042004	0.005897	0.002911	0.078937	0.008832	0.012640	0.011895	0.020978	0.008233	0.003575	0.001944	0.001699	0.003873	0.007497	0.005118	0.004754	0.001125	0.002618	0.002092	0.078042	0.000944	0.076475	0.064163	0.007856	0.001414	0.000637	0.009084	0.021483	0.000142	0.053379	0.008383	0.008350	0.002324	0.003368	0.000744	0.003241	0.008963	0.064083	0.047496	0.036705	0.124080	0.011946	0.019791	0.020950	0.007147	0.021483	0.035773	0.001499	
0.008597	0.025036	0.042858	0.016069	0.003241	0.087299	0.013533	0.013942	0.011672	0.023203	0.010796	0.007237	0.004991	0.001884	0.003801	0.005619	0.004573	0.009606	0.001177	0.006993	0.002186	0.069770	0.000600	0.084576	0.070957	0.009198	0.003659	0.000694	0.005276	0.023746	0.000140	0.025134	0.008913	0.009219	0.002429	0.002429	0.001807	0.003411	0.008994	0.070294	0.015693	0.036019	0.137235	0.013140	0.016360	0.008679	0.007547	0.023746	0.035104	0.000919	
0.020077	0.004768	0.035822	0.021218	0.008692	0.069096	0.012537	0.010952	0.002286	0.020893	0.016119	0.011876	0.006555	0.004953	0.000824	0.010511	0.002249	0.015883	0.001012	0.009211	0.001790	0.087061	0.000663	0.066941	0.056167	0.015680	0.004800	0.001671	0.005925	0.018819	0.000144	0.084693	0.009930	0.007327	0.003630	0.002417	0.002350	0.002881	0.003221	0.056192	0.083334	0.006808	0.108599	0.010483	0.007218	0.032587	0.006661	0.018819	0.006638	0.001021	
0.032598	0.005561	0.019521	0.075710	0.007284	0.030773	0.040159	0.004972	0.002655	0.010735	0.030378	0.029826	0.023040	0.004161	0.000943	0.010028	0.002124	0.039575	0.002089	0.032657	0.003687	0.061793	0.000774	0.029816	0.025031	0.037694	0.016841	0.001421	0.007141	0.008441	0.000147	0.099229	0.017125	0.003337	0.003126	0.002347	0.008055	0.006274	0.004439	0.043129	0.088402	0.007950	0.048319	0.006536	0.008620	0.034617	0.003516	0.008441	0.007751	0.001208	
0.011537	0.004763	0.025477	0.008139	0.006634	0.008729	0.007661	0.001543	0.002298	0.004965	0.071754	0.006309	0.002793	0.003807	0.000847	0.022982	0.005448	0.008458	0.014518	0.003600	0.025645	0.023442	0.002938	0.008462	0.007125	0.006768	0.001932	0.001326	0.031019	0.002490	0.000172	0.172798	0.106561	0.001063	0.002855	0.008558	0.001006	0.045418	0.020237	0.172515	0.038293	0.006788	0.013632	0.017884	0.028320	0.015293	0.001238	0.002490	0.006619	0.004852	
0.019259	0.014677	0.039331	0.028478	0.010026	0.007162	0.019020	0.001365	0.006887	0.005964	0.057958	0.015071	0.009085	0.005711	0.002299	0.037937	0.009776	0.020136	0.009812	0.012346	0.017427	0.016166	0.004855	0.006944	0.005850	0.014248	0.006420	0.001926	0.052479	0.002060	0.000165	0.115166	0.073969	0.000894	0.004591	0.014308	0.003128	0.030589	0.016694	0.116881	0.024597	0.021080	0.011172	0.012243	0.051117	0.011047	0.000974	0.002060	0.020546	0.008102	
0.059352	0.037583	0.012919	0.007693	0.054220	0.003727	0.012650	0.000981	0.017488	0.023250	0.077505	0.031220	0.002534	0.030562	0.005651	0.053783	0.006656	0.042675	0.005896	0.003393	0.011078	0.009436	0.001531	0.003615	0.003055	0.006578	0.001813	0.009802	0.015595	0.001116	0.000146	0.069048	0.063936	0.000519	0.022558	0.004338	0.000936	0.018282	0.017613	0.069328	0.015101	0.054100	0.005779	0.007266	0.031037	0.009746	0.000583	0.001116	0.052723	0.002490	
0.050212	0.063991	0.026617	0.007633	0.045283	0.003696	0.017447	0.001166	0.029718	0.019570	0.051798	0.026491	0.002652	0.025533	0.009530	0.057795	0.012631	0.036186	0.001992	0.003364	0.004288	0.008996	0.003338	0.003585	0.003029	0.008028	0.001796	0.008202	0.035806	0.001104	0.000141	0.030705	0.032065	0.000511	0.020289	0.009771	0.000925	0.005978	0.019500	0.024010	0.014170	0.092161	0.005733	0.002758	0.060666	0.012104	0.000567	0.001104	0.089813	0.005552	
0.031282	0.028777	0.008621	0.007028	0.021911	0.004002	0.011509	0.000967	0.013414	0.010052	0.054655	0.013973	0.002290	0.012393	0.004364	0.022908	0.004610	0.019006	0.007539	0.003112	0.013623	0.046027	0.000899	0.003882	0.003281	0.012555	0.001674	0.004040	0.008445	0.001197	0.000155	0.158289	0.062476	0.000556	0.009771	0.002425	0.000875	0.023441	0.017427	0.088477	0.096146	0.041404	0.006206	0.009195	0.020809	0.039987	0.001365	0.001197	0.040351	0.001413	
