0.100710	0.001212	0.000180	0.042042	0.001935	0.024825	0.001599	0.041824	0.004046	0.002042	0.059047	0.101845	0.004517	0.004886	0.005452	0.006600	0.005626	0.004702	0.021111	0.002701	0.001239	0.000647	0.004991	0.001212	0.003171	0.004517	0.001101	0.007322	0.001926	0.006891	0.002374	0.247721	0.003901	0.002503	0.008088	0.002884	0.004217	0.109802	0.007468	0.014659	0.002884	0.001926	0.003884	0.001285	0.000805	0.001261	0.100416	0.011317	0.001332	0.001353	
0.027484	0.000954	0.000152	0.010886	0.009108	0.101048	0.001256	0.037761	0.011601	0.007763	0.034606	0.026221	0.042478	0.008732	0.051607	0.062811	0.023377	0.018636	0.005519	0.005927	0.003290	0.004716	0.010291	0.000954	0.004762	0.042478	0.001142	0.023052	0.005325	0.005371	0.001858	0.072629	0.015388	0.001958	0.077335	0.011206	0.023003	0.047303	0.021011	0.017492	0.011206	0.005325	0.006073	0.010941	0.001145	0.004154	0.036307	0.039483	0.004863	0.002014	
0.046723	0.000905	0.000153	0.018871	0.005696	0.052716	0.001186	0.035188	0.008286	0.013035	0.034979	0.045612	0.023791	0.007503	0.028890	0.035147	0.037578	0.031437	0.009512	0.004392	0.002382	0.002702	0.006842	0.000905	0.003742	0.023791	0.000940	0.013868	0.003828	0.005038	0.001750	0.126045	0.008090	0.001844	0.043258	0.018862	0.013356	0.072606	0.022256	0.021966	0.018862	0.003828	0.003907	0.006178	0.000782	0.005843	0.049850	0.065617	0.008127	0.001332	
0.013617	0.000735	0.000159	0.005411	0.031912	0.154636	0.000951	0.101738	0.101035	0.001672	0.038532	0.012913	0.003057	0.004772	0.003682	0.004449	0.004558	0.003832	0.002785	0.046172	0.027807	0.000472	0.043920	0.000735	0.027473	0.003057	0.001146	0.005434	0.045740	0.003902	0.001383	0.032826	0.023486	0.001455	0.005444	0.002356	0.003520	0.027249	0.101287	0.008732	0.002356	0.045740	0.004574	0.000898	0.000783	0.010449	0.020002	0.008729	0.001096	0.001330	
0.013761	0.005639	0.000145	0.002006	0.018361	0.013180	0.007699	0.058419	0.055101	0.003338	0.005205	0.004663	0.008918	0.047674	0.010810	0.013132	0.009536	0.007899	0.001075	0.029097	0.015207	0.001091	0.056133	0.005639	0.025637	0.008918	0.004652	0.047331	0.024977	0.035853	0.011819	0.015071	0.002114	0.012505	0.016142	0.004783	0.026146	0.011156	0.065841	0.071072	0.004783	0.024977	0.040885	0.002381	0.007010	0.006654	0.094437	0.025991	0.002122	0.013017	
0.004236	0.000830	0.000141	0.001156	0.032768	0.062071	0.001089	0.101491	0.101017	0.006256	0.014123	0.002605	0.009896	0.016331	0.012000	0.014582	0.017851	0.014993	0.000648	0.046239	0.027789	0.001193	0.050974	0.000830	0.027949	0.009896	0.000909	0.017695	0.045722	0.004622	0.001606	0.013801	0.009493	0.001692	0.017930	0.009023	0.011676	0.017588	0.105639	0.014783	0.009023	0.045722	0.013595	0.002628	0.002304	0.012185	0.023465	0.031822	0.003927	0.004196	
0.019017	0.008160	0.000147	0.002268	0.008625	0.029395	0.011164	0.030269	0.025755	0.009075	0.008861	0.005298	0.004159	0.040631	0.005024	0.006086	0.025602	0.021830	0.001207	0.017728	0.007165	0.000580	0.038550	0.008160	0.022365	0.004159	0.006755	0.037651	0.011718	0.052230	0.017174	0.023837	0.004564	0.018176	0.007463	0.013114	0.020156	0.022702	0.045796	0.107222	0.013114	0.011718	0.033416	0.001170	0.005777	0.006014	0.103475	0.059100	0.005674	0.010704	
0.007714	0.002014	0.000155	0.002019	0.032636	0.141582	0.002711	0.101192	0.102345	0.001649	0.031502	0.004683	0.005560	0.005127	0.006725	0.008156	0.004601	0.003784	0.001087	0.047724	0.028162	0.000737	0.044611	0.002014	0.030146	0.005560	0.002140	0.006608	0.046329	0.012241	0.004106	0.012963	0.021511	0.004338	0.010011	0.002325	0.004841	0.017784	0.103947	0.024361	0.002325	0.046329	0.004893	0.001532	0.000832	0.010564	0.022352	0.010962	0.001080	0.001425	
0.005093	0.001093	0.000176	0.001565	0.004717	0.261812	0.001436	0.015438	0.004455	0.001804	0.055518	0.003548	0.025360	0.050516	0.030791	0.037458	0.005775	0.004129	0.000870	0.002797	0.001349	0.002892	0.040274	0.001093	0.004321	0.025360	0.001799	0.056599	0.002109	0.006133	0.002124	0.010363	0.039685	0.002238	0.046099	0.002540	0.035191	0.025714	0.012815	0.013851	0.002540	0.002109	0.043286	0.006595	0.007508	0.001208	0.064815	0.009936	0.001184	0.013924	
0.017090	0.005477	0.000137	0.003498	0.016271	0.013780	0.007479	0.053216	0.034587	0.003835	0.007252	0.008301	0.042636	0.012761	0.051802	0.063052	0.012282	0.009118	0.001818	0.019708	0.009579	0.004720	0.022372	0.005477	0.019070	0.042636	0.004521	0.027496	0.015703	0.034845	0.011484	0.024494	0.002197	0.012151	0.077635	0.005508	0.025302	0.015800	0.044154	0.069041	0.005508	0.015703	0.010519	0.010970	0.001861	0.004863	0.058278	0.028218	0.002426	0.003369	
0.026241	0.010770	0.000146	0.003823	0.009416	0.038522	0.014754	0.032978	0.017550	0.001852	0.012729	0.009076	0.030396	0.007999	0.036920	0.044927	0.006166	0.004289	0.001985	0.015978	0.004916	0.003408	0.012702	0.010770	0.024119	0.030396	0.008907	0.018812	0.008010	0.069203	0.022722	0.023837	0.005941	0.024050	0.055307	0.002624	0.017609	0.015056	0.032051	0.131431	0.002624	0.008010	0.006697	0.007857	0.001239	0.002472	0.091423	0.027892	0.001202	0.002196	
0.005705	0.001785	0.000144	0.001314	0.017730	0.013721	0.002400	0.055035	0.046555	0.001579	0.004428	0.002986	0.024832	0.069434	0.030156	0.036691	0.005178	0.003629	0.000729	0.022346	0.012864	0.002807	0.069060	0.001785	0.017048	0.024832	0.001523	0.074145	0.021115	0.010809	0.003631	0.008807	0.002194	0.003836	0.045162	0.002228	0.043814	0.006497	0.052750	0.022807	0.002228	0.021115	0.059948	0.006437	0.010265	0.005160	0.090345	0.010259	0.001033	0.019121	
0.013509	0.002846	0.000139	0.003783	0.010747	0.071234	0.003860	0.036194	0.006744	0.004174	0.019377	0.008987	0.067246	0.006851	0.081720	0.099483	0.014201	0.009937	0.001961	0.005154	0.001950	0.007376	0.007431	0.002846	0.006915	0.067246	0.002577	0.031310	0.003124	0.017730	0.005890	0.026570	0.010875	0.006228	0.122510	0.005999	0.033848	0.021316	0.014737	0.037166	0.005999	0.003124	0.005148	0.017245	0.000984	0.002312	0.033919	0.025120	0.002637	0.001722	
0.013071	0.001713	0.000138	0.004456	0.011969	0.059595	0.002304	0.039982	0.007683	0.002197	0.017860	0.010624	0.074545	0.011021	0.090593	0.110289	0.008888	0.005137	0.002297	0.004729	0.002206	0.008162	0.011127	0.001713	0.005236	0.074545	0.001618	0.038467	0.003548	0.010377	0.003486	0.028024	0.009117	0.003683	0.135821	0.003128	0.039335	0.018801	0.012550	0.021537	0.003128	0.003548	0.009157	0.019105	0.001664	0.001649	0.032532	0.013236	0.001412	0.002999	
0.006347	0.000636	0.000127	0.002345	0.015863	0.017880	0.000827	0.049777	0.013018	0.001837	0.006613	0.005514	0.092129	0.006764	0.111973	0.136327	0.008580	0.004279	0.001236	0.006334	0.003660	0.010048	0.009879	0.000636	0.004563	0.092129	0.000600	0.041213	0.005952	0.003438	0.001209	0.015279	0.002808	0.001273	0.167896	0.002610	0.045476	0.009874	0.015393	0.008118	0.002610	0.005952	0.005595	0.023578	0.001041	0.002019	0.016160	0.009559	0.001185	0.001841	
0.008018	0.000599	0.000131	0.001662	0.002080	0.061163	0.000774	0.013583	0.005315	0.037066	0.014593	0.003850	0.002774	0.017047	0.003345	0.004044	0.104883	0.089830	0.000896	0.002824	0.001551	0.000416	0.008537	0.000599	0.002546	0.002774	0.000716	0.008797	0.002473	0.003172	0.001125	0.055708	0.009347	0.001183	0.004952	0.053774	0.006029	0.070902	0.042870	0.042037	0.053774	0.002473	0.007174	0.000805	0.001323	0.014700	0.015630	0.184774	0.022995	0.002366	
0.010245	0.000824	0.000130	0.002532	0.005029	0.047787	0.001084	0.023000	0.014211	0.035033	0.012974	0.005964	0.004199	0.011878	0.005077	0.006155	0.099182	0.084895	0.001331	0.007013	0.003989	0.000569	0.008501	0.000824	0.005133	0.004199	0.000854	0.004989	0.006492	0.004643	0.001605	0.058246	0.007326	0.001692	0.007551	0.050822	0.004445	0.068657	0.049286	0.042727	0.050822	0.006492	0.003199	0.001167	0.000634	0.014782	0.013921	0.175073	0.021736	0.001076	
0.017393	0.002251	0.000132	0.004657	0.002009	0.029730	0.003045	0.015491	0.004855	0.033217	0.012009	0.011122	0.003331	0.015652	0.004021	0.004867	0.093999	0.080482	0.002394	0.003855	0.001426	0.000477	0.007794	0.002251	0.005407	0.003331	0.001953	0.008669	0.002266	0.013904	0.004634	0.068388	0.004601	0.004899	0.005965	0.048184	0.005970	0.069560	0.040282	0.058393	0.048184	0.002266	0.006758	0.000947	0.001254	0.013191	0.033077	0.168611	0.020613	0.002235	
0.043691	0.001984	0.000159	0.016750	0.001393	0.062088	0.002668	0.020908	0.003172	0.015480	0.034167	0.040451	0.002485	0.032376	0.002987	0.003603	0.043660	0.037368	0.008454	0.002889	0.000984	0.000410	0.022726	0.001984	0.005034	0.002485	0.001849	0.028376	0.001520	0.012020	0.004036	0.116669	0.009510	0.004265	0.004401	0.022411	0.014963	0.072109	0.022642	0.037880	0.022411	0.001520	0.024819	0.000752	0.004352	0.006286	0.079482	0.079708	0.009643	0.008022	
0.007093	0.000955	0.000150	0.002041	0.006114	0.057345	0.001256	0.022051	0.015432	0.012509	0.014289	0.004743	0.009642	0.077959	0.011689	0.014202	0.035539	0.030164	0.001095	0.007659	0.004338	0.001173	0.061482	0.000955	0.007631	0.009642	0.000996	0.073906	0.007055	0.005381	0.001860	0.026824	0.008787	0.001961	0.017459	0.018100	0.039847	0.029993	0.033270	0.023397	0.018100	0.007055	0.064827	0.002569	0.011139	0.006329	0.092335	0.063109	0.007800	0.020755	
0.020026	0.001069	0.000148	0.007553	0.014889	0.019958	0.001414	0.053133	0.045983	0.009877	0.013724	0.018132	0.003921	0.055183	0.004735	0.005734	0.027862	0.023776	0.003851	0.021549	0.012710	0.000555	0.056968	0.001069	0.015151	0.003921	0.000963	0.051188	0.020859	0.006134	0.002105	0.055798	0.003139	0.002220	0.007028	0.014278	0.026785	0.036570	0.058462	0.021836	0.014278	0.020859	0.045951	0.001110	0.007887	0.008268	0.080331	0.050231	0.006171	0.014658	
0.017590	0.009490	0.000161	0.001058	0.002138	0.077254	0.012988	0.008376	0.005320	0.001800	0.017095	0.002338	0.003080	0.069443	0.003710	0.004482	0.004920	0.004142	0.000609	0.009489	0.001575	0.000476	0.053267	0.009490	0.020303	0.003080	0.008000	0.065777	0.002492	0.060799	0.019985	0.007480	0.011803	0.021151	0.005484	0.002542	0.033779	0.010865	0.023008	0.116721	0.002542	0.002492	0.059611	0.000905	0.010274	0.001282	0.143808	0.025227	0.001176	0.019122	
0.031644	0.011125	0.000147	0.005614	0.007741	0.021848	0.015242	0.030667	0.022515	0.008239	0.011618	0.013425	0.005128	0.014073	0.006202	0.007521	0.023268	0.019798	0.002881	0.018488	0.006278	0.000684	0.017881	0.011125	0.026174	0.005128	0.009140	0.013476	0.010254	0.071505	0.023476	0.042380	0.003424	0.024848	0.009230	0.011899	0.008249	0.029096	0.043611	0.142062	0.011899	0.010254	0.010661	0.001417	0.001909	0.005384	0.102459	0.060310	0.005156	0.003450	
0.027726	0.011898	0.000166	0.003681	0.004801	0.148501	0.016297	0.019120	0.013757	0.002374	0.035050	0.008703	0.003357	0.013780	0.004046	0.004890	0.006548	0.005529	0.001924	0.015106	0.003891	0.000510	0.016103	0.011898	0.025313	0.003357	0.010196	0.013760	0.006307	0.076421	0.025095	0.023542	0.022566	0.026562	0.005985	0.003373	0.007813	0.023638	0.031674	0.145539	0.003373	0.006307	0.011554	0.000980	0.002087	0.002316	0.104867	0.032417	0.001533	0.003768	
