0.024360	0.011142	0.001843	0.149501	0.000726	0.003605	0.004911	0.004324	0.004719	0.002446	0.001493	0.003783	0.000129	0.078638	0.003832	0.011955	0.005128	0.000753	0.077385	0.000881	0.003784	0.005287	0.000845	0.024360	0.001283	0.016960	0.250333	0.002275	0.010793	0.003489	0.003113	0.007627	0.006850	0.007364	0.006875	0.002598	0.002150	0.006688	0.001373	0.005806	0.005594	0.087361	0.000129	0.000129	0.001392	0.094772	0.000726	0.040052	0.003673	0.004764	
0.009065	0.010351	0.001871	0.069274	0.001431	0.003285	0.063840	0.016055	0.038878	0.002238	0.008309	0.003446	0.000144	0.029047	0.003874	0.070908	0.012339	0.003540	0.032134	0.001978	0.048826	0.023486	0.001688	0.009065	0.002632	0.015466	0.099450	0.025409	0.063953	0.003529	0.006579	0.044285	0.010952	0.007851	0.015837	0.002631	0.012241	0.006912	0.003020	0.018428	0.072939	0.032259	0.000144	0.000144	0.007704	0.055701	0.001431	0.016905	0.004194	0.004331	
0.007036	0.005800	0.007669	0.062783	0.000667	0.001871	0.071823	0.012460	0.049471	0.001298	0.006239	0.001959	0.000151	0.022458	0.016390	0.052906	0.016394	0.002932	0.024681	0.002594	0.054929	0.029628	0.000770	0.007036	0.001148	0.008684	0.073660	0.028440	0.047721	0.014886	0.002730	0.064537	0.004872	0.032238	0.007429	0.010977	0.009169	0.028785	0.001408	0.023217	0.082061	0.024936	0.000151	0.000151	0.005788	0.048895	0.000667	0.012164	0.002895	0.002444	
0.010537	0.008733	0.003731	0.121012	0.000529	0.002712	0.007396	0.003336	0.008089	0.001860	0.013964	0.002843	0.000154	0.033794	0.007880	0.119836	0.044054	0.005923	0.039151	0.006756	0.005689	0.032068	0.000604	0.010537	0.000879	0.013146	0.108472	0.003196	0.108073	0.007165	0.002029	0.014097	0.004694	0.015228	0.004485	0.005305	0.020613	0.014593	0.001416	0.046375	0.008431	0.037532	0.000154	0.000154	0.012941	0.055432	0.000529	0.017491	0.002816	0.003565	
0.009794	0.021020	0.002646	0.069837	0.003142	0.006716	0.045467	0.023986	0.029172	0.004523	0.003863	0.007053	0.000139	0.031422	0.005554	0.032418	0.009513	0.001756	0.032705	0.001548	0.034782	0.018279	0.003743	0.009794	0.005945	0.031985	0.118327	0.018452	0.029245	0.005053	0.015155	0.034926	0.024724	0.010992	0.034546	0.003749	0.005656	0.009777	0.006283	0.014151	0.051942	0.034897	0.000139	0.000139	0.003587	0.090654	0.003142	0.021393	0.007363	0.008908	
0.008665	0.003853	0.005387	0.092125	0.001204	0.001243	0.051729	0.013102	0.035509	0.000879	0.007038	0.001299	0.000150	0.027739	0.011462	0.059840	0.030923	0.003166	0.030259	0.004778	0.039571	0.033961	0.001414	0.008665	0.002187	0.005882	0.093916	0.020498	0.053973	0.010414	0.005417	0.046028	0.007746	0.022513	0.012982	0.007691	0.010354	0.020535	0.002512	0.036641	0.059098	0.030804	0.000150	0.000150	0.006527	0.049415	0.001204	0.015811	0.001980	0.001608	
0.000963	0.044858	0.007274	0.125344	0.000843	0.014303	0.015242	0.006204	0.016331	0.009588	0.002635	0.015028	0.000159	0.002765	0.015528	0.021623	0.088404	0.001452	0.003892	0.013429	0.011686	0.063441	0.000980	0.000963	0.001482	0.069666	0.013556	0.007172	0.019513	0.014105	0.003580	0.028317	0.016461	0.030152	0.008101	0.010405	0.003828	0.028904	0.001619	0.093106	0.017396	0.003054	0.000159	0.000159	0.002452	0.106732	0.000843	0.002769	0.014518	0.019017	
0.000959	0.008215	0.005065	0.033583	0.006645	0.002685	0.071438	0.048312	0.046943	0.001839	0.001746	0.002815	0.000145	0.002782	0.010772	0.014018	0.021152	0.000994	0.004295	0.003304	0.054634	0.033512	0.007945	0.000959	0.012712	0.012704	0.051905	0.028349	0.012654	0.009788	0.032646	0.057437	0.043461	0.021317	0.074040	0.007230	0.002517	0.019117	0.013205	0.028919	0.081623	0.003075	0.000145	0.000145	0.001628	0.072728	0.006645	0.014014	0.003704	0.003532	
0.001570	0.006842	0.002018	0.084485	0.006456	0.002118	0.005029	0.038586	0.005333	0.001464	0.013573	0.002218	0.000155	0.004740	0.004179	0.116443	0.055971	0.005696	0.011430	0.008549	0.003881	0.040594	0.007716	0.001570	0.012337	0.010455	0.056955	0.002221	0.105013	0.003807	0.031659	0.008102	0.041720	0.008015	0.070407	0.002838	0.020034	0.008419	0.013254	0.059327	0.005726	0.005249	0.000155	0.000155	0.012579	0.064940	0.006456	0.014601	0.002187	0.002772	
0.007209	0.006443	0.001318	0.117309	0.007496	0.002114	0.007454	0.045208	0.006086	0.001457	0.002345	0.002215	0.000142	0.023038	0.002683	0.019237	0.055668	0.001087	0.024432	0.008492	0.005731	0.040622	0.008967	0.007209	0.014360	0.010483	0.121384	0.003167	0.017361	0.002448	0.036914	0.007791	0.048388	0.005134	0.082176	0.001836	0.003406	0.005817	0.014932	0.059363	0.008499	0.025582	0.000142	0.000142	0.002182	0.086373	0.007496	0.025667	0.002219	0.002772	
0.002597	0.008084	0.001394	0.031688	0.010226	0.002524	0.004414	0.061184	0.004586	0.001731	0.011849	0.002646	0.000144	0.008091	0.002844	0.101586	0.012680	0.004963	0.014441	0.002029	0.003408	0.013440	0.012242	0.002597	0.019635	0.011805	0.092370	0.002005	0.091615	0.002594	0.050553	0.006097	0.066009	0.005424	0.112479	0.001944	0.017485	0.005126	0.020741	0.014862	0.005024	0.008974	0.000144	0.000144	0.010982	0.092916	0.010226	0.023560	0.002585	0.003317	
0.001063	0.005730	0.001577	0.093855	0.006101	0.001901	0.057058	0.043181	0.034958	0.001317	0.001566	0.001991	0.000148	0.003113	0.003235	0.012439	0.065017	0.000783	0.004464	0.009903	0.043644	0.057246	0.007291	0.001063	0.011657	0.009575	0.049618	0.022641	0.011231	0.002949	0.029911	0.039286	0.039332	0.006556	0.067640	0.002206	0.002249	0.006984	0.012106	0.073128	0.065188	0.003443	0.000148	0.000148	0.001461	0.059472	0.006101	0.013121	0.002714	0.002486	
0.007796	0.005733	0.004575	0.053329	0.010565	0.001900	0.007110	0.063612	0.009483	0.001312	0.001029	0.001990	0.000135	0.024957	0.009726	0.007883	0.006088	0.000677	0.026132	0.001030	0.005466	0.010637	0.012651	0.007796	0.020300	0.008730	0.147550	0.003011	0.007121	0.008838	0.052285	0.016191	0.067685	0.018833	0.116405	0.006529	0.001460	0.016964	0.021028	0.008300	0.008106	0.027715	0.000135	0.000135	0.000963	0.112492	0.010565	0.032558	0.001999	0.002488	
0.000867	0.008943	0.002278	0.011184	0.009460	0.002863	0.049484	0.062396	0.031533	0.001956	0.006030	0.003003	0.000141	0.002491	0.004757	0.051175	0.005071	0.002626	0.006293	0.000883	0.037853	0.018348	0.011323	0.000867	0.018157	0.013336	0.069670	0.019735	0.046159	0.004330	0.046734	0.036446	0.061461	0.009469	0.104944	0.003219	0.008865	0.008288	0.018996	0.010728	0.056533	0.002752	0.000141	0.000141	0.005594	0.086360	0.009460	0.019317	0.003568	0.003770	
0.003998	0.007429	0.005142	0.045294	0.005735	0.002427	0.062917	0.041762	0.042033	0.001666	0.002408	0.002544	0.000144	0.012630	0.010940	0.019762	0.016627	0.001266	0.014074	0.002623	0.048120	0.028449	0.006854	0.003998	0.010954	0.011398	0.076698	0.024980	0.017834	0.009940	0.028100	0.052347	0.037487	0.021584	0.063739	0.007341	0.003498	0.019308	0.011410	0.023372	0.071884	0.014018	0.000144	0.000144	0.002240	0.073369	0.005735	0.017120	0.003324	0.003188	
0.001102	0.113475	0.001071	0.015873	0.001063	0.036003	0.006886	0.006559	0.005074	0.024048	0.006181	0.037842	0.000138	0.003263	0.002153	0.052514	0.006857	0.002637	0.005995	0.001148	0.005295	0.006845	0.001249	0.001102	0.001927	0.173128	0.016158	0.005548	0.047366	0.001967	0.004766	0.006794	0.036347	0.004105	0.010587	0.001481	0.009091	0.003798	0.002213	0.007812	0.007850	0.003610	0.000138	0.000138	0.005734	0.216475	0.001063	0.003470	0.036100	0.047958	
0.001033	0.094666	0.001305	0.013816	0.000561	0.030042	0.036555	0.007349	0.022448	0.020074	0.006084	0.031575	0.000140	0.003034	0.002656	0.051654	0.005766	0.002608	0.005660	0.000986	0.027972	0.012621	0.000645	0.001033	0.000954	0.144367	0.012065	0.016746	0.046591	0.002423	0.002245	0.025845	0.028108	0.005293	0.005609	0.001817	0.008946	0.004647	0.001202	0.009155	0.041757	0.003356	0.000140	0.000140	0.005644	0.179151	0.000561	0.002383	0.030562	0.040009	
0.012060	0.065884	0.001987	0.078456	0.000830	0.020960	0.012636	0.005925	0.009341	0.014018	0.001859	0.022028	0.000133	0.038777	0.004137	0.015093	0.005759	0.000910	0.038683	0.000979	0.009688	0.007503	0.000970	0.012060	0.001481	0.100617	0.126007	0.006647	0.013623	0.003767	0.003620	0.012797	0.022173	0.008009	0.008166	0.002803	0.002690	0.007231	0.001592	0.007135	0.014422	0.043071	0.000133	0.000133	0.001731	0.161042	0.000830	0.020565	0.021139	0.027903	
0.005798	0.037295	0.001996	0.121665	0.000799	0.011848	0.017830	0.006313	0.012341	0.007949	0.006974	0.012448	0.000151	0.018449	0.004136	0.059285	0.064818	0.003004	0.021116	0.009875	0.013662	0.047013	0.000929	0.005798	0.001404	0.057510	0.062339	0.007996	0.053473	0.003767	0.003392	0.016008	0.014154	0.008027	0.007747	0.002808	0.010259	0.008547	0.001700	0.068851	0.020355	0.020482	0.000151	0.000151	0.006469	0.093829	0.000799	0.010440	0.012101	0.015747	
0.000989	0.006308	0.037108	0.017739	0.000869	0.002107	0.011564	0.005770	0.045216	0.001465	0.001658	0.002205	0.000181	0.002799	0.079942	0.012981	0.009555	0.002260	0.003483	0.001591	0.008881	0.022340	0.001006	0.000989	0.001510	0.009604	0.013045	0.004801	0.011723	0.072557	0.003619	0.104740	0.006165	0.155353	0.008080	0.053355	0.002369	0.139236	0.001611	0.010975	0.013190	0.003090	0.000181	0.000181	0.001549	0.095372	0.000869	0.002803	0.002269	0.002748	
0.000905	0.017301	0.013408	0.101449	0.001176	0.005587	0.042492	0.011681	0.038495	0.003779	0.001085	0.005865	0.000164	0.002564	0.028770	0.008151	0.071286	0.001069	0.003049	0.010859	0.032514	0.060665	0.001379	0.000905	0.002121	0.027374	0.014975	0.017210	0.007366	0.026122	0.005227	0.061431	0.011165	0.056090	0.012344	0.019235	0.001529	0.051565	0.002223	0.077723	0.048539	0.002831	0.000164	0.000164	0.001017	0.070924	0.001176	0.003307	0.006191	0.007394	
0.001286	0.045146	0.005174	0.072966	0.001191	0.014259	0.004585	0.006921	0.008004	0.009559	0.014136	0.014982	0.000159	0.003812	0.010992	0.121293	0.048521	0.006054	0.010071	0.007431	0.003541	0.035078	0.001398	0.001286	0.002155	0.068856	0.018859	0.002982	0.109387	0.009989	0.005320	0.016149	0.018627	0.021254	0.011746	0.007381	0.020866	0.020107	0.002741	0.050856	0.005217	0.004218	0.000159	0.000159	0.013101	0.103596	0.001191	0.003958	0.014322	0.018959	
0.001350	0.043995	0.016792	0.023566	0.001321	0.014034	0.037229	0.011905	0.038983	0.009408	0.002121	0.014746	0.000157	0.004023	0.036088	0.017175	0.011941	0.001623	0.004956	0.001929	0.028490	0.022435	0.001554	0.001350	0.002407	0.067227	0.020126	0.015788	0.015502	0.032761	0.005975	0.067110	0.019269	0.070288	0.013906	0.024111	0.003066	0.062969	0.002557	0.015717	0.042525	0.004453	0.000157	0.000157	0.001975	0.125919	0.001321	0.004316	0.014564	0.018660	
0.005231	0.029479	0.006246	0.043888	0.001221	0.009227	0.004519	0.007098	0.009084	0.006204	0.019506	0.009692	0.000157	0.016597	0.013309	0.167846	0.010197	0.008284	0.024932	0.001667	0.003491	0.010878	0.001433	0.005231	0.002213	0.044029	0.058874	0.002569	0.151364	0.012092	0.005474	0.018943	0.014566	0.025762	0.012090	0.008925	0.028822	0.023278	0.003001	0.011090	0.005143	0.018424	0.000157	0.000157	0.018073	0.086442	0.001221	0.010332	0.009289	0.012250	
