8
8
8
8
8
8
8
8
8
8
8
8
8
8
8
8
8
8
8
8
8
8
8
8
8
8
8
8
8
8
8
8
8
8
8
44
44
44
44
44
44
44
44
44
44
44
44
44
44
44
44
44
37
37
37
37
37
37
37
37
37
37
37
37
37
37
37
37
37
37
37
37
37
37
37
42
42
42
42
18
18
18
18
18
18
18
18
18
18
18
18
18
18
18
18
18
18
18
18
3
3
3
3
3
3
3
3
3
3
3
3
3
3
3
3
9
9
9
9
9
9
9
9
9
9
9
9
9
9
9
9
9
9
9
9
9
9
9
38
38
13
13
13
13
13
13
13
13
13
13
13
13
13
13
13
13
13
13
13
13
13
9
9
9
9
9
9
9
9
9
9
9
9
9
9
9
9
9
9
9
47
47
47
47
47
47
47
47
47
47
47
47
20
20
20
20
20
20
20
20
20
20
20
49
49
49
49
49
49
49
49
49
49
49
49
49
49
49
49
49
49
49
49
49
49
31
31
31
31
31
31
31
31
31
31
31
31
31
31
17
17
17
17
17
17
17
17
17
17
17
6
6
6
6
6
6
6
6
6
6
6
6
6
42
42
42
42
42
42
42
42
