0	5	0	0	25	0	73	
0	0	123	0	0	0	0	
0	20	0	0	0	33	71	
117	0	45	1	0	0	0	
27	1	0	0	0	0	0	
55	0	0	29	0	38	3	
0	0	0	0	0	55	0	
0	0	0	0	0	0	38	
0	0	0	34	0	0	0	
0	0	0	0	183	0	0	
0	0	0	0	20	0	0	
0	0	0	0	0	0	0	
26	22	0	0	0	0	0	
0	114	0	0	0	0	0	
0	85	0	0	0	0	0	
0	0	5	0	0	0	33	
0	0	0	191	0	0	0	
0	64	0	0	0	0	1	
0	0	296	0	0	84	0	
1	0	116	0	0	0	0	
0	0	0	0	0	54	1	
0	0	31	0	11	0	1	
0	0	0	0	0	0	18	
103	30	70	0	0	0	0	
0	0	0	0	109	0	0	
0	0	18	0	0	0	0	
0	0	1	143	1	0	1	
0	0	0	0	0	0	0	
0	0	14	0	0	0	0	
0	0	0	0	0	50	0	
0	0	43	0	0	0	0	
0	0	0	70	0	0	0	
0	0	0	127	55	0	0	
0	0	0	0	0	0	0	
0	0	0	0	0	22	0	
0	0	0	30	0	0	95	
0	79	0	0	0	0	0	
0	40	0	0	0	0	0	
100	0	45	1	39	118	3	
0	0	0	78	0	4	40	
0	0	0	0	123	0	168	
0	47	0	0	0	3	0	
0	43	0	42	53	0	19	
27	0	0	0	0	0	41	
0	0	0	0	0	40	0	
0	0	14	0	0	0	0	
0	0	0	0	0	0	33	
0	0	64	0	34	0	31	
162	0	0	0	0	0	0	
0	0	0	0	0	123	0	
