0.003784	0.003358	0.102886	0.012220	0.009128	0.001626	0.007428	0.001509	0.057257	0.045901	0.001279	0.001221	0.000969	0.019949	0.012449	0.002685	0.004618	0.005791	0.003856	0.045525	0.074894	0.000139	0.004137	0.002371	0.017760	0.000139	0.000139	0.044891	0.002690	0.013024	0.004907	0.006956	0.062756	0.036384	0.005123	0.002794	0.111895	0.001493	0.036597	0.011248	0.005662	0.090762	0.041081	0.000969	0.011727	0.036384	0.007704	0.007483	0.003709	0.010742	
0.001752	0.004998	0.101797	0.012102	0.010483	0.001513	0.008530	0.001725	0.028587	0.058265	0.008767	0.001456	0.001401	0.005898	0.006321	0.003923	0.002565	0.019348	0.003558	0.037535	0.074108	0.000150	0.006172	0.003513	0.007895	0.000150	0.000150	0.013664	0.002501	0.009023	0.005631	0.046727	0.048595	0.036008	0.007658	0.002584	0.110713	0.001175	0.016175	0.057205	0.005213	0.089916	0.018112	0.001401	0.003845	0.036008	0.057339	0.003403	0.001186	0.013256	
0.001061	0.036262	0.063048	0.007535	0.009926	0.001380	0.008076	0.001631	0.017462	0.061890	0.001394	0.008955	0.009461	0.018849	0.030594	0.027611	0.005603	0.006546	0.003241	0.023009	0.045901	0.000139	0.045001	0.025192	0.004593	0.000139	0.000139	0.042155	0.002281	0.013170	0.005331	0.007274	0.051107	0.022327	0.056071	0.002355	0.068551	0.001307	0.009355	0.055962	0.004747	0.055966	0.010648	0.009461	0.011025	0.022327	0.008465	0.002027	0.003511	0.069939	
0.000564	0.001989	0.005297	0.000759	0.225146	0.001920	0.182619	0.034458	0.010337	0.009740	0.001210	0.000638	0.000633	0.006355	0.011138	0.001673	0.030038	0.063793	0.004557	0.003238	0.003854	0.000162	0.002432	0.001429	0.002108	0.000162	0.000162	0.013953	0.004485	0.151854	0.119513	0.005776	0.010467	0.001952	0.002992	0.003301	0.005682	0.001463	0.004188	0.008793	0.006692	0.022497	0.004730	0.000633	0.004246	0.001952	0.007121	0.001030	0.001278	0.008992	
0.000917	0.004172	0.024947	0.003047	0.073973	0.005912	0.060020	0.011408	0.021985	0.031329	0.007679	0.001190	0.001191	0.041589	0.024859	0.003611	0.016482	0.037886	0.014549	0.010606	0.018053	0.000155	0.005143	0.002941	0.003838	0.000155	0.000155	0.092358	0.010270	0.063671	0.039315	0.040349	0.032268	0.008833	0.006374	0.010436	0.026911	0.004784	0.007776	0.049890	0.021540	0.027726	0.009147	0.001191	0.025337	0.008833	0.050085	0.001885	0.007623	0.025607	
0.000666	0.002565	0.041087	0.004942	0.130259	0.007998	0.105667	0.019992	0.022928	0.021772	0.001945	0.000784	0.000781	0.011896	0.011270	0.002543	0.018807	0.044425	0.019754	0.014611	0.029749	0.000160	0.003146	0.001828	0.002607	0.000160	0.000160	0.026524	0.014109	0.090722	0.069176	0.009949	0.014234	0.014506	0.003883	0.014155	0.044394	0.005683	0.005222	0.013911	0.029270	0.046319	0.005949	0.000781	0.009510	0.014506	0.012003	0.001453	0.002275	0.028963	
0.000768	0.006760	0.007768	0.001013	0.096214	0.008177	0.078056	0.014794	0.023365	0.015545	0.001478	0.001801	0.001856	0.061798	0.036768	0.005734	0.022700	0.034690	0.020216	0.004732	0.005487	0.000150	0.008359	0.004734	0.003137	0.000150	0.000150	0.137119	0.014209	0.085503	0.051111	0.007265	0.018911	0.002738	0.010384	0.014483	0.008128	0.006672	0.006330	0.017142	0.029963	0.014466	0.007768	0.001856	0.037425	0.002738	0.008962	0.001673	0.011261	0.037494	
0.005835	0.002556	0.023106	0.002814	0.007217	0.005759	0.005878	0.001214	0.089989	0.026438	0.000899	0.001195	0.000760	0.066483	0.034724	0.002372	0.011921	0.007848	0.014195	0.028544	0.016710	0.000135	0.003142	0.001814	0.027687	0.000135	0.000135	0.147657	0.009618	0.027987	0.003892	0.004368	0.093376	0.008171	0.003884	0.010178	0.024914	0.005108	0.057140	0.008245	0.021024	0.020821	0.064562	0.000760	0.039175	0.008171	0.005208	0.011737	0.012093	0.022409	
0.006357	0.001981	0.006868	0.000905	0.038003	0.007287	0.030847	0.005915	0.099325	0.027594	0.003183	0.001106	0.000618	0.038560	0.021938	0.002046	0.011305	0.021331	0.018001	0.025441	0.004853	0.000144	0.002425	0.001418	0.030175	0.000144	0.000144	0.085511	0.012365	0.038707	0.020228	0.016354	0.105833	0.002427	0.002987	0.012899	0.007183	0.005661	0.062276	0.020646	0.026675	0.009060	0.069972	0.000618	0.024137	0.002427	0.020313	0.012826	0.007068	0.025908	
0.003638	0.004444	0.004902	0.000681	0.008030	0.001785	0.006536	0.001331	0.052077	0.018311	0.001197	0.001463	0.001240	0.121041	0.061808	0.003518	0.020961	0.005519	0.004275	0.014755	0.003560	0.000126	0.005489	0.003121	0.017103	0.000126	0.000126	0.268706	0.002960	0.047559	0.004319	0.005858	0.061534	0.001791	0.006812	0.003089	0.005259	0.003361	0.035252	0.012892	0.006290	0.004939	0.040756	0.001240	0.068206	0.001791	0.007236	0.007210	0.021919	0.013856	
0.007561	0.001525	0.005582	0.000764	0.008325	0.001324	0.006776	0.001377	0.105890	0.024827	0.000969	0.001085	0.000488	0.078623	0.040307	0.001272	0.014000	0.004783	0.003121	0.029677	0.004066	0.000127	0.001863	0.001096	0.036060	0.000127	0.000127	0.174501	0.002187	0.032958	0.004476	0.004647	0.119744	0.002037	0.002292	0.002265	0.006016	0.002309	0.074471	0.007394	0.004575	0.005555	0.084057	0.000488	0.044366	0.002037	0.005717	0.015038	0.014275	0.006852	
0.000707	0.002642	0.004492	0.000648	0.027778	0.001953	0.022555	0.004356	0.011409	0.031410	0.011587	0.000795	0.000788	0.097210	0.049371	0.002167	0.019564	0.029305	0.004668	0.003578	0.003262	0.000144	0.003246	0.001876	0.002866	0.000144	0.000144	0.215753	0.003350	0.052371	0.014803	0.061031	0.036270	0.001655	0.004012	0.003375	0.004805	0.003065	0.005775	0.071150	0.006865	0.006147	0.007561	0.000788	0.054966	0.001655	0.076083	0.001335	0.017638	0.010884	
0.003420	0.003319	0.084630	0.010072	0.005253	0.001607	0.004286	0.000917	0.051476	0.042828	0.002749	0.001181	0.000959	0.039229	0.021552	0.002654	0.007259	0.007345	0.003812	0.038525	0.061605	0.000138	0.004089	0.002344	0.016004	0.000138	0.000138	0.087579	0.002636	0.017174	0.002851	0.014645	0.060239	0.029940	0.005064	0.002762	0.092028	0.001817	0.032964	0.019935	0.005596	0.074481	0.037248	0.000959	0.022481	0.029940	0.017466	0.006755	0.007183	0.010730	
0.003227	0.001957	0.079434	0.009474	0.006538	0.001360	0.005330	0.001125	0.047984	0.059242	0.011976	0.000845	0.000617	0.004409	0.003962	0.001607	0.001720	0.023805	0.003173	0.036158	0.057833	0.000151	0.002394	0.001404	0.015019	0.000151	0.000151	0.010190	0.002219	0.005881	0.003539	0.063618	0.075831	0.028118	0.002948	0.002310	0.086383	0.001046	0.030912	0.071928	0.004641	0.070035	0.034550	0.000617	0.002959	0.028118	0.078622	0.006347	0.000919	0.007224	
0.000975	0.005929	0.080719	0.009617	0.010357	0.001758	0.008426	0.001701	0.017487	0.048589	0.007540	0.001613	0.001637	0.040916	0.023628	0.004645	0.008276	0.017354	0.004177	0.028124	0.058756	0.000145	0.007328	0.004156	0.004158	0.000145	0.000145	0.091287	0.002914	0.021154	0.005562	0.040065	0.034698	0.028562	0.009101	0.003025	0.087766	0.001950	0.008448	0.051487	0.006136	0.071464	0.009891	0.001637	0.023477	0.028562	0.049220	0.001863	0.007493	0.015936	
0.000924	0.057496	0.009295	0.001189	0.004774	0.008192	0.003899	0.000852	0.025103	0.068420	0.001596	0.014086	0.014946	0.005486	0.036293	0.044196	0.003458	0.011203	0.020259	0.005796	0.006597	0.000147	0.071370	0.039921	0.003901	0.000147	0.000147	0.012069	0.013679	0.005085	0.002602	0.007918	0.069127	0.003274	0.088945	0.014513	0.009789	0.005699	0.007915	0.085448	0.030028	0.008554	0.008883	0.014946	0.006000	0.003274	0.009763	0.001988	0.001109	0.129698	
0.000549	0.064806	0.016938	0.002108	0.008007	0.002064	0.006520	0.001339	0.009799	0.076644	0.001302	0.015819	0.016828	0.005479	0.040573	0.049299	0.004103	0.006865	0.004950	0.006842	0.012318	0.000140	0.080452	0.044989	0.002119	0.000140	0.000140	0.012121	0.003417	0.007231	0.004313	0.006443	0.069584	0.006045	0.100269	0.003575	0.018346	0.001539	0.004234	0.093554	0.007286	0.015471	0.004774	0.016828	0.003807	0.006045	0.007851	0.001028	0.001102	0.124008	
0.003869	0.040331	0.008534	0.001124	0.007310	0.001648	0.005955	0.001235	0.054926	0.068027	0.006332	0.010176	0.010514	0.005444	0.026875	0.030715	0.003220	0.014867	0.003905	0.016690	0.006212	0.000143	0.050053	0.028015	0.018152	0.000143	0.000143	0.011977	0.002713	0.006755	0.003945	0.033117	0.109614	0.003086	0.062369	0.002830	0.009216	0.001257	0.037403	0.090262	0.005732	0.008060	0.041811	0.010514	0.003639	0.003086	0.041214	0.007649	0.001098	0.078095	
0.005058	0.027753	0.005260	0.000736	0.046101	0.001496	0.037413	0.007146	0.071390	0.046911	0.001470	0.007230	0.007265	0.019054	0.027522	0.021169	0.009994	0.016341	0.003531	0.020152	0.003831	0.000139	0.034433	0.019290	0.023915	0.000139	0.000139	0.042186	0.002697	0.037285	0.024521	0.007254	0.105941	0.001929	0.042895	0.002562	0.005659	0.001390	0.049331	0.045019	0.005179	0.008269	0.055289	0.007265	0.011181	0.001929	0.008971	0.010026	0.003548	0.054793	
0.000742	0.005373	0.009819	0.001289	0.009149	0.001780	0.007450	0.001530	0.011444	0.059765	0.022798	0.001469	0.001505	0.043474	0.024460	0.004227	0.008530	0.044061	0.004211	0.005307	0.007149	0.000160	0.006634	0.003775	0.002972	0.000160	0.000160	0.096429	0.002935	0.021244	0.004928	0.120626	0.063546	0.003548	0.008232	0.003053	0.010608	0.002015	0.005979	0.140134	0.006179	0.009331	0.007161	0.001505	0.024914	0.003548	0.150397	0.001381	0.007966	0.014948	
0.001209	0.017491	0.015893	0.001990	0.009865	0.002728	0.008028	0.001630	0.019964	0.053086	0.012483	0.004433	0.004624	0.050046	0.034770	0.013479	0.010075	0.026927	0.006596	0.008959	0.011543	0.000149	0.021687	0.012176	0.005274	0.000149	0.000149	0.111082	0.004537	0.024012	0.005303	0.065860	0.059899	0.005673	0.027001	0.004754	0.017182	0.002769	0.010754	0.095980	0.009728	0.014707	0.012571	0.004624	0.028919	0.005673	0.082004	0.002362	0.009142	0.040060	
0.000504	0.002636	0.006693	0.000829	0.059214	0.025488	0.048052	0.009169	0.048816	0.009075	0.001043	0.000793	0.000805	0.045755	0.025455	0.003847	0.015229	0.037495	0.063469	0.003163	0.004259	0.000168	0.003233	0.001880	0.001791	0.000168	0.000168	0.101455	0.043030	0.055314	0.031491	0.004862	0.009648	0.002152	0.003990	0.045383	0.006284	0.018145	0.003527	0.008867	0.094216	0.010671	0.004449	0.000805	0.034655	0.002152	0.005974	0.001744	0.008384	0.083606	
0.000891	0.004282	0.009206	0.001067	0.011942	0.043464	0.009720	0.001980	0.084511	0.012750	0.001350	0.001237	0.001245	0.005527	0.005617	0.006383	0.002694	0.039470	0.108379	0.005133	0.005627	0.000188	0.005273	0.003028	0.003588	0.000188	0.000188	0.012101	0.072902	0.009862	0.006423	0.006422	0.017572	0.002825	0.006528	0.077467	0.008319	0.029647	0.007221	0.012513	0.160929	0.009203	0.008104	0.001245	0.018624	0.002825	0.007899	0.003140	0.001150	0.142147	
0.007119	0.012283	0.005228	0.000695	0.009886	0.011915	0.008045	0.001631	0.117586	0.035835	0.001490	0.003664	0.003278	0.019242	0.017868	0.010188	0.004894	0.014584	0.029568	0.027733	0.003539	0.000146	0.015220	0.008564	0.033847	0.000146	0.000146	0.042592	0.019960	0.013281	0.005313	0.007326	0.123668	0.001791	0.018939	0.021162	0.005219	0.008465	0.069871	0.024384	0.043859	0.005417	0.078228	0.003278	0.015008	0.001791	0.009063	0.014512	0.003588	0.058945	
