-2.684226073324680328e-02 2.893297746777534485e-02 1.639790087938308716e-02
-5.185619741678237915e-02 6.041645631194114685e-02 7.852289825677871704e-02
-7.258895039558410645e-02 4.393129050731658936e-02 1.367055922746658325e-01
-5.170774459838867188e-02 -6.630073767155408859e-03 1.076585948467254639e-01
6.683002226054668427e-03 -4.972846806049346924e-02 -8.670866489410400391e-03
8.010488003492355347e-02 -7.137338072061538696e-02 -1.395247727632522583e-01
1.177952438592910767e-01 -2.439641579985618591e-02 -1.387866288423538208e-01
6.777288764715194702e-02 1.321322377771139145e-02 3.518553078174591064e-02
-3.502189740538597107e-02 5.801910161972045898e-02 2.265824228525161743e-01
-8.483064919710159302e-02 9.063626080751419067e-02 2.509388923645019531e-01
-5.378890037536621094e-02 1.092281416058540344e-01 1.554169505834579468e-01
3.560636192560195923e-02 6.296737492084503174e-02 -1.823260262608528137e-02
9.135148674249649048e-02 -5.174228549003601074e-02 -1.070487201213836670e-01
2.105393819510936737e-02 -1.469319015741348267e-01 -3.495278581976890564e-02
-6.889648735523223877e-02 -1.384378969669342041e-01 1.470612548291683197e-02
-8.286305516958236694e-02 -7.315649092197418213e-02 1.478860899806022644e-02
-5.698364228010177612e-02 -1.311774365603923798e-02 -8.918260037899017334e-02
-1.701252534985542297e-02 2.554628066718578339e-02 -1.942647099494934082e-01
-1.404623873531818390e-02 2.651833929121494293e-03 -1.945970356464385986e-01
-1.856922172009944916e-02 4.559570550918579102e-02 -1.476742625236511230e-01
6.740399450063705444e-02 5.470531061291694641e-02 -2.524220012128353119e-02
1.612694561481475830e-01 2.135953865945339203e-02 5.391494184732437134e-02
1.758038997650146484e-01 2.005252987146377563e-03 6.581360101699829102e-02
1.471950858831405640e-01 -6.263254582881927490e-02 4.432953521609306335e-02
1.349602043628692627e-01 -8.521965146064758301e-02 3.469982743263244629e-02
2.171025723218917847e-01 -1.262797862291336060e-01 4.553880915045738220e-02
2.852344214916229248e-01 -9.601479023694992065e-02 3.776872530579566956e-02
1.610608100891113281e-01 7.352157682180404663e-02 -3.050562692806124687e-03
-1.400394886732101440e-01 2.333206683397293091e-01 -9.600547701120376587e-02
-3.447634279727935791e-01 2.943880856037139893e-01 -1.404986530542373657e-01
-3.682135641574859619e-01 2.004386633634567261e-01 -1.935317367315292358e-01
-2.046879678964614868e-01 8.047533780336380005e-02 -1.572832465171813965e-01
-5.012796819210052490e-02 -2.307107858359813690e-02 2.485963888466358185e-02
4.015259910374879837e-03 -3.463688120245933533e-02 1.478504091501235962e-01
4.249038547277450562e-02 -1.142174378037452698e-01 1.530561298131942749e-01
-1.363174915313720703e-01 -3.819306194782257080e-01 8.550878614187240601e-03
-3.508949279785156250e-01 -5.363434553146362305e-01 -1.949537359178066254e-02
-4.469652175903320312e-01 -5.942318439483642578e-01 1.208027601242065430e-01
-3.766740262508392334e-01 -4.039774835109710693e-01 1.906489431858062744e-01
1.034855172038078308e-01 2.160421609878540039e-01 1.615653485059738159e-01
4.337528347969055176e-01 5.630809068679809570e-01 -2.040400868281722069e-03
4.403818845748901367e-01 6.116070151329040527e-01 -1.448157876729965210e-01
3.996769785881042480e-01 4.119453132152557373e-01 -8.930026739835739136e-02
2.939010858535766602e-01 1.854833215475082397e-01 1.968393102288246155e-03
1.750726699829101562e-01 1.950975060462951660e-01 1.267871446907520294e-02
2.941346960142254829e-03 2.748730480670928955e-01 1.074818521738052368e-01
-3.473404049873352051e-01 2.471760511398315430e-01 1.224035304039716721e-02
-3.785097002983093262e-01 -9.446094930171966553e-02 4.782189056277275085e-02
-1.993338316679000854e-01 -2.849283814430236816e-01 4.334102943539619446e-02
7.000942528247833252e-02 -3.299011886119842529e-01 3.037405014038085938e-02
2.569892108440399170e-01 -2.436517030000686646e-01 7.800728082656860352e-02
2.291768193244934082e-01 -8.309555053710937500e-02 5.549197271466255188e-02
1.383348107337951660e-01 -3.033852204680442810e-02 5.377885326743125916e-02
-1.512314192950725555e-02 -2.521272283047437668e-03 -1.583692617714405060e-02
-1.373342126607894897e-01 -1.746352412737905979e-03 -7.944058626890182495e-02
-1.761550456285476685e-01 -2.573178149759769440e-02 -1.237539649009704590e-01
-9.282261133193969727e-02 -5.378447100520133972e-02 -1.708723902702331543e-01
3.080512024462223053e-02 -5.036480724811553955e-02 -1.638422459363937378e-01
1.004269644618034363e-01 7.075994275510311127e-03 -2.636585757136344910e-02
1.326093822717666626e-01 9.819972515106201172e-02 9.995971620082855225e-02
9.757529944181442261e-02 1.415009796619415283e-01 1.547168493270874023e-01
5.039686709642410278e-02 9.665623307228088379e-02 4.319073632359504700e-02
-3.760613128542900085e-02 -5.175022035837173462e-02 -1.317064911127090454e-01
-8.345603942871093750e-02 -2.745004296302795410e-01 -1.047222986817359924e-01
7.061612606048583984e-02 -3.293715715408325195e-01 7.536678574979305267e-03
3.255453705787658691e-01 -2.942948043346405029e-01 1.536907106637954712e-01
4.003462195396423340e-01 -8.798047155141830444e-02 2.312216460704803467e-01
1.719810515642166138e-01 1.758794188499450684e-01 1.736821532249450684e-01
-2.606292665004730225e-01 2.476205527782440186e-01 5.073817074298858643e-02
-4.114142060279846191e-01 2.861201167106628418e-01 -1.611042171716690063e-01
-2.405869811773300171e-01 7.316489517688751221e-02 -3.003299832344055176e-01
4.548035189509391785e-02 -6.196474283933639526e-02 -2.470780462026596069e-01
9.215940535068511963e-02 -1.035989373922348022e-01 -2.800531499087810516e-02
-1.374247819185256958e-01 -1.119345892220735550e-02 1.650941818952560425e-01
-2.989835441112518311e-01 1.591386646032333374e-01 1.281695216894149780e-01
-2.892242372035980225e-01 7.835697382688522339e-02 4.567521438002586365e-02
-1.553679406642913818e-01 -3.669336065649986267e-02 -4.340207949280738831e-02
-6.613191217184066772e-02 -1.688067018985748291e-01 -1.350964140146970749e-02
-3.844540566205978394e-02 -1.205148473381996155e-01 7.473137974739074707e-02
-7.308036834001541138e-02 -4.332720115780830383e-02 6.375253200531005859e-02
-1.016000807285308838e-01 1.705592311918735504e-02 2.507970854640007019e-02
-1.054112538695335388e-01 -2.886100709438323975e-01 -8.901495486497879028e-02
-1.544288992881774902e-01 -4.948507845401763916e-01 -1.193333193659782410e-01
-2.207343429327011108e-01 -4.498461484909057617e-01 -9.549849480390548706e-02
5.533235520124435425e-02 -4.279606044292449951e-02 1.104059666395187378e-01
4.286470413208007812e-01 6.013019680976867676e-01 2.868959307670593262e-01
6.167937517166137695e-01 6.421537995338439941e-01 1.350967884063720703e-01
6.601544618606567383e-01 3.335048854351043701e-01 -3.433224186301231384e-02
2.329982966184616089e-01 -1.324040144681930542e-01 -2.796193957328796387e-01
-3.030515909194946289e-01 -3.438645899295806885e-01 -1.879037469625473022e-01
-5.083212852478027344e-01 -1.165881156921386719e-01 1.323121935129165649e-01
-4.236263930797576904e-01 1.097241714596748352e-01 2.523645162582397461e-01
-1.555846631526947021e-01 1.476594805717468262e-01 1.685266047716140747e-01
-4.624793678522109985e-02 1.306334286928176880e-01 -3.859761729836463928e-02
2.929279208183288574e-02 1.261946856975555420e-01 -1.154759079217910767e-01
1.375329792499542236e-01 1.559119671583175659e-01 -7.532741874456405640e-02
2.568970620632171631e-01 1.872859448194503784e-01 -8.413458615541458130e-02
1.973199397325515747e-01 2.119289338588714600e-01 -2.070878297090530396e-01
-8.355861529707908630e-03 1.718747019767761230e-01 -2.626145482063293457e-01
-1.902276128530502319e-01 1.967060565948486328e-02 -9.226088970899581909e-02
-1.794926077127456665e-01 -1.736007928848266602e-01 1.938743591308593750e-01
1.690462604165077209e-02 -2.850522398948669434e-01 3.929747343063354492e-01
8.980661630630493164e-02 -2.454986870288848877e-01 3.378247022628784180e-01
-4.723343253135681152e-02 -2.906371839344501495e-03 5.646409001201391220e-03
-1.126804724335670471e-01 1.270904392004013062e-01 -2.097476571798324585e-01
-1.751259267330169678e-01 6.449642032384872437e-02 -3.226018249988555908e-01
-1.467049270868301392e-01 -1.212554872035980225e-01 -2.361301630735397339e-01
-7.408913224935531616e-02 -2.213802486658096313e-01 -5.406812205910682678e-02
-1.062727198004722595e-01 -5.295949429273605347e-02 1.087480597198009491e-02
-6.676551420241594315e-03 1.565315574407577515e-01 7.799084484577178955e-02
4.731188341975212097e-02 1.906099617481231689e-01 -2.628116123378276825e-02
1.149035245180130005e-01 3.315929789096117020e-04 -1.549784466624259949e-02
1.307249963283538818e-01 -2.259082943201065063e-01 9.185684472322463989e-02
4.698586091399192810e-02 -2.642096579074859619e-01 1.999212652444839478e-01
-9.301672875881195068e-02 -1.890254020690917969e-01 2.105197012424468994e-01
-1.574826687574386597e-01 1.012986339628696442e-02 -2.739166840910911560e-02
-5.256355553865432739e-02 1.228341013193130493e-01 -1.635328531265258789e-01
3.865807130932807922e-02 1.278836727142333984e-01 -1.859850585460662842e-01
1.986712217330932617e-01 1.009997949004173279e-01 -4.302022606134414673e-02
1.996484249830245972e-01 1.061085890978574753e-02 1.186653822660446167e-01
1.740041226148605347e-01 9.227661415934562683e-03 1.419214904308319092e-01
1.372879147529602051e-01 5.520099774003028870e-03 1.939598172903060913e-01
-1.740490496158599854e-01 -8.912796527147293091e-02 1.424551159143447876e-01
-2.972954809665679932e-01 -1.221609786152839661e-01 3.530945628881454468e-02
-2.738118767738342285e-01 -1.163723468780517578e-01 -9.892014414072036743e-02
-3.698182525113224983e-03 4.013047553598880768e-03 -2.107695788145065308e-01
2.869364321231842041e-01 1.479667127132415771e-01 -1.226531043648719788e-01
1.813071817159652710e-01 1.433952301740646362e-01 -4.695415869355201721e-02
-2.601202577352523804e-02 1.020943894982337952e-01 4.257033113390207291e-03
-1.391011476516723633e-01 1.823985017836093903e-02 -3.082847595214843750e-02
-6.623569875955581665e-02 -1.939916163682937622e-01 -4.646329581737518311e-02
-2.353559248149394989e-02 -3.114463090896606445e-01 4.835404083132743835e-02
1.440886594355106354e-02 -3.458627462387084961e-01 4.594183713197708130e-02
8.320508152246475220e-02 -2.096913903951644897e-01 3.379671648144721985e-02
1.356907635927200317e-01 2.675451636314392090e-01 7.474783062934875488e-02
1.350403875112533569e-01 4.316761195659637451e-01 1.626260727643966675e-01
-1.194569095969200134e-01 3.955230414867401123e-01 2.448588460683822632e-01
-2.056347131729125977e-01 1.815485656261444092e-01 9.985796362161636353e-02
-4.832440614700317383e-02 -8.473158627748489380e-02 -2.055522501468658447e-01
9.086662530899047852e-02 -9.371936321258544922e-02 -3.555931150913238525e-01
1.226500570774078369e-01 -8.508418500423431396e-02 -3.011250197887420654e-01
2.477525360882282257e-02 -2.365209348499774933e-02 -1.780824512243270874e-01
-5.246273428201675415e-02 8.780141919851303101e-02 1.126010436564683914e-02
-2.381051192060112953e-03 1.168749853968620300e-01 4.607856739312410355e-03
3.719601035118103027e-02 1.003092974424362183e-01 -8.576859533786773682e-02
-1.519403979182243347e-02 6.777726113796234131e-02 3.108716942369937897e-02
-1.446829549968242645e-02 9.706954471766948700e-03 9.970801323652267456e-02
6.577003747224807739e-02 8.978311717510223389e-02 2.009745687246322632e-01
2.172510921955108643e-01 1.462770402431488037e-01 1.350831687450408936e-01
2.870808839797973633e-01 1.573204398155212402e-01 -2.648527361452579498e-02
2.681981027126312256e-01 8.583284914493560791e-02 -2.901802398264408112e-02
4.950370267033576965e-02 -2.179011851549148560e-01 1.628123968839645386e-01
-2.859329581260681152e-01 -3.087976574897766113e-01 2.158321142196655273e-01
-4.881061315536499023e-01 -2.966230809688568115e-01 6.076915189623832703e-02
-5.534451603889465332e-01 -1.044589951634407043e-01 -1.625481992959976196e-01
-4.131909012794494629e-01 2.641537189483642578e-01 -1.843449175357818604e-01
-8.023592829704284668e-02 2.368831783533096313e-01 -1.109368354082107544e-02
3.338025510311126709e-01 1.130151972174644470e-01 1.344754248857498169e-01
4.704076349735260010e-01 -1.061805337667465210e-01 3.152504190802574158e-02
4.146220982074737549e-01 -2.262462675571441650e-01 -9.267374873161315918e-02
2.644179165363311768e-01 -1.186733320355415344e-01 -1.557609736919403076e-01
1.057174243032932281e-02 -6.821656227111816406e-02 -6.138338893651962280e-02
-2.258954346179962158e-01 4.625792149454355240e-03 6.125321611762046814e-02
-2.994534075260162354e-01 3.904708847403526306e-02 9.842884540557861328e-02
-1.903551071882247925e-01 2.445484697818756104e-02 1.367412805557250977e-01
1.473267376422882080e-02 -3.569104149937629700e-02 9.388528019189834595e-02
1.993607878684997559e-01 -8.793973922729492188e-02 5.761175882071256638e-03
2.709415555000305176e-01 -9.498943388462066650e-02 3.368815407156944275e-02
2.587007284164428711e-01 -6.782515347003936768e-02 4.056320339441299438e-02
2.474781721830368042e-01 -5.007938668131828308e-02 6.195136159658432007e-02
1.213255599141120911e-01 -3.295921534299850464e-02 1.235149353742599487e-01
-1.204981803894042969e-01 2.691419608891010284e-02 -2.695016330108046532e-03
-2.679143249988555908e-01 3.110412135720252991e-02 6.561650894582271576e-03
-3.318715095520019531e-01 2.873177640140056610e-02 -9.790176525712013245e-03
-2.020631283521652222e-01 -4.327423870563507080e-02 -3.902044892311096191e-02
1.211775466799736023e-02 -7.867044955492019653e-02 9.070260822772979736e-02
-2.643306739628314972e-02 4.739628732204437256e-02 3.222976112738251686e-03
-5.546394363045692444e-02 1.926947385072708130e-01 -4.626285657286643982e-02
-1.262094378471374512e-01 2.121144533157348633e-01 -9.252419322729110718e-02
-1.306389421224594116e-01 8.028931170701980591e-02 -1.209176778793334961e-01
4.054364189505577087e-02 -9.355244785547256470e-02 -6.963217258453369141e-02
5.913085117936134338e-02 -1.631524860858917236e-01 -9.106995165348052979e-02
3.203397616744041443e-02 1.088194735348224640e-02 -6.943393498659133911e-02
2.648383192718029022e-02 1.278898566961288452e-01 1.785567961633205414e-02
-4.027424380183219910e-02 1.646619737148284912e-01 5.016474425792694092e-02
7.452867925167083740e-02 1.072201207280158997e-01 2.619037590920925140e-02
1.046838834881782532e-01 -9.225177764892578125e-02 -2.494640089571475983e-02
3.229568898677825928e-02 -9.628025442361831665e-02 -3.272935375571250916e-02
-7.274581003002822399e-04 -1.186890527606010437e-01 8.803816884756088257e-02
-6.332986801862716675e-02 -7.357273250818252563e-02 1.299539953470230103e-01
1.505735516548156738e-02 -7.382588461041450500e-03 3.583043813705444336e-02
4.843803122639656067e-02 4.224816709756851196e-02 -1.143284291028976440e-01
4.700212180614471436e-02 1.362194269895553589e-01 -1.665409505367279053e-01
8.874443918466567993e-02 1.342964619398117065e-01 -8.534674346446990967e-02
4.944315180182456970e-02 5.107783898711204529e-02 2.869408391416072845e-02
1.373587734997272491e-02 4.259538277983665466e-02 1.463721785694360733e-02
-1.586139015853404999e-02 1.467540115118026733e-01 -7.419268786907196045e-02
9.145469963550567627e-02 1.762752830982208252e-01 5.482011940330266953e-03
2.225031852722167969e-01 1.139360219240188599e-01 1.017790585756301880e-01
3.767507523298263550e-02 -1.292279213666915894e-01 1.824603080749511719e-01
-1.447193026542663574e-01 -2.186541408300399780e-01 1.506552100181579590e-01
-2.169859260320663452e-01 -8.913887292146682739e-02 -3.792070224881172180e-02
-4.179035872220993042e-02 2.338133938610553741e-02 -1.272043436765670776e-01
2.550734281539916992e-01 1.295516937971115112e-01 -1.939207613468170166e-01
2.561624646186828613e-01 9.773814678192138672e-02 -1.865973472595214844e-01
1.795085519552230835e-01 1.964680664241313934e-02 -9.450871497392654419e-02
