-5.129616260528564453e-01 -4.996162950992584229e-01 -4.308110773563385010e-01
-3.683705031871795654e-01 -4.393551647663116455e-01 -4.467443823814392090e-01
-2.550104856491088867e-01 -7.864466309547424316e-02 -2.826482951641082764e-01
2.320693135261535645e-01 3.769130706787109375e-01 -4.540074989199638367e-02
1.327700316905975342e-01 4.183329641819000244e-01 2.148722708225250244e-01
-9.424124658107757568e-02 3.059403896331787109e-01 2.212443202733993530e-01
-5.023329332470893860e-02 2.278656214475631714e-01 8.611099421977996826e-02
-2.097832262516021729e-01 2.335697561502456665e-01 -6.692341715097427368e-02
-1.671585440635681152e-01 1.621440201997756958e-01 -3.442466855049133301e-01
4.131673648953437805e-02 1.422826200723648071e-01 -2.998614609241485596e-01
1.115580201148986816e-01 1.139731630682945251e-01 -9.604885429143905640e-02
1.506127119064331055e-01 4.588101804256439209e-02 9.092412143945693970e-02
1.407096683979034424e-01 3.084575943648815155e-02 1.905954927206039429e-01
1.479160785675048828e-01 -7.225755602121353149e-02 2.219783514738082886e-01
1.616273224353790283e-01 -1.334517598152160645e-01 2.968901395797729492e-01
2.536830902099609375e-01 8.864615112543106079e-02 4.352912604808807373e-01
2.356221228837966919e-01 2.908627688884735107e-01 4.533393085002899170e-01
2.097724378108978271e-01 3.680316507816314697e-01 3.418918550014495850e-01
2.119705080986022949e-01 2.742496132850646973e-01 5.726853758096694946e-02
6.102285161614418030e-02 8.228563517332077026e-02 -1.570287793874740601e-01
-1.976666273549199104e-03 1.307616755366325378e-02 -6.665161252021789551e-02
-8.293949812650680542e-02 -8.070293813943862915e-03 8.364545553922653198e-02
-8.005477488040924072e-02 8.673229813575744629e-02 1.975467205047607422e-01
1.054311171174049377e-01 8.950165659189224243e-02 1.402378529310226440e-01
1.661810129880905151e-01 3.866461291909217834e-02 3.923099115490913391e-02
1.988211870193481445e-01 -7.993429899215698242e-02 -7.625470310449600220e-02
1.901600956916809082e-01 -1.562253683805465698e-01 -3.924266993999481201e-02
1.320226341485977173e-01 -1.410039514303207397e-01 7.485726475715637207e-02
1.674411892890930176e-01 -1.670355200767517090e-01 5.534272640943527222e-02
1.853368431329727173e-02 -2.980342805385589600e-01 1.301862485706806183e-02
3.846149146556854248e-02 -4.067794084548950195e-01 -2.085866779088973999e-01
4.391272738575935364e-02 -3.237645030021667480e-01 -2.388882786035537720e-01
-3.948133438825607300e-02 -2.667693495750427246e-01 -1.699513643980026245e-01
4.543619975447654724e-02 1.001127157360315323e-02 -1.222978755831718445e-01
-1.478220149874687195e-02 7.151680439710617065e-02 -1.588032096624374390e-01
-8.556733280420303345e-02 -3.712718188762664795e-02 -1.734722554683685303e-01
-5.361459683626890182e-03 -2.990724332630634308e-02 2.037435211241245270e-02
6.985504925251007080e-02 -5.642536282539367676e-02 1.015240997076034546e-01
1.525907367467880249e-01 1.289086937904357910e-01 1.644752472639083862e-01
8.014817535877227783e-02 2.330731004476547241e-01 2.567937970161437988e-02
-5.706993117928504944e-02 1.750253289937973022e-01 -3.535366430878639221e-02
2.306910976767539978e-02 5.605462566018104553e-02 -7.467287778854370117e-02
1.005323305726051331e-01 -9.413156658411026001e-02 -8.788030594587326050e-02
2.154026329517364502e-01 -1.689162552356719971e-01 -1.004637181758880615e-01
1.051417738199234009e-02 -1.487753689289093018e-01 -1.396848261356353760e-01
-2.159271836280822754e-01 -7.017491012811660767e-02 1.139584928750991821e-01
-3.311741650104522705e-01 -1.208445429801940918e-01 -8.553509414196014404e-02
-4.021489620208740234e-01 -2.583925426006317139e-01 -1.515706181526184082e-01
-4.234114587306976318e-01 -3.776265680789947510e-01 -1.035485640168190002e-01
-4.404911100864410400e-01 -3.871186077594757080e-01 -1.501167267560958862e-01
-3.802089989185333252e-01 -2.829388380050659180e-01 2.880898118019104004e-02
-2.939836978912353516e-01 -1.519255936145782471e-01 -1.382390707731246948e-01
-1.194011867046356201e-01 -1.201056465506553650e-01 -1.812026202678680420e-01
3.806474432349205017e-02 -1.395506411790847778e-01 -2.084826491773128510e-02
1.287524700164794922e-01 -1.170932650566101074e-01 1.052045226097106934e-01
1.020947918295860291e-01 -1.359452903270721436e-01 2.644631564617156982e-01
5.063119903206825256e-02 -1.229602992534637451e-01 2.846564948558807373e-01
-4.615246143657714128e-04 -8.781536668539047241e-02 2.411956191062927246e-01
-1.122378855943679810e-01 -2.338637039065361023e-02 2.812785208225250244e-01
-1.901209503412246704e-01 2.320189774036407471e-01 1.946934610605239868e-01
-2.552663683891296387e-01 4.542281329631805420e-01 1.905669122934341431e-01
-2.919239103794097900e-01 4.902108013629913330e-01 2.866043448448181152e-01
-2.056801617145538330e-01 4.302414357662200928e-01 2.403219193220138550e-01
-9.495197236537933350e-02 2.547712922096252441e-01 1.446742564439773560e-01
-3.303143428638577461e-03 1.284013837575912476e-01 -2.082051336765289307e-02
3.056230768561363220e-02 1.622831523418426514e-01 -1.739110201597213745e-01
3.592808498069643974e-03 1.766889244318008423e-01 -1.333893537521362305e-01
2.033848874270915985e-02 1.472336351871490479e-01 -2.185284197330474854e-01
7.540704309940338135e-02 2.597474865615367889e-02 -3.491918742656707764e-01
1.521422863006591797e-01 -1.623127423226833344e-02 -3.528889119625091553e-01
2.572078406810760498e-01 3.942366316914558411e-02 -3.173854649066925049e-01
3.324620425701141357e-01 1.882626861333847046e-01 -2.093697786331176758e-01
3.584918081760406494e-01 3.283517658710479736e-01 -1.706900000572204590e-01
3.196284770965576172e-01 2.811326682567596436e-01 -2.278605401515960693e-01
2.586973011493682861e-01 1.626065522432327271e-01 -1.887214928865432739e-01
2.399809062480926514e-01 8.009083569049835205e-02 -1.643989086151123047e-01
1.623569279909133911e-01 9.287832677364349365e-02 -1.882138997316360474e-01
1.971345022320747375e-02 1.441603153944015503e-01 -2.205740809440612793e-01
-1.833397597074508667e-01 1.433218419551849365e-01 -2.421770393848419189e-01
-3.053833842277526855e-01 -7.488875091075897217e-02 -1.315933763980865479e-01
-3.308153450489044189e-01 -3.332331776618957520e-01 -3.960560634732246399e-02
-2.200088798999786377e-01 -5.145976543426513672e-01 6.580230593681335449e-02
-2.215215936303138733e-02 -4.655898809432983398e-01 8.488557487726211548e-02
1.156349182128906250e-01 -2.758517563343048096e-01 -5.046156048774719238e-02
1.135156974196434021e-01 -1.633433252573013306e-01 -1.453989185392856598e-02
-1.037240866571664810e-02 -1.625352352857589722e-01 2.461091242730617523e-02
-2.326111495494842529e-01 -2.139591574668884277e-01 1.594514697790145874e-01
-1.147169172763824463e-01 -1.125450506806373596e-01 1.856021881103515625e-01
-5.733598954975605011e-03 5.756209418177604675e-02 9.593525528907775879e-02
-2.937688305974006653e-02 1.398272961378097534e-01 5.251941457390785217e-02
-4.833484441041946411e-02 6.547819823026657104e-02 9.504091739654541016e-02
-2.385630607604980469e-01 -4.484619945287704468e-02 2.420631945133209229e-01
-1.715937703847885132e-01 -6.742964684963226318e-02 2.312415391206741333e-01
-7.799074798822402954e-02 -6.980820000171661377e-02 1.244758516550064087e-01
-1.736317062750458717e-03 -3.854691609740257263e-02 -7.015591859817504883e-02
-1.959203975275158882e-03 -1.273084245622158051e-02 -1.584193706512451172e-01
1.985325850546360016e-02 -5.190919036976993084e-04 -2.068409025669097900e-01
1.714925840497016907e-02 4.883562400937080383e-02 -1.608638465404510498e-01
5.117308348417282104e-02 5.262369662523269653e-02 -1.140592247247695923e-01
5.314127728343009949e-02 2.531134150922298431e-02 -5.664850771427154541e-02
1.142313610762357712e-02 -3.895720292348414660e-04 1.836882531642913818e-02
-2.106063067913055420e-02 1.900876872241497040e-02 -4.935661330819129944e-02
-3.921572118997573853e-02 5.626952275633811951e-02 -1.055494025349617004e-01
-4.168505594134330750e-02 5.712137743830680847e-02 -1.061223447322845459e-01
-4.578234255313873291e-02 5.932607129216194153e-02 -7.758912444114685059e-02
-1.932712458074092865e-02 4.540028423070907593e-02 -4.572757706046104431e-02
-6.709491368383169174e-03 2.389817498624324799e-02 -2.934743277728557587e-02
2.054576389491558075e-02 6.964839063584804535e-03 -1.973664155229926109e-03
3.419762477278709412e-02 -1.746491529047489166e-02 4.395543411374092102e-02
4.656933620572090149e-02 -8.723225444555282593e-03 3.004336729645729065e-02
2.045441046357154846e-02 2.943396382033824921e-02 -2.078139223158359528e-02
1.593118533492088318e-02 3.942094743251800537e-02 -6.133001670241355896e-02
5.752109922468662262e-03 1.252824999392032623e-02 -6.300552189350128174e-02
1.330888830125331879e-02 4.100185260176658630e-02 -1.068028137087821960e-01
2.649589907377958298e-03 -2.206081808253657073e-05 -4.182151332497596741e-02
-5.776432156562805176e-02 1.546374801546335220e-02 -2.346381545066833496e-02
-7.961395382881164551e-02 4.813022911548614502e-02 -3.324082493782043457e-02
-7.986214011907577515e-02 1.420097541995346546e-03 2.817736193537712097e-02
-1.643837057054042816e-02 8.460532873868942261e-03 6.001055240631103516e-02
2.849771827459335327e-02 -5.761747807264328003e-02 1.714542955160140991e-01
1.509873196482658386e-02 -1.050484403967857361e-01 2.315800637006759644e-01
-4.260058328509330750e-02 -1.135694310069084167e-01 1.707766056060791016e-01
9.872429072856903076e-03 -5.829108133912086487e-02 8.448347449302673340e-02
1.353492289781570435e-01 1.041311621665954590e-01 1.614373475313186646e-01
1.846835315227508545e-01 1.181065067648887634e-01 2.002521753311157227e-01
4.591111466288566589e-02 1.155028417706489563e-01 3.009510934352874756e-01
-1.716842353343963623e-01 3.992908075451850891e-02 2.982926070690155029e-01
-2.514385282993316650e-01 -9.320437908172607422e-02 1.866630464792251587e-01
-1.854953467845916748e-01 -8.013522624969482422e-02 1.608952134847640991e-01
5.313226953148841858e-02 -3.432091325521469116e-02 3.158851340413093567e-02
3.740781545639038086e-01 -1.585403978824615479e-01 -2.244896255433559418e-02
5.850055217742919922e-01 -3.569257259368896484e-01 -7.703436166048049927e-02
5.879000425338745117e-01 -2.791118323802947998e-01 -1.684417277574539185e-01
4.773118197917938232e-01 -1.750944405794143677e-01 -2.131897956132888794e-01
1.288627535104751587e-01 1.162471473217010498e-01 -1.511117219924926758e-01
-1.459101587533950806e-01 2.283782809972763062e-01 2.661311591509729624e-04
-8.606874197721481323e-02 -1.442412473261356354e-02 1.125938743352890015e-01
8.919386193156242371e-03 -4.969261959195137024e-02 8.792946487665176392e-02
1.058645024895668030e-01 -1.207875609397888184e-01 2.089940709993243217e-03
8.679047226905822754e-02 -8.379088342189788818e-02 -1.027709320187568665e-01
8.321941643953323364e-02 -4.199557751417160034e-02 -1.229540854692459106e-01
5.860100686550140381e-02 -1.022483408451080322e-01 -8.493874967098236084e-02
-2.033759467303752899e-02 -7.522830367088317871e-02 -1.017426997423171997e-01
-7.613460719585418701e-02 -7.214388996362686157e-02 -8.217166364192962646e-02
-7.461190968751907349e-02 -3.499298542737960815e-02 -3.851051256060600281e-02
-1.267196796834468842e-02 -9.947844594717025757e-02 9.893598407506942749e-02
-1.103296130895614624e-02 -2.028593271970748901e-01 2.095882594585418701e-01
-2.260182648897171021e-01 4.411110654473304749e-02 2.692445218563079834e-01
-3.296065628528594971e-01 2.758528292179107666e-01 1.658659130334854126e-01
-2.892295122146606445e-01 3.908656239509582520e-01 6.709693372249603271e-02
-1.611354798078536987e-01 3.184910714626312256e-01 5.694168061017990112e-02
-4.953010007739067078e-03 1.044633910059928894e-01 -2.164223417639732361e-02
4.478082410059869289e-04 -4.373453557491302490e-02 2.746011130511760712e-02
2.885419875383377075e-02 -1.171328723430633545e-01 5.077186599373817444e-02
-3.922790754586458206e-03 -9.085945785045623779e-02 1.069483608007431030e-01
2.564718481153249741e-03 7.513344753533601761e-03 6.988713145256042480e-02
-5.831943452358245850e-02 5.938204377889633179e-02 5.570140480995178223e-02
-4.125228896737098694e-02 1.218280848115682602e-02 -3.647572547197341919e-02
-2.805340476334095001e-02 -2.534986706450581551e-03 -1.017775163054466248e-01
-1.788724213838577271e-02 1.044852007180452347e-02 -7.007747143507003784e-02
5.149377882480621338e-02 8.175636082887649536e-02 -1.880696117877960205e-01
3.254752606153488159e-02 1.529034525156021118e-01 -2.776549458503723145e-01
-1.370010618120431900e-02 2.577679753303527832e-01 -3.401921689510345459e-01
-1.314287632703781128e-01 3.135788440704345703e-01 -2.180010080337524414e-01
-7.848913222551345825e-02 3.066747784614562988e-01 -1.288975179195404053e-01
-6.487843394279479980e-02 1.540594100952148438e-01 -1.110833327402360737e-04
5.983801186084747314e-02 3.694606944918632507e-02 1.162853091955184937e-01
9.136654436588287354e-02 9.142021648585796356e-03 1.252159625291824341e-01
1.960697472095489502e-01 -1.166753321886062622e-01 2.031997591257095337e-01
2.597629427909851074e-01 -1.399441063404083252e-01 2.287412583827972412e-01
2.064053267240524292e-01 -1.653825044631958008e-01 2.709123790264129639e-01
2.905023992061614990e-01 -6.573992222547531128e-02 4.363660812377929688e-01
1.012879833579063416e-01 -1.782411127351224422e-03 3.771004378795623779e-01
8.150028996169567108e-03 -6.082568317651748657e-02 3.737214505672454834e-01
-1.995305866003036499e-01 -8.088696002960205078e-02 8.119053393602371216e-02
-3.667795658111572266e-01 -3.792596161365509033e-01 -3.086191415786743164e-01
-8.757296949625015259e-02 -5.366903543472290039e-01 -3.368544280529022217e-01
2.668601870536804199e-01 -5.543488860130310059e-01 -3.741157054901123047e-01
3.744468688964843750e-01 -3.714018166065216064e-01 -2.193107455968856812e-01
2.849802374839782715e-01 -6.947790086269378662e-02 -1.504447758197784424e-01
-1.677792891860008240e-02 2.349043451249599457e-02 -1.223331615328788757e-01
-1.698729097843170166e-01 -6.595987826585769653e-02 -3.156554326415061951e-02
-3.699206560850143433e-02 -2.116267830133438110e-01 1.028438881039619446e-01
4.445132985711097717e-02 -1.423016637563705444e-01 -1.066397782415151596e-02
8.798781782388687134e-02 -1.067621484398841858e-01 -2.045575380325317383e-01
7.789552956819534302e-02 -1.216683760285377502e-01 -2.520813941955566406e-01
5.569762736558914185e-02 -9.756076335906982422e-02 -1.910081803798675537e-01
-4.825790598988533020e-02 -1.235039681196212769e-01 7.845211774110794067e-02
-1.573790013790130615e-01 -2.884381078183650970e-02 3.381544947624206543e-01
-2.053731530904769897e-01 2.112474292516708374e-01 2.656019032001495361e-01
-3.559529036283493042e-02 4.765927791595458984e-01 2.098768055438995361e-01
-1.060850471258163452e-01 5.745849013328552246e-01 -3.535447176545858383e-03
-1.960271447896957397e-01 5.166348814964294434e-01 -8.921457082033157349e-02
-3.040014207363128662e-01 2.076237797737121582e-01 -8.576187491416931152e-02
-3.415489792823791504e-01 -7.198781520128250122e-02 -1.496873646974563599e-01
-1.520016342401504517e-01 -6.045910716056823730e-02 -1.777990534901618958e-02
-8.145940303802490234e-02 -1.617330871522426605e-02 -9.619441628456115723e-02
5.134844779968261719e-02 -7.246287912130355835e-02 -1.851892024278640747e-01
2.710716128349304199e-01 -1.883497536182403564e-01 -2.000243663787841797e-01
3.086642622947692871e-01 -7.651613652706146240e-02 -1.372627168893814087e-01
2.148216962814331055e-01 1.019032765179872513e-02 -1.856915056705474854e-01
2.019139006733894348e-02 1.566584408283233643e-02 -1.183759868144989014e-01
-7.995886355638504028e-02 -1.259466558694839478e-01 -1.087747588753700256e-01
-1.163824275135993958e-02 -1.351533830165863037e-01 4.253073129802942276e-03
5.997187644243240356e-02 -1.119726300239562988e-01 8.711436390876770020e-02
1.334649324417114258e-01 -1.909347921609878540e-01 2.994245104491710663e-02
1.027695685625076294e-01 -1.941115967929363251e-02 1.467104628682136536e-02
7.690205425024032593e-02 3.414915874600410461e-02 -3.380345553159713745e-02
-4.173549264669418335e-02 1.534464210271835327e-01 3.788983449339866638e-02
-1.108638569712638855e-01 1.733008474111557007e-01 -5.037382990121841431e-02
-1.148851662874221802e-01 9.178598225116729736e-02 9.527255780994892120e-03
-6.396985054016113281e-02 1.773256957530975342e-01 1.350626498460769653e-01
2.441772073507308960e-02 7.325560599565505981e-02 3.739453852176666260e-02
4.292854666709899902e-02 7.355240639299154282e-03 -2.373814396560192108e-02
-4.783128574490547180e-02 -7.910269498825073242e-02 -1.672482788562774658e-01
5.479512363672256470e-02 -1.261176615953445435e-01 -2.616384625434875488e-01
1.334651559591293335e-01 3.596925735473632812e-02 -5.041715130209922791e-02
1.021857485175132751e-01 8.321502804756164551e-02 1.191207990050315857e-01
4.320397973060607910e-02 1.714968234300613403e-01 2.350668311119079590e-01
-1.763719320297241211e-01 2.855961620807647705e-01 3.692339658737182617e-01
-1.414941065013408661e-02 2.013034820556640625e-01 1.537228971719741821e-01
1.229622215032577515e-01 4.858290031552314758e-02 7.792681455612182617e-02
2.065372020006179810e-01 6.990166008472442627e-02 5.983113497495651245e-02
1.728764772415161133e-01 2.806872315704822540e-02 -4.747151210904121399e-02
-2.093060873448848724e-02 1.027561798691749573e-01 1.469918433576822281e-02
-4.619545862078666687e-02 1.412343233823776245e-01 -5.894748494029045105e-02
