0	0	0	0	0	0	0	
0	0	0	188	0	0	0	
0	0	0	1	0	0	21	
95	0	0	0	0	0	0	
0	0	19	0	0	168	1	
0	0	16	0	0	0	0	
1	53	0	168	0	0	57	
1	530	0	0	0	0	0	
0	15	0	0	0	0	0	
0	15	0	0	0	0	0	
0	0	11	0	0	0	0	
0	0	0	0	0	0	0	
0	0	0	89	0	102	0	
0	0	2	0	0	55	0	
0	0	45	0	0	15	0	
28	0	0	0	0	0	2	
0	0	0	0	0	0	0	
0	0	120	0	0	0	0	
0	0	0	9	0	0	2	
75	0	0	0	0	0	95	
0	0	0	173	0	0	0	
0	0	72	0	0	0	0	
83	0	0	0	0	3	0	
0	0	0	0	0	177	0	
0	0	0	0	0	0	0	
120	0	0	46	0	0	0	
0	0	0	0	53	0	0	
0	12	0	0	0	0	0	
0	44	0	1	0	0	0	
0	0	0	0	0	0	0	
0	0	0	0	0	0	118	
0	0	0	36	0	0	0	
29	0	0	0	0	0	0	
0	0	0	0	0	0	0	
0	42	0	50	0	0	0	
0	0	0	0	20	0	0	
0	0	0	0	163	0	0	
0	0	0	0	0	50	0	
0	24	0	0	0	0	0	
0	0	0	0	131	0	9	
68	0	116	0	0	0	54	
85	0	0	0	0	1	0	
0	0	0	0	112	0	0	
0	0	0	1	177	34	0	
0	0	0	0	0	0	0	
0	133	0	0	0	0	0	
0	0	0	0	0	50	0	
0	0	0	0	0	1	139	
0	0	15	0	0	0	23	
0	210	26	0	0	0	0	
