0.000656	0.000968	0.000656	0.000656	0.000656	0.000656	0.000656	0.000656	0.000656	0.000656	0.000656	0.000656	0.000656	0.000942	0.000656	0.000656	0.000656	0.000656	0.000656	0.000656	0.000656	0.000656	0.000656	0.000656	0.000656	0.000656	0.000656	0.000656	0.000656	0.001128	0.000656	0.000656	0.001364	0.005841	0.000863	0.000656	0.000656	0.001689	0.002324	0.000656	0.000656	0.000656	0.000656	0.000656	0.000656	0.000656	0.000656	0.000656	0.000656	0.957977	
0.000641	0.002026	0.000641	0.000641	0.000641	0.000641	0.000641	0.000641	0.000641	0.000641	0.000641	0.000641	0.000641	0.000761	0.000641	0.000641	0.000641	0.000641	0.000641	0.000641	0.000641	0.000641	0.000641	0.000641	0.000641	0.000641	0.000641	0.000641	0.000641	0.002261	0.000641	0.000641	0.003072	0.002567	0.000952	0.000641	0.000641	0.002195	0.005888	0.000641	0.000641	0.000641	0.000641	0.000641	0.000641	0.000641	0.000641	0.000641	0.000641	0.954003	
0.000670	0.000983	0.000670	0.000670	0.000670	0.000670	0.000670	0.000670	0.000670	0.000670	0.000670	0.000670	0.000670	0.001107	0.000670	0.000670	0.000670	0.000670	0.000670	0.000670	0.000670	0.000670	0.000670	0.000670	0.000670	0.000670	0.000670	0.000670	0.000670	0.002129	0.000670	0.000670	0.002859	0.001128	0.000843	0.000670	0.000670	0.001536	0.004249	0.000670	0.000670	0.000670	0.000670	0.000670	0.000670	0.000670	0.000670	0.000670	0.000670	0.957707	
0.000630	0.000998	0.000630	0.000630	0.000630	0.000630	0.000630	0.000630	0.000630	0.000630	0.000630	0.000630	0.000630	0.000766	0.000630	0.000630	0.000630	0.000630	0.000630	0.000630	0.000630	0.000630	0.000630	0.000630	0.000630	0.000630	0.000630	0.000630	0.000630	0.001192	0.000630	0.000630	0.001473	0.001134	0.000769	0.000630	0.000630	0.001324	0.002400	0.000630	0.000630	0.000630	0.000630	0.000630	0.000630	0.000630	0.000630	0.000630	0.000630	0.964123	
0.000624	0.003246	0.000624	0.000624	0.000624	0.000624	0.000624	0.000624	0.000624	0.000624	0.000624	0.000624	0.000624	0.000742	0.000624	0.000624	0.000624	0.000624	0.000624	0.000624	0.000624	0.000624	0.000624	0.000624	0.000624	0.000624	0.000624	0.000624	0.000624	0.002092	0.000624	0.000624	0.002826	0.000891	0.002285	0.000624	0.000624	0.008931	0.009505	0.000624	0.000624	0.000624	0.000624	0.000624	0.000624	0.000624	0.000624	0.000624	0.000624	0.943891	
0.000631	0.001673	0.000631	0.000631	0.000631	0.000631	0.000631	0.000631	0.000631	0.000631	0.000631	0.000631	0.000631	0.000784	0.000631	0.000631	0.000631	0.000631	0.000631	0.000631	0.000631	0.000631	0.000631	0.000631	0.000631	0.000631	0.000631	0.000631	0.000631	0.001104	0.000631	0.000631	0.001340	0.000822	0.001009	0.000631	0.000631	0.002518	0.003373	0.000631	0.000631	0.000631	0.000631	0.000631	0.000631	0.000631	0.000631	0.000631	0.000631	0.961506	
0.000674	0.001126	0.000674	0.000674	0.000674	0.000674	0.000674	0.000674	0.000674	0.000674	0.000674	0.000674	0.000674	0.001609	0.000674	0.000674	0.000674	0.000674	0.000674	0.000674	0.000674	0.000674	0.000674	0.000674	0.000674	0.000674	0.000674	0.000674	0.000674	0.001079	0.000674	0.000674	0.001281	0.000974	0.003415	0.000674	0.000674	0.014378	0.007417	0.000674	0.000674	0.000674	0.000674	0.000674	0.000674	0.000674	0.000674	0.000674	0.000674	0.941074	
0.000650	0.003368	0.000650	0.000650	0.000650	0.000650	0.000650	0.000650	0.000650	0.000650	0.000650	0.000650	0.000650	0.001668	0.000650	0.000650	0.000650	0.000650	0.000650	0.000650	0.000650	0.000650	0.000650	0.000650	0.000650	0.000650	0.000650	0.000650	0.000650	0.000854	0.000650	0.000650	0.000956	0.003830	0.000873	0.000650	0.000650	0.001768	0.004223	0.000650	0.000650	0.000650	0.000650	0.000650	0.000650	0.000650	0.000650	0.000650	0.000650	0.955813	
0.000644	0.004517	0.000644	0.000644	0.000644	0.000644	0.000644	0.000644	0.000644	0.000644	0.000644	0.000644	0.000644	0.000951	0.000644	0.000644	0.000644	0.000644	0.000644	0.000644	0.000644	0.000644	0.000644	0.000644	0.000644	0.000644	0.000644	0.000644	0.000644	0.000874	0.000644	0.000644	0.000989	0.002811	0.001788	0.000644	0.000644	0.006363	0.007265	0.000644	0.000644	0.000644	0.000644	0.000644	0.000644	0.000644	0.000644	0.000644	0.000644	0.948034	
0.000637	0.004989	0.000637	0.000637	0.000637	0.000637	0.000637	0.000637	0.000637	0.000637	0.000637	0.000637	0.000637	0.003296	0.000637	0.000637	0.000637	0.000637	0.000637	0.000637	0.000637	0.000637	0.000637	0.000637	0.000637	0.000637	0.000637	0.000637	0.000637	0.001444	0.000637	0.000637	0.001847	0.000962	0.000797	0.000637	0.000637	0.001438	0.006923	0.000637	0.000637	0.000637	0.000637	0.000637	0.000637	0.000637	0.000637	0.000637	0.000637	0.952168	
0.000669	0.002692	0.000669	0.000669	0.000669	0.000669	0.000669	0.000669	0.000669	0.000669	0.000669	0.000669	0.000669	0.004407	0.000669	0.000669	0.000669	0.000669	0.000669	0.000669	0.000669	0.000669	0.000669	0.000669	0.000669	0.000669	0.000669	0.000669	0.000669	0.001069	0.000669	0.000669	0.001269	0.001507	0.000856	0.000669	0.000669	0.001606	0.003866	0.000669	0.000669	0.000669	0.000669	0.000669	0.000669	0.000669	0.000669	0.000669	0.000669	0.955294	
0.000627	0.005716	0.000627	0.000627	0.000627	0.000627	0.000627	0.000627	0.000627	0.000627	0.000627	0.000627	0.000627	0.001296	0.000627	0.000627	0.000627	0.000627	0.000627	0.000627	0.000627	0.000627	0.000627	0.000627	0.000627	0.000627	0.000627	0.000627	0.000627	0.000974	0.000627	0.000627	0.001147	0.000839	0.001119	0.000627	0.000627	0.003084	0.007392	0.000627	0.000627	0.000627	0.000627	0.000627	0.000627	0.000627	0.000627	0.000627	0.000627	0.952712	
0.000663	0.003482	0.000663	0.000663	0.000663	0.000663	0.000663	0.000663	0.000663	0.000663	0.000663	0.000663	0.000663	0.001593	0.000663	0.000663	0.000663	0.000663	0.000663	0.000663	0.000663	0.000663	0.000663	0.000663	0.000663	0.000663	0.000663	0.000663	0.000663	0.001059	0.000663	0.000663	0.001256	0.001858	0.000998	0.000663	0.000663	0.002337	0.004942	0.000663	0.000663	0.000663	0.000663	0.000663	0.000663	0.000663	0.000663	0.000663	0.000663	0.955281	
0.000636	0.004520	0.000636	0.000636	0.000636	0.000636	0.000636	0.000636	0.000636	0.000636	0.000636	0.000636	0.000636	0.000802	0.000636	0.000636	0.000636	0.000636	0.000636	0.000636	0.000636	0.000636	0.000636	0.000636	0.000636	0.000636	0.000636	0.000636	0.000636	0.002043	0.000636	0.000636	0.002747	0.000838	0.000923	0.000636	0.000636	0.002070	0.007909	0.000636	0.000636	0.000636	0.000636	0.000636	0.000636	0.000636	0.000636	0.000636	0.000636	0.952071	
0.000652	0.005017	0.000652	0.000652	0.000652	0.000652	0.000652	0.000652	0.000652	0.000652	0.000652	0.000652	0.000652	0.000819	0.000652	0.000652	0.000652	0.000652	0.000652	0.000652	0.000652	0.000652	0.000652	0.000652	0.000652	0.000652	0.000652	0.000652	0.000652	0.001186	0.000652	0.000652	0.001454	0.000918	0.000992	0.000652	0.000652	0.002353	0.006767	0.000652	0.000652	0.000652	0.000652	0.000652	0.000652	0.000652	0.000652	0.000652	0.000652	0.953773	
0.000508	0.000964	0.000508	0.000508	0.000508	0.000508	0.000508	0.000508	0.000508	0.000508	0.000508	0.000508	0.000508	0.000628	0.000508	0.000508	0.000508	0.000508	0.000508	0.000508	0.000508	0.000508	0.000508	0.000508	0.000508	0.000508	0.000508	0.000508	0.000508	0.008167	0.000508	0.000508	0.011996	0.000795	0.000734	0.000508	0.000508	0.001637	0.016733	0.000508	0.000508	0.000508	0.000508	0.000508	0.000508	0.000508	0.000508	0.000508	0.000508	0.937503	
0.000511	0.000993	0.000511	0.000511	0.000511	0.000511	0.000511	0.000511	0.000511	0.000511	0.000511	0.000511	0.000511	0.000681	0.000511	0.000511	0.000511	0.000511	0.000511	0.000511	0.000511	0.000511	0.000511	0.000511	0.000511	0.000511	0.000511	0.000511	0.000511	0.008043	0.000511	0.000511	0.011810	0.000812	0.000633	0.000511	0.000511	0.001121	0.016302	0.000511	0.000511	0.000511	0.000511	0.000511	0.000511	0.000511	0.000511	0.000511	0.000511	0.938655	
0.000531	0.000789	0.000531	0.000531	0.000531	0.000531	0.000531	0.000531	0.000531	0.000531	0.000531	0.000531	0.000531	0.001339	0.000531	0.000531	0.000531	0.000531	0.000531	0.000531	0.000531	0.000531	0.000531	0.000531	0.000531	0.000531	0.000531	0.000531	0.000531	0.007296	0.000531	0.000531	0.010678	0.000833	0.000791	0.000531	0.000531	0.001828	0.014836	0.000531	0.000531	0.000531	0.000531	0.000531	0.000531	0.000531	0.000531	0.000531	0.000531	0.939826	
0.000616	0.000845	0.000616	0.000616	0.000616	0.000616	0.000616	0.000616	0.000616	0.000616	0.000616	0.000616	0.000616	0.002621	0.000616	0.000616	0.000616	0.000616	0.000616	0.000616	0.000616	0.000616	0.000616	0.000616	0.000616	0.000616	0.000616	0.000616	0.000616	0.003190	0.000616	0.000616	0.004477	0.000917	0.000891	0.000616	0.000616	0.001992	0.006543	0.000616	0.000616	0.000616	0.000616	0.000616	0.000616	0.000616	0.000616	0.000616	0.000616	0.953260	
0.000646	0.003084	0.000646	0.000646	0.000646	0.000646	0.000646	0.000646	0.000646	0.000646	0.000646	0.000646	0.000646	0.002746	0.000646	0.000646	0.000646	0.000646	0.000646	0.000646	0.000646	0.000646	0.000646	0.000646	0.000646	0.000646	0.000646	0.000646	0.000646	0.002032	0.000646	0.000646	0.002725	0.000789	0.001822	0.000646	0.000646	0.006526	0.008208	0.000646	0.000646	0.000646	0.000646	0.000646	0.000646	0.000646	0.000646	0.000646	0.000646	0.945572	
0.000663	0.000979	0.000663	0.000663	0.000663	0.000663	0.000663	0.000663	0.000663	0.000663	0.000663	0.000663	0.000663	0.005349	0.000663	0.000663	0.000663	0.000663	0.000663	0.000663	0.000663	0.000663	0.000663	0.000663	0.000663	0.000663	0.000663	0.000663	0.000663	0.002066	0.000663	0.000663	0.002767	0.000824	0.000803	0.000663	0.000663	0.001364	0.004064	0.000663	0.000663	0.000663	0.000663	0.000663	0.000663	0.000663	0.000663	0.000663	0.000663	0.954587	
0.000704	0.001166	0.000704	0.000704	0.000704	0.000704	0.000704	0.000704	0.000704	0.000704	0.000704	0.000704	0.000704	0.000877	0.000704	0.000704	0.000704	0.000704	0.000704	0.000704	0.000704	0.000704	0.000704	0.000704	0.000704	0.000704	0.000704	0.000704	0.000704	0.000890	0.000704	0.000704	0.000983	0.000979	0.006490	0.000704	0.000704	0.029633	0.013110	0.000704	0.000704	0.000704	0.000704	0.000704	0.000704	0.000704	0.000704	0.000704	0.000704	0.917016	
0.000697	0.001012	0.000697	0.000697	0.000697	0.000697	0.000697	0.000697	0.000697	0.000697	0.000697	0.000697	0.000697	0.001708	0.000697	0.000697	0.000697	0.000697	0.000697	0.000697	0.000697	0.000697	0.000697	0.000697	0.000697	0.000697	0.000697	0.000697	0.000697	0.001195	0.000697	0.000697	0.001445	0.000889	0.004631	0.000697	0.000697	0.020369	0.009877	0.000697	0.000697	0.000697	0.000697	0.000697	0.000697	0.000697	0.000697	0.000697	0.000697	0.930306	
0.000676	0.000989	0.000676	0.000676	0.000676	0.000676	0.000676	0.000676	0.000676	0.000676	0.000676	0.000676	0.000676	0.001832	0.000676	0.000676	0.000676	0.000676	0.000676	0.000676	0.000676	0.000676	0.000676	0.000676	0.000676	0.000676	0.000676	0.000676	0.000676	0.001351	0.000676	0.000676	0.001689	0.002550	0.003515	0.000676	0.000676	0.014872	0.008018	0.000676	0.000676	0.000676	0.000676	0.000676	0.000676	0.000676	0.000676	0.000676	0.000676	0.937471	
