0	0	0	0	74	0	0	
0	0	0	0	0	0	0	
0	98	0	0	16	232	0	
0	62	0	0	0	0	0	
0	120	0	0	0	0	0	
0	0	0	0	0	0	0	
162	0	0	0	2	0	116	
0	0	0	29	0	13	0	
261	0	0	0	0	0	1	
0	0	0	0	0	0	0	
0	0	0	0	0	0	0	
0	71	0	0	0	0	0	
0	0	0	66	0	0	0	
1	0	0	0	247	0	0	
0	0	0	0	36	0	0	
0	0	0	0	0	0	0	
0	0	0	0	51	15	0	
15	0	0	0	0	0	0	
0	0	0	0	0	0	0	
0	0	0	0	0	0	0	
14	0	0	0	0	0	0	
0	0	0	0	0	0	168	
0	0	0	0	0	15	0	
0	0	0	0	0	14	0	
0	31	0	0	0	0	0	
0	0	0	0	0	0	0	
0	0	0	0	0	30	0	
196	0	0	66	0	0	0	
0	0	0	60	0	0	1	
0	0	0	0	0	15	0	
0	0	0	0	0	15	0	
0	0	0	124	0	97	0	
0	0	0	0	16	0	0	
0	0	53	0	0	0	0	
0	0	0	0	0	0	0	
0	30	0	0	0	0	0	
0	0	0	0	0	0	0	
0	0	41	0	0	0	0	
0	0	0	0	0	0	225	
0	45	0	0	0	0	0	
0	0	384	63	0	0	0	
89	0	321	151	2	0	362	
1	0	0	0	47	0	0	
0	117	0	0	0	0	1	
0	0	0	0	18	0	0	
0	0	0	0	0	0	0	
0	136	0	0	0	0	0	
0	0	0	0	0	0	0	
0	0	0	0	0	45	0	
0	0	0	31	0	0	0	
