0.541969	0.005054	0.021751	0.000735	0.023995	0.026836	0.056409	0.112747	0.025969	0.105660	0.009785	0.010380	0.042202	0.012838	0.003670	
0.513795	0.004146	0.043900	0.001497	0.024341	0.023023	0.050855	0.097632	0.034182	0.090840	0.012170	0.016880	0.046179	0.030373	0.010186	
0.503680	0.004265	0.033736	0.000741	0.026440	0.026935	0.057624	0.101722	0.049948	0.092899	0.007962	0.019908	0.046060	0.021359	0.006722	
0.491491	0.001283	0.055601	0.011484	0.005098	0.045778	0.121770	0.018058	0.090897	0.011305	0.067988	0.032784	0.008801	0.028138	0.009523	
0.421356	0.002398	0.070397	0.005194	0.018910	0.035285	0.082097	0.045087	0.106439	0.036760	0.030487	0.038582	0.032522	0.055864	0.018621	
0.476883	0.001536	0.064714	0.010613	0.006630	0.043369	0.113082	0.018254	0.091613	0.013392	0.062777	0.033816	0.011380	0.038864	0.013077	
0.348034	0.002432	0.039986	0.004441	0.025510	0.063329	0.147142	0.019351	0.212545	0.011939	0.025828	0.068341	0.010416	0.016325	0.004383	
0.432069	0.005302	0.065085	0.000667	0.024114	0.026615	0.055618	0.076409	0.071439	0.074436	0.006709	0.027230	0.035376	0.073057	0.025874	
0.315150	0.004940	0.128343	0.002453	0.014811	0.030827	0.039254	0.031507	0.121345	0.035773	0.016247	0.036135	0.029086	0.147227	0.046901	
0.291604	0.001451	0.132143	0.001546	0.022825	0.056050	0.051255	0.017035	0.215551	0.026270	0.012179	0.059742	0.042404	0.065066	0.004877	
0.251411	0.002452	0.144863	0.000911	0.021417	0.053636	0.043876	0.012796	0.220494	0.022856	0.008318	0.059593	0.039186	0.100092	0.018098	
0.325017	0.001073	0.154634	0.002698	0.019757	0.049082	0.034481	0.009737	0.181541	0.026702	0.019132	0.053701	0.044064	0.071963	0.006418	
0.491531	0.002882	0.121412	0.000969	0.032025	0.016332	0.031200	0.047540	0.038355	0.071419	0.007041	0.038598	0.046758	0.042176	0.011763	
0.414330	0.002458	0.165122	0.001188	0.030507	0.018790	0.021225	0.016948	0.076396	0.048194	0.007302	0.050106	0.045029	0.080404	0.022002	
0.437536	0.001255	0.154868	0.001395	0.033763	0.025101	0.032840	0.015919	0.090831	0.047978	0.008600	0.056088	0.047772	0.040241	0.005811	
0.510760	0.001651	0.028257	0.000749	0.029580	0.009743	0.021013	0.136981	0.026574	0.102289	0.004374	0.011294	0.085781	0.023202	0.007753	
0.514903	0.001098	0.052866	0.000996	0.031211	0.010250	0.018504	0.117298	0.028583	0.095138	0.005710	0.018440	0.083247	0.017717	0.004038	
0.470493	0.001315	0.024959	0.000649	0.031334	0.018057	0.037555	0.126422	0.067787	0.089884	0.003127	0.022157	0.081983	0.018751	0.005526	
0.382790	0.003958	0.079367	0.002657	0.017717	0.017640	0.034715	0.078909	0.073646	0.057941	0.015404	0.021575	0.051098	0.119811	0.042772	
0.214341	0.007636	0.136198	0.001010	0.013219	0.017921	0.031131	0.034701	0.121907	0.027563	0.005096	0.034382	0.023877	0.242106	0.088913	
0.305225	0.005711	0.117173	0.003355	0.013296	0.024199	0.051256	0.031923	0.106662	0.028417	0.019462	0.034514	0.022790	0.173155	0.062862	
0.341092	0.003476	0.080913	0.003518	0.024048	0.046371	0.106699	0.018139	0.166902	0.019495	0.020209	0.059437	0.016238	0.069406	0.024056	
0.381887	0.002714	0.106726	0.000966	0.035550	0.035521	0.080924	0.020283	0.138062	0.037015	0.004727	0.065457	0.031432	0.044553	0.014182	
0.253725	0.005912	0.091659	0.001054	0.023221	0.042019	0.091824	0.023885	0.181874	0.021319	0.005789	0.057559	0.013257	0.136864	0.050040	
