0.000508	0.000849	0.000508	0.000508	0.000508	0.000508	0.000508	0.000508	0.000508	0.000508	0.000508	0.000508	0.000508	0.000697	0.000508	0.000508	0.000508	0.000508	0.000508	0.000508	0.000508	0.000508	0.000508	0.000508	0.000508	0.000508	0.000508	0.000508	0.000508	0.001474	0.000508	0.000508	0.001350	0.000991	0.000699	0.000508	0.000508	0.001365	0.005812	0.000508	0.000508	0.000508	0.000508	0.000508	0.000508	0.000508	0.000508	0.000508	0.000508	0.965942	
0.000593	0.001935	0.000593	0.000593	0.000593	0.000593	0.000593	0.000593	0.000593	0.000593	0.000593	0.000593	0.000593	0.000754	0.000593	0.000593	0.000593	0.000593	0.000593	0.000593	0.000593	0.000593	0.000593	0.000593	0.000593	0.000593	0.000593	0.000593	0.000593	0.000860	0.000593	0.000593	0.002081	0.000727	0.001843	0.000593	0.000593	0.001331	0.007537	0.000593	0.000593	0.000593	0.000593	0.000593	0.000593	0.000593	0.000593	0.000593	0.000593	0.958610	
0.000573	0.001495	0.000573	0.000573	0.000573	0.000573	0.000573	0.000573	0.000573	0.000573	0.000573	0.000573	0.000573	0.000808	0.000573	0.000573	0.000573	0.000573	0.000573	0.000573	0.000573	0.000573	0.000573	0.000573	0.000573	0.000573	0.000573	0.000573	0.000573	0.004167	0.000573	0.000573	0.003256	0.002370	0.000747	0.000573	0.000573	0.001928	0.008650	0.000573	0.000573	0.000573	0.000573	0.000573	0.000573	0.000573	0.000573	0.000573	0.000573	0.953067	
0.000689	0.001016	0.000689	0.000689	0.000689	0.000689	0.000689	0.000689	0.000689	0.000689	0.000689	0.000689	0.000689	0.001050	0.000689	0.000689	0.000689	0.000689	0.000689	0.000689	0.000689	0.000689	0.000689	0.000689	0.000689	0.000689	0.000689	0.000689	0.000689	0.001129	0.000689	0.000689	0.001463	0.000909	0.000917	0.000689	0.000689	0.001362	0.002680	0.000689	0.000689	0.000689	0.000689	0.000689	0.000689	0.000689	0.000689	0.000689	0.000689	0.961243	
0.000641	0.004342	0.000641	0.000641	0.000641	0.000641	0.000641	0.000641	0.000641	0.000641	0.000641	0.000641	0.000641	0.000813	0.000641	0.000641	0.000641	0.000641	0.000641	0.000641	0.000641	0.000641	0.000641	0.000641	0.000641	0.000641	0.000641	0.000641	0.000641	0.001190	0.000641	0.000641	0.002235	0.000915	0.002183	0.000641	0.000641	0.013405	0.005182	0.000641	0.000641	0.000641	0.000641	0.000641	0.000641	0.000641	0.000641	0.000641	0.000641	0.943457	
0.000734	0.003500	0.000734	0.000734	0.000734	0.000734	0.000734	0.000734	0.000734	0.000734	0.000734	0.000734	0.000734	0.000952	0.000734	0.000734	0.000734	0.000734	0.000734	0.000734	0.000734	0.000734	0.000734	0.000734	0.000734	0.000734	0.000734	0.000734	0.000734	0.001936	0.000734	0.000734	0.003747	0.001335	0.001133	0.000734	0.000734	0.003597	0.009097	0.000734	0.000734	0.000734	0.000734	0.000734	0.000734	0.000734	0.000734	0.000734	0.000734	0.944610	
0.000547	0.004720	0.000547	0.000547	0.000547	0.000547	0.000547	0.000547	0.000547	0.000547	0.000547	0.000547	0.000547	0.000893	0.000547	0.000547	0.000547	0.000547	0.000547	0.000547	0.000547	0.000547	0.000547	0.000547	0.000547	0.000547	0.000547	0.000547	0.000547	0.001044	0.000547	0.000547	0.001405	0.000796	0.000794	0.000547	0.000547	0.020095	0.002711	0.000547	0.000547	0.000547	0.000547	0.000547	0.000547	0.000547	0.000547	0.000547	0.000547	0.945115	
0.000832	0.004593	0.000832	0.000832	0.000832	0.000832	0.000832	0.000832	0.000832	0.000832	0.000832	0.000832	0.000832	0.001162	0.000832	0.000832	0.000832	0.000832	0.000832	0.000832	0.000832	0.000832	0.000832	0.000832	0.000832	0.000832	0.000832	0.000832	0.000832	0.001183	0.000832	0.000832	0.004964	0.001008	0.004551	0.000832	0.000832	0.001501	0.012876	0.000832	0.000832	0.000832	0.000832	0.000832	0.000832	0.000832	0.000832	0.000832	0.000832	0.934039	
0.000654	0.001406	0.000654	0.000654	0.000654	0.000654	0.000654	0.000654	0.000654	0.000654	0.000654	0.000654	0.000654	0.003092	0.000654	0.000654	0.000654	0.000654	0.000654	0.000654	0.000654	0.000654	0.000654	0.000654	0.000654	0.000654	0.000654	0.000654	0.000654	0.001128	0.000654	0.000654	0.003835	0.000891	0.002707	0.000654	0.000654	0.001883	0.008189	0.000654	0.000654	0.000654	0.000654	0.000654	0.000654	0.000654	0.000654	0.000654	0.000654	0.950053	
0.000628	0.001595	0.000628	0.000628	0.000628	0.000628	0.000628	0.000628	0.000628	0.000628	0.000628	0.000628	0.000628	0.003808	0.000628	0.000628	0.000628	0.000628	0.000628	0.000628	0.000628	0.000628	0.000628	0.000628	0.000628	0.000628	0.000628	0.000628	0.000628	0.001470	0.000628	0.000628	0.004647	0.001049	0.001018	0.000628	0.000628	0.003374	0.009365	0.000628	0.000628	0.000628	0.000628	0.000628	0.000628	0.000628	0.000628	0.000628	0.000628	0.947929	
0.000617	0.001105	0.000617	0.000617	0.000617	0.000617	0.000617	0.000617	0.000617	0.000617	0.000617	0.000617	0.000617	0.005575	0.000617	0.000617	0.000617	0.000617	0.000617	0.000617	0.000617	0.000617	0.000617	0.000617	0.000617	0.000617	0.000617	0.000617	0.000617	0.000936	0.000617	0.000617	0.005995	0.000776	0.000823	0.000617	0.000617	0.001758	0.011752	0.000617	0.000617	0.000617	0.000617	0.000617	0.000617	0.000617	0.000617	0.000617	0.000617	0.945998	
0.000736	0.001481	0.000736	0.000736	0.000736	0.000736	0.000736	0.000736	0.000736	0.000736	0.000736	0.000736	0.000736	0.001879	0.000736	0.000736	0.000736	0.000736	0.000736	0.000736	0.000736	0.000736	0.000736	0.000736	0.000736	0.000736	0.000736	0.000736	0.000736	0.001040	0.000736	0.000736	0.002450	0.000888	0.005725	0.000736	0.000736	0.002366	0.004663	0.000736	0.000736	0.000736	0.000736	0.000736	0.000736	0.000736	0.000736	0.000736	0.000736	0.949352	
0.000566	0.001397	0.000566	0.000566	0.000566	0.000566	0.000566	0.000566	0.000566	0.000566	0.000566	0.000566	0.000566	0.002331	0.000566	0.000566	0.000566	0.000566	0.000566	0.000566	0.000566	0.000566	0.000566	0.000566	0.000566	0.000566	0.000566	0.000566	0.000566	0.001392	0.000566	0.000566	0.003256	0.000979	0.000880	0.000566	0.000566	0.002165	0.008494	0.000566	0.000566	0.000566	0.000566	0.000566	0.000566	0.000566	0.000566	0.000566	0.000566	0.955910	
0.000592	0.001468	0.000592	0.000592	0.000592	0.000592	0.000592	0.000592	0.000592	0.000592	0.000592	0.000592	0.000592	0.002287	0.000592	0.000592	0.000592	0.000592	0.000592	0.000592	0.000592	0.000592	0.000592	0.000592	0.000592	0.000592	0.000592	0.000592	0.000592	0.000999	0.000592	0.000592	0.003245	0.000795	0.001414	0.000592	0.000592	0.001199	0.008669	0.000592	0.000592	0.000592	0.000592	0.000592	0.000592	0.000592	0.000592	0.000592	0.000592	0.955670	
0.000621	0.001552	0.000621	0.000621	0.000621	0.000621	0.000621	0.000621	0.000621	0.000621	0.000621	0.000621	0.000621	0.001487	0.000621	0.000621	0.000621	0.000621	0.000621	0.000621	0.000621	0.000621	0.000621	0.000621	0.000621	0.000621	0.000621	0.000621	0.000621	0.001026	0.000621	0.000621	0.002464	0.000823	0.002608	0.000621	0.000621	0.001404	0.007035	0.000621	0.000621	0.000621	0.000621	0.000621	0.000621	0.000621	0.000621	0.000621	0.000621	0.956150	
0.000622	0.001097	0.000622	0.000622	0.000622	0.000622	0.000622	0.000622	0.000622	0.000622	0.000622	0.000622	0.000622	0.000769	0.000622	0.000622	0.000622	0.000622	0.000622	0.000622	0.000622	0.000622	0.000622	0.000622	0.000622	0.000622	0.000622	0.000622	0.000622	0.010026	0.000622	0.000622	0.005737	0.005324	0.000890	0.000622	0.000622	0.001666	0.011370	0.000622	0.000622	0.000622	0.000622	0.000622	0.000622	0.000622	0.000622	0.000622	0.000622	0.937628	
0.000654	0.001669	0.000654	0.000654	0.000654	0.000654	0.000654	0.000654	0.000654	0.000654	0.000654	0.000654	0.000654	0.000845	0.000654	0.000654	0.000654	0.000654	0.000654	0.000654	0.000654	0.000654	0.000654	0.000654	0.000654	0.000654	0.000654	0.000654	0.000654	0.009662	0.000654	0.000654	0.006240	0.005158	0.001095	0.000654	0.000654	0.001275	0.012849	0.000654	0.000654	0.000654	0.000654	0.000654	0.000654	0.000654	0.000654	0.000654	0.000654	0.934390	
0.000615	0.001432	0.000615	0.000615	0.000615	0.000615	0.000615	0.000615	0.000615	0.000615	0.000615	0.000615	0.000615	0.000863	0.000615	0.000615	0.000615	0.000615	0.000615	0.000615	0.000615	0.000615	0.000615	0.000615	0.000615	0.000615	0.000615	0.000615	0.000615	0.009161	0.000615	0.000615	0.005451	0.004888	0.000883	0.000615	0.000615	0.003126	0.010887	0.000615	0.000615	0.000615	0.000615	0.000615	0.000615	0.000615	0.000615	0.000615	0.000615	0.938096	
0.000643	0.001199	0.000643	0.000643	0.000643	0.000643	0.000643	0.000643	0.000643	0.000643	0.000643	0.000643	0.000643	0.001482	0.000643	0.000643	0.000643	0.000643	0.000643	0.000643	0.000643	0.000643	0.000643	0.000643	0.000643	0.000643	0.000643	0.000643	0.000643	0.007191	0.000643	0.000643	0.005141	0.003917	0.001761	0.000643	0.000643	0.001502	0.010328	0.000643	0.000643	0.000643	0.000643	0.000643	0.000643	0.000643	0.000643	0.000643	0.000643	0.941102	
0.000614	0.004186	0.000614	0.000614	0.000614	0.000614	0.000614	0.000614	0.000614	0.000614	0.000614	0.000614	0.000614	0.000789	0.000614	0.000614	0.000614	0.000614	0.000614	0.000614	0.000614	0.000614	0.000614	0.000614	0.000614	0.000614	0.000614	0.000614	0.000614	0.002487	0.000614	0.000614	0.003134	0.001551	0.000767	0.000614	0.000614	0.011434	0.007716	0.000614	0.000614	0.000614	0.000614	0.000614	0.000614	0.000614	0.000614	0.000614	0.000614	0.942777	
0.000729	0.004402	0.000729	0.000729	0.000729	0.000729	0.000729	0.000729	0.000729	0.000729	0.000729	0.000729	0.000729	0.001148	0.000729	0.000729	0.000729	0.000729	0.000729	0.000729	0.000729	0.000729	0.000729	0.000729	0.000729	0.000729	0.000729	0.000729	0.000729	0.002972	0.000729	0.000729	0.005022	0.001851	0.001541	0.000729	0.000729	0.005332	0.012208	0.000729	0.000729	0.000729	0.000729	0.000729	0.000729	0.000729	0.000729	0.000729	0.000729	0.935614	
0.000584	0.004301	0.000584	0.000584	0.000584	0.000584	0.000584	0.000584	0.000584	0.000584	0.000584	0.000584	0.000584	0.000823	0.000584	0.000584	0.000584	0.000584	0.000584	0.000584	0.000584	0.000584	0.000584	0.000584	0.000584	0.000584	0.000584	0.000584	0.000584	0.001396	0.000584	0.000584	0.001671	0.000990	0.001284	0.000584	0.000584	0.016957	0.003336	0.000584	0.000584	0.000584	0.000584	0.000584	0.000584	0.000584	0.000584	0.000584	0.000584	0.945302	
0.000693	0.006187	0.000693	0.000693	0.000693	0.000693	0.000693	0.000693	0.000693	0.000693	0.000693	0.000693	0.000693	0.000928	0.000693	0.000693	0.000693	0.000693	0.000693	0.000693	0.000693	0.000693	0.000693	0.000693	0.000693	0.000693	0.000693	0.000693	0.000693	0.001727	0.000693	0.000693	0.004710	0.001210	0.000905	0.000693	0.000693	0.011836	0.012245	0.000693	0.000693	0.000693	0.000693	0.000693	0.000693	0.000693	0.000693	0.000693	0.000693	0.931822	
0.000636	0.002471	0.000636	0.000636	0.000636	0.000636	0.000636	0.000636	0.000636	0.000636	0.000636	0.000636	0.000636	0.001318	0.000636	0.000636	0.000636	0.000636	0.000636	0.000636	0.000636	0.000636	0.000636	0.000636	0.000636	0.000636	0.000636	0.000636	0.000636	0.001958	0.000636	0.000636	0.002412	0.001297	0.000809	0.000636	0.000636	0.007646	0.004819	0.000636	0.000636	0.000636	0.000636	0.000636	0.000636	0.000636	0.000636	0.000636	0.000636	0.951189	
