0.000651	0.010216	0.000651	0.000651	0.000651	0.000651	0.000651	0.000651	0.000651	0.000651	0.000651	0.000651	0.000651	0.000765	0.000651	0.000651	0.000651	0.000651	0.000651	0.000651	0.000651	0.000651	0.000651	0.000651	0.000651	0.000651	0.000651	0.000651	0.000651	0.000963	0.000651	0.000651	0.005746	0.000955	0.001241	0.000651	0.000651	0.002213	0.006536	0.000651	0.000651	0.000651	0.000651	0.000651	0.000651	0.000651	0.000651	0.000651	0.000651	0.944672	
0.000634	0.003288	0.000634	0.000634	0.000634	0.000634	0.000634	0.000634	0.000634	0.000634	0.000634	0.000634	0.000634	0.000857	0.000634	0.000634	0.000634	0.000634	0.000634	0.000634	0.000634	0.000634	0.000634	0.000634	0.000634	0.000634	0.000634	0.000634	0.000634	0.001204	0.000634	0.000634	0.002531	0.001288	0.003152	0.000634	0.000634	0.003977	0.004212	0.000634	0.000634	0.000634	0.000634	0.000634	0.000634	0.000634	0.000634	0.000634	0.000634	0.953480	
0.000641	0.006905	0.000641	0.000641	0.000641	0.000641	0.000641	0.000641	0.000641	0.000641	0.000641	0.000641	0.000641	0.001065	0.000641	0.000641	0.000641	0.000641	0.000641	0.000641	0.000641	0.000641	0.000641	0.000641	0.000641	0.000641	0.000641	0.000641	0.000641	0.001105	0.000641	0.000641	0.004237	0.000763	0.002685	0.000641	0.000641	0.001600	0.005797	0.000641	0.000641	0.000641	0.000641	0.000641	0.000641	0.000641	0.000641	0.000641	0.000641	0.949560	
0.000586	0.000938	0.000586	0.000586	0.000586	0.000586	0.000586	0.000586	0.000586	0.000586	0.000586	0.000586	0.000586	0.000848	0.000586	0.000586	0.000586	0.000586	0.000586	0.000586	0.000586	0.000586	0.000586	0.000586	0.000586	0.000586	0.000586	0.000586	0.000586	0.001775	0.000586	0.000586	0.001951	0.000843	0.000843	0.000586	0.000586	0.012518	0.005056	0.000586	0.000586	0.000586	0.000586	0.000586	0.000586	0.000586	0.000586	0.000586	0.000586	0.951215	
0.000656	0.001285	0.000656	0.000656	0.000656	0.000656	0.000656	0.000656	0.000656	0.000656	0.000656	0.000656	0.000656	0.000866	0.000656	0.000656	0.000656	0.000656	0.000656	0.000656	0.000656	0.000656	0.000656	0.000656	0.000656	0.000656	0.000656	0.000656	0.000656	0.002850	0.000656	0.000656	0.003164	0.000954	0.001399	0.000656	0.000656	0.007797	0.007959	0.000656	0.000656	0.000656	0.000656	0.000656	0.000656	0.000656	0.000656	0.000656	0.000656	0.946848	
0.000631	0.001427	0.000631	0.000631	0.000631	0.000631	0.000631	0.000631	0.000631	0.000631	0.000631	0.000631	0.000631	0.000857	0.000631	0.000631	0.000631	0.000631	0.000631	0.000631	0.000631	0.000631	0.000631	0.000631	0.000631	0.000631	0.000631	0.000631	0.000631	0.002818	0.000631	0.000631	0.003216	0.001129	0.002167	0.000631	0.000631	0.007238	0.006881	0.000631	0.000631	0.000631	0.000631	0.000631	0.000631	0.000631	0.000631	0.000631	0.000631	0.948411	
0.000583	0.001789	0.000583	0.000583	0.000583	0.000583	0.000583	0.000583	0.000583	0.000583	0.000583	0.000583	0.000583	0.000833	0.000583	0.000583	0.000583	0.000583	0.000583	0.000583	0.000583	0.000583	0.000583	0.000583	0.000583	0.000583	0.000583	0.000583	0.000583	0.002383	0.000583	0.000583	0.002986	0.001110	0.001005	0.000583	0.000583	0.011402	0.005841	0.000583	0.000583	0.000583	0.000583	0.000583	0.000583	0.000583	0.000583	0.000583	0.000583	0.948749	
0.000588	0.001475	0.000588	0.000588	0.000588	0.000588	0.000588	0.000588	0.000588	0.000588	0.000588	0.000588	0.000588	0.003355	0.000588	0.000588	0.000588	0.000588	0.000588	0.000588	0.000588	0.000588	0.000588	0.000588	0.000588	0.000588	0.000588	0.000588	0.000588	0.002193	0.000588	0.000588	0.002637	0.000844	0.001623	0.000588	0.000588	0.002139	0.010024	0.000588	0.000588	0.000588	0.000588	0.000588	0.000588	0.000588	0.000588	0.000588	0.000588	0.951616	
0.000571	0.001495	0.000571	0.000571	0.000571	0.000571	0.000571	0.000571	0.000571	0.000571	0.000571	0.000571	0.000571	0.003700	0.000571	0.000571	0.000571	0.000571	0.000571	0.000571	0.000571	0.000571	0.000571	0.000571	0.000571	0.000571	0.000571	0.000571	0.000571	0.002299	0.000571	0.000571	0.002761	0.000814	0.000709	0.000571	0.000571	0.003410	0.010975	0.000571	0.000571	0.000571	0.000571	0.000571	0.000571	0.000571	0.000571	0.000571	0.000571	0.950417	
0.000588	0.002936	0.000588	0.000588	0.000588	0.000588	0.000588	0.000588	0.000588	0.000588	0.000588	0.000588	0.000588	0.003252	0.000588	0.000588	0.000588	0.000588	0.000588	0.000588	0.000588	0.000588	0.000588	0.000588	0.000588	0.000588	0.000588	0.000588	0.000588	0.001223	0.000588	0.000588	0.002396	0.000822	0.000868	0.000588	0.000588	0.002965	0.009033	0.000588	0.000588	0.000588	0.000588	0.000588	0.000588	0.000588	0.000588	0.000588	0.000588	0.952397	
0.000584	0.002723	0.000584	0.000584	0.000584	0.000584	0.000584	0.000584	0.000584	0.000584	0.000584	0.000584	0.000584	0.002906	0.000584	0.000584	0.000584	0.000584	0.000584	0.000584	0.000584	0.000584	0.000584	0.000584	0.000584	0.000584	0.000584	0.000584	0.000584	0.001538	0.000584	0.000584	0.002607	0.000989	0.001108	0.000584	0.000584	0.003789	0.008552	0.000584	0.000584	0.000584	0.000584	0.000584	0.000584	0.000584	0.000584	0.000584	0.000584	0.951830	
0.000727	0.001054	0.000727	0.000727	0.000727	0.000727	0.000727	0.000727	0.000727	0.000727	0.000727	0.000727	0.000727	0.001973	0.000727	0.000727	0.000727	0.000727	0.000727	0.000727	0.000727	0.000727	0.000727	0.000727	0.000727	0.000727	0.000727	0.000727	0.000727	0.001278	0.000727	0.000727	0.001442	0.000989	0.000913	0.000727	0.000727	0.002316	0.009285	0.000727	0.000727	0.000727	0.000727	0.000727	0.000727	0.000727	0.000727	0.000727	0.000727	0.950962	
0.000619	0.002291	0.000619	0.000619	0.000619	0.000619	0.000619	0.000619	0.000619	0.000619	0.000619	0.000619	0.000619	0.002308	0.000619	0.000619	0.000619	0.000619	0.000619	0.000619	0.000619	0.000619	0.000619	0.000619	0.000619	0.000619	0.000619	0.000619	0.000619	0.002303	0.000619	0.000619	0.003138	0.000973	0.002468	0.000619	0.000619	0.001925	0.008582	0.000619	0.000619	0.000619	0.000619	0.000619	0.000619	0.000619	0.000619	0.000619	0.000619	0.950634	
0.000622	0.001056	0.000622	0.000622	0.000622	0.000622	0.000622	0.000622	0.000622	0.000622	0.000622	0.000622	0.000622	0.002264	0.000622	0.000622	0.000622	0.000622	0.000622	0.000622	0.000622	0.000622	0.000622	0.000622	0.000622	0.000622	0.000622	0.000622	0.000622	0.001702	0.000622	0.000622	0.001918	0.000857	0.002502	0.000622	0.000622	0.003011	0.007451	0.000622	0.000622	0.000622	0.000622	0.000622	0.000622	0.000622	0.000622	0.000622	0.000622	0.953732	
0.000685	0.001096	0.000685	0.000685	0.000685	0.000685	0.000685	0.000685	0.000685	0.000685	0.000685	0.000685	0.000685	0.000969	0.000685	0.000685	0.000685	0.000685	0.000685	0.000685	0.000685	0.000685	0.000685	0.000685	0.000685	0.000685	0.000685	0.000685	0.000685	0.001936	0.000685	0.000685	0.002141	0.000939	0.003847	0.000685	0.000685	0.001903	0.006039	0.000685	0.000685	0.000685	0.000685	0.000685	0.000685	0.000685	0.000685	0.000685	0.000685	0.953041	
0.000641	0.001158	0.000641	0.000641	0.000641	0.000641	0.000641	0.000641	0.000641	0.000641	0.000641	0.000641	0.000641	0.000806	0.000641	0.000641	0.000641	0.000641	0.000641	0.000641	0.000641	0.000641	0.000641	0.000641	0.000641	0.000641	0.000641	0.000641	0.000641	0.001922	0.000641	0.000641	0.002180	0.005383	0.000795	0.000641	0.000641	0.006183	0.004042	0.000641	0.000641	0.000641	0.000641	0.000641	0.000641	0.000641	0.000641	0.000641	0.000641	0.951246	
0.000620	0.002572	0.000620	0.000620	0.000620	0.000620	0.000620	0.000620	0.000620	0.000620	0.000620	0.000620	0.000620	0.000848	0.000620	0.000620	0.000620	0.000620	0.000620	0.000620	0.000620	0.000620	0.000620	0.000620	0.000620	0.000620	0.000620	0.000620	0.000620	0.001088	0.000620	0.000620	0.002064	0.003547	0.001456	0.000620	0.000620	0.006394	0.003279	0.000620	0.000620	0.000620	0.000620	0.000620	0.000620	0.000620	0.000620	0.000620	0.000620	0.953317	
0.000637	0.004331	0.000637	0.000637	0.000637	0.000637	0.000637	0.000637	0.000637	0.000637	0.000637	0.000637	0.000637	0.000837	0.000637	0.000637	0.000637	0.000637	0.000637	0.000637	0.000637	0.000637	0.000637	0.000637	0.000637	0.000637	0.000637	0.000637	0.000637	0.001176	0.000637	0.000637	0.003023	0.003769	0.001044	0.000637	0.000637	0.004926	0.004189	0.000637	0.000637	0.000637	0.000637	0.000637	0.000637	0.000637	0.000637	0.000637	0.000637	0.950585	
0.000609	0.003377	0.000609	0.000609	0.000609	0.000609	0.000609	0.000609	0.000609	0.000609	0.000609	0.000609	0.000609	0.001211	0.000609	0.000609	0.000609	0.000609	0.000609	0.000609	0.000609	0.000609	0.000609	0.000609	0.000609	0.000609	0.000609	0.000609	0.000609	0.000999	0.000609	0.000609	0.002382	0.003040	0.000868	0.000609	0.000609	0.006615	0.004305	0.000609	0.000609	0.000609	0.000609	0.000609	0.000609	0.000609	0.000609	0.000609	0.000609	0.952221	
0.000722	0.001236	0.000722	0.000722	0.000722	0.000722	0.000722	0.000722	0.000722	0.000722	0.000722	0.000722	0.000722	0.000975	0.000722	0.000722	0.000722	0.000722	0.000722	0.000722	0.000722	0.000722	0.000722	0.000722	0.000722	0.000722	0.000722	0.000722	0.000722	0.007113	0.000722	0.000722	0.007370	0.002524	0.000936	0.000722	0.000722	0.003274	0.015582	0.000722	0.000722	0.000722	0.000722	0.000722	0.000722	0.000722	0.000722	0.000722	0.000722	0.931370	
0.000698	0.001528	0.000698	0.000698	0.000698	0.000698	0.000698	0.000698	0.000698	0.000698	0.000698	0.000698	0.000698	0.001199	0.000698	0.000698	0.000698	0.000698	0.000698	0.000698	0.000698	0.000698	0.000698	0.000698	0.000698	0.000698	0.000698	0.000698	0.000698	0.004233	0.000698	0.000698	0.004648	0.002193	0.001409	0.000698	0.000698	0.003312	0.010993	0.000698	0.000698	0.000698	0.000698	0.000698	0.000698	0.000698	0.000698	0.000698	0.000698	0.941879	
0.000667	0.000959	0.000667	0.000667	0.000667	0.000667	0.000667	0.000667	0.000667	0.000667	0.000667	0.000667	0.000667	0.001259	0.000667	0.000667	0.000667	0.000667	0.000667	0.000667	0.000667	0.000667	0.000667	0.000667	0.000667	0.000667	0.000667	0.000667	0.000667	0.007111	0.000667	0.000667	0.007257	0.000942	0.001700	0.000667	0.000667	0.004907	0.015299	0.000667	0.000667	0.000667	0.000667	0.000667	0.000667	0.000667	0.000667	0.000667	0.000667	0.933204	
0.000669	0.001059	0.000669	0.000669	0.000669	0.000669	0.000669	0.000669	0.000669	0.000669	0.000669	0.000669	0.000669	0.001239	0.000669	0.000669	0.000669	0.000669	0.000669	0.000669	0.000669	0.000669	0.000669	0.000669	0.000669	0.000669	0.000669	0.000669	0.000669	0.005672	0.000669	0.000669	0.005867	0.001281	0.002742	0.000669	0.000669	0.002831	0.012364	0.000669	0.000669	0.000669	0.000669	0.000669	0.000669	0.000669	0.000669	0.000669	0.000669	0.939506	
0.000626	0.001779	0.000626	0.000626	0.000626	0.000626	0.000626	0.000626	0.000626	0.000626	0.000626	0.000626	0.000626	0.001004	0.000626	0.000626	0.000626	0.000626	0.000626	0.000626	0.000626	0.000626	0.000626	0.000626	0.000626	0.000626	0.000626	0.000626	0.000626	0.004756	0.000626	0.000626	0.005333	0.001067	0.001310	0.000626	0.000626	0.008012	0.010594	0.000626	0.000626	0.000626	0.000626	0.000626	0.000626	0.000626	0.000626	0.000626	0.000626	0.940494	
