0.005048	0.026928	0.007695	0.110558	0.001421	0.028000	0.006107	0.018773	0.000955	0.011830	0.012021	0.013713	0.026434	0.016859	0.060891	0.013005	0.030032	0.002443	0.001234	0.000153	0.007875	0.001459	0.002822	0.016185	0.001417	0.006861	0.002554	0.028892	0.001614	0.014969	0.008386	0.001234	0.004569	0.007065	0.001652	0.026928	0.048767	0.001086	0.013710	0.001126	0.013086	0.000502	0.031385	0.003219	0.003003	0.009612	0.087218	0.007369	0.011257	0.240075	
0.026275	0.018248	0.050880	0.074698	0.005583	0.010082	0.002285	0.021493	0.005957	0.054603	0.011424	0.086270	0.027443	0.006354	0.048432	0.008845	0.034800	0.000980	0.001615	0.000165	0.002897	0.000431	0.007130	0.003435	0.000718	0.028501	0.008117	0.006026	0.002600	0.004655	0.044836	0.007972	0.024125	0.006770	0.002094	0.018248	0.033193	0.005290	0.011892	0.005444	0.021428	0.002683	0.006535	0.004336	0.000746	0.011792	0.059112	0.001833	0.008352	0.162374	
0.046332	0.016528	0.029528	0.067599	0.009146	0.013146	0.002947	0.006928	0.003181	0.041688	0.014179	0.089748	0.020798	0.008071	0.040781	0.008023	0.044434	0.001240	0.000683	0.000173	0.003737	0.000415	0.009243	0.003148	0.000463	0.050183	0.012063	0.005507	0.002281	0.003668	0.079443	0.004227	0.042690	0.004322	0.000835	0.016528	0.029764	0.008951	0.004375	0.009541	0.019545	0.001481	0.005969	0.002653	0.000702	0.005307	0.053277	0.001549	0.006592	0.146393	
0.005579	0.001274	0.046493	0.004936	0.002899	0.021929	0.004785	0.010547	0.005406	0.058438	0.055787	0.053482	0.010972	0.013407	0.013956	0.000675	0.005219	0.001916	0.000938	0.000123	0.006685	0.006820	0.010043	0.082312	0.005169	0.013856	0.007497	0.147455	0.002582	0.076384	0.009399	0.007243	0.005098	0.004629	0.001172	0.001274	0.002429	0.001364	0.026152	0.001219	0.021801	0.002420	0.160240	0.003262	0.014734	0.005831	0.004028	0.036160	0.001357	0.012626	
0.016140	0.001550	0.013593	0.006169	0.003861	0.055870	0.012046	0.011184	0.001464	0.024260	0.049362	0.033677	0.004242	0.033558	0.012752	0.000810	0.011957	0.004712	0.000807	0.000128	0.015933	0.006578	0.006501	0.079290	0.005005	0.024947	0.006425	0.142034	0.001928	0.072602	0.027542	0.001929	0.014832	0.008124	0.001056	0.001550	0.002935	0.003177	0.025717	0.003368	0.015747	0.000709	0.154348	0.002757	0.014201	0.006340	0.004921	0.034849	0.001509	0.015004	
0.015446	0.001187	0.043101	0.004615	0.003784	0.050030	0.010808	0.052082	0.005062	0.048197	0.034976	0.063579	0.010418	0.030222	0.016962	0.000643	0.013796	0.004243	0.003273	0.000140	0.014133	0.004232	0.006801	0.050358	0.003992	0.021163	0.006515	0.090160	0.004064	0.047178	0.025946	0.006773	0.013982	0.017005	0.004440	0.001187	0.003191	0.003170	0.039342	0.003190	0.031876	0.002280	0.097972	0.008560	0.009068	0.026548	0.004406	0.022671	0.004602	0.012631	
0.003954	0.013729	0.011420	0.056355	0.001292	0.063530	0.013689	0.007522	0.001389	0.015338	0.031389	0.016244	0.015351	0.038143	0.038982	0.006660	0.015986	0.005348	0.000604	0.000134	0.017838	0.004478	0.003046	0.053442	0.003418	0.009341	0.002573	0.095693	0.001075	0.049031	0.006628	0.001826	0.003617	0.007584	0.000770	0.013729	0.024771	0.000897	0.017337	0.000901	0.008682	0.000680	0.103986	0.001663	0.009611	0.004018	0.044307	0.023515	0.005609	0.122879	
0.004111	0.001397	0.097218	0.005660	0.001500	0.114526	0.024606	0.080596	0.011807	0.085641	0.007159	0.106332	0.023335	0.069132	0.036919	0.000749	0.008908	0.009557	0.005177	0.000151	0.031398	0.000367	0.004260	0.002795	0.001664	0.004188	0.003365	0.004890	0.005019	0.005601	0.006181	0.015862	0.003385	0.028949	0.006985	0.001397	0.004201	0.001316	0.041943	0.000864	0.038244	0.005219	0.005302	0.012143	0.000621	0.040191	0.005543	0.002211	0.006927	0.014485	
0.003759	0.001400	0.142811	0.005518	0.001217	0.053229	0.011488	0.011459	0.017389	0.118449	0.020032	0.155054	0.033153	0.032672	0.037680	0.000743	0.004282	0.004503	0.001523	0.000136	0.014867	0.002717	0.002831	0.031804	0.002204	0.007023	0.002401	0.056904	0.001234	0.033490	0.006253	0.023390	0.003417	0.007571	0.001777	0.001400	0.002666	0.001554	0.013901	0.000859	0.009307	0.007638	0.061830	0.002182	0.005766	0.005950	0.004422	0.014104	0.001482	0.012558	
0.004733	0.003429	0.009569	0.014277	0.001713	0.168928	0.036222	0.011508	0.001104	0.017332	0.032211	0.014840	0.006054	0.101229	0.031324	0.001713	0.006830	0.014011	0.000811	0.000130	0.046592	0.004260	0.004615	0.050817	0.003325	0.009905	0.003726	0.090991	0.001579	0.046566	0.007931	0.001443	0.004314	0.017884	0.001067	0.003429	0.006324	0.001023	0.018712	0.001052	0.012588	0.000553	0.098876	0.002485	0.009141	0.006071	0.011010	0.022410	0.002212	0.031131	
0.007760	0.002693	0.054618	0.011011	0.002224	0.100243	0.021538	0.011241	0.006565	0.053140	0.032182	0.066469	0.014893	0.060347	0.029308	0.001361	0.007949	0.008365	0.001036	0.000132	0.027837	0.004217	0.004800	0.050265	0.003290	0.013116	0.004230	0.089999	0.001603	0.047487	0.013135	0.008802	0.007106	0.011819	0.001286	0.002693	0.004991	0.001831	0.018437	0.001669	0.012784	0.002929	0.097798	0.002481	0.009045	0.006042	0.008616	0.022167	0.001928	0.024523	
0.004429	0.001212	0.008370	0.005331	0.001264	0.226244	0.048477	0.010808	0.001028	0.011834	0.025250	0.013768	0.004253	0.135540	0.034321	0.000649	0.004471	0.018725	0.000769	0.000130	0.062181	0.003603	0.002554	0.042750	0.002836	0.008804	0.002296	0.076529	0.001142	0.039195	0.007415	0.001340	0.004038	0.022805	0.001009	0.001212	0.002317	0.000964	0.016323	0.000991	0.008565	0.000520	0.083159	0.002039	0.007707	0.005636	0.003815	0.018876	0.001359	0.011148	
0.041656	0.002493	0.037606	0.010133	0.008001	0.114766	0.024669	0.042744	0.004250	0.043952	0.012281	0.092400	0.010519	0.068953	0.027033	0.001283	0.030408	0.009590	0.002735	0.000166	0.031488	0.000531	0.007301	0.004651	0.001149	0.045071	0.010141	0.008206	0.003709	0.005318	0.071066	0.005670	0.038194	0.021440	0.003692	0.002493	0.005312	0.008078	0.023063	0.008545	0.029220	0.001941	0.008903	0.007350	0.000963	0.022783	0.008425	0.002604	0.004353	0.022703	
0.041017	0.001569	0.053695	0.006331	0.008974	0.115031	0.024724	0.021915	0.006029	0.068655	0.019422	0.107171	0.012923	0.069188	0.028014	0.000838	0.027799	0.009610	0.001641	0.000164	0.031554	0.000478	0.012720	0.004024	0.000759	0.044448	0.013735	0.007083	0.003710	0.005211	0.070170	0.008069	0.037712	0.016649	0.002130	0.001569	0.003182	0.008056	0.012256	0.008437	0.030870	0.002714	0.007683	0.005339	0.000850	0.012679	0.005083	0.002095	0.002381	0.013639	
0.053505	0.001199	0.010472	0.004984	0.009489	0.172480	0.037010	0.016828	0.000946	0.017721	0.009709	0.080156	0.003673	0.103362	0.026806	0.000662	0.034726	0.014337	0.001137	0.000167	0.047248	0.000558	0.005316	0.004969	0.000732	0.058033	0.010300	0.008775	0.002012	0.004746	0.091680	0.001218	0.049251	0.020973	0.001511	0.001199	0.002398	0.010184	0.009894	0.010982	0.015734	0.000506	0.009522	0.003376	0.001021	0.010268	0.003790	0.002453	0.001849	0.010131	
0.014942	0.004087	0.038363	0.016375	0.015223	0.010220	0.002311	0.026991	0.002548	0.174929	0.095326	0.041050	0.008201	0.006286	0.013529	0.002045	0.014655	0.000987	0.001771	0.000160	0.002977	0.000936	0.065751	0.009690	0.001177	0.016852	0.046284	0.017243	0.014294	0.009466	0.025308	0.003379	0.013648	0.007691	0.002374	0.004087	0.007832	0.003007	0.016277	0.003132	0.127269	0.001198	0.018726	0.015002	0.001854	0.016437	0.013338	0.004626	0.003684	0.036462	
0.016188	0.001224	0.045258	0.004564	0.017549	0.009209	0.002097	0.029151	0.003020	0.204528	0.107205	0.046820	0.006416	0.005703	0.008187	0.000672	0.012802	0.000907	0.001915	0.000163	0.002657	0.000432	0.076691	0.003471	0.000847	0.017583	0.053827	0.006094	0.016536	0.003923	0.027426	0.004014	0.014786	0.008139	0.002567	0.001224	0.002724	0.003261	0.015816	0.003385	0.147440	0.001405	0.006609	0.017154	0.000751	0.017971	0.004089	0.001934	0.002825	0.010842	
0.003722	0.003021	0.029289	0.012004	0.016690	0.008208	0.001873	0.008403	0.000952	0.204671	0.124166	0.011970	0.004309	0.005009	0.008498	0.001528	0.005611	0.000813	0.000649	0.000150	0.002510	0.001909	0.082226	0.021728	0.001568	0.006029	0.056018	0.038830	0.016556	0.020019	0.006209	0.001231	0.003400	0.002877	0.000834	0.003021	0.005503	0.000846	0.009804	0.000866	0.149448	0.000499	0.042187	0.015166	0.003986	0.007538	0.009591	0.009673	0.001833	0.026561	
0.005960	0.007218	0.082476	0.029338	0.004239	0.011192	0.002503	0.012123	0.009581	0.101205	0.043171	0.090152	0.023966	0.007167	0.031541	0.003537	0.011248	0.001049	0.001223	0.000140	0.003453	0.003394	0.016569	0.040082	0.002709	0.010189	0.011954	0.071740	0.003946	0.038994	0.010028	0.012865	0.005443	0.004061	0.001493	0.007218	0.013149	0.001629	0.016326	0.001308	0.034232	0.004245	0.077953	0.004597	0.007240	0.006884	0.023275	0.017730	0.003630	0.064635	
0.006267	0.004160	0.036242	0.016659	0.003402	0.011139	0.002512	0.181588	0.004111	0.056166	0.019271	0.041461	0.011117	0.006907	0.016301	0.002083	0.019328	0.001068	0.010529	0.000166	0.003188	0.000460	0.012700	0.003783	0.003438	0.005993	0.009266	0.006651	0.011780	0.004491	0.008901	0.005483	0.004851	0.043087	0.014606	0.004160	0.011432	0.001290	0.093826	0.001198	0.091935	0.001881	0.007214	0.027762	0.000809	0.090505	0.016165	0.003785	0.015873	0.043011	
0.007915	0.001958	0.053589	0.007799	0.004673	0.063019	0.013594	0.091219	0.006036	0.080508	0.033366	0.061291	0.012972	0.038045	0.021853	0.001019	0.012444	0.005322	0.005524	0.000152	0.017451	0.001630	0.017543	0.018294	0.002762	0.009717	0.012803	0.032673	0.008144	0.018216	0.012616	0.008083	0.006837	0.026938	0.007570	0.001958	0.005449	0.001768	0.051278	0.001625	0.065957	0.002710	0.035495	0.015879	0.003377	0.046078	0.007538	0.009104	0.007965	0.020244	
0.012654	0.006730	0.053663	0.027316	0.004028	0.013339	0.002966	0.047589	0.006253	0.064269	0.034222	0.070085	0.017442	0.008310	0.025445	0.003306	0.017125	0.001230	0.003076	0.000145	0.004040	0.003358	0.010258	0.039579	0.003282	0.017141	0.008505	0.070834	0.004514	0.037667	0.021186	0.008377	0.011431	0.012628	0.004142	0.006730	0.013063	0.002706	0.034332	0.002632	0.036526	0.002801	0.076968	0.008516	0.007156	0.024377	0.022278	0.017912	0.006247	0.061619	
0.005823	0.006811	0.014420	0.027703	0.004314	0.045262	0.009806	0.146827	0.001292	0.049812	0.026710	0.016630	0.008637	0.027212	0.021890	0.003354	0.019380	0.003871	0.008451	0.000163	0.012513	0.000569	0.017595	0.005150	0.002930	0.005857	0.012540	0.009104	0.010974	0.005002	0.008476	0.001684	0.004621	0.038102	0.011747	0.006811	0.015426	0.001119	0.076399	0.001145	0.087474	0.000653	0.009880	0.023705	0.001049	0.073501	0.024176	0.003990	0.014091	0.065346	
0.003183	0.003019	0.108697	0.012055	0.001968	0.011213	0.002503	0.025542	0.013094	0.101290	0.034034	0.116823	0.026527	0.007331	0.028477	0.001519	0.006387	0.001046	0.002125	0.000135	0.003509	0.003985	0.007217	0.047384	0.003363	0.007818	0.005280	0.084834	0.002799	0.046565	0.005130	0.017602	0.002814	0.007062	0.002696	0.003019	0.005898	0.001243	0.025024	0.000725	0.022557	0.005769	0.092184	0.004899	0.008534	0.013062	0.009909	0.021070	0.003171	0.027913	
