0	0	0	55	0	0	0	
3	0	0	1	0	9	122	
0	0	0	0	0	96	0	
0	25	0	62	147	0	0	
0	0	0	0	29	0	29	
0	0	80	0	0	0	0	
0	0	0	38	124	0	0	
0	269	0	0	0	36	29	
191	0	0	0	0	163	0	
0	0	0	0	0	4	194	
0	1	0	183	0	1	0	
0	0	28	0	0	0	0	
5	0	1	0	52	0	223	
97	3	0	0	0	0	0	
44	0	0	0	0	0	0	
0	1	0	33	0	0	14	
0	37	0	0	0	1	108	
10	0	0	0	87	73	3	
0	20	0	0	0	0	0	
0	113	0	0	0	12	0	
4	0	0	0	0	76	0	
67	0	0	0	0	0	0	
0	0	0	0	16	0	0	
0	71	0	0	71	0	0	
0	0	61	88	0	28	0	
0	0	0	0	0	0	0	
0	40	0	0	0	0	0	
1	0	0	0	149	0	0	
0	0	0	15	0	0	0	
1	0	0	0	37	0	0	
0	0	0	14	0	0	0	
0	0	28	0	0	0	0	
0	23	0	0	0	1	0	
0	0	0	43	0	0	0	
49	0	0	0	0	0	0	
7	0	0	1	0	20	1	
0	0	0	0	0	0	0	
48	0	0	0	46	189	0	
0	198	0	0	0	0	0	
0	0	0	0	0	0	14	
29	0	0	0	0	0	0	
0	0	0	0	0	26	0	
0	0	0	0	0	0	14	
0	0	65	0	1	0	0	
1	33	0	0	1	0	0	
0	0	0	0	0	29	0	
16	0	0	0	0	0	0	
30	0	0	0	0	16	0	
0	0	98	0	0	0	0	
0	0	0	95	0	0	0	
