0.000756	0.001069	0.000756	0.000756	0.000756	0.000756	0.000756	0.000756	0.000756	0.000756	0.000756	0.000756	0.000756	0.000858	0.000756	0.000756	0.000756	0.000756	0.000756	0.000756	0.000756	0.000756	0.000756	0.000756	0.000756	0.000756	0.000756	0.000756	0.000756	0.001159	0.000756	0.000756	0.002654	0.000958	0.000906	0.000756	0.000756	0.001425	0.001832	0.000756	0.000756	0.000756	0.000756	0.000756	0.000756	0.000756	0.000756	0.000756	0.000756	0.958129	
0.000651	0.003173	0.000651	0.000651	0.000651	0.000651	0.000651	0.000651	0.000651	0.000651	0.000651	0.000651	0.000651	0.000878	0.000651	0.000651	0.000651	0.000651	0.000651	0.000651	0.000651	0.000651	0.000651	0.000651	0.000651	0.000651	0.000651	0.000651	0.000651	0.001700	0.000651	0.000651	0.009101	0.001176	0.000857	0.000651	0.000651	0.001562	0.002969	0.000651	0.000651	0.000651	0.000651	0.000651	0.000651	0.000651	0.000651	0.000651	0.000651	0.951873	
0.000718	0.001199	0.000718	0.000718	0.000718	0.000718	0.000718	0.000718	0.000718	0.000718	0.000718	0.000718	0.000718	0.000920	0.000718	0.000718	0.000718	0.000718	0.000718	0.000718	0.000718	0.000718	0.000718	0.000718	0.000718	0.000718	0.000718	0.000718	0.000718	0.002108	0.000718	0.000718	0.016781	0.001413	0.000887	0.000718	0.000718	0.001631	0.003280	0.000718	0.000718	0.000718	0.000718	0.000718	0.000718	0.000718	0.000718	0.000718	0.000718	0.942349	
0.000530	0.001001	0.000530	0.000530	0.000530	0.000530	0.000530	0.000530	0.000530	0.000530	0.000530	0.000530	0.000530	0.000745	0.000530	0.000530	0.000530	0.000530	0.000530	0.000530	0.000530	0.000530	0.000530	0.000530	0.000530	0.000530	0.000530	0.000530	0.000530	0.000874	0.000530	0.000530	0.000973	0.000702	0.000755	0.000530	0.000530	0.021260	0.010025	0.000530	0.000530	0.000530	0.000530	0.000530	0.000530	0.000530	0.000530	0.000530	0.000530	0.941921	
0.000580	0.002084	0.000580	0.000580	0.000580	0.000580	0.000580	0.000580	0.000580	0.000580	0.000580	0.000580	0.000580	0.000841	0.000580	0.000580	0.000580	0.000580	0.000580	0.000580	0.000580	0.000580	0.000580	0.000580	0.000580	0.000580	0.000580	0.000580	0.000580	0.001101	0.000580	0.000580	0.003428	0.000840	0.001149	0.000580	0.000580	0.013750	0.007414	0.000580	0.000580	0.000580	0.000580	0.000580	0.000580	0.000580	0.000580	0.000580	0.000580	0.945626	
0.000638	0.003320	0.000638	0.000638	0.000638	0.000638	0.000638	0.000638	0.000638	0.000638	0.000638	0.000638	0.000638	0.000925	0.000638	0.000638	0.000638	0.000638	0.000638	0.000638	0.000638	0.000638	0.000638	0.000638	0.000638	0.000638	0.000638	0.000638	0.000638	0.001529	0.000638	0.000638	0.003339	0.001084	0.003011	0.000638	0.000638	0.010042	0.006439	0.000638	0.000638	0.000638	0.000638	0.000638	0.000638	0.000638	0.000638	0.000638	0.000638	0.944138	
0.000564	0.001339	0.000564	0.000564	0.000564	0.000564	0.000564	0.000564	0.000564	0.000564	0.000564	0.000564	0.000564	0.000865	0.000564	0.000564	0.000564	0.000564	0.000564	0.000564	0.000564	0.000564	0.000564	0.000564	0.000564	0.000564	0.000564	0.000564	0.000564	0.001643	0.000564	0.000564	0.001058	0.001103	0.001175	0.000564	0.000564	0.017407	0.009585	0.000564	0.000564	0.000564	0.000564	0.000564	0.000564	0.000564	0.000564	0.000564	0.000564	0.942718	
0.000578	0.001258	0.000578	0.000578	0.000578	0.000578	0.000578	0.000578	0.000578	0.000578	0.000578	0.000578	0.000578	0.004050	0.000578	0.000578	0.000578	0.000578	0.000578	0.000578	0.000578	0.000578	0.000578	0.000578	0.000578	0.000578	0.000578	0.000578	0.000578	0.001104	0.000578	0.000578	0.003555	0.000841	0.000894	0.000578	0.000578	0.001427	0.015329	0.000578	0.000578	0.000578	0.000578	0.000578	0.000578	0.000578	0.000578	0.000578	0.000578	0.947834	
0.000564	0.001378	0.000564	0.000564	0.000564	0.000564	0.000564	0.000564	0.000564	0.000564	0.000564	0.000564	0.000564	0.004284	0.000564	0.000564	0.000564	0.000564	0.000564	0.000564	0.000564	0.000564	0.000564	0.000564	0.000564	0.000564	0.000564	0.000564	0.000564	0.000849	0.000564	0.000564	0.001230	0.000706	0.000885	0.000564	0.000564	0.001610	0.016146	0.000564	0.000564	0.000564	0.000564	0.000564	0.000564	0.000564	0.000564	0.000564	0.000564	0.949792	
0.000575	0.001306	0.000575	0.000575	0.000575	0.000575	0.000575	0.000575	0.000575	0.000575	0.000575	0.000575	0.000575	0.004017	0.000575	0.000575	0.000575	0.000575	0.000575	0.000575	0.000575	0.000575	0.000575	0.000575	0.000575	0.000575	0.000575	0.000575	0.000575	0.000988	0.000575	0.000575	0.001468	0.000782	0.000974	0.000575	0.000575	0.002243	0.015420	0.000575	0.000575	0.000575	0.000575	0.000575	0.000575	0.000575	0.000575	0.000575	0.000575	0.949214	
0.000617	0.002568	0.000617	0.000617	0.000617	0.000617	0.000617	0.000617	0.000617	0.000617	0.000617	0.000617	0.000617	0.003261	0.000617	0.000617	0.000617	0.000617	0.000617	0.000617	0.000617	0.000617	0.000617	0.000617	0.000617	0.000617	0.000617	0.000617	0.000617	0.001136	0.000617	0.000617	0.001105	0.000877	0.002367	0.000617	0.000617	0.002345	0.012404	0.000617	0.000617	0.000617	0.000617	0.000617	0.000617	0.000617	0.000617	0.000617	0.000617	0.948633	
0.000555	0.001203	0.000555	0.000555	0.000555	0.000555	0.000555	0.000555	0.000555	0.000555	0.000555	0.000555	0.000555	0.003073	0.000555	0.000555	0.000555	0.000555	0.000555	0.000555	0.000555	0.000555	0.000555	0.000555	0.000555	0.000555	0.000555	0.000555	0.000555	0.001252	0.000555	0.000555	0.001118	0.000904	0.001050	0.000555	0.000555	0.008571	0.014528	0.000555	0.000555	0.000555	0.000555	0.000555	0.000555	0.000555	0.000555	0.000555	0.000555	0.945526	
0.000604	0.004251	0.000604	0.000604	0.000604	0.000604	0.000604	0.000604	0.000604	0.000604	0.000604	0.000604	0.000604	0.001367	0.000604	0.000604	0.000604	0.000604	0.000604	0.000604	0.000604	0.000604	0.000604	0.000604	0.000604	0.000604	0.000604	0.000604	0.000604	0.000906	0.000604	0.000604	0.001661	0.000755	0.001000	0.000604	0.000604	0.001603	0.004360	0.000604	0.000604	0.000604	0.000604	0.000604	0.000604	0.000604	0.000604	0.000604	0.000604	0.959345	
0.000591	0.004763	0.000591	0.000591	0.000591	0.000591	0.000591	0.000591	0.000591	0.000591	0.000591	0.000591	0.000591	0.000873	0.000591	0.000591	0.000591	0.000591	0.000591	0.000591	0.000591	0.000591	0.000591	0.000591	0.000591	0.000591	0.000591	0.000591	0.000591	0.001528	0.000591	0.000591	0.002082	0.001059	0.000810	0.000591	0.000591	0.001835	0.003155	0.000591	0.000591	0.000591	0.000591	0.000591	0.000591	0.000591	0.000591	0.000591	0.000591	0.959671	
0.000595	0.003439	0.000595	0.000595	0.000595	0.000595	0.000595	0.000595	0.000595	0.000595	0.000595	0.000595	0.000595	0.001310	0.000595	0.000595	0.000595	0.000595	0.000595	0.000595	0.000595	0.000595	0.000595	0.000595	0.000595	0.000595	0.000595	0.000595	0.000595	0.001235	0.000595	0.000595	0.003910	0.000915	0.000798	0.000595	0.000595	0.004219	0.005543	0.000595	0.000595	0.000595	0.000595	0.000595	0.000595	0.000595	0.000595	0.000595	0.000595	0.954237	
0.000648	0.001052	0.000648	0.000648	0.000648	0.000648	0.000648	0.000648	0.000648	0.000648	0.000648	0.000648	0.000648	0.000749	0.000648	0.000648	0.000648	0.000648	0.000648	0.000648	0.000648	0.000648	0.000648	0.000648	0.000648	0.000648	0.000648	0.000648	0.000648	0.011288	0.000648	0.000648	0.001412	0.005968	0.000835	0.000648	0.000648	0.001257	0.011936	0.000648	0.000648	0.000648	0.000648	0.000648	0.000648	0.000648	0.000648	0.000648	0.000648	0.938929	
0.000659	0.001418	0.000659	0.000659	0.000659	0.000659	0.000659	0.000659	0.000659	0.000659	0.000659	0.000659	0.000659	0.000798	0.000659	0.000659	0.000659	0.000659	0.000659	0.000659	0.000659	0.000659	0.000659	0.000659	0.000659	0.000659	0.000659	0.000659	0.000659	0.010056	0.000659	0.000659	0.002674	0.005358	0.001254	0.000659	0.000659	0.001331	0.010882	0.000659	0.000659	0.000659	0.000659	0.000659	0.000659	0.000659	0.000659	0.000659	0.000659	0.939207	
0.000673	0.001034	0.000673	0.000673	0.000673	0.000673	0.000673	0.000673	0.000673	0.000673	0.000673	0.000673	0.000673	0.000787	0.000673	0.000673	0.000673	0.000673	0.000673	0.000673	0.000673	0.000673	0.000673	0.000673	0.000673	0.000673	0.000673	0.000673	0.000673	0.008542	0.000673	0.000673	0.004577	0.004608	0.000897	0.000673	0.000673	0.001584	0.009363	0.000673	0.000673	0.000673	0.000673	0.000673	0.000673	0.000673	0.000673	0.000673	0.000673	0.941006	
0.000708	0.001236	0.000708	0.000708	0.000708	0.000708	0.000708	0.000708	0.000708	0.000708	0.000708	0.000708	0.000708	0.000983	0.000708	0.000708	0.000708	0.000708	0.000708	0.000708	0.000708	0.000708	0.000708	0.000708	0.000708	0.000708	0.000708	0.000708	0.000708	0.001508	0.000708	0.000708	0.001416	0.001108	0.001060	0.000708	0.000708	0.004666	0.004190	0.000708	0.000708	0.000708	0.000708	0.000708	0.000708	0.000708	0.000708	0.000708	0.000708	0.954795	
0.000678	0.005762	0.000678	0.000678	0.000678	0.000678	0.000678	0.000678	0.000678	0.000678	0.000678	0.000678	0.000678	0.000866	0.000678	0.000678	0.000678	0.000678	0.000678	0.000678	0.000678	0.000678	0.000678	0.000678	0.000678	0.000678	0.000678	0.000678	0.000678	0.001511	0.000678	0.000678	0.002687	0.001095	0.003836	0.000678	0.000678	0.001348	0.002534	0.000678	0.000678	0.000678	0.000678	0.000678	0.000678	0.000678	0.000678	0.000678	0.000678	0.952580	
0.000649	0.003247	0.000649	0.000649	0.000649	0.000649	0.000649	0.000649	0.000649	0.000649	0.000649	0.000649	0.000649	0.002014	0.000649	0.000649	0.000649	0.000649	0.000649	0.000649	0.000649	0.000649	0.000649	0.000649	0.000649	0.000649	0.000649	0.000649	0.000649	0.001878	0.000649	0.000649	0.003311	0.001263	0.002915	0.000649	0.000649	0.003853	0.008619	0.000649	0.000649	0.000649	0.000649	0.000649	0.000649	0.000649	0.000649	0.000649	0.000649	0.946300	
0.000657	0.004992	0.000657	0.000657	0.000657	0.000657	0.000657	0.000657	0.000657	0.000657	0.000657	0.000657	0.000657	0.001155	0.000657	0.000657	0.000657	0.000657	0.000657	0.000657	0.000657	0.000657	0.000657	0.000657	0.000657	0.000657	0.000657	0.000657	0.000657	0.002011	0.000657	0.000657	0.001328	0.001334	0.003602	0.000657	0.000657	0.003369	0.005090	0.000657	0.000657	0.000657	0.000657	0.000657	0.000657	0.000657	0.000657	0.000657	0.000657	0.950202	
0.000727	0.004334	0.000727	0.000727	0.000727	0.000727	0.000727	0.000727	0.000727	0.000727	0.000727	0.000727	0.000727	0.001046	0.000727	0.000727	0.000727	0.000727	0.000727	0.000727	0.000727	0.000727	0.000727	0.000727	0.000727	0.000727	0.000727	0.000727	0.000727	0.001765	0.000727	0.000727	0.006362	0.001246	0.004154	0.000727	0.000727	0.001839	0.003488	0.000727	0.000727	0.000727	0.000727	0.000727	0.000727	0.000727	0.000727	0.000727	0.000727	0.945960	
0.000649	0.002856	0.000649	0.000649	0.000649	0.000649	0.000649	0.000649	0.000649	0.000649	0.000649	0.000649	0.000649	0.000875	0.000649	0.000649	0.000649	0.000649	0.000649	0.000649	0.000649	0.000649	0.000649	0.000649	0.000649	0.000649	0.000649	0.000649	0.000649	0.001916	0.000649	0.000649	0.001307	0.001282	0.002113	0.000649	0.000649	0.007769	0.005670	0.000649	0.000649	0.000649	0.000649	0.000649	0.000649	0.000649	0.000649	0.000649	0.000649	0.949621	
