0.460842	0.000999	0.073683	0.001060	0.027552	0.013179	0.043092	0.189511	0.023438	0.095706	0.004349	0.021852	0.025039	0.014942	0.004754	
0.438810	0.002476	0.025646	0.002404	0.024820	0.025077	0.031027	0.241253	0.036050	0.106340	0.008151	0.012818	0.020261	0.021363	0.003504	
0.479831	0.001934	0.051358	0.003087	0.025445	0.034599	0.050488	0.177310	0.019116	0.089998	0.010250	0.016300	0.025686	0.011387	0.003209	
0.518361	0.001348	0.030596	0.010148	0.016014	0.118798	0.136299	0.018476	0.041751	0.015876	0.033607	0.018443	0.014033	0.020829	0.005421	
0.317665	0.001139	0.109133	0.002508	0.018078	0.033895	0.073074	0.027032	0.192681	0.026579	0.009512	0.060517	0.018461	0.103444	0.006281	
0.398362	0.001154	0.065888	0.003161	0.025772	0.051600	0.132908	0.020115	0.133734	0.017562	0.012410	0.046295	0.014039	0.068453	0.008547	
0.506335	0.000927	0.024211	0.001203	0.043243	0.049097	0.219774	0.013100	0.062179	0.012016	0.004056	0.035642	0.009216	0.016127	0.002872	
0.379653	0.003950	0.090749	0.001850	0.022310	0.023775	0.047070	0.043426	0.104018	0.049818	0.020041	0.036139	0.048826	0.087703	0.040671	
0.351963	0.001233	0.093808	0.006345	0.008116	0.068587	0.061053	0.016802	0.115308	0.018200	0.038444	0.034130	0.029797	0.104488	0.051726	
0.222384	0.000883	0.136662	0.000955	0.009853	0.011695	0.031144	0.016272	0.172433	0.017692	0.035056	0.049282	0.039477	0.166739	0.089473	
0.256383	0.001100	0.109381	0.003319	0.008247	0.037982	0.049290	0.014792	0.159176	0.011998	0.039526	0.042458	0.033405	0.151858	0.081085	
0.225806	0.001045	0.127865	0.000976	0.012460	0.015059	0.047398	0.012305	0.201330	0.015234	0.026357	0.057140	0.031468	0.159965	0.065591	
0.498108	0.000719	0.180330	0.000799	0.026457	0.008128	0.037095	0.021058	0.029010	0.065957	0.004659	0.043905	0.053280	0.022860	0.007635	
0.425864	0.001935	0.154378	0.001703	0.022269	0.018262	0.037121	0.013633	0.097816	0.053246	0.007853	0.050385	0.047413	0.059559	0.008565	
0.473656	0.001724	0.144103	0.001142	0.026998	0.015545	0.052703	0.027436	0.048278	0.059323	0.008135	0.040712	0.049582	0.036450	0.014214	
0.560597	0.012489	0.042181	0.000710	0.041660	0.009957	0.016774	0.043570	0.022558	0.106202	0.003412	0.018019	0.100926	0.015843	0.005104	
0.576428	0.012827	0.017458	0.003815	0.037069	0.043599	0.034960	0.019364	0.023668	0.090359	0.012850	0.012859	0.095976	0.014952	0.003816	
0.502090	0.006364	0.030296	0.002379	0.031656	0.028340	0.041639	0.137186	0.023862	0.095956	0.009468	0.013954	0.052561	0.017028	0.007221	
0.391575	0.006811	0.076706	0.000664	0.028081	0.013585	0.045395	0.018188	0.103434	0.053707	0.019051	0.034206	0.067442	0.092867	0.048286	
0.368434	0.005915	0.078050	0.000810	0.026928	0.013431	0.040008	0.052112	0.151378	0.061129	0.006090	0.046414	0.049929	0.087672	0.011701	
0.334750	0.006073	0.091492	0.001505	0.021755	0.018814	0.031444	0.013526	0.163312	0.046275	0.016836	0.047102	0.057150	0.115025	0.034941	
0.298119	0.001105	0.124744	0.004019	0.010747	0.042671	0.043596	0.022571	0.203031	0.026927	0.015440	0.061174	0.021269	0.115337	0.009251	
0.287494	0.001534	0.107851	0.001888	0.018363	0.028115	0.071660	0.023386	0.220698	0.024091	0.007457	0.065696	0.017997	0.117663	0.006109	
0.384194	0.005178	0.065682	0.002382	0.026027	0.034404	0.072202	0.027924	0.152594	0.043810	0.009455	0.046241	0.040481	0.082214	0.007213	
