0.001717	0.002091	0.002494	0.207796	0.033913	0.015185	0.003499	0.002062	0.036385	0.063575	0.003794	0.021767	0.001560	0.002456	0.023680	0.016191	0.020392	0.011643	0.006820	0.000159	0.072087	0.000159	0.000159	0.026860	0.003965	0.003472	0.004881	0.011019	0.006367	0.011301	0.015216	0.014523	0.027155	0.005856	0.000159	0.032890	0.000159	0.003168	0.013631	0.002584	0.023829	0.008630	0.001110	0.004488	0.006289	0.066789	0.001457	0.000159	0.020466	0.133993	
0.002252	0.001039	0.001082	0.191362	0.031243	0.006993	0.001219	0.002055	0.011471	0.058557	0.001808	0.020625	0.000713	0.001228	0.049416	0.034588	0.008520	0.005383	0.006790	0.000161	0.068253	0.000161	0.000161	0.037644	0.003949	0.006021	0.002308	0.030287	0.013001	0.003655	0.007241	0.016718	0.074774	0.002409	0.000161	0.030301	0.000161	0.001100	0.029091	0.005368	0.009528	0.002806	0.001108	0.012169	0.002075	0.059065	0.001452	0.000161	0.011603	0.130770	
0.005402	0.000927	0.000946	0.185739	0.030329	0.006120	0.007318	0.007080	0.079893	0.056840	0.001597	0.025117	0.000632	0.001212	0.009642	0.006266	0.007339	0.004715	0.024377	0.000161	0.074484	0.000161	0.000161	0.009966	0.013999	0.001947	0.002034	0.024500	0.002513	0.024491	0.007231	0.021295	0.060659	0.002076	0.000161	0.029415	0.000161	0.006785	0.005291	0.001085	0.008262	0.018806	0.003621	0.009863	0.013654	0.057097	0.004879	0.000161	0.011449	0.122138	
0.010553	0.000964	0.010131	0.008409	0.001486	0.006539	0.001642	0.012830	0.016440	0.002667	0.002049	0.015428	0.006136	0.001390	0.014168	0.010107	0.062727	0.005031	0.044549	0.000142	0.066259	0.000142	0.000142	0.058325	0.025517	0.001606	0.002152	0.073370	0.005025	0.005152	0.066432	0.048996	0.181470	0.024516	0.000142	0.001445	0.000142	0.001496	0.008516	0.001649	0.101521	0.003953	0.006486	0.029331	0.002900	0.004824	0.008793	0.000142	0.014020	0.022146	
0.007498	0.000958	0.008437	0.013177	0.002262	0.006480	0.004041	0.010078	0.043312	0.004124	0.001969	0.012129	0.005120	0.001320	0.072722	0.051815	0.052532	0.004986	0.034915	0.000144	0.042679	0.000144	0.000144	0.090012	0.020013	0.007589	0.002135	0.028991	0.020244	0.013339	0.053943	0.050277	0.071689	0.020381	0.000144	0.002198	0.000144	0.003730	0.043565	0.007959	0.084304	0.010238	0.005111	0.011642	0.007449	0.006213	0.006917	0.000144	0.013062	0.037578	
0.008179	0.002122	0.010948	0.036848	0.006108	0.015547	0.001371	0.010147	0.012689	0.011352	0.004205	0.014892	0.006625	0.002679	0.010657	0.007505	0.071364	0.011915	0.035161	0.000141	0.066885	0.000141	0.000141	0.059728	0.020152	0.001374	0.004983	0.051731	0.004161	0.004074	0.070129	0.043527	0.127893	0.026510	0.000141	0.005927	0.000141	0.001184	0.006330	0.001255	0.109734	0.003075	0.005144	0.020705	0.002265	0.016382	0.006963	0.000141	0.023050	0.035676	
0.003313	0.000889	0.017644	0.008303	0.001461	0.006008	0.000956	0.002473	0.008887	0.002629	0.002218	0.004519	0.010640	0.001068	0.010411	0.007428	0.107634	0.004623	0.008323	0.000133	0.038108	0.000133	0.000133	0.091929	0.004813	0.001216	0.001980	0.058680	0.004932	0.002842	0.109827	0.035655	0.145093	0.042861	0.000133	0.001421	0.000133	0.000861	0.006263	0.001237	0.177399	0.002180	0.001303	0.023470	0.001615	0.004604	0.001729	0.000133	0.019486	0.010269	
0.003152	0.012800	0.001552	0.087665	0.014374	0.098558	0.002294	0.004205	0.016329	0.026876	0.023400	0.012737	0.000990	0.015001	0.009063	0.006193	0.049350	0.075361	0.014352	0.000147	0.131697	0.000147	0.000147	0.012834	0.008264	0.001442	0.031076	0.011972	0.002551	0.005779	0.009992	0.014468	0.029471	0.003576	0.000147	0.013943	0.000147	0.001491	0.005228	0.001061	0.014463	0.003931	0.002176	0.004860	0.002885	0.060458	0.002914	0.000147	0.087979	0.060357	
0.002214	0.012473	0.007208	0.010900	0.001886	0.096090	0.002061	0.002987	0.014021	0.003424	0.023037	0.004208	0.004379	0.014594	0.031242	0.022264	0.082316	0.073472	0.010113	0.000136	0.106935	0.000136	0.000136	0.055624	0.005837	0.003351	0.030293	0.007240	0.009167	0.005051	0.044244	0.023937	0.017763	0.017390	0.000136	0.001833	0.000136	0.001290	0.018731	0.003483	0.071763	0.003383	0.001562	0.002968	0.002486	0.036901	0.002080	0.000136	0.088475	0.018505	
0.002060	0.008659	0.011794	0.013515	0.002310	0.066433	0.004900	0.002542	0.048236	0.004221	0.016228	0.004104	0.007130	0.010134	0.008892	0.006328	0.097557	0.050806	0.008562	0.000135	0.079678	0.000135	0.000135	0.062553	0.004950	0.001085	0.020971	0.012247	0.003824	0.015261	0.072406	0.026229	0.030266	0.028583	0.000135	0.002244	0.000135	0.004131	0.005339	0.001071	0.118182	0.011383	0.001338	0.004962	0.008275	0.027294	0.001776	0.000135	0.067211	0.013523	
0.001956	0.002608	0.011072	0.013082	0.002244	0.019333	0.011177	0.002623	0.122290	0.004093	0.005102	0.004026	0.006699	0.003076	0.048434	0.034508	0.073681	0.014809	0.008830	0.000140	0.031184	0.000140	0.000140	0.086028	0.005106	0.005114	0.006172	0.006565	0.014159	0.037486	0.067773	0.032347	0.016420	0.026813	0.000140	0.002180	0.000140	0.010288	0.029020	0.005339	0.110823	0.028705	0.001382	0.002701	0.020812	0.010683	0.001833	0.000140	0.027159	0.023422	
0.002292	0.003054	0.015010	0.006916	0.001236	0.022847	0.001330	0.003033	0.011720	0.002205	0.006082	0.003919	0.009059	0.003606	0.063859	0.045519	0.098799	0.017493	0.010280	0.000134	0.034139	0.000134	0.000134	0.115678	0.005931	0.006651	0.007272	0.009007	0.018700	0.003825	0.092078	0.042362	0.022135	0.036431	0.000134	0.001203	0.000134	0.001096	0.038273	0.006999	0.150744	0.002843	0.001583	0.003670	0.002094	0.010088	0.002110	0.000134	0.031812	0.024217	
0.001638	0.007601	0.001861	0.020816	0.003507	0.058119	0.006158	0.002140	0.062867	0.006460	0.013880	0.004253	0.001175	0.008888	0.101149	0.072046	0.034447	0.044454	0.007124	0.000147	0.069893	0.000147	0.000147	0.077366	0.004134	0.010520	0.018367	0.006482	0.026937	0.019667	0.011265	0.025976	0.016023	0.004329	0.000147	0.003405	0.000147	0.005358	0.060566	0.011023	0.017537	0.014814	0.001144	0.002672	0.010761	0.026546	0.001506	0.000147	0.052489	0.041753	
0.001164	0.009570	0.000708	0.011458	0.001985	0.073442	0.004377	0.001396	0.041695	0.003601	0.017446	0.002628	0.000483	0.011169	0.109990	0.078378	0.033881	0.056165	0.004519	0.000146	0.081484	0.000146	0.000146	0.077838	0.002645	0.011378	0.023182	0.007083	0.029140	0.013326	0.004081	0.023860	0.017447	0.001517	0.000146	0.001930	0.000146	0.003598	0.065888	0.011980	0.005858	0.009862	0.000771	0.002912	0.007178	0.029143	0.000998	0.000146	0.064210	0.037756	
0.002328	0.000784	0.001260	0.013799	0.002370	0.005074	0.003012	0.003228	0.031817	0.004320	0.001356	0.004687	0.000816	0.000960	0.194489	0.138584	0.008839	0.003914	0.010919	0.000151	0.017094	0.000151	0.000151	0.138200	0.006304	0.019995	0.001699	0.005480	0.051469	0.009832	0.007748	0.044299	0.013440	0.002855	0.000151	0.002303	0.000151	0.002782	0.116481	0.021091	0.011435	0.007556	0.001690	0.002276	0.005510	0.005908	0.002249	0.000151	0.005983	0.062857	
0.003783	0.002273	0.000733	0.028185	0.004713	0.016621	0.017453	0.002069	0.192681	0.008717	0.004060	0.006510	0.000502	0.002670	0.010120	0.007158	0.010436	0.012740	0.006850	0.000156	0.065357	0.000156	0.000156	0.009696	0.003981	0.001295	0.005331	0.084746	0.002814	0.058920	0.007033	0.007683	0.210153	0.001563	0.000156	0.004575	0.000156	0.016151	0.006040	0.001215	0.006033	0.045178	0.001113	0.033874	0.032738	0.014203	0.001460	0.000156	0.017790	0.021845	
0.005073	0.000869	0.000734	0.032291	0.005381	0.005689	0.018714	0.004117	0.207670	0.009972	0.001485	0.008944	0.000504	0.001077	0.008924	0.006291	0.005908	0.004385	0.014016	0.000158	0.058840	0.000158	0.000158	0.008913	0.008077	0.001192	0.001896	0.082581	0.002495	0.063409	0.007377	0.012392	0.204836	0.001564	0.000158	0.005223	0.000158	0.017397	0.005312	0.001086	0.006081	0.048684	0.002138	0.033012	0.035275	0.011591	0.002857	0.000158	0.008706	0.026075	
0.003404	0.000748	0.001505	0.014980	0.002567	0.004755	0.024386	0.002060	0.271317	0.004684	0.001295	0.004985	0.000966	0.000890	0.005768	0.004103	0.010153	0.003671	0.006818	0.000157	0.045440	0.000157	0.000157	0.010507	0.003963	0.000794	0.001602	0.071403	0.001778	0.082789	0.011290	0.007997	0.177363	0.003447	0.000157	0.002493	0.000157	0.022684	0.003473	0.000754	0.013847	0.063567	0.001108	0.028556	0.046046	0.006147	0.001455	0.000157	0.008880	0.012620	
0.002980	0.003706	0.003605	0.010863	0.001892	0.027805	0.020614	0.002362	0.227263	0.003423	0.006808	0.004444	0.002223	0.004349	0.005124	0.003657	0.032329	0.021286	0.007891	0.000151	0.057962	0.000151	0.000151	0.020275	0.004574	0.000705	0.008842	0.049175	0.001862	0.069530	0.023453	0.011943	0.122209	0.008578	0.000151	0.001840	0.000151	0.019019	0.003097	0.000681	0.035151	0.053260	0.001257	0.019692	0.038585	0.012996	0.001659	0.000151	0.029676	0.010448	
0.012590	0.008355	0.000995	0.033444	0.005561	0.063981	0.002378	0.016937	0.020025	0.010317	0.015228	0.021468	0.000656	0.010105	0.006998	0.004912	0.031677	0.048935	0.058911	0.000148	0.127095	0.000148	0.000148	0.009194	0.033727	0.000993	0.020210	0.049358	0.002011	0.006659	0.010488	0.043098	0.122030	0.002215	0.000148	0.005397	0.000148	0.001799	0.004151	0.000869	0.009104	0.004796	0.008543	0.019763	0.003512	0.032331	0.011595	0.000148	0.056605	0.040093	
0.006094	0.006172	0.005098	0.035478	0.005889	0.047019	0.007390	0.008181	0.077576	0.010937	0.011392	0.012159	0.003117	0.007359	0.027729	0.019677	0.049282	0.035970	0.028268	0.000146	0.082123	0.000146	0.000146	0.043011	0.016216	0.003110	0.014877	0.023462	0.007962	0.024067	0.032916	0.032517	0.058105	0.012231	0.000146	0.005715	0.000146	0.006578	0.016558	0.003100	0.050452	0.018252	0.004163	0.009440	0.013249	0.026994	0.005624	0.000146	0.046108	0.037511	
0.025945	0.000981	0.002649	0.010166	0.001777	0.006623	0.001443	0.037043	0.014134	0.003208	0.001775	0.039928	0.001649	0.001959	0.007625	0.005441	0.017828	0.005097	0.129277	0.000149	0.107416	0.000149	0.000149	0.018154	0.073936	0.000954	0.002184	0.053030	0.002406	0.004455	0.024841	0.093623	0.131099	0.006248	0.000149	0.001728	0.000149	0.001311	0.004596	0.000950	0.026282	0.003419	0.018596	0.021227	0.002516	0.005375	0.025304	0.000149	0.008116	0.046792	
0.025570	0.000801	0.003698	0.028998	0.004838	0.005224	0.005773	0.038440	0.062777	0.008960	0.001487	0.042149	0.002278	0.001780	0.009507	0.006716	0.023547	0.004028	0.134169	0.000148	0.093622	0.000148	0.000148	0.024488	0.076732	0.001229	0.001744	0.006727	0.003003	0.019262	0.029932	0.099145	0.016626	0.008808	0.000148	0.004696	0.000148	0.005351	0.005667	0.001142	0.036937	0.014794	0.019294	0.002771	0.010747	0.010452	0.026256	0.000148	0.008820	0.060125	
0.029065	0.001848	0.001568	0.009253	0.001629	0.013361	0.006138	0.043744	0.066208	0.002930	0.003320	0.045724	0.001000	0.003122	0.009366	0.006685	0.014136	0.010247	0.152730	0.000149	0.107994	0.000149	0.000149	0.014269	0.087338	0.001128	0.004302	0.006696	0.002736	0.020366	0.017979	0.108189	0.016559	0.003611	0.000149	0.001584	0.000149	0.005637	0.005642	0.001138	0.015500	0.015597	0.021946	0.002759	0.011328	0.007464	0.029873	0.000149	0.013646	0.053752	
