0.000704	0.001706	0.000704	0.000704	0.000704	0.000704	0.000704	0.000704	0.000704	0.000704	0.000704	0.000704	0.000704	0.001205	0.000704	0.000704	0.000704	0.000704	0.000704	0.000704	0.000704	0.000704	0.000704	0.000704	0.000704	0.000704	0.000704	0.000704	0.000704	0.001022	0.000704	0.000704	0.002327	0.000988	0.000988	0.000704	0.000704	0.003318	0.002920	0.000704	0.000704	0.000704	0.000704	0.000704	0.000704	0.000704	0.000704	0.000704	0.000704	0.956665	
0.000658	0.000902	0.000658	0.000658	0.000658	0.000658	0.000658	0.000658	0.000658	0.000658	0.000658	0.000658	0.000658	0.000780	0.000658	0.000658	0.000658	0.000658	0.000658	0.000658	0.000658	0.000658	0.000658	0.000658	0.000658	0.000658	0.000658	0.000658	0.000658	0.003517	0.000658	0.000658	0.001358	0.000906	0.000906	0.000658	0.000658	0.001671	0.003306	0.000658	0.000658	0.000658	0.000658	0.000658	0.000658	0.000658	0.000658	0.000658	0.000658	0.959695	
0.000677	0.000981	0.000677	0.000677	0.000677	0.000677	0.000677	0.000677	0.000677	0.000677	0.000677	0.000677	0.000677	0.000829	0.000677	0.000677	0.000677	0.000677	0.000677	0.000677	0.000677	0.000677	0.000677	0.000677	0.000677	0.000677	0.000677	0.000677	0.000677	0.002327	0.000677	0.000677	0.001504	0.001116	0.001116	0.000677	0.000677	0.002375	0.004862	0.000677	0.000677	0.000677	0.000677	0.000677	0.000677	0.000677	0.000677	0.000677	0.000677	0.957148	
0.000599	0.001436	0.000599	0.000599	0.000599	0.000599	0.000599	0.000599	0.000599	0.000599	0.000599	0.000599	0.000599	0.001018	0.000599	0.000599	0.000599	0.000599	0.000599	0.000599	0.000599	0.000599	0.000599	0.000599	0.000599	0.000599	0.000599	0.000599	0.000599	0.002633	0.000599	0.000599	0.001358	0.000915	0.000915	0.000599	0.000599	0.016049	0.003811	0.000599	0.000599	0.000599	0.000599	0.000599	0.000599	0.000599	0.000599	0.000599	0.000599	0.947322	
0.000630	0.001140	0.000630	0.000630	0.000630	0.000630	0.000630	0.000630	0.000630	0.000630	0.000630	0.000630	0.000630	0.000885	0.000630	0.000630	0.000630	0.000630	0.000630	0.000630	0.000630	0.000630	0.000630	0.000630	0.000630	0.000630	0.000630	0.000630	0.000630	0.000993	0.000630	0.000630	0.001595	0.001861	0.001861	0.000630	0.000630	0.018293	0.008903	0.000630	0.000630	0.000630	0.000630	0.000630	0.000630	0.000630	0.000630	0.000630	0.000630	0.938626	
0.000617	0.001553	0.000617	0.000617	0.000617	0.000617	0.000617	0.000617	0.000617	0.000617	0.000617	0.000617	0.000617	0.001085	0.000617	0.000617	0.000617	0.000617	0.000617	0.000617	0.000617	0.000617	0.000617	0.000617	0.000617	0.000617	0.000617	0.000617	0.000617	0.002847	0.000617	0.000617	0.003923	0.001225	0.001225	0.000617	0.000617	0.012419	0.004654	0.000617	0.000617	0.000617	0.000617	0.000617	0.000617	0.000617	0.000617	0.000617	0.000617	0.945782	
0.000622	0.002700	0.000622	0.000622	0.000622	0.000622	0.000622	0.000622	0.000622	0.000622	0.000622	0.000622	0.000622	0.001661	0.000622	0.000622	0.000622	0.000622	0.000622	0.000622	0.000622	0.000622	0.000622	0.000622	0.000622	0.000622	0.000622	0.000622	0.000622	0.000865	0.000622	0.000622	0.001373	0.001262	0.001262	0.000622	0.000622	0.017460	0.004699	0.000622	0.000622	0.000622	0.000622	0.000622	0.000622	0.000622	0.000622	0.000622	0.000622	0.943198	
0.000613	0.002392	0.000613	0.000613	0.000613	0.000613	0.000613	0.000613	0.000613	0.000613	0.000613	0.000613	0.000613	0.001502	0.000613	0.000613	0.000613	0.000613	0.000613	0.000613	0.000613	0.000613	0.000613	0.000613	0.000613	0.000613	0.000613	0.000613	0.000613	0.004484	0.000613	0.000613	0.006206	0.001376	0.001376	0.000613	0.000613	0.001633	0.005701	0.000613	0.000613	0.000613	0.000613	0.000613	0.000613	0.000613	0.000613	0.000613	0.000613	0.950208	
0.000551	0.003332	0.000551	0.000551	0.000551	0.000551	0.000551	0.000551	0.000551	0.000551	0.000551	0.000551	0.000551	0.001942	0.000551	0.000551	0.000551	0.000551	0.000551	0.000551	0.000551	0.000551	0.000551	0.000551	0.000551	0.000551	0.000551	0.000551	0.000551	0.006426	0.000551	0.000551	0.001265	0.000855	0.000855	0.000551	0.000551	0.001584	0.002949	0.000551	0.000551	0.000551	0.000551	0.000551	0.000551	0.000551	0.000551	0.000551	0.000551	0.958198	
0.000601	0.007270	0.000601	0.000601	0.000601	0.000601	0.000601	0.000601	0.000601	0.000601	0.000601	0.000601	0.000601	0.003935	0.000601	0.000601	0.000601	0.000601	0.000601	0.000601	0.000601	0.000601	0.000601	0.000601	0.000601	0.000601	0.000601	0.000601	0.000601	0.000950	0.000601	0.000601	0.001211	0.001682	0.001682	0.000601	0.000601	0.003112	0.008154	0.000601	0.000601	0.000601	0.000601	0.000601	0.000601	0.000601	0.000601	0.000601	0.000601	0.947353	
0.000595	0.005981	0.000595	0.000595	0.000595	0.000595	0.000595	0.000595	0.000595	0.000595	0.000595	0.000595	0.000595	0.003288	0.000595	0.000595	0.000595	0.000595	0.000595	0.000595	0.000595	0.000595	0.000595	0.000595	0.000595	0.000595	0.000595	0.000595	0.000595	0.002186	0.000595	0.000595	0.001404	0.001404	0.001404	0.000595	0.000595	0.003549	0.006281	0.000595	0.000595	0.000595	0.000595	0.000595	0.000595	0.000595	0.000595	0.000595	0.000595	0.950115	
0.000616	0.006904	0.000616	0.000616	0.000616	0.000616	0.000616	0.000616	0.000616	0.000616	0.000616	0.000616	0.000616	0.003760	0.000616	0.000616	0.000616	0.000616	0.000616	0.000616	0.000616	0.000616	0.000616	0.000616	0.000616	0.000616	0.000616	0.000616	0.000616	0.000867	0.000616	0.000616	0.001779	0.002465	0.002465	0.000616	0.000616	0.002031	0.012048	0.000616	0.000616	0.000616	0.000616	0.000616	0.000616	0.000616	0.000616	0.000616	0.000616	0.942420	
0.000654	0.001577	0.000654	0.000654	0.000654	0.000654	0.000654	0.000654	0.000654	0.000654	0.000654	0.000654	0.000654	0.001116	0.000654	0.000654	0.000654	0.000654	0.000654	0.000654	0.000654	0.000654	0.000654	0.000654	0.000654	0.000654	0.000654	0.000654	0.000654	0.002617	0.000654	0.000654	0.001501	0.003902	0.003902	0.000654	0.000654	0.001369	0.020556	0.000654	0.000654	0.000654	0.000654	0.000654	0.000654	0.000654	0.000654	0.000654	0.000654	0.936647	
0.000649	0.000942	0.000649	0.000649	0.000649	0.000649	0.000649	0.000649	0.000649	0.000649	0.000649	0.000649	0.000649	0.000796	0.000649	0.000649	0.000649	0.000649	0.000649	0.000649	0.000649	0.000649	0.000649	0.000649	0.000649	0.000649	0.000649	0.000649	0.000649	0.002664	0.000649	0.000649	0.002234	0.004277	0.004277	0.000649	0.000649	0.001719	0.023822	0.000649	0.000649	0.000649	0.000649	0.000649	0.000649	0.000649	0.000649	0.000649	0.000649	0.932662	
0.000667	0.001039	0.000667	0.000667	0.000667	0.000667	0.000667	0.000667	0.000667	0.000667	0.000667	0.000667	0.000667	0.000853	0.000667	0.000667	0.000667	0.000667	0.000667	0.000667	0.000667	0.000667	0.000667	0.000667	0.000667	0.000667	0.000667	0.000667	0.000667	0.001851	0.000667	0.000667	0.001619	0.005272	0.005272	0.000667	0.000667	0.002228	0.028708	0.000667	0.000667	0.000667	0.000667	0.000667	0.000667	0.000667	0.000667	0.000667	0.000667	0.925805	
0.000626	0.001118	0.000626	0.000626	0.000626	0.000626	0.000626	0.000626	0.000626	0.000626	0.000626	0.000626	0.000626	0.000872	0.000626	0.000626	0.000626	0.000626	0.000626	0.000626	0.000626	0.000626	0.000626	0.000626	0.000626	0.000626	0.000626	0.000626	0.000626	0.002237	0.000626	0.000626	0.002527	0.001012	0.001012	0.000626	0.000626	0.001654	0.009838	0.000626	0.000626	0.000626	0.000626	0.000626	0.000626	0.000626	0.000626	0.000626	0.000626	0.954046	
0.000620	0.000895	0.000620	0.000620	0.000620	0.000620	0.000620	0.000620	0.000620	0.000620	0.000620	0.000620	0.000620	0.000758	0.000620	0.000620	0.000620	0.000620	0.000620	0.000620	0.000620	0.000620	0.000620	0.000620	0.000620	0.000620	0.000620	0.000620	0.000620	0.001914	0.000620	0.000620	0.001764	0.000806	0.000806	0.000620	0.000620	0.001357	0.010671	0.000620	0.000620	0.000620	0.000620	0.000620	0.000620	0.000620	0.000620	0.000620	0.000620	0.955600	
0.000631	0.001070	0.000631	0.000631	0.000631	0.000631	0.000631	0.000631	0.000631	0.000631	0.000631	0.000631	0.000631	0.000851	0.000631	0.000631	0.000631	0.000631	0.000631	0.000631	0.000631	0.000631	0.000631	0.000631	0.000631	0.000631	0.000631	0.000631	0.000631	0.000952	0.000631	0.000631	0.001669	0.000784	0.000784	0.000631	0.000631	0.004794	0.009815	0.000631	0.000631	0.000631	0.000631	0.000631	0.000631	0.000631	0.000631	0.000631	0.000631	0.953397	
0.000599	0.004741	0.000599	0.000599	0.000599	0.000599	0.000599	0.000599	0.000599	0.000599	0.000599	0.000599	0.000599	0.002670	0.000599	0.000599	0.000599	0.000599	0.000599	0.000599	0.000599	0.000599	0.000599	0.000599	0.000599	0.000599	0.000599	0.000599	0.000599	0.002168	0.000599	0.000599	0.001204	0.000769	0.000769	0.000599	0.000599	0.002435	0.005176	0.000599	0.000599	0.000599	0.000599	0.000599	0.000599	0.000599	0.000599	0.000599	0.000599	0.955519	
0.000697	0.000889	0.000697	0.000697	0.000697	0.000697	0.000697	0.000697	0.000697	0.000697	0.000697	0.000697	0.000697	0.000793	0.000697	0.000697	0.000697	0.000697	0.000697	0.000697	0.000697	0.000697	0.000697	0.000697	0.000697	0.000697	0.000697	0.000697	0.000697	0.002027	0.000697	0.000697	0.013456	0.001095	0.001095	0.000697	0.000697	0.001211	0.004397	0.000697	0.000697	0.000697	0.000697	0.000697	0.000697	0.000697	0.000697	0.000697	0.000697	0.946458	
0.000645	0.003113	0.000645	0.000645	0.000645	0.000645	0.000645	0.000645	0.000645	0.000645	0.000645	0.000645	0.000645	0.001879	0.000645	0.000645	0.000645	0.000645	0.000645	0.000645	0.000645	0.000645	0.000645	0.000645	0.000645	0.000645	0.000645	0.000645	0.000645	0.002068	0.000645	0.000645	0.007869	0.001405	0.001405	0.000645	0.000645	0.001733	0.007161	0.000645	0.000645	0.000645	0.000645	0.000645	0.000645	0.000645	0.000645	0.000645	0.000645	0.946911	
0.000630	0.001318	0.000630	0.000630	0.000630	0.000630	0.000630	0.000630	0.000630	0.000630	0.000630	0.000630	0.000630	0.000974	0.000630	0.000630	0.000630	0.000630	0.000630	0.000630	0.000630	0.000630	0.000630	0.000630	0.000630	0.000630	0.000630	0.000630	0.000630	0.002157	0.000630	0.000630	0.003314	0.001170	0.001170	0.000630	0.000630	0.012086	0.005239	0.000630	0.000630	0.000630	0.000630	0.000630	0.000630	0.000630	0.000630	0.000630	0.000630	0.946755	
0.000707	0.001067	0.000707	0.000707	0.000707	0.000707	0.000707	0.000707	0.000707	0.000707	0.000707	0.000707	0.000707	0.000887	0.000707	0.000707	0.000707	0.000707	0.000707	0.000707	0.000707	0.000707	0.000707	0.000707	0.000707	0.000707	0.000707	0.000707	0.000707	0.000932	0.000707	0.000707	0.015243	0.001029	0.001029	0.000707	0.000707	0.002699	0.004701	0.000707	0.000707	0.000707	0.000707	0.000707	0.000707	0.000707	0.000707	0.000707	0.000707	0.943418	
0.000595	0.000892	0.000595	0.000595	0.000595	0.000595	0.000595	0.000595	0.000595	0.000595	0.000595	0.000595	0.000595	0.000744	0.000595	0.000595	0.000595	0.000595	0.000595	0.000595	0.000595	0.000595	0.000595	0.000595	0.000595	0.000595	0.000595	0.000595	0.000595	0.003814	0.000595	0.000595	0.001509	0.000745	0.000745	0.000595	0.000595	0.013070	0.002770	0.000595	0.000595	0.000595	0.000595	0.000595	0.000595	0.000595	0.000595	0.000595	0.000595	0.951322	
