0	0	0	0	0	0	0	
163	0	1	0	0	0	0	
20	29	0	0	0	0	12	
27	1	97	0	0	0	257	
0	0	0	0	0	0	0	
38	0	0	0	0	0	0	
35	0	0	0	0	0	0	
0	0	0	0	159	0	0	
0	0	0	110	0	0	0	
0	0	0	0	0	0	0	
0	0	0	0	0	44	0	
127	0	0	0	0	7	0	
0	0	0	0	0	0	0	
0	0	0	0	0	0	180	
0	0	0	0	0	0	0	
52	1	30	0	0	110	104	
0	0	48	0	0	69	69	
22	0	56	0	0	0	0	
0	0	124	0	0	0	0	
0	0	0	0	48	0	1	
1	0	0	234	0	0	0	
0	0	0	0	0	148	0	
0	0	0	0	33	0	0	
0	0	0	0	0	0	0	
0	53	0	0	0	0	0	
130	108	0	0	0	0	0	
0	0	200	19	0	6	0	
1	0	0	0	137	0	0	
23	24	0	73	0	0	110	
0	116	0	0	0	0	0	
0	0	0	0	0	0	50	
0	0	0	0	0	0	0	
0	0	0	0	0	0	0	
0	0	0	0	0	0	0	
0	0	0	0	0	0	0	
0	114	0	61	0	1	0	
60	0	0	0	0	0	0	
0	63	0	0	0	0	0	
0	0	0	0	0	107	0	
0	0	0	0	0	0	0	
0	110	0	119	11	0	0	
0	0	0	127	0	0	0	
0	0	0	0	0	0	0	
0	0	36	1	0	22	0	
0	0	0	0	0	0	0	
0	0	0	0	0	0	0	
0	0	0	0	74	0	0	
0	0	0	0	59	0	55	
66	0	0	84	0	72	0	
0	0	0	0	0	0	0	
