0	0	0	18	0	0	0	
78	0	0	0	0	0	138	
16	116	0	0	1	0	0	
0	0	0	0	145	0	52	
0	0	0	0	0	0	0	
24	18	0	0	0	0	0	
0	0	0	0	9	132	0	
0	0	0	0	28	46	0	
0	0	0	0	0	0	0	
50	0	58	28	0	0	0	
0	0	3	0	0	0	72	
0	0	20	0	0	0	0	
0	0	0	0	0	0	0	
0	0	0	128	0	0	0	
0	0	0	0	0	0	336	
0	0	0	0	0	0	0	
0	0	89	0	0	0	0	
0	69	0	0	0	0	0	
0	0	0	0	0	0	0	
0	232	3	0	2	0	0	
78	0	322	0	3	0	0	
105	0	2	0	0	139	5	
0	0	0	0	0	0	0	
0	0	0	0	0	0	0	
39	23	0	0	0	0	0	
0	0	0	0	264	0	0	
0	0	0	0	0	25	0	
0	0	0	0	0	0	0	
80	0	0	0	0	0	0	
0	0	0	17	0	67	4	
0	0	0	0	0	0	0	
0	0	380	0	38	0	0	
0	0	0	0	0	0	0	
173	0	0	0	0	0	2	
0	0	0	40	0	0	0	
0	0	84	45	0	0	0	
0	108	0	0	0	0	0	
0	0	65	0	0	54	0	
0	0	0	0	0	0	0	
0	0	0	0	0	0	0	
0	0	0	0	0	0	0	
0	0	0	0	0	0	0	
0	0	0	0	0	0	0	
0	0	0	0	0	0	0	
0	0	1	0	0	0	19	
0	0	0	30	0	0	62	
0	0	0	0	144	0	0	
0	20	0	0	0	0	0	
0	0	0	0	0	0	0	
0	0	0	228	0	188	0	
