0.433363	0.010616	0.058207	0.000810	0.027742	0.047578	0.063748	0.055403	0.052370	0.090658	0.005455	0.014903	0.020325	0.035688	0.083135	
0.454637	0.005890	0.067711	0.001295	0.022734	0.027373	0.066034	0.069155	0.066594	0.072209	0.007967	0.034166	0.031949	0.028757	0.043529	
0.467189	0.008480	0.052510	0.001301	0.025224	0.036925	0.065165	0.072002	0.038302	0.090990	0.008446	0.021552	0.028197	0.018841	0.064876	
0.530144	0.000981	0.031817	0.013826	0.016920	0.081791	0.126883	0.017432	0.019659	0.013136	0.092134	0.013841	0.015546	0.021470	0.004421	
0.331060	0.002779	0.098527	0.003749	0.034642	0.027350	0.088138	0.015861	0.133099	0.018710	0.023989	0.071337	0.034897	0.103378	0.012482	
0.465751	0.001335	0.097115	0.005463	0.016656	0.034620	0.077829	0.052134	0.069262	0.027027	0.035426	0.040597	0.031046	0.039536	0.006203	
0.429426	0.001178	0.036675	0.003929	0.020903	0.026381	0.130800	0.010192	0.179008	0.009216	0.025122	0.066492	0.013710	0.041332	0.005636	
0.321598	0.004096	0.102828	0.000799	0.018722	0.046707	0.047152	0.020147	0.194017	0.033285	0.004326	0.023523	0.027953	0.119951	0.034895	
0.356656	0.005392	0.091674	0.004090	0.026280	0.056748	0.061516	0.023155	0.111688	0.041756	0.026796	0.023388	0.028874	0.101271	0.040714	
0.312065	0.002461	0.122229	0.002864	0.018483	0.052781	0.040838	0.017421	0.179245	0.020583	0.018013	0.022172	0.033777	0.136415	0.020653	
0.291273	0.002711	0.125513	0.000995	0.015933	0.051170	0.022588	0.023606	0.205176	0.029610	0.005415	0.013905	0.037519	0.149368	0.025218	
0.277137	0.001552	0.138511	0.004103	0.024248	0.051819	0.041985	0.008779	0.173313	0.008871	0.026199	0.034397	0.039970	0.159297	0.009818	
0.457685	0.004285	0.129018	0.001211	0.015242	0.024968	0.033423	0.084740	0.046438	0.060001	0.007052	0.027688	0.038389	0.038306	0.031554	
0.416469	0.001265	0.155271	0.001372	0.017871	0.010040	0.034739	0.078119	0.073912	0.035786	0.007590	0.052978	0.047425	0.063378	0.003785	
0.436460	0.001542	0.154060	0.001012	0.014851	0.010820	0.027240	0.088298	0.063250	0.043963	0.005210	0.044619	0.047936	0.053310	0.007428	
0.491285	0.001477	0.031312	0.001124	0.016295	0.014937	0.017286	0.134785	0.039657	0.118250	0.006194	0.012128	0.075034	0.030176	0.010062	
0.504440	0.001351	0.021748	0.000829	0.016064	0.008926	0.037841	0.125741	0.056715	0.108470	0.004185	0.023958	0.066435	0.014689	0.008608	
0.518441	0.001956	0.014217	0.000999	0.016923	0.011871	0.019622	0.146875	0.018351	0.131978	0.005449	0.010739	0.077187	0.011945	0.013447	
0.476591	0.007193	0.025275	0.003547	0.025876	0.046038	0.068709	0.073410	0.027305	0.095861	0.023502	0.013154	0.035585	0.023380	0.054574	
0.167681	0.003130	0.190338	0.000963	0.051990	0.009604	0.015782	0.034755	0.113911	0.032454	0.004943	0.089775	0.074864	0.202554	0.007257	
0.343461	0.004666	0.093648	0.002663	0.033384	0.033162	0.059191	0.040664	0.099665	0.051363	0.016960	0.047885	0.043110	0.100347	0.029830	
0.433258	0.002634	0.044621	0.003244	0.021396	0.028198	0.116862	0.020985	0.154854	0.023111	0.020701	0.058127	0.015696	0.038723	0.017590	
0.399648	0.001122	0.050585	0.000751	0.020659	0.011244	0.103036	0.029777	0.198950	0.024719	0.003570	0.068589	0.025961	0.055676	0.005711	
0.409905	0.006162	0.057643	0.001497	0.025041	0.035333	0.086631	0.034368	0.123702	0.052568	0.009408	0.040118	0.020086	0.050860	0.046678	
