0	84	0	0	0	0	0	
0	0	0	0	0	0	128	
0	0	41	0	0	0	0	
0	90	0	43	0	0	0	
0	0	0	0	0	133	14	
0	0	0	0	0	262	0	
0	0	0	0	22	0	0	
1	0	0	0	0	0	171	
0	169	0	0	0	0	0	
0	76	0	0	39	0	0	
0	0	0	55	0	0	0	
0	0	0	99	0	0	0	
0	0	12	0	0	0	0	
0	0	16	0	0	0	0	
0	1	0	130	0	0	1	
0	0	0	0	0	0	0	
0	0	72	0	0	0	0	
0	180	1	25	0	0	53	
261	2	0	0	0	0	0	
5	0	0	0	184	4	1	
0	43	0	0	0	0	49	
18	0	0	0	0	0	0	
0	0	0	0	0	0	0	
0	0	0	0	0	0	0	
0	0	0	1	0	0	28	
37	0	0	0	0	3	0	
0	0	0	0	0	0	219	
79	0	0	0	0	0	0	
0	0	0	0	0	0	0	
0	0	0	0	84	0	0	
66	0	0	0	0	0	0	
0	0	25	0	0	0	0	
0	0	0	0	0	26	0	
0	0	79	0	0	0	0	
1	0	0	0	0	21	43	
4	73	0	0	0	220	0	
0	0	22	0	0	0	0	
0	0	0	177	0	0	0	
0	0	0	0	0	0	0	
0	56	131	0	0	9	0	
0	0	105	0	0	0	0	
0	0	0	0	0	0	0	
0	0	145	0	0	0	0	
0	0	0	0	0	0	16	
0	42	0	0	0	0	0	
0	0	0	0	88	0	0	
0	95	0	0	0	0	0	
0	0	183	0	8	0	0	
0	0	0	135	0	0	0	
0	0	1	0	0	23	0	
