0.417544	0.007101	0.032364	0.001099	0.045249	0.030892	0.067378	0.169410	0.036531	0.138789	0.003334	0.013049	0.016504	0.012702	0.008053	
0.414703	0.004541	0.071375	0.002936	0.031842	0.039976	0.052645	0.088555	0.050466	0.076595	0.017409	0.029677	0.038036	0.049250	0.031994	
0.426399	0.005901	0.041866	0.002712	0.038349	0.045044	0.057206	0.138065	0.034988	0.115241	0.007569	0.015734	0.018921	0.022455	0.029550	
0.443788	0.001011	0.058464	0.005939	0.007374	0.061706	0.091060	0.014287	0.120113	0.021625	0.014593	0.051874	0.023998	0.024076	0.060093	
0.308606	0.002488	0.112317	0.001624	0.022367	0.014087	0.096814	0.034410	0.134658	0.022846	0.032064	0.072187	0.052602	0.086093	0.006837	
0.309143	0.001841	0.101381	0.003335	0.017728	0.033486	0.099380	0.033228	0.135353	0.020471	0.030476	0.070860	0.037899	0.077193	0.028225	
0.448022	0.004254	0.026201	0.001613	0.026888	0.018952	0.101212	0.058709	0.122330	0.066673	0.008834	0.047689	0.045432	0.019014	0.004178	
0.274748	0.002470	0.122326	0.001078	0.017321	0.021585	0.043556	0.046030	0.193074	0.036471	0.012157	0.038798	0.024457	0.159115	0.006815	
0.349226	0.000834	0.069163	0.004640	0.005504	0.051996	0.081142	0.007885	0.195975	0.015493	0.011070	0.052754	0.016229	0.093701	0.044390	
0.339645	0.001033	0.126675	0.001530	0.006251	0.020579	0.060783	0.016180	0.206633	0.015646	0.006956	0.043656	0.023240	0.123815	0.007377	
0.371681	0.000820	0.129829	0.003706	0.004249	0.049028	0.010641	0.010812	0.169992	0.016532	0.004825	0.020604	0.017434	0.146464	0.043382	
0.251973	0.002717	0.106805	0.001351	0.021500	0.019900	0.078352	0.051471	0.180998	0.036206	0.022051	0.058573	0.030708	0.131294	0.006101	
0.570114	0.000866	0.186573	0.001091	0.004764	0.008859	0.036998	0.019238	0.056825	0.016711	0.005276	0.021412	0.048396	0.017909	0.004968	
0.395342	0.001742	0.168491	0.001981	0.014848	0.023758	0.028275	0.031168	0.089598	0.020649	0.020734	0.034214	0.045598	0.102561	0.021038	
0.357003	0.003122	0.154199	0.000919	0.025052	0.014264	0.045347	0.064823	0.079329	0.043071	0.024438	0.039997	0.047113	0.094607	0.006717	
0.639042	0.004387	0.018793	0.004174	0.025722	0.046147	0.013622	0.013775	0.021908	0.059027	0.005053	0.008247	0.075964	0.014978	0.049159	
0.604418	0.004882	0.031787	0.002731	0.030373	0.029718	0.017638	0.017876	0.028242	0.059289	0.009867	0.015135	0.086544	0.030764	0.030738	
0.530731	0.005032	0.038096	0.003124	0.031055	0.042484	0.039096	0.080893	0.031634	0.088082	0.004837	0.011848	0.043606	0.014858	0.034623	
0.488576	0.002659	0.044856	0.005275	0.016301	0.060996	0.055444	0.038427	0.083466	0.050119	0.007999	0.028025	0.029780	0.030154	0.057922	
0.197057	0.003786	0.135062	0.002107	0.035697	0.026542	0.066144	0.075506	0.088628	0.041228	0.047377	0.068192	0.051081	0.139113	0.022481	
0.242225	0.002941	0.116740	0.001747	0.027841	0.017037	0.087732	0.040243	0.132852	0.023623	0.040841	0.076656	0.056771	0.121196	0.011554	
0.467644	0.002841	0.033532	0.003604	0.017646	0.038339	0.081520	0.021866	0.126148	0.041583	0.009792	0.044726	0.044388	0.034909	0.031461	
0.347814	0.004671	0.092784	0.000653	0.033202	0.015276	0.044715	0.072591	0.105217	0.064992	0.019132	0.035927	0.050855	0.108771	0.003400	
0.463987	0.003843	0.073857	0.003059	0.026117	0.037729	0.037567	0.050070	0.061857	0.056893	0.014915	0.026684	0.051275	0.058301	0.033845	
