0.008577	0.007256	0.054005	0.005785	0.024898	0.013880	0.008735	0.001975	0.002756	0.004846	0.007702	0.169679	0.000153	0.011960	0.003748	0.001508	0.014249	0.001639	0.007371	0.041525	0.058027	0.001314	0.020255	0.003065	0.076640	0.013162	0.013880	0.000153	0.000153	0.060398	0.073148	0.000464	0.001925	0.001314	0.000153	0.001328	0.046259	0.004307	0.000945	0.028470	0.013150	0.050881	0.073893	0.007702	0.001314	0.038678	0.003755	0.003487	0.000153	0.009378	
0.000678	0.027845	0.050959	0.031198	0.001663	0.012431	0.011453	0.010101	0.012490	0.007551	0.013654	0.010401	0.000169	0.060052	0.007698	0.002590	0.097647	0.003282	0.035925	0.057201	0.068574	0.002244	0.019371	0.006211	0.005417	0.031264	0.012431	0.000169	0.000169	0.053983	0.006686	0.000821	0.004589	0.002244	0.000169	0.002631	0.005291	0.013057	0.002144	0.038436	0.030756	0.046837	0.005011	0.013654	0.002244	0.041063	0.022952	0.005011	0.000169	0.101418	
0.000696	0.008674	0.091401	0.022551	0.001681	0.024067	0.012166	0.007361	0.004193	0.005628	0.006134	0.010420	0.000187	0.018423	0.003799	0.001255	0.073050	0.001681	0.008490	0.083068	0.106191	0.001102	0.034395	0.003496	0.004979	0.011682	0.024067	0.000187	0.000187	0.104991	0.005340	0.000500	0.001821	0.001102	0.000187	0.001368	0.003956	0.004638	0.000917	0.048769	0.011408	0.081526	0.004949	0.006134	0.001102	0.060296	0.005431	0.002543	0.000187	0.081623	
0.008381	0.012619	0.006221	0.033842	0.024365	0.001054	0.004894	0.009901	0.001714	0.002200	0.003488	0.166153	0.000132	0.026929	0.008812	0.000734	0.102753	0.003721	0.006371	0.030421	0.022129	0.000648	0.003916	0.007390	0.075125	0.041019	0.001054	0.000132	0.000132	0.004179	0.073676	0.000883	0.006074	0.000648	0.000132	0.002969	0.044560	0.010075	0.002787	0.003862	0.021263	0.011719	0.072778	0.003488	0.000648	0.005459	0.003130	0.006671	0.000132	0.118620	
0.005412	0.064664	0.015607	0.031094	0.015629	0.001579	0.005253	0.004340	0.014214	0.004383	0.009600	0.106263	0.000139	0.062104	0.037580	0.001837	0.039153	0.015620	0.044005	0.013897	0.015695	0.001595	0.012940	0.003943	0.049243	0.022977	0.001579	0.000139	0.000139	0.006460	0.046794	0.003379	0.003210	0.001595	0.000139	0.012380	0.029851	0.029203	0.001511	0.021022	0.057248	0.028872	0.046417	0.009600	0.001595	0.012516	0.027533	0.024559	0.000139	0.035355	
0.007511	0.043245	0.014575	0.025594	0.021806	0.002095	0.006171	0.003803	0.007121	0.002769	0.005338	0.148608	0.000134	0.044239	0.028555	0.001068	0.036147	0.011885	0.022590	0.018697	0.015618	0.000934	0.011056	0.008139	0.067833	0.045019	0.002095	0.000134	0.000134	0.008742	0.066491	0.002593	0.006644	0.000934	0.000134	0.009425	0.040261	0.023644	0.003043	0.012766	0.045768	0.026150	0.064831	0.005338	0.000934	0.009605	0.013597	0.019093	0.000134	0.036960	
0.008215	0.066010	0.014572	0.027411	0.023877	0.001321	0.002353	0.001240	0.009892	0.001692	0.003471	0.162817	0.000131	0.040230	0.045268	0.000731	0.010181	0.018793	0.031348	0.006528	0.007559	0.000645	0.014803	0.001831	0.074671	0.011294	0.001321	0.000131	0.000131	0.005351	0.070008	0.004037	0.001478	0.000645	0.000131	0.014887	0.043676	0.030005	0.000733	0.014960	0.055444	0.032285	0.070894	0.003471	0.000645	0.006052	0.019107	0.029786	0.000131	0.007806	
0.002761	0.027147	0.014494	0.020605	0.007835	0.002564	0.017764	0.006088	0.009176	0.006176	0.012525	0.052847	0.000143	0.093514	0.010070	0.002365	0.055416	0.004247	0.027899	0.037410	0.023365	0.002048	0.006369	0.027781	0.024445	0.151391	0.002564	0.000143	0.000143	0.010770	0.033665	0.001002	0.022821	0.002048	0.000143	0.003388	0.016278	0.027025	0.010276	0.016266	0.056399	0.018758	0.023259	0.012525	0.002048	0.017565	0.017562	0.006770	0.000143	0.051994	
0.002650	0.014437	0.007321	0.022265	0.007518	0.001319	0.019862	0.007032	0.004366	0.003907	0.006724	0.050697	0.000138	0.095896	0.005162	0.001320	0.069621	0.002215	0.013361	0.045170	0.018797	0.001151	0.003227	0.036774	0.023179	0.200170	0.001319	0.000138	0.000138	0.005321	0.036406	0.000573	0.030293	0.001151	0.000138	0.001781	0.014666	0.027889	0.013611	0.007770	0.055326	0.012205	0.022414	0.006724	0.001151	0.009160	0.008285	0.003641	0.000138	0.075483	
0.003991	0.031429	0.012526	0.008179	0.011456	0.002606	0.016951	0.002179	0.014037	0.003842	0.007134	0.077680	0.000138	0.113075	0.006661	0.001394	0.017749	0.002835	0.043024	0.031332	0.015102	0.001215	0.005448	0.029387	0.035767	0.160750	0.002606	0.000138	0.000138	0.010970	0.044876	0.000703	0.024142	0.001215	0.000138	0.002271	0.021863	0.028478	0.010863	0.022661	0.056783	0.016942	0.033900	0.007134	0.001215	0.012487	0.027076	0.004760	0.000138	0.012615	
0.004353	0.016407	0.010101	0.019577	0.012526	0.001731	0.018325	0.005210	0.002030	0.003993	0.007223	0.085023	0.000135	0.077708	0.010620	0.001408	0.049529	0.004470	0.006459	0.038882	0.017241	0.001226	0.005376	0.032901	0.038640	0.178810	0.001731	0.000135	0.000135	0.007140	0.049438	0.001043	0.027080	0.001226	0.000135	0.003563	0.023816	0.027264	0.012174	0.005494	0.054315	0.016789	0.037242	0.007223	0.001226	0.010586	0.003670	0.007316	0.000135	0.051217	
0.005436	0.039223	0.006649	0.008108	0.015711	0.001149	0.012700	0.001396	0.017175	0.002078	0.003497	0.106858	0.000133	0.113500	0.009195	0.000737	0.012297	0.003880	0.053169	0.022637	0.007181	0.000651	0.004158	0.023792	0.049090	0.131366	0.001149	0.000133	0.000133	0.004591	0.055065	0.000917	0.019595	0.000651	0.000133	0.003096	0.028910	0.027870	0.008829	0.024097	0.053821	0.013046	0.046573	0.003497	0.000651	0.005682	0.033382	0.006547	0.000133	0.009736	
0.003900	0.039189	0.016436	0.012338	0.011179	0.003887	0.011044	0.004190	0.021792	0.003726	0.006818	0.075744	0.000144	0.115343	0.002937	0.001342	0.040044	0.001299	0.066537	0.029719	0.023519	0.001171	0.006148	0.016135	0.035153	0.089338	0.003887	0.000144	0.000144	0.016570	0.038678	0.000386	0.013158	0.001171	0.000144	0.001057	0.021298	0.021652	0.005959	0.035040	0.044190	0.017574	0.033164	0.006818	0.001171	0.015087	0.042112	0.002386	0.000144	0.038997	
0.000850	0.058015	0.015497	0.015413	0.002208	0.003504	0.011780	0.004169	0.029854	0.003003	0.004996	0.014257	0.000149	0.152030	0.007850	0.001019	0.041643	0.003333	0.090722	0.031570	0.021514	0.000895	0.007030	0.019118	0.007906	0.106319	0.003504	0.000149	0.000149	0.014874	0.013730	0.000815	0.015636	0.000895	0.000149	0.002667	0.004743	0.029976	0.007069	0.044799	0.057766	0.018197	0.006447	0.004996	0.000895	0.012452	0.057931	0.005124	0.000149	0.042246	
0.000648	0.090640	0.012981	0.012676	0.001612	0.002543	0.005082	0.002330	0.046603	0.002576	0.005009	0.010167	0.000150	0.185854	0.013099	0.001022	0.022931	0.005504	0.142161	0.014451	0.014519	0.000898	0.007209	0.005705	0.006881	0.035683	0.002543	0.000150	0.000150	0.010653	0.006600	0.001271	0.004621	0.000898	0.000150	0.004384	0.003667	0.032229	0.002148	0.064788	0.061530	0.016503	0.004577	0.005009	0.000898	0.010273	0.090820	0.008430	0.000150	0.018621	
0.000674	0.026267	0.023513	0.034714	0.001664	0.000810	0.023161	0.016938	0.013395	0.031212	0.074965	0.010445	0.000163	0.056037	0.004151	0.013589	0.125709	0.001812	0.040688	0.015735	0.052399	0.011671	0.002211	0.001654	0.005431	0.010088	0.000810	0.000163	0.000163	0.003000	0.005125	0.000509	0.001363	0.011671	0.000163	0.001467	0.016303	0.009406	0.000700	0.018511	0.056480	0.013449	0.004897	0.074965	0.011671	0.073560	0.025993	0.002758	0.000163	0.067611	
0.000806	0.006511	0.032578	0.037185	0.002040	0.001720	0.030084	0.019579	0.001613	0.040076	0.096376	0.012990	0.000169	0.012406	0.003798	0.017437	0.137380	0.001669	0.004448	0.017078	0.066216	0.014970	0.003370	0.002246	0.006070	0.011481	0.001720	0.000169	0.000169	0.006977	0.006427	0.000483	0.001811	0.014970	0.000169	0.001355	0.020821	0.004016	0.000902	0.004861	0.057733	0.018787	0.005974	0.096376	0.014970	0.096209	0.002826	0.002552	0.000169	0.059257	
0.000762	0.010001	0.035923	0.030778	0.001912	0.002619	0.031652	0.016877	0.001992	0.039352	0.094503	0.012115	0.000169	0.019875	0.006288	0.017100	0.109743	0.002699	0.005449	0.016625	0.064308	0.014682	0.005337	0.006034	0.005738	0.031729	0.002619	0.000169	0.000169	0.010923	0.007563	0.000698	0.004893	0.014682	0.000169	0.002169	0.020254	0.007872	0.002280	0.006987	0.063721	0.023287	0.005472	0.094503	0.014682	0.096456	0.003471	0.004126	0.000169	0.028403	
0.003853	0.010593	0.013917	0.052843	0.011033	0.003289	0.005139	0.016851	0.003146	0.003018	0.004098	0.074729	0.000147	0.032666	0.005147	0.000856	0.176963	0.002214	0.009495	0.051704	0.043295	0.000755	0.005954	0.005820	0.033948	0.031680	0.003289	0.000147	0.000147	0.013939	0.034098	0.000579	0.004681	0.000755	0.000147	0.001781	0.020544	0.007634	0.002172	0.009748	0.016462	0.015429	0.033379	0.004098	0.000755	0.011104	0.005675	0.003783	0.000147	0.206358	
0.000489	0.094654	0.020436	0.054617	0.001148	0.001599	0.004973	0.007194	0.014821	0.003784	0.007716	0.006994	0.000149	0.067553	0.063792	0.001507	0.071191	0.026463	0.044918	0.022136	0.020369	0.001313	0.020522	0.004513	0.005076	0.025642	0.001599	0.000149	0.000149	0.006515	0.004790	0.005657	0.003681	0.001313	0.000149	0.020955	0.003314	0.043953	0.001727	0.021826	0.080701	0.041827	0.003419	0.007716	0.001313	0.010729	0.028710	0.040580	0.000149	0.075509	
0.002813	0.039768	0.018114	0.033997	0.007985	0.002884	0.013370	0.007009	0.005346	0.004500	0.008463	0.053864	0.000144	0.065469	0.027520	0.001637	0.068081	0.011463	0.016116	0.036885	0.025184	0.001423	0.011847	0.020789	0.025076	0.112856	0.002884	0.000144	0.000144	0.012173	0.031269	0.002513	0.017042	0.001423	0.000144	0.009094	0.015818	0.030192	0.007694	0.011875	0.058782	0.028347	0.023779	0.008463	0.001423	0.014386	0.010029	0.017851	0.000144	0.071788	
0.003758	0.076562	0.020544	0.046001	0.010768	0.001818	0.006806	0.004218	0.003836	0.002749	0.005237	0.072955	0.000140	0.035653	0.063461	0.001055	0.040415	0.026321	0.011857	0.020498	0.015245	0.000924	0.020736	0.009756	0.034300	0.053006	0.001818	0.000140	0.000140	0.007505	0.034963	0.005620	0.007992	0.000924	0.000140	0.020841	0.020276	0.041937	0.003648	0.007986	0.076283	0.043675	0.031963	0.005237	0.000924	0.008863	0.007193	0.040777	0.000140	0.042391	
0.001632	0.099201	0.034571	0.053656	0.004503	0.004063	0.007333	0.003227	0.003232	0.004845	0.010100	0.029976	0.000149	0.023903	0.085208	0.001935	0.026022	0.035318	0.009206	0.019895	0.023294	0.001680	0.030121	0.006124	0.015338	0.032088	0.004063	0.000149	0.000149	0.017326	0.015163	0.007510	0.004897	0.001680	0.000149	0.027957	0.009809	0.050927	0.002271	0.011260	0.093440	0.062631	0.013195	0.010100	0.001680	0.018631	0.005758	0.054314	0.000149	0.020171	
0.002150	0.064464	0.016574	0.051882	0.006037	0.001322	0.007942	0.008713	0.005353	0.003804	0.007367	0.040519	0.000144	0.047212	0.050168	0.001440	0.087220	0.020827	0.016278	0.030093	0.021973	0.001255	0.016210	0.011208	0.019506	0.061239	0.001322	0.000144	0.000144	0.005314	0.021760	0.004473	0.009213	0.001255	0.000144	0.016498	0.012098	0.036434	0.004196	0.009044	0.067907	0.034521	0.018071	0.007367	0.001255	0.009772	0.010211	0.032141	0.000144	0.095672	
