1
1
1
1
1
1
1
1
1
31
31
31
31
31
31
31
34
34
34
34
34
34
34
34
34
34
34
31
31
31
31
31
31
31
31
31
31
31
31
31
31
49
49
49
49
49
49
49
49
49
49
49
49
49
49
49
49
49
49
49
49
49
49
49
13
13
13
13
13
13
13
13
13
13
13
13
13
13
13
41
41
41
41
41
41
41
41
41
41
41
41
41
41
41
41
41
41
41
41
41
48
34
34
34
34
34
34
34
34
34
49
49
49
49
49
49
49
49
49
49
49
49
49
49
49
49
49
49
49
49
49
49
49
49
49
13
13
13
13
13
13
41
41
41
41
41
41
41
41
41
41
41
41
41
41
41
41
41
41
41
41
41
41
41
41
41
41
41
41
41
18
18
18
18
18
18
18
18
18
18
18
18
18
18
18
18
18
18
18
18
18
18
36
36
36
36
36
36
36
36
36
36
36
44
44
44
44
44
44
44
44
44
44
44
25
25
25
25
25
25
25
25
25
25
25
25
25
25
25
25
25
39
