18	0	0	0	0	0	0	
0	0	87	0	38	0	0	
0	0	77	36	0	0	1	
0	56	0	30	0	0	0	
0	1	0	0	0	0	28	
0	0	0	0	0	0	18	
0	2	0	4	18	19	0	
0	0	0	12	0	0	21	
35	0	0	0	12	0	0	
0	0	0	14	0	0	0	
0	0	0	82	0	0	0	
130	0	0	0	2	45	113	
0	0	0	0	0	0	0	
0	1	0	0	213	128	0	
38	0	68	0	0	0	0	
0	0	0	14	0	0	0	
0	295	0	13	0	16	0	
0	0	37	0	0	1	0	
0	0	3	0	139	0	0	
0	0	0	0	0	0	112	
0	0	0	98	2	0	65	
0	0	9	28	0	0	0	
47	0	8	0	0	0	0	
0	0	0	0	0	81	0	
81	0	0	0	0	0	86	
0	0	0	0	63	211	0	
0	0	0	14	0	0	0	
0	0	0	14	0	0	0	
0	43	0	0	0	0	0	
0	0	0	41	0	0	13	
0	0	0	0	0	65	89	
9	0	0	0	0	0	0	
1	0	0	0	0	47	0	
0	14	0	0	0	0	0	
0	0	0	14	0	0	0	
0	0	25	0	0	0	0	
85	0	0	0	0	0	0	
40	0	36	0	13	27	0	
0	0	0	0	0	22	0	
0	0	0	0	99	0	0	
9	69	96	0	32	130	0	
0	0	48	22	0	11	0	
34	2	0	0	0	2	85	
0	0	0	96	0	0	0	
28	0	0	0	0	0	24	
4	0	0	125	0	21	0	
0	0	19	0	53	0	0	
72	0	0	0	0	0	0	
0	0	0	0	0	0	0	
0	258	0	0	0	0	1	
