6
6
6
6
6
6
6
6
6
6
6
6
6
6
6
6
6
6
6
6
6
6
6
6
6
6
6
6
6
6
6
6
6
31
31
31
31
31
31
31
31
31
31
31
31
31
31
31
31
31
31
9
9
9
9
9
9
9
9
9
9
9
9
9
9
9
9
9
9
9
9
9
9
9
9
9
32
32
32
32
32
32
32
32
32
32
32
44
44
44
44
44
44
44
44
44
44
44
12
12
12
12
12
12
12
12
12
12
12
12
12
12
12
6
6
6
6
6
6
6
6
6
6
6
6
6
6
6
6
6
6
6
6
6
6
6
21
21
21
21
21
21
21
15
15
15
15
15
15
15
15
15
15
15
15
15
15
15
15
15
15
15
15
15
15
15
15
15
15
15
8
8
8
8
8
8
8
8
8
8
8
45
45
45
45
45
45
45
45
45
45
45
45
45
45
45
45
45
45
45
45
45
45
45
45
42
