0.000152	0.000152	0.003090	0.026915	0.036399	0.009550	0.001163	0.010278	0.075504	0.006472	0.000152	0.004549	0.003058	0.000152	0.001911	0.003605	0.021699	0.000152	0.000152	0.010818	0.051398	0.001538	0.000152	0.001689	0.000152	0.012587	0.000152	0.010913	0.019513	0.000152	0.003133	0.054219	0.021438	0.000152	0.004348	0.076116	0.040479	0.054331	0.015391	0.000152	0.085963	0.009243	0.232660	0.011972	0.002299	0.024906	0.046808	0.000152	0.001911	0.000152	
0.000152	0.000152	0.008056	0.057310	0.016288	0.021413	0.002438	0.006029	0.057444	0.015445	0.000152	0.026327	0.009092	0.000152	0.010622	0.005183	0.019848	0.000152	0.000152	0.022533	0.049712	0.003880	0.000152	0.002372	0.000152	0.074019	0.000152	0.031560	0.052153	0.000152	0.006896	0.024218	0.018455	0.000152	0.015730	0.033966	0.021811	0.069627	0.006639	0.000152	0.054192	0.011101	0.103657	0.070354	0.003538	0.011172	0.044171	0.000152	0.010622	0.000152	
0.000157	0.000157	0.015277	0.071575	0.010480	0.005386	0.000719	0.006240	0.042959	0.014360	0.000157	0.035360	0.015697	0.000157	0.014238	0.008432	0.019274	0.000157	0.000157	0.034783	0.042254	0.007289	0.000157	0.003882	0.000157	0.099519	0.000157	0.045879	0.099612	0.000157	0.001815	0.015553	0.008668	0.000157	0.022109	0.021721	0.018867	0.033349	0.004341	0.000157	0.038662	0.005767	0.066374	0.094590	0.005294	0.007207	0.046037	0.000157	0.014238	0.000157	
0.000139	0.000139	0.015052	0.008166	0.007653	0.013616	0.001588	0.004866	0.164998	0.017681	0.000139	0.001946	0.012171	0.000139	0.000862	0.006028	0.050321	0.000139	0.000139	0.032816	0.131197	0.007173	0.000139	0.002766	0.000139	0.005296	0.000139	0.013968	0.098184	0.000139	0.004414	0.011352	0.010465	0.000139	0.004571	0.016366	0.012667	0.123582	0.003865	0.000139	0.115532	0.021464	0.048336	0.005044	0.007248	0.005270	0.010670	0.000139	0.000862	0.000139	
0.000143	0.000143	0.016924	0.016236	0.008957	0.023652	0.002671	0.018316	0.084253	0.023426	0.000143	0.002515	0.013761	0.000143	0.001092	0.029140	0.045916	0.000143	0.000143	0.067770	0.061816	0.008059	0.000143	0.013182	0.000143	0.007141	0.000143	0.063507	0.110949	0.000143	0.007600	0.013339	0.019441	0.000143	0.018977	0.022232	0.032715	0.088450	0.009252	0.000143	0.060681	0.014330	0.056679	0.006809	0.008209	0.006162	0.012738	0.000143	0.001092	0.000143	
0.000144	0.000144	0.021519	0.010687	0.012408	0.034513	0.003839	0.005998	0.093672	0.031680	0.000144	0.002134	0.017332	0.000144	0.000940	0.006406	0.030680	0.000144	0.000144	0.046848	0.072450	0.010227	0.000144	0.002888	0.000144	0.005821	0.000144	0.014674	0.140629	0.000144	0.011046	0.018441	0.022391	0.000144	0.004824	0.026409	0.017788	0.115980	0.005661	0.000144	0.073729	0.018481	0.078815	0.005543	0.007668	0.008519	0.016412	0.000144	0.000940	0.000144	
0.000146	0.000146	0.014919	0.011430	0.009599	0.006347	0.000813	0.037523	0.011056	0.014487	0.000146	0.001740	0.012062	0.000146	0.000784	0.076073	0.065897	0.000146	0.000146	0.123171	0.004759	0.007115	0.000146	0.034421	0.000146	0.005457	0.000146	0.163002	0.098777	0.000146	0.002113	0.014260	0.008630	0.000146	0.047427	0.020957	0.071198	0.014199	0.005650	0.000146	0.015312	0.002214	0.060782	0.005234	0.010417	0.006602	0.012743	0.000146	0.000784	0.000146	
0.000146	0.000146	0.031710	0.027897	0.002797	0.050776	0.005590	0.007351	0.058711	0.046663	0.000146	0.008983	0.026126	0.000146	0.003681	0.004976	0.018632	0.000146	0.000146	0.063296	0.043307	0.015035	0.000146	0.002205	0.000146	0.025115	0.000146	0.016920	0.207495	0.000146	0.016206	0.004172	0.031648	0.000146	0.007182	0.011266	0.007056	0.121419	0.009277	0.000146	0.036407	0.018216	0.017147	0.023878	0.009441	0.001956	0.011732	0.000146	0.003681	0.000146	
0.000164	0.000164	0.034921	0.098803	0.003345	0.010151	0.001238	0.046832	0.084707	0.031949	0.000164	0.002192	0.028622	0.000164	0.000975	0.005797	0.008187	0.000164	0.000164	0.061826	0.008179	0.016559	0.000164	0.002684	0.000164	0.005944	0.000164	0.013665	0.228502	0.000164	0.003332	0.005609	0.063826	0.000164	0.004557	0.055224	0.009428	0.023591	0.078492	0.000164	0.010161	0.003639	0.020572	0.005660	0.009384	0.002337	0.005836	0.000164	0.000975	0.000164	
0.000130	0.000130	0.004144	0.033308	0.002052	0.155006	0.016783	0.014277	0.030041	0.069092	0.000130	0.003366	0.003838	0.000130	0.001424	0.004397	0.005553	0.000130	0.000130	0.039838	0.008718	0.002023	0.000130	0.001681	0.000130	0.009293	0.000130	0.010031	0.026562	0.000130	0.049257	0.003193	0.090475	0.000130	0.003788	0.019330	0.005405	0.282546	0.022478	0.000130	0.008873	0.039363	0.012462	0.008840	0.002391	0.001443	0.005487	0.000130	0.001424	0.000130	
0.000133	0.000133	0.003848	0.046496	0.001392	0.132981	0.014418	0.023004	0.050333	0.059502	0.000133	0.002510	0.003629	0.000133	0.001084	0.008415	0.011326	0.000133	0.000133	0.040667	0.015215	0.001886	0.000133	0.003551	0.000133	0.006918	0.000133	0.018147	0.024690	0.000133	0.042273	0.002320	0.088994	0.000133	0.005913	0.025514	0.008249	0.248361	0.034647	0.000133	0.013508	0.034870	0.008209	0.006585	0.002711	0.000993	0.003889	0.000133	0.001084	0.000133	
0.000128	0.000128	0.003767	0.020468	0.004157	0.159540	0.017269	0.009715	0.021361	0.070719	0.000128	0.002389	0.003358	0.000128	0.001032	0.005710	0.006737	0.000128	0.000128	0.041815	0.008582	0.001844	0.000128	0.002262	0.000128	0.006555	0.000128	0.011996	0.024122	0.000128	0.050694	0.006243	0.086086	0.000128	0.004109	0.017507	0.008396	0.290726	0.013351	0.000128	0.011634	0.040494	0.025974	0.006238	0.002435	0.002880	0.007016	0.000128	0.001032	0.000128	
0.000154	0.000154	0.004384	0.032793	0.037182	0.029163	0.003273	0.014496	0.032033	0.015827	0.000154	0.004580	0.004130	0.000154	0.001924	0.007116	0.011308	0.000154	0.000154	0.020925	0.012675	0.002149	0.000154	0.003227	0.000154	0.012709	0.000154	0.018184	0.028074	0.000154	0.009356	0.055426	0.034378	0.000154	0.006450	0.080740	0.044114	0.059816	0.020146	0.000154	0.055502	0.008728	0.237674	0.012089	0.002157	0.025441	0.047753	0.000154	0.001924	0.000154	
0.000157	0.000157	0.026682	0.030786	0.024030	0.007854	0.000985	0.010839	0.051136	0.024446	0.000157	0.005640	0.021877	0.000157	0.002350	0.002938	0.013861	0.000157	0.000157	0.045236	0.030546	0.012669	0.000157	0.001394	0.000157	0.015649	0.000157	0.010375	0.174378	0.000157	0.002599	0.035827	0.020003	0.000157	0.004468	0.054421	0.027345	0.035377	0.016914	0.000157	0.053314	0.005945	0.153292	0.014882	0.007562	0.016460	0.033370	0.000157	0.002350	0.000157	
0.000141	0.000141	0.010646	0.014099	0.020848	0.091147	0.009927	0.007663	0.015359	0.047118	0.000141	0.002287	0.008754	0.000141	0.001000	0.007187	0.008926	0.000141	0.000141	0.041723	0.007719	0.005096	0.000141	0.003102	0.000141	0.006263	0.000141	0.015818	0.069254	0.000141	0.029009	0.031022	0.052345	0.000141	0.005190	0.044073	0.026874	0.167600	0.008232	0.000141	0.031717	0.023468	0.132967	0.005963	0.003902	0.014282	0.026443	0.000141	0.001000	0.000141	
0.000150	0.000150	0.002040	0.084690	0.002669	0.032186	0.003594	0.010799	0.051085	0.015254	0.000150	0.040491	0.005744	0.000150	0.016286	0.015254	0.025844	0.000150	0.000150	0.028619	0.048118	0.001041	0.000150	0.006893	0.000150	0.114072	0.000150	0.064214	0.012880	0.000150	0.010312	0.003961	0.022454	0.000150	0.028665	0.009449	0.016512	0.084672	0.007079	0.000150	0.032456	0.012994	0.016311	0.108424	0.002857	0.001870	0.041827	0.000150	0.016286	0.000150	
0.000153	0.000153	0.001836	0.098326	0.001736	0.005382	0.000715	0.008287	0.100488	0.003707	0.000153	0.044644	0.006044	0.000153	0.017949	0.003263	0.028308	0.000153	0.000153	0.007720	0.085300	0.000947	0.000153	0.001545	0.000153	0.125650	0.000153	0.042307	0.011271	0.000153	0.001811	0.002617	0.013555	0.000153	0.023397	0.010608	0.006257	0.064205	0.012115	0.000153	0.060447	0.011354	0.010307	0.119422	0.002444	0.001234	0.044717	0.000153	0.017949	0.000153	
0.000158	0.000158	0.003088	0.110854	0.003778	0.006432	0.000832	0.024237	0.057332	0.005145	0.000158	0.040793	0.006798	0.000158	0.016412	0.018510	0.024856	0.000158	0.000158	0.029792	0.036673	0.001540	0.000158	0.008430	0.000158	0.114946	0.000158	0.071666	0.019793	0.000158	0.002148	0.005799	0.026188	0.000158	0.030890	0.024440	0.020774	0.029845	0.028202	0.000158	0.024440	0.005052	0.023382	0.109257	0.003021	0.002630	0.043406	0.000158	0.016412	0.000158	
0.000170	0.000170	0.001857	0.195425	0.003478	0.004378	0.000622	0.090139	0.163501	0.003294	0.000170	0.002773	0.003198	0.000170	0.001211	0.002977	0.005970	0.000170	0.000170	0.007162	0.010453	0.000966	0.000170	0.001428	0.000170	0.007541	0.000170	0.008181	0.011309	0.000170	0.001505	0.006522	0.120077	0.000170	0.003126	0.104993	0.008770	0.014870	0.157562	0.000170	0.012021	0.002509	0.021387	0.007177	0.001054	0.002429	0.006542	0.000170	0.001211	0.000170	
0.000140	0.000140	0.017327	0.021784	0.002191	0.046096	0.005082	0.019681	0.076620	0.033279	0.000140	0.003923	0.014243	0.000140	0.001653	0.029297	0.042901	0.000140	0.000140	0.072655	0.054161	0.008247	0.000140	0.013196	0.000140	0.011119	0.000140	0.064716	0.113613	0.000140	0.014718	0.003297	0.030911	0.000140	0.019675	0.011603	0.025916	0.122510	0.011645	0.000140	0.045699	0.018769	0.013298	0.010589	0.008252	0.001541	0.006173	0.000140	0.001653	0.000140	
0.000148	0.000148	0.025726	0.040555	0.002052	0.020424	0.002328	0.016654	0.092557	0.029029	0.000148	0.009906	0.021556	0.000148	0.004051	0.014345	0.033470	0.000148	0.000148	0.061051	0.063765	0.012213	0.000148	0.006510	0.000148	0.027816	0.000148	0.037947	0.168392	0.000148	0.006580	0.003145	0.023826	0.000148	0.013466	0.015138	0.014177	0.082601	0.018145	0.000148	0.051835	0.013524	0.012363	0.026450	0.009081	0.001449	0.011745	0.000148	0.004051	0.000148	
0.000142	0.000142	0.009818	0.011846	0.002064	0.007538	0.000937	0.044456	0.019062	0.010951	0.000142	0.002576	0.008092	0.000142	0.001115	0.093008	0.082150	0.000142	0.000142	0.137912	0.012136	0.004706	0.000142	0.042063	0.000142	0.008004	0.000142	0.199720	0.065674	0.000142	0.002488	0.003041	0.007184	0.000142	0.058204	0.006400	0.077146	0.021905	0.004386	0.000142	0.011697	0.003515	0.012474	0.007664	0.010787	0.001455	0.004729	0.000142	0.001115	0.000142	
0.000137	0.000137	0.005002	0.015427	0.003016	0.019085	0.002174	0.026841	0.110330	0.012040	0.000137	0.002577	0.004309	0.000137	0.001113	0.049413	0.069887	0.000137	0.000137	0.075553	0.083443	0.002432	0.000137	0.022345	0.000137	0.007547	0.000137	0.106782	0.033138	0.000137	0.006147	0.004493	0.015567	0.000137	0.031447	0.010612	0.042986	0.096885	0.008114	0.000137	0.070814	0.016204	0.018607	0.007205	0.007483	0.002103	0.005850	0.000137	0.001113	0.000137	
0.000148	0.000148	0.004341	0.069429	0.002214	0.016837	0.001942	0.053590	0.088320	0.010560	0.000148	0.002565	0.004191	0.000148	0.001114	0.052919	0.054778	0.000148	0.000148	0.078728	0.030841	0.002126	0.000148	0.023940	0.000148	0.007530	0.000148	0.114243	0.028817	0.000148	0.005442	0.003700	0.047658	0.000148	0.033597	0.037104	0.045803	0.052769	0.052753	0.000148	0.027082	0.008395	0.013400	0.007191	0.006457	0.001559	0.004886	0.000148	0.001114	0.000148	
