0.016886	0.028707	0.031071	0.028707	0.031071	0.021614	0.841945	
0.083873	0.386976	0.024207	0.038527	0.176952	0.028981	0.260484	
0.026468	0.249746	0.054971	0.019342	0.332881	0.047845	0.268748	
0.021873	0.485988	0.033835	0.383117	0.029050	0.024265	0.021873	
0.201760	0.021666	0.035884	0.469533	0.208869	0.035884	0.026405	
0.035714	0.033356	0.056941	0.439016	0.356469	0.056941	0.021563	
0.021614	0.023978	0.035799	0.693009	0.042891	0.026342	0.156366	
0.033593	0.278249	0.247370	0.088225	0.059722	0.235494	0.057346	
0.038435	0.371769	0.214626	0.057483	0.019388	0.257483	0.040816	
0.034079	0.024441	0.703959	0.060585	0.048537	0.091910	0.036489	
0.040147	0.030780	0.464035	0.028438	0.028438	0.386751	0.021412	
0.345093	0.034579	0.442892	0.056584	0.039469	0.049249	0.032134	
0.025853	0.032814	0.037454	0.042095	0.250912	0.568777	0.042095	
0.104497	0.162368	0.035053	0.041997	0.234127	0.400794	0.021164	
0.116611	0.079402	0.046844	0.093355	0.304983	0.325914	0.032890	
0.026721	0.316889	0.019527	0.024323	0.499144	0.038712	0.074683	
0.026786	0.288805	0.021978	0.029190	0.560440	0.046016	0.026786	
0.055498	0.597465	0.065091	0.043508	0.125043	0.074683	0.038712	
0.021769	0.171769	0.476531	0.038435	0.186054	0.040816	0.064626	
0.558257	0.038163	0.028707	0.038163	0.135089	0.175279	0.026342	
0.298420	0.207074	0.163805	0.103709	0.132555	0.072459	0.021978	
0.310273	0.189208	0.034244	0.102041	0.240055	0.094777	0.029402	
0.241308	0.026850	0.075043	0.038898	0.395525	0.036489	0.185886	
0.237184	0.143882	0.098428	0.160629	0.234792	0.067327	0.057758	
