0	0	0	2	52	22	0	
0	21	21	39	0	0	0	
30	21	0	0	0	0	1	
49	0	62	0	141	0	25	
0	0	0	7	0	35	0	
0	0	29	2	0	0	70	
0	90	0	0	0	49	0	
0	0	0	195	82	0	3	
0	0	0	0	0	101	0	
0	126	76	0	0	0	0	
0	0	13	0	0	0	0	
0	0	0	82	0	82	0	
74	86	0	38	1	0	0	
0	0	102	0	0	0	0	
1	0	0	24	0	0	0	
0	39	0	0	1	0	70	
34	105	0	0	0	0	0	
0	0	0	0	26	0	0	
0	0	20	0	46	20	0	
0	0	13	0	0	0	0	
0	0	3	63	0	0	0	
0	0	25	0	0	0	0	
0	0	0	0	0	0	99	
0	0	0	0	42	0	0	
0	40	16	0	0	0	0	
0	0	0	0	91	0	0	
4	0	0	107	1	83	0	
0	0	0	0	0	0	89	
0	16	0	0	0	0	0	
0	0	0	0	0	0	52	
0	0	0	0	0	0	92	
46	0	0	0	0	40	0	
0	65	107	0	0	0	0	
0	32	0	0	0	0	0	
0	0	0	0	16	0	0	
58	0	0	14	64	0	0	
0	202	0	104	5	0	61	
0	0	0	20	65	0	15	
120	0	0	0	0	0	0	
18	0	0	0	0	0	0	
0	0	0	12	0	0	0	
0	0	0	0	12	0	0	
29	0	1	0	30	0	0	
0	27	0	0	1	41	0	
0	0	0	0	0	0	16	
0	0	0	0	0	0	0	
0	0	83	0	0	0	52	
0	0	12	0	0	0	0	
188	0	0	0	0	0	0	
0	0	0	0	0	88	0	
