0.000619	0.002444	0.000619	0.000619	0.000619	0.000619	0.000619	0.000619	0.000619	0.000619	0.000619	0.000619	0.000619	0.001474	0.000619	0.000619	0.000619	0.000619	0.000619	0.000619	0.000619	0.000619	0.000619	0.000619	0.000619	0.000619	0.000619	0.000619	0.000619	0.007800	0.000619	0.000619	0.004580	0.000825	0.000811	0.000619	0.000619	0.001650	0.006380	0.000619	0.000619	0.000619	0.000619	0.000619	0.000619	0.000619	0.000619	0.000619	0.000619	0.948677	
0.000599	0.004141	0.000599	0.000599	0.000599	0.000599	0.000599	0.000599	0.000599	0.000599	0.000599	0.000599	0.000599	0.000750	0.000599	0.000599	0.000599	0.000599	0.000599	0.000599	0.000599	0.000599	0.000599	0.000599	0.000599	0.000599	0.000599	0.000599	0.000599	0.002044	0.000599	0.000599	0.002430	0.000990	0.000820	0.000599	0.000599	0.002555	0.008598	0.000599	0.000599	0.000599	0.000599	0.000599	0.000599	0.000599	0.000599	0.000599	0.000599	0.953129	
0.000601	0.004406	0.000601	0.000601	0.000601	0.000601	0.000601	0.000601	0.000601	0.000601	0.000601	0.000601	0.000601	0.001038	0.000601	0.000601	0.000601	0.000601	0.000601	0.000601	0.000601	0.000601	0.000601	0.000601	0.000601	0.000601	0.000601	0.000601	0.000601	0.002235	0.000601	0.000601	0.002360	0.000924	0.000730	0.000601	0.000601	0.002213	0.009534	0.000601	0.000601	0.000601	0.000601	0.000601	0.000601	0.000601	0.000601	0.000601	0.000601	0.951906	
0.000615	0.001037	0.000615	0.000615	0.000615	0.000615	0.000615	0.000615	0.000615	0.000615	0.000615	0.000615	0.000615	0.000816	0.000615	0.000615	0.000615	0.000615	0.000615	0.000615	0.000615	0.000615	0.000615	0.000615	0.000615	0.000615	0.000615	0.000615	0.000615	0.001023	0.000615	0.000615	0.001421	0.005342	0.000805	0.000615	0.000615	0.024249	0.006779	0.000615	0.000615	0.000615	0.000615	0.000615	0.000615	0.000615	0.000615	0.000615	0.000615	0.933325	
0.000632	0.001188	0.000632	0.000632	0.000632	0.000632	0.000632	0.000632	0.000632	0.000632	0.000632	0.000632	0.000632	0.000750	0.000632	0.000632	0.000632	0.000632	0.000632	0.000632	0.000632	0.000632	0.000632	0.000632	0.000632	0.000632	0.000632	0.000632	0.000632	0.001068	0.000632	0.000632	0.002867	0.002489	0.002306	0.000632	0.000632	0.009918	0.005510	0.000632	0.000632	0.000632	0.000632	0.000632	0.000632	0.000632	0.000632	0.000632	0.000632	0.947985	
0.000620	0.001093	0.000620	0.000620	0.000620	0.000620	0.000620	0.000620	0.000620	0.000620	0.000620	0.000620	0.000620	0.000901	0.000620	0.000620	0.000620	0.000620	0.000620	0.000620	0.000620	0.000620	0.000620	0.000620	0.000620	0.000620	0.000620	0.000620	0.000620	0.001168	0.000620	0.000620	0.002118	0.004501	0.000964	0.000620	0.000620	0.020025	0.006354	0.000620	0.000620	0.000620	0.000620	0.000620	0.000620	0.000620	0.000620	0.000620	0.000620	0.937469	
0.000631	0.001061	0.000631	0.000631	0.000631	0.000631	0.000631	0.000631	0.000631	0.000631	0.000631	0.000631	0.000631	0.000881	0.000631	0.000631	0.000631	0.000631	0.000631	0.000631	0.000631	0.000631	0.000631	0.000631	0.000631	0.000631	0.000631	0.000631	0.000631	0.001125	0.000631	0.000631	0.004029	0.002795	0.000946	0.000631	0.000631	0.011452	0.004471	0.000631	0.000631	0.000631	0.000631	0.000631	0.000631	0.000631	0.000631	0.000631	0.000631	0.947378	
0.000612	0.003523	0.000612	0.000612	0.000612	0.000612	0.000612	0.000612	0.000612	0.000612	0.000612	0.000612	0.000612	0.000829	0.000612	0.000612	0.000612	0.000612	0.000612	0.000612	0.000612	0.000612	0.000612	0.000612	0.000612	0.000612	0.000612	0.000612	0.000612	0.001048	0.000612	0.000612	0.002214	0.000974	0.001851	0.000612	0.000612	0.002424	0.008470	0.000612	0.000612	0.000612	0.000612	0.000612	0.000612	0.000612	0.000612	0.000612	0.000612	0.953593	
0.000640	0.002682	0.000640	0.000640	0.000640	0.000640	0.000640	0.000640	0.000640	0.000640	0.000640	0.000640	0.000640	0.001980	0.000640	0.000640	0.000640	0.000640	0.000640	0.000640	0.000640	0.000640	0.000640	0.000640	0.000640	0.000640	0.000640	0.000640	0.000640	0.001206	0.000640	0.000640	0.003023	0.001174	0.002086	0.000640	0.000640	0.003308	0.009383	0.000640	0.000640	0.000640	0.000640	0.000640	0.000640	0.000640	0.000640	0.000640	0.000640	0.948902	
0.000674	0.005524	0.000674	0.000674	0.000674	0.000674	0.000674	0.000674	0.000674	0.000674	0.000674	0.000674	0.000674	0.005243	0.000674	0.000674	0.000674	0.000674	0.000674	0.000674	0.000674	0.000674	0.000674	0.000674	0.000674	0.000674	0.000674	0.000674	0.000674	0.001149	0.000674	0.000674	0.001632	0.000970	0.001315	0.000674	0.000674	0.002154	0.020448	0.000674	0.000674	0.000674	0.000674	0.000674	0.000674	0.000674	0.000674	0.000674	0.000674	0.933916	
0.000667	0.004831	0.000667	0.000667	0.000667	0.000667	0.000667	0.000667	0.000667	0.000667	0.000667	0.000667	0.000667	0.004628	0.000667	0.000667	0.000667	0.000667	0.000667	0.000667	0.000667	0.000667	0.000667	0.000667	0.000667	0.000667	0.000667	0.000667	0.000667	0.001039	0.000667	0.000667	0.002869	0.000782	0.000853	0.000667	0.000667	0.001243	0.017220	0.000667	0.000667	0.000667	0.000667	0.000667	0.000667	0.000667	0.000667	0.000667	0.000667	0.939196	
0.000662	0.003174	0.000662	0.000662	0.000662	0.000662	0.000662	0.000662	0.000662	0.000662	0.000662	0.000662	0.000662	0.003046	0.000662	0.000662	0.000662	0.000662	0.000662	0.000662	0.000662	0.000662	0.000662	0.000662	0.000662	0.000662	0.000662	0.000662	0.000662	0.000990	0.000662	0.000662	0.001216	0.001607	0.003272	0.000662	0.000662	0.005386	0.014008	0.000662	0.000662	0.000662	0.000662	0.000662	0.000662	0.000662	0.000662	0.000662	0.000662	0.940158	
0.000626	0.003862	0.000626	0.000626	0.000626	0.000626	0.000626	0.000626	0.000626	0.000626	0.000626	0.000626	0.000626	0.001484	0.000626	0.000626	0.000626	0.000626	0.000626	0.000626	0.000626	0.000626	0.000626	0.000626	0.000626	0.000626	0.000626	0.000626	0.000626	0.000968	0.000626	0.000626	0.001359	0.000951	0.002585	0.000626	0.000626	0.002255	0.011101	0.000626	0.000626	0.000626	0.000626	0.000626	0.000626	0.000626	0.000626	0.000626	0.000626	0.949790	
0.000637	0.001868	0.000637	0.000637	0.000637	0.000637	0.000637	0.000637	0.000637	0.000637	0.000637	0.000637	0.000637	0.000802	0.000637	0.000637	0.000637	0.000637	0.000637	0.000637	0.000637	0.000637	0.000637	0.000637	0.000637	0.000637	0.000637	0.000637	0.000637	0.000953	0.000637	0.000637	0.002285	0.000909	0.003850	0.000637	0.000637	0.001997	0.006916	0.000637	0.000637	0.000637	0.000637	0.000637	0.000637	0.000637	0.000637	0.000637	0.000637	0.954324	
0.000653	0.001644	0.000653	0.000653	0.000653	0.000653	0.000653	0.000653	0.000653	0.000653	0.000653	0.000653	0.000653	0.001306	0.000653	0.000653	0.000653	0.000653	0.000653	0.000653	0.000653	0.000653	0.000653	0.000653	0.000653	0.000653	0.000653	0.000653	0.000653	0.001252	0.000653	0.000653	0.001356	0.001094	0.005044	0.000653	0.000653	0.002861	0.008773	0.000653	0.000653	0.000653	0.000653	0.000653	0.000653	0.000653	0.000653	0.000653	0.000653	0.949907	
0.000617	0.001227	0.000617	0.000617	0.000617	0.000617	0.000617	0.000617	0.000617	0.000617	0.000617	0.000617	0.000617	0.000837	0.000617	0.000617	0.000617	0.000617	0.000617	0.000617	0.000617	0.000617	0.000617	0.000617	0.000617	0.000617	0.000617	0.000617	0.000617	0.008956	0.000617	0.000617	0.005535	0.000838	0.001032	0.000617	0.000617	0.001724	0.002915	0.000617	0.000617	0.000617	0.000617	0.000617	0.000617	0.000617	0.000617	0.000617	0.000617	0.951656	
0.000607	0.002733	0.000607	0.000607	0.000607	0.000607	0.000607	0.000607	0.000607	0.000607	0.000607	0.000607	0.000607	0.000744	0.000607	0.000607	0.000607	0.000607	0.000607	0.000607	0.000607	0.000607	0.000607	0.000607	0.000607	0.000607	0.000607	0.000607	0.000607	0.005507	0.000607	0.000607	0.003824	0.000931	0.001007	0.000607	0.000607	0.002230	0.005857	0.000607	0.000607	0.000607	0.000607	0.000607	0.000607	0.000607	0.000607	0.000607	0.000607	0.952290	
0.000616	0.001100	0.000616	0.000616	0.000616	0.000616	0.000616	0.000616	0.000616	0.000616	0.000616	0.000616	0.000616	0.000919	0.000616	0.000616	0.000616	0.000616	0.000616	0.000616	0.000616	0.000616	0.000616	0.000616	0.000616	0.000616	0.000616	0.000616	0.000616	0.009934	0.000616	0.000616	0.005835	0.000909	0.000776	0.000616	0.000616	0.002081	0.002643	0.000616	0.000616	0.000616	0.000616	0.000616	0.000616	0.000616	0.000616	0.000616	0.000616	0.950560	
0.000630	0.001815	0.000630	0.000630	0.000630	0.000630	0.000630	0.000630	0.000630	0.000630	0.000630	0.000630	0.000630	0.001648	0.000630	0.000630	0.000630	0.000630	0.000630	0.000630	0.000630	0.000630	0.000630	0.000630	0.000630	0.000630	0.000630	0.000630	0.000630	0.004118	0.000630	0.000630	0.004691	0.001503	0.000805	0.000630	0.000630	0.004995	0.006085	0.000630	0.000630	0.000630	0.000630	0.000630	0.000630	0.000630	0.000630	0.000630	0.000630	0.948530	
0.000631	0.001025	0.000631	0.000631	0.000631	0.000631	0.000631	0.000631	0.000631	0.000631	0.000631	0.000631	0.000631	0.000832	0.000631	0.000631	0.000631	0.000631	0.000631	0.000631	0.000631	0.000631	0.000631	0.000631	0.000631	0.000631	0.000631	0.000631	0.000631	0.001587	0.000631	0.000631	0.005898	0.000907	0.001009	0.000631	0.000631	0.002011	0.002475	0.000631	0.000631	0.000631	0.000631	0.000631	0.000631	0.000631	0.000631	0.000631	0.000631	0.958363	
0.000633	0.002203	0.000633	0.000633	0.000633	0.000633	0.000633	0.000633	0.000633	0.000633	0.000633	0.000633	0.000633	0.001553	0.000633	0.000633	0.000633	0.000633	0.000633	0.000633	0.000633	0.000633	0.000633	0.000633	0.000633	0.000633	0.000633	0.000633	0.000633	0.001306	0.000633	0.000633	0.003638	0.001668	0.001346	0.000633	0.000633	0.005809	0.007363	0.000633	0.000633	0.000633	0.000633	0.000633	0.000633	0.000633	0.000633	0.000633	0.000633	0.949179	
0.000641	0.001447	0.000641	0.000641	0.000641	0.000641	0.000641	0.000641	0.000641	0.000641	0.000641	0.000641	0.000641	0.001191	0.000641	0.000641	0.000641	0.000641	0.000641	0.000641	0.000641	0.000641	0.000641	0.000641	0.000641	0.000641	0.000641	0.000641	0.000641	0.001093	0.000641	0.000641	0.004899	0.001180	0.001453	0.000641	0.000641	0.003336	0.004703	0.000641	0.000641	0.000641	0.000641	0.000641	0.000641	0.000641	0.000641	0.000641	0.000641	0.954399	
0.000637	0.001406	0.000637	0.000637	0.000637	0.000637	0.000637	0.000637	0.000637	0.000637	0.000637	0.000637	0.000637	0.000791	0.000637	0.000637	0.000637	0.000637	0.000637	0.000637	0.000637	0.000637	0.000637	0.000637	0.000637	0.000637	0.000637	0.000637	0.000637	0.001053	0.000637	0.000637	0.004863	0.001021	0.001629	0.000637	0.000637	0.002558	0.003859	0.000637	0.000637	0.000637	0.000637	0.000637	0.000637	0.000637	0.000637	0.000637	0.000637	0.956704	
0.000642	0.001853	0.000642	0.000642	0.000642	0.000642	0.000642	0.000642	0.000642	0.000642	0.000642	0.000642	0.000642	0.001656	0.000642	0.000642	0.000642	0.000642	0.000642	0.000642	0.000642	0.000642	0.000642	0.000642	0.000642	0.000642	0.000642	0.000642	0.000642	0.001146	0.000642	0.000642	0.004875	0.001350	0.000916	0.000642	0.000642	0.004179	0.006071	0.000642	0.000642	0.000642	0.000642	0.000642	0.000642	0.000642	0.000642	0.000642	0.000642	0.951619	
