0.467037	0.009755	0.019494	0.000932	0.034901	0.030456	0.017076	0.190414	0.027645	0.154934	0.004343	0.010113	0.010823	0.017696	0.004380	
0.422476	0.006651	0.073186	0.001086	0.031535	0.018881	0.049401	0.098294	0.062736	0.083670	0.012467	0.029511	0.049121	0.051438	0.009546	
0.428076	0.005898	0.050606	0.001735	0.027522	0.028279	0.048184	0.107774	0.081801	0.090083	0.009920	0.025947	0.030464	0.053656	0.010055	
0.494962	0.000870	0.016715	0.012939	0.004244	0.072040	0.236451	0.015274	0.041446	0.009656	0.042137	0.028553	0.007301	0.013225	0.004188	
0.352801	0.003235	0.092445	0.004061	0.026972	0.040865	0.088197	0.016515	0.151621	0.012815	0.024489	0.057111	0.038864	0.081421	0.008586	
0.471441	0.001196	0.055488	0.008629	0.006664	0.051137	0.181289	0.016795	0.056696	0.012283	0.029245	0.024869	0.027012	0.051495	0.005761	
0.339295	0.001434	0.039189	0.004853	0.022108	0.052956	0.088392	0.019354	0.227124	0.012138	0.020233	0.060007	0.013417	0.093980	0.005521	
0.447660	0.001285	0.129968	0.000850	0.007644	0.006851	0.097058	0.010086	0.066270	0.010057	0.005605	0.012580	0.073242	0.123188	0.007657	
0.424200	0.001750	0.154523	0.002917	0.008601	0.039065	0.077752	0.021375	0.059529	0.017741	0.011684	0.018975	0.032164	0.111787	0.017936	
0.340288	0.003283	0.145387	0.001325	0.024905	0.040713	0.026398	0.029674	0.140421	0.025367	0.013479	0.047944	0.029632	0.111104	0.020079	
0.363550	0.000767	0.179316	0.001307	0.009487	0.048520	0.025672	0.011679	0.128160	0.008924	0.005482	0.029817	0.014336	0.148142	0.024841	
0.209371	0.011435	0.137158	0.001319	0.080179	0.009522	0.045837	0.012816	0.164389	0.016555	0.051756	0.127444	0.114244	0.013886	0.004089	
0.386801	0.003188	0.177749	0.001386	0.017345	0.039830	0.032437	0.035387	0.069272	0.031143	0.010860	0.028631	0.029798	0.111518	0.024655	
0.365452	0.002785	0.189894	0.000718	0.019438	0.032961	0.029813	0.015699	0.087652	0.016670	0.011895	0.036598	0.043696	0.120822	0.025908	
0.345111	0.004971	0.175177	0.000936	0.031287	0.029706	0.033452	0.026214	0.091272	0.024444	0.018956	0.050361	0.053369	0.095398	0.019346	
0.472435	0.002351	0.032444	0.001128	0.021483	0.008058	0.025402	0.105310	0.037372	0.119729	0.010974	0.023835	0.060535	0.012578	0.066366	
0.485495	0.001588	0.049007	0.000716	0.012821	0.008570	0.038488	0.092628	0.041501	0.100210	0.003741	0.010141	0.055037	0.049183	0.050873	
0.510839	0.001010	0.013764	0.001326	0.012394	0.010275	0.024978	0.119630	0.022742	0.134099	0.004954	0.008324	0.048778	0.013476	0.073411	
0.462054	0.001781	0.071900	0.002559	0.014102	0.026762	0.048982	0.077744	0.043101	0.084368	0.011625	0.019463	0.039147	0.046493	0.049919	
0.333790	0.004337	0.069276	0.002023	0.037942	0.025114	0.048671	0.040393	0.166972	0.042207	0.023411	0.068168	0.056711	0.059320	0.021664	
0.356062	0.004604	0.076167	0.001583	0.036842	0.019244	0.045944	0.049376	0.133320	0.052418	0.021943	0.060591	0.063350	0.052628	0.025928	
0.309833	0.001103	0.042495	0.002956	0.023529	0.048891	0.055056	0.019767	0.271150	0.012072	0.013276	0.063672	0.012418	0.117748	0.006035	
0.355755	0.001033	0.065029	0.000791	0.019044	0.031517	0.029720	0.039249	0.206361	0.036500	0.004844	0.044046	0.028802	0.116706	0.020603	
0.353105	0.001270	0.049374	0.003899	0.019201	0.048203	0.077114	0.025443	0.212054	0.018027	0.015232	0.051322	0.015368	0.102636	0.007753	
