0.015897	0.012509	0.003769	0.047358	0.000950	0.029017	0.026203	0.006286	0.004374	0.033390	0.000926	0.007207	0.002704	0.012139	0.003786	0.009528	0.021287	0.000475	0.034493	0.006036	0.046358	0.035503	0.001178	0.018521	0.002097	0.061617	0.048578	0.074500	0.006792	0.002048	0.002810	0.035446	0.007350	0.052776	0.010509	0.001522	0.001406	0.004875	0.003069	0.024269	0.044685	0.063129	0.002891	0.000153	0.007226	0.114682	0.001691	0.002215	0.019129	0.024644	
0.008304	0.008775	0.002670	0.044545	0.002327	0.015105	0.034323	0.017035	0.023197	0.017372	0.005246	0.003927	0.001833	0.012074	0.023214	0.062011	0.021178	0.002270	0.018366	0.004301	0.040634	0.026796	0.002951	0.009664	0.001440	0.048459	0.060416	0.038679	0.040884	0.010533	0.001915	0.024988	0.013954	0.036273	0.012120	0.007621	0.007529	0.019630	0.002088	0.024057	0.043844	0.032786	0.018215	0.000144	0.044530	0.067956	0.004354	0.003642	0.012987	0.012838	
0.009746	0.016104	0.004817	0.021664	0.002229	0.017746	0.023340	0.016148	0.010098	0.020412	0.004885	0.004562	0.002027	0.005293	0.019400	0.057588	0.009220	0.002121	0.021454	0.007609	0.034167	0.044712	0.002824	0.011346	0.001585	0.057133	0.055807	0.045476	0.038035	0.004737	0.002112	0.045878	0.014401	0.065716	0.012387	0.003375	0.006926	0.008664	0.002304	0.010761	0.034865	0.038543	0.016926	0.000147	0.035889	0.093208	0.004162	0.003591	0.012781	0.015079	
0.000598	0.001931	0.000660	0.170535	0.002037	0.000984	0.008394	0.014750	0.007819	0.001113	0.008437	0.000476	0.001819	0.049850	0.032035	0.100818	0.087792	0.003594	0.003744	0.001621	0.007489	0.008618	0.002581	0.000675	0.001962	0.035948	0.073078	0.002324	0.066361	0.003872	0.002633	0.005609	0.011966	0.007383	0.013417	0.002626	0.012552	0.012321	0.002877	0.098956	0.009271	0.001989	0.029543	0.000134	0.058124	0.018682	0.003804	0.003556	0.001783	0.000855	
0.001319	0.002098	0.000715	0.094136	0.004420	0.002299	0.044076	0.033215	0.042828	0.002625	0.005176	0.000971	0.002142	0.027260	0.026673	0.061168	0.047954	0.002241	0.005360	0.001406	0.037184	0.012370	0.005642	0.001515	0.002097	0.024736	0.095864	0.005695	0.040509	0.019196	0.002813	0.005930	0.024966	0.008174	0.021224	0.013987	0.007630	0.036635	0.003074	0.054067	0.045516	0.004846	0.017968	0.000143	0.053448	0.021972	0.008392	0.006684	0.007668	0.001972	
0.003692	0.002564	0.000853	0.107378	0.003120	0.006649	0.045199	0.023247	0.040636	0.007634	0.003616	0.001934	0.002171	0.030873	0.020533	0.042233	0.054324	0.001591	0.010085	0.001670	0.041903	0.013398	0.003970	0.004284	0.002084	0.028261	0.080293	0.016897	0.028142	0.018164	0.002796	0.007195	0.017948	0.010553	0.017170	0.013277	0.005467	0.035300	0.003054	0.061256	0.049093	0.014335	0.012438	0.000145	0.042186	0.033719	0.005882	0.005004	0.010120	0.005663	
0.000869	0.036515	0.010798	0.101451	0.000706	0.001462	0.005661	0.004398	0.004713	0.001659	0.000923	0.000512	0.003748	0.029661	0.003827	0.009444	0.052177	0.000476	0.007763	0.017394	0.005707	0.101361	0.000863	0.000987	0.004372	0.043797	0.034040	0.003518	0.007344	0.002200	0.005918	0.103941	0.010525	0.144859	0.018987	0.001635	0.001630	0.007213	0.006480	0.059663	0.006525	0.003004	0.002869	0.000157	0.007343	0.113668	0.001217	0.003112	0.001644	0.001264	
0.003073	0.014600	0.004388	0.041039	0.002173	0.005499	0.030537	0.015772	0.026733	0.006307	0.000758	0.001599	0.014071	0.011640	0.007377	0.007397	0.020399	0.000410	0.029927	0.007004	0.029152	0.061849	0.002748	0.003558	0.016486	0.026847	0.050641	0.013909	0.009239	0.011916	0.022472	0.041390	0.024268	0.058211	0.072725	0.008779	0.001158	0.022133	0.024648	0.023319	0.033790	0.011806	0.002275	0.000162	0.016752	0.131491	0.004040	0.011454	0.007388	0.004690	
0.000614	0.002445	0.000819	0.090599	0.001202	0.001003	0.008467	0.008282	0.007887	0.001133	0.007018	0.000429	0.015351	0.026492	0.026808	0.083468	0.046599	0.003010	0.027662	0.001558	0.007555	0.030818	0.001503	0.000692	0.018270	0.029158	0.043987	0.002353	0.059382	0.003850	0.024915	0.006991	0.018842	0.009387	0.077090	0.002657	0.010228	0.009550	0.027332	0.052548	0.009104	0.002016	0.024484	0.000146	0.048796	0.101470	0.002182	0.011169	0.001807	0.000873	
0.001291	0.002800	0.000935	0.099269	0.004503	0.002230	0.008289	0.033385	0.006784	0.002543	0.001012	0.000975	0.018766	0.028970	0.004526	0.010448	0.050954	0.000517	0.034502	0.001764	0.008480	0.036516	0.005743	0.001479	0.022040	0.015030	0.101072	0.005486	0.012712	0.003122	0.030061	0.007721	0.039353	0.010893	0.102453	0.002311	0.001745	0.008739	0.032978	0.057462	0.010665	0.004672	0.003168	0.000164	0.008873	0.122306	0.008532	0.017410	0.002433	0.001917	
0.000804	0.003029	0.000998	0.015268	0.003404	0.001343	0.007786	0.025035	0.006950	0.001522	0.006096	0.000677	0.022223	0.004465	0.023217	0.072163	0.007752	0.002632	0.039814	0.001545	0.007302	0.042386	0.004332	0.000912	0.026314	0.024050	0.065473	0.003210	0.054147	0.003403	0.035905	0.008601	0.036444	0.011719	0.116502	0.002360	0.008627	0.006177	0.039393	0.008786	0.009285	0.002743	0.021190	0.000158	0.042249	0.143851	0.006420	0.018283	0.001891	0.001163	
0.000962	0.010543	0.003197	0.077247	0.000852	0.001632	0.041419	0.005829	0.040668	0.001855	0.000710	0.000565	0.014001	0.022387	0.009847	0.006855	0.039351	0.000388	0.025964	0.005263	0.034462	0.053016	0.001050	0.001096	0.016657	0.018866	0.033460	0.003955	0.008930	0.018063	0.022706	0.029817	0.016743	0.041625	0.069385	0.013296	0.001233	0.034199	0.024906	0.044577	0.041461	0.003374	0.002114	0.000158	0.023113	0.112513	0.001497	0.009850	0.006935	0.001409	
0.000933	0.006424	0.002002	0.045479	0.016583	0.001568	0.004932	0.125630	0.003908	0.001779	0.000695	0.001683	0.004522	0.013310	0.002796	0.006513	0.023336	0.000390	0.007214	0.003242	0.005206	0.021922	0.021272	0.001060	0.003935	0.012319	0.286601	0.003767	0.005316	0.001843	0.005315	0.018034	0.092655	0.025196	0.065879	0.001384	0.001086	0.004644	0.005816	0.026427	0.010408	0.003218	0.002024	0.000172	0.005377	0.038130	0.031821	0.023278	0.001599	0.001356	
0.001367	0.002062	0.000715	0.010707	0.011693	0.002374	0.034234	0.088609	0.032849	0.002710	0.004313	0.001519	0.004521	0.002932	0.021579	0.050542	0.005049	0.001889	0.008686	0.001077	0.029366	0.013820	0.014988	0.001568	0.004324	0.017977	0.198886	0.005866	0.034166	0.014762	0.005852	0.005765	0.065923	0.007997	0.052529	0.010761	0.006081	0.025988	0.006407	0.005716	0.038056	0.004993	0.014875	0.000158	0.042951	0.032866	0.022403	0.017210	0.006280	0.002038	
0.001693	0.011551	0.003493	0.011032	0.008662	0.002972	0.041947	0.065517	0.040175	0.003399	0.002892	0.001448	0.003292	0.002951	0.017755	0.033314	0.005083	0.001297	0.007525	0.005474	0.036062	0.037702	0.011092	0.001949	0.003088	0.023610	0.148178	0.007407	0.022587	0.017937	0.004162	0.032784	0.049765	0.045794	0.038193	0.013137	0.004069	0.031607	0.004552	0.005986	0.045086	0.006298	0.009843	0.000158	0.037153	0.050852	0.016559	0.012655	0.007717	0.002546	
0.005817	0.001918	0.000656	0.015598	0.003297	0.010554	0.012586	0.024358	0.004733	0.012133	0.012437	0.002885	0.004221	0.003983	0.046118	0.149320	0.006922	0.005260	0.017743	0.001011	0.019253	0.010830	0.004201	0.006765	0.004389	0.054063	0.069043	0.026975	0.098675	0.002676	0.005949	0.005739	0.020507	0.008492	0.027157	0.001625	0.017615	0.004666	0.006516	0.007826	0.019998	0.022870	0.043710	0.000133	0.082819	0.056848	0.006236	0.006471	0.007428	0.008975	
0.017210	0.002592	0.000860	0.018468	0.000948	0.031433	0.031861	0.006370	0.008229	0.036174	0.004963	0.007786	0.002353	0.003517	0.019344	0.058580	0.006092	0.002151	0.036396	0.001322	0.053014	0.009257	0.001178	0.020055	0.001588	0.066091	0.045167	0.080738	0.038683	0.003914	0.002117	0.007332	0.005824	0.013671	0.008490	0.002766	0.007015	0.007008	0.002310	0.006906	0.051784	0.068412	0.017212	0.000143	0.035532	0.095587	0.001696	0.001949	0.021220	0.026692	
0.008848	0.009586	0.002903	0.023169	0.001994	0.016107	0.018003	0.014373	0.005958	0.018526	0.008860	0.004142	0.001856	0.005850	0.033220	0.105893	0.010208	0.003772	0.019496	0.004592	0.028463	0.027164	0.002524	0.010300	0.001459	0.059910	0.051990	0.041270	0.069540	0.003071	0.001944	0.027462	0.012288	0.039634	0.011210	0.002026	0.012570	0.005687	0.002120	0.011716	0.028537	0.034979	0.031029	0.000138	0.059973	0.073870	0.003717	0.003229	0.011139	0.013687	
0.005997	0.004198	0.001329	0.114819	0.001617	0.010876	0.015889	0.011489	0.007827	0.012502	0.005779	0.002849	0.004359	0.032957	0.022267	0.068497	0.058000	0.002491	0.018517	0.002453	0.022173	0.017829	0.002039	0.006972	0.004686	0.043136	0.061599	0.027789	0.045984	0.003769	0.006353	0.011952	0.011828	0.017569	0.023155	0.002634	0.008560	0.010217	0.006958	0.065439	0.022934	0.023561	0.020108	0.000142	0.040690	0.062436	0.002987	0.004463	0.008080	0.009249	
0.000727	0.006539	0.002013	0.011598	0.001537	0.001216	0.088064	0.011614	0.088041	0.001379	0.005711	0.000500	0.001459	0.002959	0.037196	0.067687	0.005111	0.002461	0.003402	0.003142	0.071425	0.027440	0.001937	0.000824	0.001564	0.024165	0.028277	0.002911	0.044622	0.039175	0.002086	0.018634	0.009505	0.025712	0.010223	0.028648	0.008069	0.068809	0.002276	0.005898	0.086772	0.002487	0.019870	0.000140	0.078553	0.027543	0.002835	0.002696	0.013495	0.001053	
0.001318	0.005467	0.001703	0.083429	0.000763	0.002296	0.090635	0.005669	0.089814	0.002622	0.001039	0.000711	0.001772	0.023884	0.020384	0.010973	0.042001	0.000518	0.005161	0.002924	0.074427	0.025598	0.000939	0.001514	0.001966	0.015490	0.031051	0.005684	0.007701	0.039766	0.002633	0.015368	0.005418	0.021562	0.009443	0.029227	0.001723	0.072467	0.002876	0.047440	0.089756	0.004837	0.003308	0.000146	0.048802	0.028122	0.001336	0.001910	0.014439	0.001970	
0.000939	0.007022	0.002155	0.069823	0.001077	0.001604	0.005896	0.007342	0.004830	0.001826	0.009385	0.000562	0.011065	0.020394	0.034922	0.112224	0.035850	0.003992	0.020768	0.003596	0.006031	0.035698	0.001345	0.001072	0.013117	0.039611	0.037446	0.003910	0.076783	0.002596	0.017874	0.020162	0.015148	0.027674	0.055787	0.001661	0.013503	0.006557	0.019604	0.040548	0.006968	0.003333	0.032880	0.000141	0.062851	0.089087	0.001947	0.008265	0.001748	0.001382	
0.002784	0.032680	0.009677	0.015228	0.001275	0.004973	0.041562	0.009037	0.038258	0.005702	0.000704	0.001405	0.003981	0.004064	0.009367	0.006774	0.007045	0.000385	0.011742	0.015280	0.037513	0.094471	0.001594	0.003222	0.004475	0.040440	0.027037	0.012559	0.005629	0.017000	0.006058	0.092986	0.013209	0.130035	0.021144	0.012515	0.000982	0.030162	0.006633	0.008712	0.043916	0.010663	0.002091	0.000158	0.021920	0.113791	0.002312	0.003896	0.008714	0.004243	
0.000913	0.001596	0.000558	0.008543	0.002083	0.001567	0.008798	0.015140	0.007777	0.001785	0.015705	0.000617	0.008156	0.002458	0.058690	0.188996	0.004237	0.006618	0.015504	0.000839	0.008329	0.016985	0.002642	0.001044	0.009542	0.048947	0.041627	0.003835	0.125954	0.004154	0.012993	0.004966	0.017510	0.006139	0.044415	0.002609	0.022226	0.006979	0.014248	0.004794	0.010066	0.003268	0.055296	0.000128	0.105678	0.059989	0.003899	0.007662	0.002146	0.001349	
