0.572931	0.005090	0.084254	0.000876	0.017927	0.024546	0.033506	0.055510	0.030823	0.048944	0.005750	0.009831	0.025003	0.068011	0.016997	
0.466552	0.012395	0.020909	0.001013	0.042520	0.043848	0.041259	0.135985	0.028507	0.119047	0.007615	0.011203	0.026627	0.017255	0.025265	
0.465171	0.014407	0.015192	0.000594	0.047795	0.041024	0.028648	0.155113	0.024377	0.135139	0.004663	0.009547	0.025880	0.012611	0.019839	
0.527290	0.000888	0.016486	0.009252	0.013760	0.067842	0.183800	0.009943	0.024565	0.009332	0.053376	0.014631	0.006826	0.013761	0.048247	
0.396416	0.002459	0.080193	0.005229	0.025995	0.021360	0.075824	0.040584	0.131093	0.038507	0.027359	0.050910	0.031229	0.067645	0.005197	
0.475314	0.003049	0.043008	0.007362	0.024511	0.037750	0.119167	0.036364	0.078896	0.032828	0.039505	0.034188	0.015644	0.035970	0.016445	
0.471917	0.000908	0.047539	0.009232	0.023291	0.030344	0.133372	0.011201	0.109967	0.010590	0.047821	0.048567	0.009161	0.039450	0.006641	
0.613565	0.001131	0.103865	0.000724	0.006186	0.023863	0.041161	0.013468	0.035998	0.012625	0.005749	0.012245	0.022771	0.082959	0.023690	
0.292169	0.000840	0.161127	0.001895	0.008396	0.046164	0.077508	0.009783	0.126778	0.009252	0.015662	0.036291	0.031312	0.138487	0.044336	
0.251992	0.001090	0.182261	0.003852	0.010979	0.028008	0.071736	0.013090	0.148147	0.012189	0.022677	0.041739	0.036129	0.158373	0.017738	
0.264470	0.000775	0.165480	0.001519	0.009936	0.036408	0.059774	0.024556	0.134770	0.025018	0.012868	0.037725	0.049255	0.142894	0.034552	
0.311988	0.000789	0.156143	0.004695	0.015374	0.019494	0.070970	0.008556	0.158256	0.008019	0.025162	0.052036	0.027550	0.134104	0.006866	
0.378051	0.004747	0.124127	0.001030	0.020652	0.024199	0.031508	0.063207	0.094729	0.057752	0.007342	0.027344	0.043471	0.105850	0.015993	
0.360032	0.003796	0.139887	0.001169	0.017591	0.022437	0.032473	0.053130	0.103491	0.049039	0.008088	0.029010	0.045086	0.119624	0.015148	
0.334833	0.008177	0.111715	0.001255	0.031717	0.025146	0.026591	0.091976	0.104624	0.081114	0.007656	0.031525	0.036835	0.096472	0.010363	
0.542497	0.000913	0.033126	0.000850	0.016647	0.016180	0.027856	0.089035	0.025232	0.093070	0.006890	0.009948	0.097272	0.025365	0.015119	
0.533940	0.001779	0.016062	0.000696	0.020130	0.014064	0.020521	0.114164	0.012711	0.117885	0.005994	0.004934	0.113836	0.011623	0.011661	
0.508892	0.000728	0.015707	0.000875	0.017959	0.023092	0.036322	0.103169	0.021226	0.108418	0.008435	0.008423	0.112259	0.011513	0.022980	
0.390723	0.000931	0.061828	0.001968	0.011998	0.066542	0.105007	0.045672	0.057005	0.047114	0.019123	0.018193	0.053983	0.052618	0.067294	
0.240733	0.000796	0.109104	0.000931	0.038317	0.006344	0.015059	0.025055	0.294306	0.025539	0.004547	0.119281	0.027038	0.088689	0.004261	
0.368154	0.002125	0.117925	0.002119	0.018053	0.025276	0.049690	0.042140	0.117586	0.040865	0.013394	0.038832	0.045004	0.100093	0.018745	
0.267145	0.000907	0.098255	0.001895	0.034311	0.026879	0.052661	0.010702	0.263938	0.010121	0.011826	0.108097	0.009429	0.079711	0.024122	
0.329331	0.004139	0.082782	0.001624	0.038100	0.016595	0.029047	0.054004	0.204384	0.049283	0.008524	0.082880	0.024098	0.067456	0.007753	
0.247708	0.001133	0.067760	0.000688	0.027086	0.072542	0.099313	0.021720	0.197027	0.021358	0.012904	0.079789	0.017819	0.055393	0.077760	
