43	0	0	2	53	0	0	
0	0	0	12	0	72	0	
0	0	0	0	0	0	40	
108	65	0	12	33	169	0	
178	0	0	0	0	0	0	
0	0	0	0	70	0	0	
0	0	0	0	0	50	0	
0	0	0	0	0	0	0	
110	0	50	0	0	52	0	
1	1	0	123	0	90	0	
0	0	44	0	0	0	0	
0	0	0	0	0	0	0	
145	16	0	0	0	35	0	
0	0	0	0	0	0	0	
0	0	0	0	105	0	0	
0	0	0	56	0	0	0	
0	228	0	1	0	0	0	
40	0	0	0	0	0	0	
181	0	0	0	0	0	0	
0	15	0	0	0	0	0	
12	110	0	1	136	1	0	
0	0	46	2	0	27	83	
0	0	72	0	0	4	0	
0	0	0	0	26	69	1	
0	70	0	0	0	0	0	
0	0	0	13	0	3	0	
27	0	0	1	0	0	0	
0	0	0	0	72	0	0	
0	0	0	115	0	0	0	
0	0	0	0	0	0	0	
0	0	0	0	38	0	0	
0	0	0	20	58	0	1	
0	0	160	0	0	0	0	
0	0	0	0	0	68	0	
0	0	0	0	0	0	40	
0	0	0	0	0	0	162	
0	0	0	0	36	0	0	
0	0	0	0	0	0	0	
0	0	0	0	0	0	0	
1	21	0	214	0	10	0	
0	146	0	0	0	0	0	
0	0	0	0	0	0	66	
0	1	0	0	102	0	0	
34	6	0	0	0	0	0	
0	0	147	0	49	0	0	
89	1	0	0	0	0	0	
0	0	0	0	0	58	0	
36	0	0	0	0	0	0	
0	0	0	52	0	0	0	
0	26	0	0	0	0	0	
