0	2	60	0	0	0	0	
0	0	0	69	0	73	0	
1	0	0	39	3	123	0	
21	0	77	1	0	42	0	
0	0	0	0	0	0	110	
0	0	0	0	26	0	0	
92	1	0	31	2	0	0	
0	0	0	18	0	0	0	
0	0	0	25	0	39	0	
0	0	0	0	26	0	0	
54	0	131	5	0	0	0	
0	0	0	0	0	0	98	
0	0	0	0	0	0	0	
0	0	62	0	0	0	1	
0	0	0	20	0	0	0	
92	0	0	0	0	52	0	
0	41	1	0	0	0	35	
72	0	0	0	0	0	95	
0	0	0	0	85	0	0	
83	0	0	0	0	0	0	
0	0	24	0	0	0	0	
0	0	0	99	74	0	0	
0	0	0	0	0	15	0	
0	0	0	0	40	0	48	
0	0	0	0	80	0	0	
60	0	4	0	38	0	0	
88	0	0	0	0	0	0	
0	0	0	0	0	0	20	
51	0	0	0	0	82	0	
0	0	0	28	0	0	0	
0	0	0	0	0	0	0	
0	192	0	62	4	4	68	
0	43	39	0	0	0	58	
0	23	0	1	0	2	0	
0	0	16	0	0	0	20	
1	0	0	2	0	52	0	
38	0	0	0	0	0	0	
0	16	0	0	0	0	0	
0	0	0	66	0	0	0	
0	118	0	0	72	0	40	
0	241	0	0	10	0	0	
0	0	88	96	0	0	0	
0	0	0	41	140	0	0	
0	13	0	0	17	0	0	
0	0	8	1	0	137	0	
1	0	0	100	1	0	0	
0	0	0	10	0	0	0	
0	0	0	0	27	0	0	
0	0	101	2	0	184	0	
0	0	0	0	0	22	0	
