0	40	0	47	0	0	0	
0	0	25	0	0	0	0	
0	0	0	0	0	52	0	
0	0	0	2	286	0	0	
0	36	0	0	130	60	0	
0	14	0	86	0	0	0	
0	0	0	0	29	0	0	
0	0	0	0	0	59	0	
103	51	0	1	0	0	6	
29	0	70	0	0	0	174	
153	0	21	0	0	0	64	
0	0	18	0	0	0	0	
0	0	0	0	0	25	0	
0	0	0	0	0	0	0	
0	0	43	0	0	23	0	
0	0	0	0	32	0	0	
0	0	0	0	0	0	75	
0	0	0	0	0	0	0	
17	0	0	138	0	0	0	
0	0	0	36	0	0	0	
0	132	0	0	1	0	0	
0	0	0	0	0	20	0	
0	42	0	0	0	144	0	
0	0	0	64	0	0	40	
0	0	0	47	45	0	0	
0	0	25	0	0	0	0	
132	5	0	0	0	0	0	
33	0	0	0	0	0	0	
0	0	0	0	266	1	0	
0	48	36	0	0	2	39	
76	0	0	0	0	0	1	
0	12	0	0	0	0	0	
120	0	0	0	0	0	0	
0	0	31	0	0	19	0	
0	0	266	131	0	0	0	
86	0	0	0	0	0	0	
0	71	0	0	0	0	0	
0	0	0	12	0	0	0	
22	0	0	0	0	0	0	
13	0	0	0	0	0	0	
0	0	14	0	0	0	0	
0	0	0	9	189	0	0	
0	75	0	0	0	0	0	
41	0	0	0	0	0	0	
0	0	0	0	13	0	0	
0	7	0	0	0	53	176	
0	0	0	0	0	0	0	
0	0	89	0	0	0	0	
0	0	0	0	4	0	83	
0	0	0	7	28	1	0	
