0.000671	0.001159	0.000671	0.000671	0.000671	0.000671	0.000671	0.000671	0.000671	0.000671	0.000671	0.000671	0.000671	0.000833	0.000671	0.000671	0.000671	0.000671	0.000671	0.000671	0.000671	0.000671	0.000671	0.000671	0.000671	0.000671	0.000671	0.000671	0.000671	0.001178	0.000671	0.000671	0.001245	0.000925	0.000833	0.000671	0.000671	0.001516	0.002360	0.000671	0.000671	0.000671	0.000671	0.000671	0.000671	0.000671	0.000671	0.000671	0.000671	0.962422	
0.000711	0.001134	0.000711	0.000711	0.000711	0.000711	0.000711	0.000711	0.000711	0.000711	0.000711	0.000711	0.000711	0.000892	0.000711	0.000711	0.000711	0.000711	0.000711	0.000711	0.000711	0.000711	0.000711	0.000711	0.000711	0.000711	0.000711	0.000711	0.000711	0.001521	0.000711	0.000711	0.001274	0.001116	0.000892	0.000711	0.000711	0.001564	0.003013	0.000711	0.000711	0.000711	0.000711	0.000711	0.000711	0.000711	0.000711	0.000711	0.000711	0.959426	
0.000706	0.001613	0.000706	0.000706	0.000706	0.000706	0.000706	0.000706	0.000706	0.000706	0.000706	0.000706	0.000706	0.000868	0.000706	0.000706	0.000706	0.000706	0.000706	0.000706	0.000706	0.000706	0.000706	0.000706	0.000706	0.000706	0.000706	0.000706	0.000706	0.002462	0.000706	0.000706	0.001685	0.001584	0.000868	0.000706	0.000706	0.002523	0.005671	0.000706	0.000706	0.000706	0.000706	0.000706	0.000706	0.000706	0.000706	0.000706	0.000706	0.953770	
0.000588	0.000822	0.000588	0.000588	0.000588	0.000588	0.000588	0.000588	0.000588	0.000588	0.000588	0.000588	0.000588	0.000750	0.000588	0.000588	0.000588	0.000588	0.000588	0.000588	0.000588	0.000588	0.000588	0.000588	0.000588	0.000588	0.000588	0.000588	0.000588	0.001629	0.000588	0.000588	0.004294	0.001108	0.000750	0.000588	0.000588	0.017726	0.016380	0.000588	0.000588	0.000588	0.000588	0.000588	0.000588	0.000588	0.000588	0.000588	0.000588	0.932433	
0.000667	0.000992	0.000667	0.000667	0.000667	0.000667	0.000667	0.000667	0.000667	0.000667	0.000667	0.000667	0.000667	0.002408	0.000667	0.000667	0.000667	0.000667	0.000667	0.000667	0.000667	0.000667	0.000667	0.000667	0.000667	0.000667	0.000667	0.000667	0.000667	0.001113	0.000667	0.000667	0.004235	0.000890	0.002408	0.000667	0.000667	0.008989	0.008215	0.000667	0.000667	0.000667	0.000667	0.000667	0.000667	0.000667	0.000667	0.000667	0.000667	0.943389	
0.000586	0.000820	0.000586	0.000586	0.000586	0.000586	0.000586	0.000586	0.000586	0.000586	0.000586	0.000586	0.000586	0.001225	0.000586	0.000586	0.000586	0.000586	0.000586	0.000586	0.000586	0.000586	0.000586	0.000586	0.000586	0.000586	0.000586	0.000586	0.000586	0.001419	0.000586	0.000586	0.005079	0.001002	0.001225	0.000586	0.000586	0.019269	0.017199	0.000586	0.000586	0.000586	0.000586	0.000586	0.000586	0.000586	0.000586	0.000586	0.000586	0.928748	
0.000573	0.002214	0.000573	0.000573	0.000573	0.000573	0.000573	0.000573	0.000573	0.000573	0.000573	0.000573	0.000573	0.001423	0.000573	0.000573	0.000573	0.000573	0.000573	0.000573	0.000573	0.000573	0.000573	0.000573	0.000573	0.000573	0.000573	0.000573	0.000573	0.000962	0.000573	0.000573	0.005508	0.000767	0.001423	0.000573	0.000573	0.016900	0.014411	0.000573	0.000573	0.000573	0.000573	0.000573	0.000573	0.000573	0.000573	0.000573	0.000573	0.932890	
0.000598	0.003976	0.000598	0.000598	0.000598	0.000598	0.000598	0.000598	0.000598	0.000598	0.000598	0.000598	0.000598	0.000829	0.000598	0.000598	0.000598	0.000598	0.000598	0.000598	0.000598	0.000598	0.000598	0.000598	0.000598	0.000598	0.000598	0.000598	0.000598	0.003249	0.000598	0.000598	0.002698	0.001924	0.000829	0.000598	0.000598	0.001502	0.006624	0.000598	0.000598	0.000598	0.000598	0.000598	0.000598	0.000598	0.000598	0.000598	0.000598	0.953854	
0.000666	0.001068	0.000666	0.000666	0.000666	0.000666	0.000666	0.000666	0.000666	0.000666	0.000666	0.000666	0.000666	0.002229	0.000666	0.000666	0.000666	0.000666	0.000666	0.000666	0.000666	0.000666	0.000666	0.000666	0.000666	0.000666	0.000666	0.000666	0.000666	0.001061	0.000666	0.000666	0.002928	0.000863	0.002229	0.000666	0.000666	0.003157	0.003449	0.000666	0.000666	0.000666	0.000666	0.000666	0.000666	0.000666	0.000666	0.000666	0.000666	0.955723	
0.000587	0.003842	0.000587	0.000587	0.000587	0.000587	0.000587	0.000587	0.000587	0.000587	0.000587	0.000587	0.000587	0.001025	0.000587	0.000587	0.000587	0.000587	0.000587	0.000587	0.000587	0.000587	0.000587	0.000587	0.000587	0.000587	0.000587	0.000587	0.000587	0.001108	0.000587	0.000587	0.003647	0.000848	0.001025	0.000587	0.000587	0.005555	0.005604	0.000587	0.000587	0.000587	0.000587	0.000587	0.000587	0.000587	0.000587	0.000587	0.000587	0.953274	
0.000560	0.006284	0.000560	0.000560	0.000560	0.000560	0.000560	0.000560	0.000560	0.000560	0.000560	0.000560	0.000560	0.000719	0.000560	0.000560	0.000560	0.000560	0.000560	0.000560	0.000560	0.000560	0.000560	0.000560	0.000560	0.000560	0.000560	0.000560	0.000560	0.001060	0.000560	0.000560	0.003736	0.000810	0.000719	0.000560	0.000560	0.001331	0.002178	0.000560	0.000560	0.000560	0.000560	0.000560	0.000560	0.000560	0.000560	0.000560	0.000560	0.960218	
0.000624	0.001704	0.000624	0.000624	0.000624	0.000624	0.000624	0.000624	0.000624	0.000624	0.000624	0.000624	0.000624	0.001175	0.000624	0.000624	0.000624	0.000624	0.000624	0.000624	0.000624	0.000624	0.000624	0.000624	0.000624	0.000624	0.000624	0.000624	0.000624	0.000965	0.000624	0.000624	0.003156	0.000795	0.001175	0.000624	0.000624	0.007827	0.007069	0.000624	0.000624	0.000624	0.000624	0.000624	0.000624	0.000624	0.000624	0.000624	0.000624	0.950547	
0.000650	0.001983	0.000650	0.000650	0.000650	0.000650	0.000650	0.000650	0.000650	0.000650	0.000650	0.000650	0.000650	0.000929	0.000650	0.000650	0.000650	0.000650	0.000650	0.000650	0.000650	0.000650	0.000650	0.000650	0.000650	0.000650	0.000650	0.000650	0.000650	0.001116	0.000650	0.000650	0.001835	0.000883	0.000929	0.000650	0.000650	0.001852	0.002544	0.000650	0.000650	0.000650	0.000650	0.000650	0.000650	0.000650	0.000650	0.000650	0.000650	0.961263	
0.000654	0.001383	0.000654	0.000654	0.000654	0.000654	0.000654	0.000654	0.000654	0.000654	0.000654	0.000654	0.000654	0.000900	0.000654	0.000654	0.000654	0.000654	0.000654	0.000654	0.000654	0.000654	0.000654	0.000654	0.000654	0.000654	0.000654	0.000654	0.000654	0.001937	0.000654	0.000654	0.001418	0.001296	0.000900	0.000654	0.000654	0.001422	0.003834	0.000654	0.000654	0.000654	0.000654	0.000654	0.000654	0.000654	0.000654	0.000654	0.000654	0.960091	
0.000679	0.001071	0.000679	0.000679	0.000679	0.000679	0.000679	0.000679	0.000679	0.000679	0.000679	0.000679	0.000679	0.001188	0.000679	0.000679	0.000679	0.000679	0.000679	0.000679	0.000679	0.000679	0.000679	0.000679	0.000679	0.000679	0.000679	0.000679	0.000679	0.001093	0.000679	0.000679	0.001997	0.000886	0.001188	0.000679	0.000679	0.003743	0.003958	0.000679	0.000679	0.000679	0.000679	0.000679	0.000679	0.000679	0.000679	0.000679	0.000679	0.957039	
0.000631	0.000843	0.000631	0.000631	0.000631	0.000631	0.000631	0.000631	0.000631	0.000631	0.000631	0.000631	0.000631	0.000811	0.000631	0.000631	0.000631	0.000631	0.000631	0.000631	0.000631	0.000631	0.000631	0.000631	0.000631	0.000631	0.000631	0.000631	0.000631	0.010879	0.000631	0.000631	0.001061	0.005755	0.000811	0.000631	0.000631	0.001350	0.021702	0.000631	0.000631	0.000631	0.000631	0.000631	0.000631	0.000631	0.000631	0.000631	0.000631	0.930916	
0.000634	0.000823	0.000634	0.000634	0.000634	0.000634	0.000634	0.000634	0.000634	0.000634	0.000634	0.000634	0.000634	0.000867	0.000634	0.000634	0.000634	0.000634	0.000634	0.000634	0.000634	0.000634	0.000634	0.000634	0.000634	0.000634	0.000634	0.000634	0.000634	0.010436	0.000634	0.000634	0.001118	0.005535	0.000867	0.000634	0.000634	0.001418	0.020866	0.000634	0.000634	0.000634	0.000634	0.000634	0.000634	0.000634	0.000634	0.000634	0.000634	0.932084	
0.000641	0.002956	0.000641	0.000641	0.000641	0.000641	0.000641	0.000641	0.000641	0.000641	0.000641	0.000641	0.000641	0.000803	0.000641	0.000641	0.000641	0.000641	0.000641	0.000641	0.000641	0.000641	0.000641	0.000641	0.000641	0.000641	0.000641	0.000641	0.000641	0.004763	0.000641	0.000641	0.002233	0.002702	0.000803	0.000641	0.000641	0.002003	0.009973	0.000641	0.000641	0.000641	0.000641	0.000641	0.000641	0.000641	0.000641	0.000641	0.000641	0.947479	
0.000584	0.003863	0.000584	0.000584	0.000584	0.000584	0.000584	0.000584	0.000584	0.000584	0.000584	0.000584	0.000584	0.000782	0.000584	0.000584	0.000584	0.000584	0.000584	0.000584	0.000584	0.000584	0.000584	0.000584	0.000584	0.000584	0.000584	0.000584	0.000584	0.001094	0.000584	0.000584	0.004170	0.000839	0.000782	0.000584	0.000584	0.009328	0.008600	0.000584	0.000584	0.000584	0.000584	0.000584	0.000584	0.000584	0.000584	0.000584	0.000584	0.946590	
0.000651	0.002717	0.000651	0.000651	0.000651	0.000651	0.000651	0.000651	0.000651	0.000651	0.000651	0.000651	0.000651	0.001700	0.000651	0.000651	0.000651	0.000651	0.000651	0.000651	0.000651	0.000651	0.000651	0.000651	0.000651	0.000651	0.000651	0.000651	0.000651	0.003179	0.000651	0.000651	0.002993	0.001915	0.001700	0.000651	0.000651	0.001952	0.006748	0.000651	0.000651	0.000651	0.000651	0.000651	0.000651	0.000651	0.000651	0.000651	0.000651	0.950387	
0.000547	0.006993	0.000547	0.000547	0.000547	0.000547	0.000547	0.000547	0.000547	0.000547	0.000547	0.000547	0.000547	0.000871	0.000547	0.000547	0.000547	0.000547	0.000547	0.000547	0.000547	0.000547	0.000547	0.000547	0.000547	0.000547	0.000547	0.000547	0.000547	0.001539	0.000547	0.000547	0.004382	0.001043	0.000871	0.000547	0.000547	0.001987	0.003681	0.000547	0.000547	0.000547	0.000547	0.000547	0.000547	0.000547	0.000547	0.000547	0.000547	0.956185	
0.000721	0.001055	0.000721	0.000721	0.000721	0.000721	0.000721	0.000721	0.000721	0.000721	0.000721	0.000721	0.000721	0.006831	0.000721	0.000721	0.000721	0.000721	0.000721	0.000721	0.000721	0.000721	0.000721	0.000721	0.000721	0.000721	0.000721	0.000721	0.000721	0.000968	0.000721	0.000721	0.007290	0.000844	0.006831	0.000721	0.000721	0.002178	0.002380	0.000721	0.000721	0.000721	0.000721	0.000721	0.000721	0.000721	0.000721	0.000721	0.000721	0.942055	
0.000658	0.002884	0.000658	0.000658	0.000658	0.000658	0.000658	0.000658	0.000658	0.000658	0.000658	0.000658	0.000658	0.003899	0.000658	0.000658	0.000658	0.000658	0.000658	0.000658	0.000658	0.000658	0.000658	0.000658	0.000658	0.000658	0.000658	0.000658	0.000658	0.002940	0.000658	0.000658	0.005171	0.001799	0.003899	0.000658	0.000658	0.001449	0.005856	0.000658	0.000658	0.000658	0.000658	0.000658	0.000658	0.000658	0.000658	0.000658	0.000658	0.945140	
0.000669	0.002550	0.000669	0.000669	0.000669	0.000669	0.000669	0.000669	0.000669	0.000669	0.000669	0.000669	0.000669	0.003933	0.000669	0.000669	0.000669	0.000669	0.000669	0.000669	0.000669	0.000669	0.000669	0.000669	0.000669	0.000669	0.000669	0.000669	0.000669	0.001059	0.000669	0.000669	0.005017	0.000864	0.003933	0.000669	0.000669	0.001388	0.002025	0.000669	0.000669	0.000669	0.000669	0.000669	0.000669	0.000669	0.000669	0.000669	0.000669	0.951793	
