0.461588	0.001307	0.086611	0.000842	0.022806	0.047010	0.081376	0.046579	0.068232	0.048919	0.004102	0.008285	0.029535	0.063773	0.029035	
0.494928	0.003964	0.042189	0.001268	0.014959	0.029309	0.046102	0.115309	0.056157	0.083757	0.005386	0.013443	0.033629	0.042939	0.016660	
0.493523	0.003382	0.040544	0.000963	0.016752	0.031829	0.044879	0.114394	0.051536	0.089035	0.004148	0.009901	0.039423	0.035961	0.023729	
0.605667	0.001045	0.018741	0.011681	0.006340	0.050705	0.150425	0.014719	0.028761	0.016108	0.051498	0.010933	0.009862	0.017030	0.006485	
0.450926	0.002261	0.081240	0.006485	0.017266	0.042050	0.098806	0.023815	0.091076	0.022823	0.034188	0.035538	0.027099	0.055702	0.010725	
0.529743	0.002757	0.045995	0.008091	0.009450	0.036844	0.107136	0.044098	0.058227	0.031345	0.037835	0.025013	0.018351	0.041286	0.003829	
0.453047	0.002104	0.033544	0.006624	0.028393	0.082619	0.129236	0.009392	0.122497	0.012938	0.030050	0.023790	0.009133	0.040397	0.016237	
0.487960	0.001233	0.168549	0.001012	0.007378	0.008449	0.089479	0.017333	0.036160	0.015899	0.006541	0.015532	0.016023	0.121876	0.006576	
0.441809	0.001385	0.168533	0.002364	0.011273	0.016069	0.087618	0.009682	0.064796	0.010424	0.016462	0.029740	0.023524	0.110325	0.005996	
0.236729	0.001022	0.203045	0.000812	0.032302	0.051592	0.049540	0.010724	0.164377	0.013751	0.023764	0.063550	0.059996	0.072945	0.015851	
0.282156	0.003255	0.068457	0.001127	0.048201	0.100129	0.091213	0.010628	0.211713	0.015993	0.009149	0.043528	0.018873	0.069207	0.026372	
0.258086	0.000892	0.247279	0.002236	0.018952	0.014320	0.037252	0.010451	0.127887	0.010992	0.034294	0.073976	0.070394	0.087192	0.005796	
0.434777	0.002617	0.145676	0.001011	0.010556	0.009797	0.049766	0.065090	0.061603	0.045707	0.011767	0.031135	0.037914	0.086035	0.006548	
0.379872	0.004105	0.114435	0.001586	0.017006	0.011885	0.028957	0.081649	0.099375	0.061003	0.015788	0.048043	0.049537	0.074714	0.012047	
0.417992	0.003866	0.106636	0.000772	0.012534	0.016261	0.016558	0.121445	0.072329	0.079954	0.013333	0.035504	0.053547	0.042879	0.006389	
0.464236	0.000893	0.028571	0.000819	0.025076	0.011181	0.022805	0.094457	0.024696	0.126982	0.003840	0.008811	0.088151	0.023070	0.076413	
0.486288	0.001918	0.025593	0.001706	0.020125	0.014431	0.030623	0.104364	0.028372	0.115728	0.007715	0.010586	0.072296	0.023394	0.056863	
0.454993	0.001477	0.019191	0.001100	0.026557	0.015325	0.024155	0.095304	0.038569	0.124442	0.004702	0.012514	0.084046	0.024095	0.073530	
0.433459	0.001425	0.055893	0.002356	0.024261	0.021115	0.042147	0.068976	0.058014	0.091406	0.013910	0.023136	0.071617	0.037109	0.055177	
0.151906	0.011331	0.075521	0.000858	0.043377	0.008997	0.020288	0.023789	0.293549	0.021348	0.004637	0.115986	0.015368	0.202732	0.010311	
0.271865	0.006728	0.104813	0.002422	0.029542	0.015028	0.038458	0.034458	0.191136	0.030234	0.017129	0.081347	0.033437	0.131984	0.011418	
0.241548	0.009236	0.069266	0.002657	0.035249	0.016690	0.041510	0.028615	0.237771	0.023084	0.013195	0.094383	0.016172	0.162472	0.008151	
0.344284	0.006073	0.040025	0.000849	0.034343	0.055817	0.051894	0.073769	0.172269	0.052528	0.004315	0.046048	0.021070	0.080510	0.016204	
0.266884	0.006906	0.046797	0.001825	0.043921	0.064152	0.070038	0.023141	0.234363	0.020935	0.008210	0.067261	0.010270	0.117858	0.017440	
