0.048189	0.801777	0.036227	0.019481	0.024265	0.026658	0.043404	
0.048189	0.428571	0.088859	0.215653	0.093643	0.045796	0.079289	
0.036401	0.370536	0.062843	0.291209	0.096497	0.041209	0.101305	
0.026721	0.031518	0.029120	0.036314	0.031518	0.019527	0.825283	
0.262749	0.035799	0.023978	0.052347	0.364404	0.059439	0.201283	
0.033835	0.045796	0.029050	0.134313	0.086466	0.215653	0.454887	
0.348571	0.023866	0.042689	0.033277	0.042689	0.042689	0.466218	
0.070924	0.052101	0.028571	0.148571	0.042689	0.602689	0.054454	
0.046127	0.031670	0.036489	0.038898	0.087091	0.699139	0.060585	
0.060879	0.029402	0.043929	0.036666	0.068143	0.721896	0.039087	
0.058608	0.035298	0.025974	0.028305	0.053946	0.683317	0.114552	
0.071080	0.029617	0.017422	0.124739	0.224739	0.497909	0.034495	
0.028174	0.176666	0.049055	0.448127	0.037454	0.225389	0.035134	
0.028305	0.016650	0.032967	0.538795	0.135531	0.149517	0.098235	
0.077076	0.046844	0.035216	0.739867	0.025914	0.042193	0.032890	
0.024207	0.040914	0.799864	0.038527	0.026594	0.033754	0.036140	
0.033593	0.062097	0.492026	0.318629	0.028843	0.031218	0.033593	
0.244414	0.035884	0.609343	0.024035	0.024035	0.031144	0.031144	
0.028775	0.052471	0.334462	0.024035	0.042993	0.460054	0.057211	
0.061803	0.023978	0.045255	0.033435	0.737926	0.028707	0.068896	
0.106625	0.031746	0.036577	0.029331	0.524500	0.191166	0.080055	
0.395525	0.022031	0.022031	0.060585	0.152151	0.062995	0.284682	
0.372326	0.053485	0.072809	0.169427	0.253968	0.024500	0.053485	
0.698906	0.024265	0.045796	0.045796	0.072112	0.064935	0.048189	
