0.000669	0.001776	0.000669	0.000669	0.000669	0.000669	0.000669	0.000669	0.000669	0.000669	0.000669	0.000669	0.000669	0.000875	0.000669	0.000669	0.000669	0.000669	0.000669	0.000669	0.000669	0.000669	0.000669	0.000669	0.000669	0.000669	0.000669	0.000669	0.000669	0.001212	0.000669	0.000669	0.001287	0.000941	0.000807	0.000669	0.000669	0.007420	0.006125	0.000669	0.000669	0.000669	0.000669	0.000669	0.000669	0.000669	0.000669	0.000669	0.000669	0.952117	
0.000704	0.004007	0.000704	0.000704	0.000704	0.000704	0.000704	0.000704	0.000704	0.000704	0.000704	0.000704	0.000704	0.000843	0.000704	0.000704	0.000704	0.000704	0.000704	0.000704	0.000704	0.000704	0.000704	0.000704	0.000704	0.000704	0.000704	0.000704	0.000704	0.001770	0.000704	0.000704	0.001122	0.001237	0.001199	0.000704	0.000704	0.001642	0.008751	0.000704	0.000704	0.000704	0.000704	0.000704	0.000704	0.000704	0.000704	0.000704	0.000704	0.950561	
0.000673	0.001474	0.000673	0.000673	0.000673	0.000673	0.000673	0.000673	0.000673	0.000673	0.000673	0.000673	0.000673	0.001031	0.000673	0.000673	0.000673	0.000673	0.000673	0.000673	0.000673	0.000673	0.000673	0.000673	0.000673	0.000673	0.000673	0.000673	0.000673	0.001244	0.000673	0.000673	0.001745	0.000959	0.000812	0.000673	0.000673	0.003434	0.003949	0.000673	0.000673	0.000673	0.000673	0.000673	0.000673	0.000673	0.000673	0.000673	0.000673	0.957744	
0.000617	0.003696	0.000617	0.000617	0.000617	0.000617	0.000617	0.000617	0.000617	0.000617	0.000617	0.000617	0.000617	0.001090	0.000617	0.000617	0.000617	0.000617	0.000617	0.000617	0.000617	0.000617	0.000617	0.000617	0.000617	0.000617	0.000617	0.000617	0.000617	0.002637	0.000617	0.000617	0.002037	0.001627	0.002036	0.000617	0.000617	0.005944	0.010926	0.000617	0.000617	0.000617	0.000617	0.000617	0.000617	0.000617	0.000617	0.000617	0.000617	0.944724	
0.000589	0.002110	0.000589	0.000589	0.000589	0.000589	0.000589	0.000589	0.000589	0.000589	0.000589	0.000589	0.000589	0.000707	0.000589	0.000589	0.000589	0.000589	0.000589	0.000589	0.000589	0.000589	0.000589	0.000589	0.000589	0.000589	0.000589	0.000589	0.000589	0.001362	0.000589	0.000589	0.000943	0.000976	0.003408	0.000589	0.000589	0.003067	0.005394	0.000589	0.000589	0.000589	0.000589	0.000589	0.000589	0.000589	0.000589	0.000589	0.000589	0.957864	
0.000644	0.001392	0.000644	0.000644	0.000644	0.000644	0.000644	0.000644	0.000644	0.000644	0.000644	0.000644	0.000644	0.001061	0.000644	0.000644	0.000644	0.000644	0.000644	0.000644	0.000644	0.000644	0.000644	0.000644	0.000644	0.000644	0.000644	0.000644	0.000644	0.001769	0.000644	0.000644	0.001895	0.001207	0.003055	0.000644	0.000644	0.001742	0.003703	0.000644	0.000644	0.000644	0.000644	0.000644	0.000644	0.000644	0.000644	0.000644	0.000644	0.957755	
0.000564	0.001390	0.000564	0.000564	0.000564	0.000564	0.000564	0.000564	0.000564	0.000564	0.000564	0.000564	0.000564	0.001009	0.000564	0.000564	0.000564	0.000564	0.000564	0.000564	0.000564	0.000564	0.000564	0.000564	0.000564	0.000564	0.000564	0.000564	0.000564	0.000938	0.000564	0.000564	0.001898	0.000751	0.002863	0.000564	0.000564	0.010110	0.006409	0.000564	0.000564	0.000564	0.000564	0.000564	0.000564	0.000564	0.000564	0.000564	0.000564	0.951515	
0.000693	0.006903	0.000693	0.000693	0.000693	0.000693	0.000693	0.000693	0.000693	0.000693	0.000693	0.000693	0.000693	0.002114	0.000693	0.000693	0.000693	0.000693	0.000693	0.000693	0.000693	0.000693	0.000693	0.000693	0.000693	0.000693	0.000693	0.000693	0.000693	0.001071	0.000693	0.000693	0.004958	0.000882	0.000965	0.000693	0.000693	0.003116	0.014460	0.000693	0.000693	0.000693	0.000693	0.000693	0.000693	0.000693	0.000693	0.000693	0.000693	0.937120	
0.000740	0.009300	0.000740	0.000740	0.000740	0.000740	0.000740	0.000740	0.000740	0.000740	0.000740	0.000740	0.000740	0.001564	0.000740	0.000740	0.000740	0.000740	0.000740	0.000740	0.000740	0.000740	0.000740	0.000740	0.000740	0.000740	0.000740	0.000740	0.000740	0.001395	0.000740	0.000740	0.003214	0.001067	0.000993	0.000740	0.000740	0.006040	0.020635	0.000740	0.000740	0.000740	0.000740	0.000740	0.000740	0.000740	0.000740	0.000740	0.000740	0.925472	
0.000585	0.001442	0.000585	0.000585	0.000585	0.000585	0.000585	0.000585	0.000585	0.000585	0.000585	0.000585	0.000585	0.003234	0.000585	0.000585	0.000585	0.000585	0.000585	0.000585	0.000585	0.000585	0.000585	0.000585	0.000585	0.000585	0.000585	0.000585	0.000585	0.001055	0.000585	0.000585	0.008530	0.000820	0.000772	0.000585	0.000585	0.005618	0.004782	0.000585	0.000585	0.000585	0.000585	0.000585	0.000585	0.000585	0.000585	0.000585	0.000585	0.949750	
0.000593	0.002919	0.000593	0.000593	0.000593	0.000593	0.000593	0.000593	0.000593	0.000593	0.000593	0.000593	0.000593	0.002863	0.000593	0.000593	0.000593	0.000593	0.000593	0.000593	0.000593	0.000593	0.000593	0.000593	0.000593	0.000593	0.000593	0.000593	0.000593	0.001175	0.000593	0.000593	0.007402	0.000884	0.001016	0.000593	0.000593	0.005349	0.007731	0.000593	0.000593	0.000593	0.000593	0.000593	0.000593	0.000593	0.000593	0.000593	0.000593	0.946362	
0.000569	0.001786	0.000569	0.000569	0.000569	0.000569	0.000569	0.000569	0.000569	0.000569	0.000569	0.000569	0.000569	0.002325	0.000569	0.000569	0.000569	0.000569	0.000569	0.000569	0.000569	0.000569	0.000569	0.000569	0.000569	0.000569	0.000569	0.000569	0.000569	0.000902	0.000569	0.000569	0.005836	0.000736	0.001521	0.000569	0.000569	0.008570	0.006538	0.000569	0.000569	0.000569	0.000569	0.000569	0.000569	0.000569	0.000569	0.000569	0.000569	0.948466	
0.000590	0.002810	0.000590	0.000590	0.000590	0.000590	0.000590	0.000590	0.000590	0.000590	0.000590	0.000590	0.000590	0.002693	0.000590	0.000590	0.000590	0.000590	0.000590	0.000590	0.000590	0.000590	0.000590	0.000590	0.000590	0.000590	0.000590	0.000590	0.000590	0.001845	0.000590	0.000590	0.006899	0.001217	0.000756	0.000590	0.000590	0.004013	0.007654	0.000590	0.000590	0.000590	0.000590	0.000590	0.000590	0.000590	0.000590	0.000590	0.000590	0.947925	
0.000636	0.004193	0.000636	0.000636	0.000636	0.000636	0.000636	0.000636	0.000636	0.000636	0.000636	0.000636	0.000636	0.002704	0.000636	0.000636	0.000636	0.000636	0.000636	0.000636	0.000636	0.000636	0.000636	0.000636	0.000636	0.000636	0.000636	0.000636	0.000636	0.001235	0.000636	0.000636	0.006840	0.000935	0.000758	0.000636	0.000636	0.001701	0.008776	0.000636	0.000636	0.000636	0.000636	0.000636	0.000636	0.000636	0.000636	0.000636	0.000636	0.946789	
0.000585	0.001109	0.000585	0.000585	0.000585	0.000585	0.000585	0.000585	0.000585	0.000585	0.000585	0.000585	0.000585	0.002475	0.000585	0.000585	0.000585	0.000585	0.000585	0.000585	0.000585	0.000585	0.000585	0.000585	0.000585	0.000585	0.000585	0.000585	0.000585	0.000853	0.000585	0.000585	0.006256	0.000719	0.000877	0.000585	0.000585	0.003364	0.003014	0.000585	0.000585	0.000585	0.000585	0.000585	0.000585	0.000585	0.000585	0.000585	0.000585	0.957338	
0.000583	0.001156	0.000583	0.000583	0.000583	0.000583	0.000583	0.000583	0.000583	0.000583	0.000583	0.000583	0.000583	0.000734	0.000583	0.000583	0.000583	0.000583	0.000583	0.000583	0.000583	0.000583	0.000583	0.000583	0.000583	0.000583	0.000583	0.000583	0.000583	0.010062	0.000583	0.000583	0.001035	0.005322	0.000697	0.000583	0.000583	0.001448	0.011553	0.000583	0.000583	0.000583	0.000583	0.000583	0.000583	0.000583	0.000583	0.000583	0.000583	0.944076	
0.000602	0.001177	0.000602	0.000602	0.000602	0.000602	0.000602	0.000602	0.000602	0.000602	0.000602	0.000602	0.000602	0.000689	0.000602	0.000602	0.000602	0.000602	0.000602	0.000602	0.000602	0.000602	0.000602	0.000602	0.000602	0.000602	0.000602	0.000602	0.000602	0.009696	0.000602	0.000602	0.000863	0.005149	0.000694	0.000602	0.000602	0.001705	0.011288	0.000602	0.000602	0.000602	0.000602	0.000602	0.000602	0.000602	0.000602	0.000602	0.000602	0.944078	
0.000671	0.004145	0.000671	0.000671	0.000671	0.000671	0.000671	0.000671	0.000671	0.000671	0.000671	0.000671	0.000671	0.000834	0.000671	0.000671	0.000671	0.000671	0.000671	0.000671	0.000671	0.000671	0.000671	0.000671	0.000671	0.000671	0.000671	0.000671	0.000671	0.006293	0.000671	0.000671	0.001159	0.003482	0.000832	0.000671	0.000671	0.003575	0.014403	0.000671	0.000671	0.000671	0.000671	0.000671	0.000671	0.000671	0.000671	0.000671	0.000671	0.937760	
0.000634	0.001466	0.000634	0.000634	0.000634	0.000634	0.000634	0.000634	0.000634	0.000634	0.000634	0.000634	0.000634	0.000794	0.000634	0.000634	0.000634	0.000634	0.000634	0.000634	0.000634	0.000634	0.000634	0.000634	0.000634	0.000634	0.000634	0.000634	0.000634	0.004658	0.000634	0.000634	0.001116	0.002646	0.000848	0.000634	0.000634	0.015281	0.012181	0.000634	0.000634	0.000634	0.000634	0.000634	0.000634	0.000634	0.000634	0.000634	0.000634	0.935036	
0.000658	0.003541	0.000658	0.000658	0.000658	0.000658	0.000658	0.000658	0.000658	0.000658	0.000658	0.000658	0.000658	0.000788	0.000658	0.000658	0.000658	0.000658	0.000658	0.000658	0.000658	0.000658	0.000658	0.000658	0.000658	0.000658	0.000658	0.000658	0.000658	0.001489	0.000658	0.000658	0.001046	0.001074	0.002934	0.000658	0.000658	0.001601	0.007632	0.000658	0.000658	0.000658	0.000658	0.000658	0.000658	0.000658	0.000658	0.000658	0.000658	0.952910	
0.000958	0.001527	0.000958	0.000958	0.000958	0.000958	0.000958	0.000958	0.000958	0.000958	0.000958	0.000958	0.000958	0.001192	0.000958	0.000958	0.000958	0.000958	0.000958	0.000958	0.000958	0.000958	0.000958	0.000958	0.000958	0.000958	0.000958	0.000958	0.000958	0.001730	0.000958	0.000958	0.001660	0.001344	0.001138	0.000958	0.000958	0.006287	0.004999	0.000958	0.000958	0.000958	0.000958	0.000958	0.000958	0.000958	0.000958	0.000958	0.000958	0.940854	
0.000612	0.004404	0.000612	0.000612	0.000612	0.000612	0.000612	0.000612	0.000612	0.000612	0.000612	0.000612	0.000612	0.000723	0.000612	0.000612	0.000612	0.000612	0.000612	0.000612	0.000612	0.000612	0.000612	0.000612	0.000612	0.000612	0.000612	0.000612	0.000612	0.001244	0.000612	0.000612	0.000944	0.000928	0.003214	0.000612	0.000612	0.003638	0.010038	0.000612	0.000612	0.000612	0.000612	0.000612	0.000612	0.000612	0.000612	0.000612	0.000612	0.949758	
0.000717	0.001205	0.000717	0.000717	0.000717	0.000717	0.000717	0.000717	0.000717	0.000717	0.000717	0.000717	0.000717	0.001499	0.000717	0.000717	0.000717	0.000717	0.000717	0.000717	0.000717	0.000717	0.000717	0.000717	0.000717	0.000717	0.000717	0.000717	0.000717	0.001069	0.000717	0.000717	0.003065	0.000893	0.002415	0.000717	0.000717	0.001664	0.002424	0.000717	0.000717	0.000717	0.000717	0.000717	0.000717	0.000717	0.000717	0.000717	0.000717	0.956386	
0.000669	0.006036	0.000669	0.000669	0.000669	0.000669	0.000669	0.000669	0.000669	0.000669	0.000669	0.000669	0.000669	0.000915	0.000669	0.000669	0.000669	0.000669	0.000669	0.000669	0.000669	0.000669	0.000669	0.000669	0.000669	0.000669	0.000669	0.000669	0.000669	0.001633	0.000669	0.000669	0.001408	0.001151	0.002168	0.000669	0.000669	0.006735	0.014794	0.000669	0.000669	0.000669	0.000669	0.000669	0.000669	0.000669	0.000669	0.000669	0.000669	0.937741	
