0.004442	0.004527	0.006116	0.033356	0.006456	0.022796	0.052655	0.003253	0.138260	0.001984	0.003006	0.001451	0.021750	0.008094	0.010369	0.007964	0.000717	0.068580	0.004279	0.011914	0.010231	0.033277	0.003227	0.047653	0.000853	0.006934	0.004159	0.001989	0.002762	0.041503	0.180745	0.004807	0.022796	0.001943	0.001975	0.003742	0.001080	0.007698	0.001304	0.000171	0.003410	0.058139	0.001989	0.005604	0.001202	0.006881	0.005428	0.022796	0.002895	0.100836	
0.006478	0.006233	0.007159	0.005683	0.034282	0.001288	0.007113	0.003703	0.008700	0.002236	0.004347	0.001246	0.002565	0.126342	0.060894	0.124273	0.000902	0.034548	0.003760	0.184551	0.019092	0.005013	0.004675	0.003467	0.000938	0.103794	0.004751	0.029104	0.003173	0.004531	0.016816	0.008873	0.001288	0.002215	0.002817	0.005440	0.014622	0.009143	0.001450	0.000139	0.003860	0.009153	0.029104	0.007429	0.001669	0.047290	0.006219	0.001288	0.004183	0.022157	
0.004175	0.012363	0.020814	0.022800	0.019750	0.012945	0.037388	0.005332	0.078689	0.003202	0.002825	0.003012	0.014647	0.045600	0.030250	0.044855	0.000734	0.048894	0.007636	0.066722	0.012168	0.022397	0.003033	0.029440	0.002582	0.037908	0.006854	0.010588	0.009370	0.024509	0.110414	0.005693	0.012945	0.006461	0.001855	0.003517	0.005373	0.012326	0.002061	0.000158	0.005610	0.034509	0.010588	0.015621	0.001128	0.021689	0.008985	0.012945	0.002721	0.083919	
0.004139	0.044218	0.006102	0.005645	0.004938	0.002340	0.010155	0.002490	0.030100	0.001535	0.002804	0.001165	0.003354	0.005340	0.092474	0.005255	0.000663	0.007815	0.003155	0.010520	0.297336	0.005675	0.003010	0.005463	0.000852	0.004600	0.003173	0.001356	0.002761	0.005528	0.072404	0.137113	0.002340	0.001942	0.001846	0.003489	0.000763	0.087075	0.001023	0.000170	0.002607	0.009258	0.001356	0.005054	0.001128	0.005761	0.004128	0.002340	0.002702	0.083540	
0.017791	0.051811	0.076079	0.006032	0.022021	0.001353	0.007970	0.003941	0.014189	0.002377	0.011858	0.004556	0.002835	0.025853	0.071098	0.025431	0.002178	0.010020	0.004046	0.038630	0.093949	0.007890	0.012771	0.013315	0.009039	0.021444	0.005057	0.006043	0.033950	0.008867	0.060036	0.043371	0.001353	0.023274	0.007598	0.014901	0.003093	0.030499	0.001539	0.000143	0.004109	0.020514	0.006043	0.045237	0.004403	0.034990	0.006621	0.001353	0.011401	0.067127	
0.010996	0.030128	0.017640	0.007002	0.013808	0.002515	0.026859	0.003472	0.023858	0.002108	0.007353	0.004651	0.008704	0.031460	0.068336	0.030946	0.001620	0.014776	0.012387	0.047338	0.153575	0.014621	0.007914	0.007434	0.002173	0.026798	0.004446	0.007343	0.007811	0.009009	0.055001	0.070858	0.002515	0.005395	0.004737	0.009221	0.003752	0.060488	0.001377	0.000160	0.003815	0.016497	0.007343	0.012269	0.002776	0.021296	0.005809	0.002515	0.007073	0.100018	
0.003191	0.067650	0.094294	0.008920	0.023779	0.001366	0.007406	0.006486	0.015426	0.003877	0.002169	0.005317	0.002483	0.008017	0.075052	0.007888	0.000539	0.005657	0.004537	0.013088	0.138326	0.004175	0.002326	0.016009	0.011276	0.006789	0.008349	0.001956	0.042428	0.004048	0.070822	0.063826	0.001366	0.029077	0.001435	0.002693	0.001053	0.042338	0.002479	0.000150	0.006720	0.006053	0.001956	0.057441	0.000884	0.022150	0.010958	0.001366	0.002090	0.082319	
0.061487	0.016946	0.029610	0.010578	0.015679	0.001959	0.023962	0.007243	0.017680	0.004316	0.040860	0.004888	0.008296	0.013893	0.053739	0.013667	0.007243	0.008875	0.013091	0.020617	0.021829	0.025166	0.044033	0.007707	0.003310	0.012340	0.009334	0.003293	0.012201	0.025041	0.046369	0.010132	0.001959	0.008391	0.026051	0.051438	0.001714	0.022484	0.002748	0.000135	0.007685	0.065289	0.003293	0.020243	0.014944	0.053466	0.012261	0.001959	0.039273	0.071284	
0.076825	0.009072	0.013930	0.004646	0.005543	0.001776	0.031245	0.002216	0.018113	0.001359	0.051041	0.005446	0.010578	0.006134	0.054927	0.006036	0.009050	0.006432	0.015315	0.009185	0.025727	0.031696	0.055008	0.005010	0.001376	0.006336	0.002828	0.001511	0.004852	0.030137	0.043851	0.011928	0.001776	0.003362	0.032530	0.064264	0.000823	0.029799	0.000900	0.000134	0.002598	0.080063	0.001511	0.007519	0.018646	0.058899	0.003685	0.001776	0.049058	0.083527	
0.068366	0.005115	0.009995	0.005373	0.005179	0.001869	0.053215	0.002761	0.017056	0.001683	0.045429	0.009098	0.017196	0.004201	0.043971	0.004134	0.008364	0.006212	0.026950	0.006235	0.010375	0.038994	0.048958	0.004685	0.000961	0.005770	0.003531	0.001074	0.003251	0.028443	0.037968	0.004858	0.001869	0.002269	0.028962	0.057192	0.000609	0.043281	0.001106	0.000143	0.003413	0.071878	0.001074	0.005871	0.016611	0.051556	0.004609	0.001869	0.043665	0.132752	
0.064775	0.014689	0.027349	0.005249	0.008863	0.001209	0.042924	0.003412	0.012985	0.002065	0.043044	0.008362	0.013880	0.005212	0.049195	0.005129	0.007854	0.004528	0.022493	0.007769	0.014440	0.033546	0.046388	0.005813	0.003030	0.006182	0.004375	0.001304	0.011123	0.025771	0.039270	0.006730	0.001209	0.007654	0.027443	0.054189	0.000722	0.037135	0.001343	0.000140	0.003980	0.066758	0.001304	0.016172	0.015741	0.052531	0.005723	0.001209	0.041373	0.116417	
0.054637	0.019897	0.022696	0.006270	0.010083	0.001190	0.031114	0.004340	0.014931	0.002612	0.036316	0.006070	0.010145	0.008663	0.059189	0.008524	0.006581	0.005315	0.016537	0.013321	0.067799	0.026131	0.039134	0.005172	0.002534	0.008452	0.005575	0.002098	0.009229	0.021742	0.043850	0.031321	0.001190	0.006360	0.023162	0.045711	0.001121	0.042358	0.001686	0.000143	0.004795	0.056654	0.002098	0.014471	0.013297	0.045634	0.007303	0.001190	0.034906	0.096452	
0.066925	0.006782	0.013559	0.006653	0.014522	0.002744	0.009955	0.002858	0.022235	0.001734	0.044467	0.001393	0.004320	0.041952	0.058799	0.041266	0.007665	0.018097	0.003389	0.061311	0.008968	0.020947	0.047922	0.007022	0.001376	0.034614	0.003661	0.009727	0.004873	0.027430	0.045588	0.004202	0.002744	0.003375	0.028344	0.055984	0.004927	0.006187	0.001131	0.000128	0.002989	0.072563	0.009727	0.008289	0.016251	0.063571	0.004785	0.002744	0.042740	0.026567	
0.044501	0.013490	0.019708	0.008464	0.021912	0.001981	0.008507	0.005350	0.016861	0.003202	0.029584	0.001741	0.003469	0.056780	0.061115	0.055851	0.005157	0.019488	0.004288	0.083219	0.030977	0.014736	0.031879	0.006451	0.002224	0.046770	0.006884	0.013134	0.008077	0.018592	0.039645	0.014347	0.001981	0.005568	0.018875	0.037234	0.006634	0.012403	0.002051	0.000134	0.005555	0.048505	0.013134	0.014132	0.010843	0.053691	0.009032	0.001981	0.028437	0.031427	
0.047362	0.013852	0.025468	0.006737	0.017425	0.003637	0.013455	0.001904	0.026136	0.001175	0.031483	0.002289	0.005432	0.050897	0.056821	0.050065	0.005496	0.022909	0.003917	0.074366	0.012604	0.018252	0.033926	0.010669	0.002891	0.042024	0.002425	0.011784	0.010611	0.022562	0.052276	0.005880	0.003637	0.007302	0.020083	0.039626	0.005959	0.008553	0.000784	0.000133	0.002026	0.055276	0.011784	0.014870	0.011533	0.054844	0.003154	0.003637	0.030262	0.039803	
0.003796	0.005166	0.008085	0.100693	0.103770	0.001505	0.005868	0.087377	0.009058	0.051462	0.002572	0.001028	0.002243	0.004897	0.008601	0.004820	0.000597	0.005287	0.032454	0.009707	0.007454	0.003986	0.002760	0.004044	0.001075	0.004177	0.113030	0.001243	0.003651	0.003922	0.015954	0.003519	0.001505	0.002547	0.001693	0.003199	0.000699	0.004563	0.032222	0.000155	0.089976	0.006971	0.001243	0.064849	0.001034	0.005741	0.148945	0.001505	0.002478	0.016873	
0.002907	0.005918	0.007566	0.083746	0.092616	0.000903	0.004676	0.073106	0.005743	0.043066	0.001981	0.001005	0.001712	0.028854	0.019493	0.028384	0.000495	0.009415	0.027423	0.044309	0.014692	0.002996	0.002123	0.002736	0.001016	0.023814	0.094562	0.006740	0.003433	0.002570	0.012127	0.006853	0.000903	0.002397	0.001316	0.002455	0.003446	0.006607	0.026973	0.000152	0.075285	0.004665	0.006740	0.054912	0.000817	0.012872	0.124602	0.000903	0.001909	0.016070	
0.005655	0.007883	0.009285	0.056335	0.044386	0.012422	0.032565	0.035561	0.076210	0.020986	0.003809	0.001808	0.013057	0.007711	0.015561	0.007588	0.000861	0.038028	0.016327	0.012427	0.022918	0.020467	0.004093	0.026707	0.001215	0.006677	0.045972	0.001896	0.004159	0.023840	0.104175	0.010650	0.012422	0.002897	0.002483	0.004756	0.001030	0.012270	0.013177	0.000163	0.036684	0.034721	0.001896	0.029686	0.001489	0.008197	0.060548	0.012422	0.003667	0.070261	
0.004403	0.009013	0.004525	0.043541	0.044939	0.001520	0.069140	0.036911	0.011381	0.021783	0.002981	0.011876	0.021331	0.006462	0.020335	0.006359	0.001414	0.005676	0.047656	0.010876	0.048592	0.030539	0.003200	0.003543	0.000666	0.008396	0.047716	0.001616	0.002048	0.007045	0.021934	0.022486	0.001520	0.001456	0.001960	0.003710	0.000894	0.067477	0.013679	0.000173	0.038758	0.007565	0.001616	0.027961	0.001194	0.006027	0.062844	0.001520	0.002871	0.178870	
0.005878	0.060050	0.112879	0.005266	0.030042	0.001623	0.015078	0.002946	0.010432	0.001790	0.003948	0.007524	0.005058	0.040811	0.059404	0.040145	0.000919	0.014500	0.007310	0.059697	0.014609	0.008367	0.004245	0.019175	0.013451	0.034026	0.003772	0.009473	0.050727	0.005881	0.059124	0.006807	0.001623	0.034752	0.002563	0.004938	0.004806	0.013821	0.001171	0.000139	0.003166	0.009354	0.009473	0.065648	0.001524	0.038215	0.004928	0.001623	0.003800	0.083496	
0.013684	0.024631	0.039634	0.016163	0.026218	0.000992	0.061308	0.013329	0.008148	0.007906	0.009137	0.012341	0.018928	0.020969	0.037465	0.020628	0.002365	0.007720	0.035829	0.031205	0.032351	0.029216	0.009837	0.007398	0.004763	0.019974	0.017202	0.004936	0.017650	0.009150	0.031165	0.014995	0.000992	0.012127	0.005873	0.011469	0.002548	0.057464	0.005001	0.000160	0.014405	0.015543	0.004936	0.031294	0.003424	0.023793	0.022624	0.000992	0.008787	0.171331	
0.004808	0.058036	0.105843	0.011589	0.029752	0.002359	0.027778	0.007687	0.015393	0.004582	0.003241	0.009143	0.009061	0.020255	0.051819	0.019925	0.000936	0.011590	0.014816	0.029946	0.026051	0.013742	0.003482	0.019691	0.012631	0.017696	0.009905	0.004762	0.047588	0.007277	0.063770	0.012084	0.002359	0.032607	0.002116	0.004045	0.002454	0.026108	0.002919	0.000146	0.008176	0.010022	0.004762	0.064826	0.001272	0.029426	0.013010	0.002359	0.003120	0.113036	
0.003544	0.038783	0.071883	0.018060	0.038734	0.001383	0.026721	0.014533	0.008650	0.008609	0.002402	0.007715	0.008503	0.047464	0.047227	0.046689	0.000806	0.015415	0.017764	0.069726	0.013039	0.012592	0.002578	0.012864	0.008619	0.040046	0.018764	0.011007	0.032341	0.004991	0.040519	0.006088	0.001383	0.022174	0.001582	0.002988	0.005577	0.023277	0.005436	0.000147	0.015235	0.006452	0.011007	0.050721	0.000967	0.031224	0.024688	0.001383	0.002314	0.095388	
0.009736	0.061499	0.112519	0.019513	0.035975	0.001888	0.021269	0.015227	0.013031	0.009017	0.006511	0.008480	0.007014	0.004864	0.050792	0.004787	0.001421	0.006428	0.014574	0.007722	0.027037	0.011951	0.007007	0.019641	0.013394	0.004822	0.019664	0.001227	0.050493	0.007893	0.064243	0.012537	0.001888	0.034594	0.004196	0.008165	0.000686	0.021869	0.005689	0.000144	0.015873	0.013795	0.001227	0.073545	0.002459	0.029092	0.025874	0.001888	0.006263	0.100578	
