49	0	0	0	0	0	0	
0	0	0	133	18	0	0	
0	36	0	0	127	0	0	
0	0	0	55	0	99	0	
0	0	0	0	1	0	109	
0	0	13	0	0	0	0	
0	0	36	46	0	44	0	
0	0	0	0	15	0	0	
0	0	0	78	0	0	0	
0	0	0	0	98	0	0	
101	1	0	0	11	75	0	
0	0	0	0	0	0	100	
0	0	0	0	0	0	0	
63	0	0	0	0	0	0	
0	0	0	20	0	0	0	
0	0	0	49	0	43	87	
28	25	0	0	0	0	0	
0	0	0	0	0	48	118	
0	0	86	0	0	0	0	
0	0	0	0	0	87	0	
24	0	0	0	0	0	0	
0	95	77	0	0	0	0	
0	0	0	14	0	0	0	
0	0	0	0	92	0	0	
0	0	79	0	0	0	0	
0	1	47	0	0	59	0	
0	0	0	0	0	90	0	
0	0	0	0	0	0	20	
1	0	0	105	0	0	0	
0	0	0	0	25	0	0	
0	0	0	14	0	0	0	
0	258	0	0	0	0	94	
88	0	0	0	0	0	49	
14	0	0	0	11	0	0	
0	0	0	0	36	0	0	
0	10	0	47	0	0	0	
0	0	0	0	0	22	0	
0	10	0	0	0	3	0	
0	0	56	0	0	0	0	
119	0	60	0	33	0	43	
32	44	57	0	0	0	51	
101	0	0	0	80	0	0	
1	0	180	0	0	0	0	
16	0	13	0	0	0	0	
0	0	2	174	0	0	0	
0	99	0	0	1	0	0	
0	0	0	0	10	0	0	
0	0	27	0	0	0	0	
89	0	0	69	65	0	0	
0	25	0	0	0	0	0	
