0.021873	0.044983	0.001744	0.027295	0.011082	0.045664	0.025481	0.042812	0.032503	0.015624	0.007872	0.034463	0.013489	0.065847	0.002551	0.039550	0.004065	0.000822	0.019975	0.015672	0.009016	0.000142	0.061982	0.017679	0.020756	0.013150	0.041186	0.026385	0.000560	0.037504	0.024180	0.015660	0.010100	0.001736	0.004901	0.016183	0.057201	0.017230	0.005394	0.000892	0.001564	0.000456	0.008963	0.014199	0.010449	0.000142	0.072493	0.000908	0.007562	0.028061	
0.013392	0.028873	0.003104	0.063876	0.007525	0.049332	0.023067	0.013920	0.023073	0.147399	0.004804	0.022907	0.011097	0.039642	0.001343	0.024317	0.005857	0.000995	0.031016	0.010197	0.004272	0.000159	0.037319	0.004110	0.012546	0.009370	0.025917	0.005932	0.000674	0.022610	0.011582	0.014432	0.107146	0.002121	0.003529	0.012276	0.038080	0.003918	0.013076	0.002004	0.000785	0.000545	0.034573	0.010495	0.006353	0.000159	0.043557	0.008389	0.018407	0.019928	
0.004606	0.037141	0.002929	0.053292	0.001453	0.067651	0.009495	0.018760	0.002934	0.083538	0.009854	0.006733	0.009848	0.082610	0.001160	0.049838	0.006515	0.001211	0.012072	0.019981	0.004340	0.000153	0.077760	0.009240	0.026022	0.001271	0.006796	0.013664	0.000804	0.047040	0.024448	0.004910	0.061182	0.002636	0.000562	0.013766	0.051338	0.008951	0.010190	0.001587	0.000635	0.000641	0.022236	0.002438	0.013087	0.000153	0.090799	0.004847	0.014333	0.002552	
0.003662	0.004639	0.026314	0.056826	0.001965	0.006038	0.072667	0.015696	0.004390	0.014771	0.000784	0.007740	0.063322	0.005546	0.002602	0.010824	0.048200	0.006874	0.005064	0.001492	0.003289	0.000149	0.005228	0.006247	0.001842	0.001854	0.008780	0.007864	0.004287	0.003218	0.003804	0.044916	0.010689	0.015927	0.000773	0.091605	0.062363	0.005173	0.120489	0.017340	0.000718	0.003253	0.029438	0.009138	0.000995	0.000149	0.006135	0.000960	0.170154	0.003808	
0.005167	0.006988	0.023208	0.054585	0.003370	0.009784	0.067513	0.018765	0.007917	0.033367	0.000936	0.013290	0.058561	0.006822	0.002899	0.010201	0.040905	0.005644	0.009157	0.001889	0.005267	0.000151	0.006429	0.004769	0.002244	0.003273	0.014991	0.005775	0.003531	0.003944	0.003486	0.042523	0.024175	0.013037	0.001293	0.082701	0.055977	0.003813	0.109626	0.015790	0.001086	0.002686	0.030675	0.009264	0.001198	0.000151	0.007519	0.001999	0.154806	0.006851	
0.003770	0.004247	0.021732	0.078295	0.002230	0.015382	0.058371	0.011460	0.005596	0.083404	0.000515	0.008582	0.052922	0.003211	0.002527	0.009783	0.045182	0.007175	0.014212	0.001299	0.002749	0.000155	0.003032	0.003955	0.001114	0.002342	0.009044	0.004813	0.004475	0.001893	0.002312	0.033728	0.060969	0.016625	0.000955	0.066270	0.063671	0.003188	0.087736	0.012667	0.000630	0.003395	0.036530	0.009955	0.000634	0.000155	0.003547	0.004833	0.123881	0.004849	
0.003406	0.003764	0.021998	0.027454	0.004310	0.004932	0.068301	0.048516	0.004088	0.014726	0.000593	0.026350	0.068283	0.003872	0.005313	0.004324	0.026210	0.001933	0.004323	0.001104	0.016217	0.000156	0.003654	0.005986	0.001322	0.001737	0.028951	0.007344	0.001250	0.002269	0.003240	0.048526	0.010671	0.004326	0.000734	0.099000	0.032240	0.004837	0.130950	0.018841	0.003154	0.000976	0.031498	0.003689	0.000739	0.000156	0.004292	0.000965	0.184929	0.003548	
0.005598	0.008578	0.009859	0.084252	0.008232	0.023696	0.022390	0.081445	0.008658	0.109288	0.001272	0.050555	0.061833	0.009633	0.010667	0.013867	0.035560	0.007451	0.019119	0.002944	0.030073	0.000158	0.009076	0.004022	0.003130	0.003574	0.054702	0.005875	0.004646	0.005546	0.004209	0.006122	0.079820	0.017269	0.001408	0.007684	0.094013	0.003881	0.006824	0.001110	0.005732	0.003524	0.025437	0.011512	0.001644	0.000158	0.010607	0.006285	0.009575	0.007491	
0.036276	0.034879	0.008250	0.045698	0.021134	0.006038	0.056306	0.044768	0.064217	0.020331	0.000702	0.062833	0.034600	0.004944	0.004859	0.009336	0.028328	0.005849	0.038627	0.001352	0.011699	0.000136	0.004661	0.011651	0.001644	0.025894	0.075540	0.017306	0.003652	0.002870	0.006505	0.030234	0.012182	0.013540	0.009560	0.014426	0.086023	0.011317	0.008770	0.001369	0.002286	0.002773	0.008566	0.032675	0.000890	0.000136	0.005548	0.001063	0.012333	0.055422	
0.009558	0.005278	0.002573	0.020208	0.014782	0.005094	0.010264	0.206298	0.006672	0.012559	0.000652	0.103411	0.091520	0.004330	0.020491	0.003639	0.005690	0.001081	0.005384	0.001204	0.068005	0.000161	0.004084	0.024692	0.001469	0.002778	0.113191	0.036854	0.000728	0.002532	0.012276	0.006019	0.008972	0.002320	0.001119	0.023593	0.072485	0.024054	0.008879	0.001407	0.012867	0.000586	0.011313	0.003833	0.000815	0.000161	0.005023	0.000839	0.012477	0.005778	
0.008448	0.003293	0.001888	0.019759	0.014667	0.004560	0.006546	0.218685	0.003753	0.013668	0.000518	0.107090	0.094973	0.003177	0.021626	0.002759	0.004410	0.000901	0.003891	0.000940	0.071944	0.000163	0.002999	0.026377	0.001109	0.001606	0.116857	0.039417	0.000617	0.001877	0.012769	0.003678	0.009911	0.001894	0.000691	0.022512	0.072775	0.025724	0.005766	0.000964	0.013611	0.000504	0.011417	0.002436	0.000636	0.000163	0.003777	0.000913	0.008079	0.003261	
0.016689	0.017123	0.007486	0.020230	0.017753	0.004579	0.038784	0.127035	0.029899	0.012137	0.000644	0.090152	0.076582	0.004340	0.014627	0.004835	0.014006	0.002141	0.018264	0.001189	0.047446	0.000151	0.004093	0.004668	0.001465	0.012109	0.101248	0.006534	0.001376	0.002533	0.003107	0.024443	0.007658	0.004821	0.004526	0.027145	0.072136	0.004307	0.033055	0.004852	0.009003	0.001070	0.010280	0.014544	0.000808	0.000151	0.004800	0.000728	0.046634	0.025816	
0.048520	0.048951	0.002749	0.016195	0.028871	0.006176	0.064984	0.030963	0.091410	0.021355	0.000757	0.080281	0.019106	0.005430	0.003432	0.004714	0.007287	0.001447	0.053244	0.001461	0.010326	0.000133	0.005118	0.003903	0.001795	0.036823	0.097530	0.005705	0.000942	0.003145	0.003116	0.041097	0.011759	0.003216	0.013556	0.007803	0.059930	0.003761	0.007088	0.001127	0.002025	0.000740	0.005938	0.039133	0.000964	0.000133	0.005992	0.001028	0.009959	0.078882	
0.043179	0.043274	0.002860	0.032158	0.024751	0.013539	0.058737	0.018046	0.080822	0.069671	0.000687	0.065369	0.012449	0.004781	0.001804	0.004174	0.006857	0.001310	0.053336	0.001565	0.004926	0.000141	0.004508	0.004592	0.001597	0.032572	0.079580	0.006712	0.000860	0.002779	0.003265	0.037294	0.047649	0.002883	0.012006	0.009617	0.049383	0.004420	0.008933	0.001397	0.001021	0.000680	0.016799	0.034621	0.000869	0.000141	0.005287	0.003795	0.012561	0.069748	
0.040552	0.041282	0.004842	0.033817	0.024139	0.010636	0.058971	0.028043	0.076052	0.046965	0.000805	0.067871	0.022741	0.005802	0.003413	0.006491	0.014271	0.002847	0.048087	0.001688	0.009174	0.000138	0.005469	0.003956	0.001915	0.030652	0.081993	0.005749	0.001805	0.003359	0.003223	0.035633	0.031203	0.006493	0.011302	0.009888	0.064191	0.003792	0.009917	0.001535	0.001812	0.001388	0.012107	0.034314	0.001027	0.000138	0.006401	0.002528	0.013953	0.065632	
0.004480	0.047756	0.004120	0.043787	0.001968	0.072766	0.012008	0.009633	0.005041	0.024886	0.012446	0.006890	0.012421	0.104730	0.001341	0.064508	0.013042	0.002691	0.006183	0.024876	0.004251	0.000141	0.098578	0.003334	0.032954	0.002111	0.007798	0.004855	0.001710	0.059614	0.027201	0.004430	0.018076	0.006123	0.000862	0.006879	0.074174	0.003211	0.006366	0.001031	0.000528	0.001318	0.007445	0.004904	0.016548	0.000141	0.115021	0.001521	0.008935	0.004368	
0.007286	0.032755	0.001805	0.057950	0.001409	0.062970	0.006271	0.033141	0.002938	0.095283	0.008660	0.006488	0.007004	0.072440	0.001037	0.043606	0.004688	0.000990	0.013495	0.017651	0.003891	0.000156	0.068188	0.020568	0.022833	0.001274	0.006532	0.030723	0.000670	0.041259	0.027114	0.002879	0.069796	0.002113	0.000565	0.017543	0.044889	0.020060	0.004497	0.000776	0.000591	0.000541	0.026705	0.002200	0.011495	0.000156	0.079763	0.005513	0.006288	0.002556	
0.014914	0.030445	0.002675	0.046526	0.001952	0.047073	0.008457	0.074103	0.004149	0.021288	0.007857	0.008067	0.010457	0.065652	0.001488	0.040363	0.007933	0.001659	0.005132	0.015670	0.004766	0.000151	0.061799	0.049509	0.020700	0.001758	0.009548	0.074131	0.001079	0.037397	0.038571	0.003556	0.015479	0.003688	0.000739	0.038076	0.049608	0.048324	0.004966	0.000839	0.000776	0.000847	0.019303	0.003421	0.010426	0.000151	0.072647	0.001330	0.006953	0.003600	
0.025390	0.003626	0.004704	0.048425	0.002763	0.006482	0.014937	0.151689	0.003219	0.014784	0.000683	0.015683	0.021797	0.004578	0.003047	0.003681	0.007252	0.000989	0.003744	0.001276	0.009323	0.000163	0.004318	0.096978	0.001548	0.001392	0.018332	0.145105	0.000672	0.002673	0.045065	0.009872	0.010753	0.002101	0.000613	0.084794	0.021577	0.094544	0.023741	0.003531	0.001864	0.000544	0.035031	0.002311	0.000856	0.000163	0.006134	0.000978	0.033472	0.002800	
0.006917	0.016891	0.023103	0.121416	0.004344	0.018764	0.043988	0.020597	0.010744	0.008953	0.003225	0.016273	0.065047	0.026441	0.006166	0.036424	0.089068	0.018793	0.009224	0.006363	0.006469	0.000130	0.024893	0.004322	0.008384	0.004396	0.018838	0.006361	0.011615	0.015091	0.008462	0.006312	0.006142	0.043917	0.001691	0.006519	0.175020	0.004187	0.004911	0.000813	0.001222	0.008744	0.003999	0.024600	0.004257	0.000130	0.029069	0.000592	0.006884	0.009287	
0.009218	0.006721	0.016442	0.107852	0.003711	0.015965	0.030586	0.064302	0.005023	0.058849	0.001262	0.020743	0.055086	0.009623	0.006438	0.019824	0.061054	0.012792	0.011521	0.002677	0.011693	0.000148	0.009066	0.026601	0.003120	0.002107	0.022731	0.039732	0.007928	0.005536	0.014437	0.005089	0.042985	0.029812	0.000865	0.024458	0.121059	0.025923	0.008228	0.001302	0.002277	0.005983	0.021461	0.015772	0.001634	0.000148	0.010859	0.003443	0.011562	0.004354	
0.010410	0.003540	0.022445	0.117212	0.002623	0.004335	0.041508	0.062264	0.004167	0.011423	0.000507	0.013204	0.064100	0.003263	0.006010	0.020405	0.080633	0.016662	0.005656	0.000931	0.007130	0.000140	0.003079	0.033644	0.001119	0.001758	0.015056	0.050190	0.010307	0.001915	0.016036	0.008010	0.008241	0.038903	0.000732	0.036038	0.145849	0.032730	0.017423	0.002609	0.001439	0.007765	0.015340	0.019591	0.000629	0.000140	0.003957	0.000763	0.024555	0.003614	
0.003288	0.004130	0.019179	0.137395	0.002093	0.024225	0.034540	0.014071	0.004464	0.134526	0.000636	0.009834	0.052108	0.004279	0.004648	0.019161	0.071647	0.015018	0.020784	0.001810	0.003825	0.000151	0.004036	0.003722	0.001446	0.001884	0.009710	0.005406	0.009300	0.002498	0.002751	0.005052	0.098507	0.035031	0.000785	0.008899	0.128929	0.003572	0.008785	0.001384	0.000824	0.007012	0.031110	0.017937	0.000798	0.000151	0.004724	0.007717	0.012348	0.003872	
0.013554	0.007178	0.019230	0.114800	0.003653	0.008905	0.037661	0.057992	0.009311	0.030615	0.000786	0.013325	0.053231	0.005616	0.004888	0.020071	0.072110	0.015122	0.010678	0.001583	0.004594	0.000141	0.005294	0.035400	0.001859	0.003827	0.015588	0.052932	0.009360	0.003254	0.017443	0.006914	0.022093	0.035289	0.001490	0.030637	0.134250	0.034516	0.008280	0.001304	0.000956	0.007056	0.017936	0.020050	0.001000	0.000141	0.006562	0.001830	0.011639	0.008053	
