0	0	30	0	0	0	0	
0	18	0	0	0	0	0	
22	0	0	0	0	0	0	
0	0	0	0	0	0	151	
0	0	0	33	0	0	35	
0	0	0	67	14	0	0	
0	0	0	0	30	0	0	
0	18	0	0	0	0	0	
0	0	0	0	259	1	1	
0	0	0	0	0	0	75	
0	0	0	0	0	47	0	
0	91	0	0	0	0	2	
16	0	0	0	0	0	0	
0	0	0	0	0	28	0	
0	0	0	90	0	47	0	
0	0	0	101	0	0	0	
54	0	0	0	0	190	8	
85	8	0	0	0	0	0	
2	143	0	0	0	0	0	
0	0	0	0	0	72	0	
0	0	305	0	0	0	1	
0	46	0	0	82	0	46	
0	20	0	0	0	0	0	
159	0	0	57	0	0	0	
0	77	0	0	0	0	0	
0	0	0	0	0	0	20	
0	0	0	0	0	48	0	
0	0	52	0	17	0	0	
0	0	0	33	0	0	0	
0	0	0	0	36	44	14	
86	1	70	0	0	0	0	
54	112	0	0	0	0	17	
44	85	18	0	125	0	0	
0	0	0	0	0	14	0	
0	0	0	0	0	0	14	
0	0	0	0	0	0	34	
0	0	0	0	0	0	0	
0	0	0	0	28	0	0	
39	0	0	58	0	0	0	
0	0	0	31	29	0	0	
213	0	0	0	0	4	0	
0	0	0	0	76	0	0	
0	20	0	0	0	0	0	
0	0	0	0	13	0	0	
0	0	0	12	71	0	0	
0	0	0	0	0	55	60	
0	0	0	0	27	0	0	
0	0	0	9	53	0	30	
0	0	0	6	0	202	0	
0	1	1	213	3	0	2	
