0.000701	0.000930	0.000701	0.000701	0.000701	0.000701	0.000701	0.000701	0.000701	0.000701	0.000701	0.000701	0.000701	0.001011	0.000701	0.000701	0.000701	0.000701	0.000701	0.000701	0.000701	0.000701	0.000701	0.000701	0.000701	0.000701	0.000701	0.000701	0.000701	0.001032	0.000701	0.000701	0.001629	0.000867	0.001011	0.000701	0.000701	0.013018	0.002497	0.000701	0.000701	0.000701	0.000701	0.000701	0.000701	0.000701	0.000701	0.000701	0.000701	0.949246	
0.000589	0.002096	0.000589	0.000589	0.000589	0.000589	0.000589	0.000589	0.000589	0.000589	0.000589	0.000589	0.000589	0.003959	0.000589	0.000589	0.000589	0.000589	0.000589	0.000589	0.000589	0.000589	0.000589	0.000589	0.000589	0.000589	0.000589	0.000589	0.000589	0.001118	0.000589	0.000589	0.010700	0.000854	0.003959	0.000589	0.000589	0.001718	0.016106	0.000589	0.000589	0.000589	0.000589	0.000589	0.000589	0.000589	0.000589	0.000589	0.000589	0.935337	
0.000581	0.001184	0.000581	0.000581	0.000581	0.000581	0.000581	0.000581	0.000581	0.000581	0.000581	0.000581	0.000581	0.004889	0.000581	0.000581	0.000581	0.000581	0.000581	0.000581	0.000581	0.000581	0.000581	0.000581	0.000581	0.000581	0.000581	0.000581	0.000581	0.000951	0.000581	0.000581	0.013503	0.000766	0.004889	0.000581	0.000581	0.001717	0.018782	0.000581	0.000581	0.000581	0.000581	0.000581	0.000581	0.000581	0.000581	0.000581	0.000581	0.929481	
0.000656	0.000960	0.000656	0.000656	0.000656	0.000656	0.000656	0.000656	0.000656	0.000656	0.000656	0.000656	0.000656	0.000952	0.000656	0.000656	0.000656	0.000656	0.000656	0.000656	0.000656	0.000656	0.000656	0.000656	0.000656	0.000656	0.000656	0.000656	0.000656	0.001216	0.000656	0.000656	0.001545	0.000936	0.000952	0.000656	0.000656	0.001848	0.002707	0.000656	0.000656	0.000656	0.000656	0.000656	0.000656	0.000656	0.000656	0.000656	0.000656	0.961999	
0.000643	0.002519	0.000643	0.000643	0.000643	0.000643	0.000643	0.000643	0.000643	0.000643	0.000643	0.000643	0.000643	0.000909	0.000643	0.000643	0.000643	0.000643	0.000643	0.000643	0.000643	0.000643	0.000643	0.000643	0.000643	0.000643	0.000643	0.000643	0.000643	0.001163	0.000643	0.000643	0.001441	0.000903	0.000909	0.000643	0.000643	0.006275	0.004103	0.000643	0.000643	0.000643	0.000643	0.000643	0.000643	0.000643	0.000643	0.000643	0.000643	0.955421	
0.000649	0.001265	0.000649	0.000649	0.000649	0.000649	0.000649	0.000649	0.000649	0.000649	0.000649	0.000649	0.000649	0.001154	0.000649	0.000649	0.000649	0.000649	0.000649	0.000649	0.000649	0.000649	0.000649	0.000649	0.000649	0.000649	0.000649	0.000649	0.000649	0.001139	0.000649	0.000649	0.002166	0.000894	0.001154	0.000649	0.000649	0.003248	0.003779	0.000649	0.000649	0.000649	0.000649	0.000649	0.000649	0.000649	0.000649	0.000649	0.000649	0.958606	
0.000688	0.001096	0.000688	0.000688	0.000688	0.000688	0.000688	0.000688	0.000688	0.000688	0.000688	0.000688	0.000688	0.000903	0.000688	0.000688	0.000688	0.000688	0.000688	0.000688	0.000688	0.000688	0.000688	0.000688	0.000688	0.000688	0.000688	0.000688	0.000688	0.000920	0.000688	0.000688	0.001332	0.000804	0.000903	0.000688	0.000688	0.011439	0.002186	0.000688	0.000688	0.000688	0.000688	0.000688	0.000688	0.000688	0.000688	0.000688	0.000688	0.952204	
0.000578	0.002799	0.000578	0.000578	0.000578	0.000578	0.000578	0.000578	0.000578	0.000578	0.000578	0.000578	0.000578	0.002995	0.000578	0.000578	0.000578	0.000578	0.000578	0.000578	0.000578	0.000578	0.000578	0.000578	0.000578	0.000578	0.000578	0.000578	0.000578	0.001205	0.000578	0.000578	0.007830	0.000891	0.002995	0.000578	0.000578	0.001652	0.013097	0.000578	0.000578	0.000578	0.000578	0.000578	0.000578	0.000578	0.000578	0.000578	0.000578	0.942855	
0.000603	0.003697	0.000603	0.000603	0.000603	0.000603	0.000603	0.000603	0.000603	0.000603	0.000603	0.000603	0.000603	0.000902	0.000603	0.000603	0.000603	0.000603	0.000603	0.000603	0.000603	0.000603	0.000603	0.000603	0.000603	0.000603	0.000603	0.000603	0.000603	0.000871	0.000603	0.000603	0.001500	0.000737	0.000902	0.000603	0.000603	0.004989	0.005163	0.000603	0.000603	0.000603	0.000603	0.000603	0.000603	0.000603	0.000603	0.000603	0.000603	0.956535	
0.000615	0.003473	0.000615	0.000615	0.000615	0.000615	0.000615	0.000615	0.000615	0.000615	0.000615	0.000615	0.000615	0.000808	0.000615	0.000615	0.000615	0.000615	0.000615	0.000615	0.000615	0.000615	0.000615	0.000615	0.000615	0.000615	0.000615	0.000615	0.000615	0.001321	0.000615	0.000615	0.001195	0.000968	0.000808	0.000615	0.000615	0.006550	0.004953	0.000615	0.000615	0.000615	0.000615	0.000615	0.000615	0.000615	0.000615	0.000615	0.000615	0.954710	
0.000577	0.004373	0.000577	0.000577	0.000577	0.000577	0.000577	0.000577	0.000577	0.000577	0.000577	0.000577	0.000577	0.000844	0.000577	0.000577	0.000577	0.000577	0.000577	0.000577	0.000577	0.000577	0.000577	0.000577	0.000577	0.000577	0.000577	0.000577	0.000577	0.001067	0.000577	0.000577	0.001378	0.000822	0.000844	0.000577	0.000577	0.003609	0.005931	0.000577	0.000577	0.000577	0.000577	0.000577	0.000577	0.000577	0.000577	0.000577	0.000577	0.957478	
0.000626	0.004476	0.000626	0.000626	0.000626	0.000626	0.000626	0.000626	0.000626	0.000626	0.000626	0.000626	0.000626	0.000821	0.000626	0.000626	0.000626	0.000626	0.000626	0.000626	0.000626	0.000626	0.000626	0.000626	0.000626	0.000626	0.000626	0.000626	0.000626	0.001000	0.000626	0.000626	0.001210	0.000813	0.000821	0.000626	0.000626	0.004425	0.005628	0.000626	0.000626	0.000626	0.000626	0.000626	0.000626	0.000626	0.000626	0.000626	0.000626	0.955129	
0.000594	0.004104	0.000594	0.000594	0.000594	0.000594	0.000594	0.000594	0.000594	0.000594	0.000594	0.000594	0.000594	0.001665	0.000594	0.000594	0.000594	0.000594	0.000594	0.000594	0.000594	0.000594	0.000594	0.000594	0.000594	0.000594	0.000594	0.000594	0.000594	0.000953	0.000594	0.000594	0.003807	0.000773	0.001665	0.000594	0.000594	0.002792	0.008747	0.000594	0.000594	0.000594	0.000594	0.000594	0.000594	0.000594	0.000594	0.000594	0.000594	0.951147	
0.000602	0.003953	0.000602	0.000602	0.000602	0.000602	0.000602	0.000602	0.000602	0.000602	0.000602	0.000602	0.000602	0.000932	0.000602	0.000602	0.000602	0.000602	0.000602	0.000602	0.000602	0.000602	0.000602	0.000602	0.000602	0.000602	0.000602	0.000602	0.000602	0.001503	0.000602	0.000602	0.001591	0.001053	0.000932	0.000602	0.000602	0.002193	0.006172	0.000602	0.000602	0.000602	0.000602	0.000602	0.000602	0.000602	0.000602	0.000602	0.000602	0.956976	
0.000604	0.004186	0.000604	0.000604	0.000604	0.000604	0.000604	0.000604	0.000604	0.000604	0.000604	0.000604	0.000604	0.001443	0.000604	0.000604	0.000604	0.000604	0.000604	0.000604	0.000604	0.000604	0.000604	0.000604	0.000604	0.000604	0.000604	0.000604	0.000604	0.001279	0.000604	0.000604	0.003121	0.000942	0.001443	0.000604	0.000604	0.001307	0.008216	0.000604	0.000604	0.000604	0.000604	0.000604	0.000604	0.000604	0.000604	0.000604	0.000604	0.953293	
0.000678	0.001088	0.000678	0.000678	0.000678	0.000678	0.000678	0.000678	0.000678	0.000678	0.000678	0.000678	0.000678	0.000828	0.000678	0.000678	0.000678	0.000678	0.000678	0.000678	0.000678	0.000678	0.000678	0.000678	0.000678	0.000678	0.000678	0.000678	0.000678	0.011658	0.000678	0.000678	0.001127	0.006168	0.000828	0.000678	0.000678	0.001972	0.012666	0.000678	0.000678	0.000678	0.000678	0.000678	0.000678	0.000678	0.000678	0.000678	0.000678	0.935855	
0.000656	0.000919	0.000656	0.000656	0.000656	0.000656	0.000656	0.000656	0.000656	0.000656	0.000656	0.000656	0.000656	0.001962	0.000656	0.000656	0.000656	0.000656	0.000656	0.000656	0.000656	0.000656	0.000656	0.000656	0.000656	0.000656	0.000656	0.000656	0.000656	0.008950	0.000656	0.000656	0.004573	0.004803	0.001962	0.000656	0.000656	0.001953	0.014436	0.000656	0.000656	0.000656	0.000656	0.000656	0.000656	0.000656	0.000656	0.000656	0.000656	0.933552	
0.000671	0.001190	0.000671	0.000671	0.000671	0.000671	0.000671	0.000671	0.000671	0.000671	0.000671	0.000671	0.000671	0.000848	0.000671	0.000671	0.000671	0.000671	0.000671	0.000671	0.000671	0.000671	0.000671	0.000671	0.000671	0.000671	0.000671	0.000671	0.000671	0.010265	0.000671	0.000671	0.001201	0.005468	0.000848	0.000671	0.000671	0.001680	0.011492	0.000671	0.000671	0.000671	0.000671	0.000671	0.000671	0.000671	0.000671	0.000671	0.000671	0.939499	
0.000633	0.002701	0.000633	0.000633	0.000633	0.000633	0.000633	0.000633	0.000633	0.000633	0.000633	0.000633	0.000633	0.000810	0.000633	0.000633	0.000633	0.000633	0.000633	0.000633	0.000633	0.000633	0.000633	0.000633	0.000633	0.000633	0.000633	0.000633	0.000633	0.004448	0.000633	0.000633	0.001164	0.002541	0.000810	0.000633	0.000633	0.004570	0.007222	0.000633	0.000633	0.000633	0.000633	0.000633	0.000633	0.000633	0.000633	0.000633	0.000633	0.949764	
0.000661	0.002331	0.000661	0.000661	0.000661	0.000661	0.000661	0.000661	0.000661	0.000661	0.000661	0.000661	0.000661	0.000796	0.000661	0.000661	0.000661	0.000661	0.000661	0.000661	0.000661	0.000661	0.000661	0.000661	0.000661	0.000661	0.000661	0.000661	0.000661	0.004009	0.000661	0.000661	0.001066	0.002335	0.000796	0.000661	0.000661	0.008898	0.006218	0.000661	0.000661	0.000661	0.000661	0.000661	0.000661	0.000661	0.000661	0.000661	0.000661	0.946430	
0.000640	0.002826	0.000640	0.000640	0.000640	0.000640	0.000640	0.000640	0.000640	0.000640	0.000640	0.000640	0.000640	0.001087	0.000640	0.000640	0.000640	0.000640	0.000640	0.000640	0.000640	0.000640	0.000640	0.000640	0.000640	0.000640	0.000640	0.000640	0.000640	0.003443	0.000640	0.000640	0.001981	0.002041	0.001087	0.000640	0.000640	0.006169	0.007416	0.000640	0.000640	0.000640	0.000640	0.000640	0.000640	0.000640	0.000640	0.000640	0.000640	0.947714	
0.000690	0.001049	0.000690	0.000690	0.000690	0.000690	0.000690	0.000690	0.000690	0.000690	0.000690	0.000690	0.000690	0.000882	0.000690	0.000690	0.000690	0.000690	0.000690	0.000690	0.000690	0.000690	0.000690	0.000690	0.000690	0.000690	0.000690	0.000690	0.000690	0.001824	0.000690	0.000690	0.001267	0.001257	0.000882	0.000690	0.000690	0.015467	0.002954	0.000690	0.000690	0.000690	0.000690	0.000690	0.000690	0.000690	0.000690	0.000690	0.000690	0.946147	
0.000639	0.000937	0.000639	0.000639	0.000639	0.000639	0.000639	0.000639	0.000639	0.000639	0.000639	0.000639	0.000639	0.002822	0.000639	0.000639	0.000639	0.000639	0.000639	0.000639	0.000639	0.000639	0.000639	0.000639	0.000639	0.000639	0.000639	0.000639	0.000639	0.001867	0.000639	0.000639	0.007188	0.001253	0.002822	0.000639	0.000639	0.008966	0.010899	0.000639	0.000639	0.000639	0.000639	0.000639	0.000639	0.000639	0.000639	0.000639	0.000639	0.937059	
0.000668	0.001423	0.000668	0.000668	0.000668	0.000668	0.000668	0.000668	0.000668	0.000668	0.000668	0.000668	0.000668	0.000858	0.000668	0.000668	0.000668	0.000668	0.000668	0.000668	0.000668	0.000668	0.000668	0.000668	0.000668	0.000668	0.000668	0.000668	0.000668	0.001397	0.000668	0.000668	0.001240	0.001032	0.000858	0.000668	0.000668	0.012120	0.002914	0.000668	0.000668	0.000668	0.000668	0.000668	0.000668	0.000668	0.000668	0.000668	0.000668	0.950784	
