0	0	18	0	0	81	0	
0	0	0	0	0	0	16	
0	0	51	0	0	0	0	
0	0	0	0	0	28	0	
0	0	35	19	0	0	0	
242	0	0	16	35	0	0	
0	0	25	0	0	0	0	
0	0	23	98	4	0	71	
82	0	0	0	0	0	50	
0	0	0	0	43	0	0	
0	0	39	0	0	58	0	
0	0	0	0	0	68	0	
0	0	0	100	0	0	0	
0	95	0	0	8	0	0	
0	4	1	72	0	0	0	
0	0	0	133	0	0	0	
0	0	2	0	99	0	42	
0	0	0	0	104	0	0	
0	0	0	0	0	14	0	
0	0	78	0	0	0	0	
0	0	38	0	0	0	0	
1	0	0	10	0	0	0	
58	67	0	0	0	0	0	
0	0	0	0	0	1	15	
0	1	67	0	0	0	0	
0	0	108	0	0	0	0	
14	0	0	0	0	0	0	
0	93	0	42	0	0	0	
63	0	0	0	0	0	0	
0	0	0	0	0	0	100	
14	0	0	0	0	0	0	
68	0	0	0	92	68	23	
0	1	44	0	0	0	0	
0	0	0	0	0	0	31	
0	0	0	191	0	0	0	
0	0	0	0	61	0	0	
0	58	0	39	0	0	0	
0	0	0	0	53	110	0	
53	51	69	0	16	0	0	
0	0	89	0	60	0	59	
0	0	0	0	61	0	0	
63	0	0	0	0	0	0	
0	69	0	0	0	0	24	
0	0	0	25	0	0	0	
1	14	0	0	0	0	0	
0	0	0	43	0	0	0	
0	95	25	0	0	62	114	
0	0	0	0	110	0	159	
0	0	0	0	28	0	0	
0	30	0	0	0	0	0	
