0.023978	0.064168	0.016886	0.021614	0.019250	0.818305	0.035799	
0.026531	0.181293	0.019388	0.195578	0.047959	0.357483	0.171769	
0.021717	0.111978	0.016966	0.185612	0.026468	0.515779	0.121479	
0.256263	0.277590	0.033514	0.024035	0.339201	0.026405	0.042993	
0.508571	0.023866	0.033277	0.242689	0.026218	0.033277	0.132101	
0.761002	0.024035	0.026405	0.052471	0.059580	0.031144	0.045362	
0.354948	0.031071	0.045255	0.049983	0.142182	0.300574	0.075988	
0.026342	0.430598	0.201283	0.232016	0.033435	0.049983	0.026342	
0.060440	0.418613	0.327266	0.077266	0.058036	0.026786	0.031593	
0.031978	0.041710	0.589155	0.102537	0.063608	0.104970	0.066041	
0.028371	0.117156	0.631175	0.096128	0.068091	0.026035	0.033044	
0.053745	0.031900	0.230929	0.405687	0.196949	0.017337	0.063454	
0.032662	0.145826	0.120422	0.531508	0.037281	0.060376	0.071923	
0.028239	0.074751	0.135216	0.509635	0.037542	0.049169	0.165449	
0.035547	0.023810	0.021462	0.659960	0.019115	0.206908	0.033199	
0.038527	0.131606	0.019434	0.033754	0.026594	0.038527	0.711558	
0.021717	0.119104	0.033593	0.026468	0.016966	0.033593	0.748558	
0.036314	0.038712	0.084275	0.021925	0.113052	0.043508	0.662213	
0.028775	0.114083	0.026405	0.019296	0.715978	0.040623	0.054841	
0.047619	0.071260	0.092536	0.227288	0.369132	0.045255	0.146910	
0.035884	0.021666	0.232566	0.019296	0.505078	0.054841	0.130670	
0.794108	0.026721	0.026721	0.036314	0.048304	0.038712	0.029120	
0.463348	0.040914	0.093420	0.045687	0.026594	0.246164	0.083873	
0.389362	0.281964	0.136379	0.033754	0.081487	0.031367	0.045687	
