0.000720	0.001047	0.000720	0.000720	0.000720	0.000720	0.000720	0.000720	0.000720	0.000720	0.000720	0.000720	0.000720	0.000858	0.000720	0.000720	0.000720	0.000720	0.000720	0.000720	0.000720	0.000720	0.000720	0.000720	0.000720	0.000720	0.000720	0.000720	0.000720	0.001174	0.000720	0.000720	0.002306	0.000947	0.000870	0.000720	0.000720	0.001605	0.003789	0.000720	0.000720	0.000720	0.000720	0.000720	0.000720	0.000720	0.000720	0.000720	0.000720	0.957877	
0.000599	0.001045	0.000599	0.000599	0.000599	0.000599	0.000599	0.000599	0.000599	0.000599	0.000599	0.000599	0.000599	0.000876	0.000599	0.000599	0.000599	0.000599	0.000599	0.000599	0.000599	0.000599	0.000599	0.000599	0.000599	0.000599	0.000599	0.000599	0.000599	0.002311	0.000599	0.000599	0.004193	0.001455	0.000825	0.000599	0.000599	0.001697	0.007369	0.000599	0.000599	0.000599	0.000599	0.000599	0.000599	0.000599	0.000599	0.000599	0.000599	0.955666	
0.000625	0.001131	0.000625	0.000625	0.000625	0.000625	0.000625	0.000625	0.000625	0.000625	0.000625	0.000625	0.000625	0.000969	0.000625	0.000625	0.000625	0.000625	0.000625	0.000625	0.000625	0.000625	0.000625	0.000625	0.000625	0.000625	0.000625	0.000625	0.000625	0.001289	0.000625	0.000625	0.002571	0.000957	0.000980	0.000625	0.000625	0.001379	0.004911	0.000625	0.000625	0.000625	0.000625	0.000625	0.000625	0.000625	0.000625	0.000625	0.000625	0.960184	
0.000604	0.003697	0.000604	0.000604	0.000604	0.000604	0.000604	0.000604	0.000604	0.000604	0.000604	0.000604	0.000604	0.001041	0.000604	0.000604	0.000604	0.000604	0.000604	0.000604	0.000604	0.000604	0.000604	0.000604	0.000604	0.000604	0.000604	0.000604	0.000604	0.001056	0.000604	0.000604	0.006299	0.000830	0.001195	0.000604	0.000604	0.013113	0.011562	0.000604	0.000604	0.000604	0.000604	0.000604	0.000604	0.000604	0.000604	0.000604	0.000604	0.936444	
0.000588	0.003913	0.000588	0.000588	0.000588	0.000588	0.000588	0.000588	0.000588	0.000588	0.000588	0.000588	0.000588	0.001113	0.000588	0.000588	0.000588	0.000588	0.000588	0.000588	0.000588	0.000588	0.000588	0.000588	0.000588	0.000588	0.000588	0.000588	0.000588	0.001577	0.000588	0.000588	0.001155	0.001083	0.001208	0.000588	0.000588	0.014113	0.003202	0.000588	0.000588	0.000588	0.000588	0.000588	0.000588	0.000588	0.000588	0.000588	0.000588	0.948518	
0.000600	0.003507	0.000600	0.000600	0.000600	0.000600	0.000600	0.000600	0.000600	0.000600	0.000600	0.000600	0.000600	0.000958	0.000600	0.000600	0.000600	0.000600	0.000600	0.000600	0.000600	0.000600	0.000600	0.000600	0.000600	0.000600	0.000600	0.000600	0.000600	0.001195	0.000600	0.000600	0.002899	0.000897	0.001678	0.000600	0.000600	0.009748	0.006224	0.000600	0.000600	0.000600	0.000600	0.000600	0.000600	0.000600	0.000600	0.000600	0.000600	0.948287	
0.000600	0.004154	0.000600	0.000600	0.000600	0.000600	0.000600	0.000600	0.000600	0.000600	0.000600	0.000600	0.000600	0.001283	0.000600	0.000600	0.000600	0.000600	0.000600	0.000600	0.000600	0.000600	0.000600	0.000600	0.000600	0.000600	0.000600	0.000600	0.000600	0.001519	0.000600	0.000600	0.001682	0.001059	0.000874	0.000600	0.000600	0.017000	0.004045	0.000600	0.000600	0.000600	0.000600	0.000600	0.000600	0.000600	0.000600	0.000600	0.000600	0.943802	
0.000621	0.001477	0.000621	0.000621	0.000621	0.000621	0.000621	0.000621	0.000621	0.000621	0.000621	0.000621	0.000621	0.002209	0.000621	0.000621	0.000621	0.000621	0.000621	0.000621	0.000621	0.000621	0.000621	0.000621	0.000621	0.000621	0.000621	0.000621	0.000621	0.001115	0.000621	0.000621	0.006533	0.000868	0.001352	0.000621	0.000621	0.001245	0.014380	0.000621	0.000621	0.000621	0.000621	0.000621	0.000621	0.000621	0.000621	0.000621	0.000621	0.945348	
0.000619	0.001854	0.000619	0.000619	0.000619	0.000619	0.000619	0.000619	0.000619	0.000619	0.000619	0.000619	0.000619	0.002456	0.000619	0.000619	0.000619	0.000619	0.000619	0.000619	0.000619	0.000619	0.000619	0.000619	0.000619	0.000619	0.000619	0.000619	0.000619	0.001278	0.000619	0.000619	0.006665	0.000949	0.001395	0.000619	0.000619	0.002914	0.015145	0.000619	0.000619	0.000619	0.000619	0.000619	0.000619	0.000619	0.000619	0.000619	0.000619	0.941952	
0.000609	0.001742	0.000609	0.000609	0.000609	0.000609	0.000609	0.000609	0.000609	0.000609	0.000609	0.000609	0.000609	0.003438	0.000609	0.000609	0.000609	0.000609	0.000609	0.000609	0.000609	0.000609	0.000609	0.000609	0.000609	0.000609	0.000609	0.000609	0.000609	0.001359	0.000609	0.000609	0.001156	0.000984	0.000896	0.000609	0.000609	0.004840	0.007466	0.000609	0.000609	0.000609	0.000609	0.000609	0.000609	0.000609	0.000609	0.000609	0.000609	0.953134	
0.000617	0.001935	0.000617	0.000617	0.000617	0.000617	0.000617	0.000617	0.000617	0.000617	0.000617	0.000617	0.000617	0.002712	0.000617	0.000617	0.000617	0.000617	0.000617	0.000617	0.000617	0.000617	0.000617	0.000617	0.000617	0.000617	0.000617	0.000617	0.000617	0.001394	0.000617	0.000617	0.003225	0.001006	0.000925	0.000617	0.000617	0.005669	0.009459	0.000617	0.000617	0.000617	0.000617	0.000617	0.000617	0.000617	0.000617	0.000617	0.000617	0.948359	
0.000589	0.001529	0.000589	0.000589	0.000589	0.000589	0.000589	0.000589	0.000589	0.000589	0.000589	0.000589	0.000589	0.004388	0.000589	0.000589	0.000589	0.000589	0.000589	0.000589	0.000589	0.000589	0.000589	0.000589	0.000589	0.000589	0.000589	0.000589	0.000589	0.001124	0.000589	0.000589	0.001629	0.000856	0.000837	0.000589	0.000589	0.004050	0.010169	0.000589	0.000589	0.000589	0.000589	0.000589	0.000589	0.000589	0.000589	0.000589	0.000589	0.951276	
0.000593	0.001460	0.000593	0.000593	0.000593	0.000593	0.000593	0.000593	0.000593	0.000593	0.000593	0.000593	0.000593	0.001469	0.000593	0.000593	0.000593	0.000593	0.000593	0.000593	0.000593	0.000593	0.000593	0.000593	0.000593	0.000593	0.000593	0.000593	0.000593	0.000933	0.000593	0.000593	0.003627	0.000763	0.001170	0.000593	0.000593	0.002043	0.007978	0.000593	0.000593	0.000593	0.000593	0.000593	0.000593	0.000593	0.000593	0.000593	0.000593	0.956234	
0.000585	0.001437	0.000585	0.000585	0.000585	0.000585	0.000585	0.000585	0.000585	0.000585	0.000585	0.000585	0.000585	0.001807	0.000585	0.000585	0.000585	0.000585	0.000585	0.000585	0.000585	0.000585	0.000585	0.000585	0.000585	0.000585	0.000585	0.000585	0.000585	0.001473	0.000585	0.000585	0.002576	0.001029	0.001223	0.000585	0.000585	0.001655	0.006984	0.000585	0.000585	0.000585	0.000585	0.000585	0.000585	0.000585	0.000585	0.000585	0.000585	0.957813	
0.000585	0.001850	0.000585	0.000585	0.000585	0.000585	0.000585	0.000585	0.000585	0.000585	0.000585	0.000585	0.000585	0.001314	0.000585	0.000585	0.000585	0.000585	0.000585	0.000585	0.000585	0.000585	0.000585	0.000585	0.000585	0.000585	0.000585	0.000585	0.000585	0.001442	0.000585	0.000585	0.001371	0.001013	0.001462	0.000585	0.000585	0.002525	0.004231	0.000585	0.000585	0.000585	0.000585	0.000585	0.000585	0.000585	0.000585	0.000585	0.000585	0.960818	
0.000703	0.002017	0.000703	0.000703	0.000703	0.000703	0.000703	0.000703	0.000703	0.000703	0.000703	0.000703	0.000703	0.000800	0.000703	0.000703	0.000703	0.000703	0.000703	0.000703	0.000703	0.000703	0.000703	0.000703	0.000703	0.000703	0.000703	0.000703	0.000703	0.010117	0.000703	0.000703	0.002412	0.005410	0.001734	0.000703	0.000703	0.002120	0.004775	0.000703	0.000703	0.000703	0.000703	0.000703	0.000703	0.000703	0.000703	0.000703	0.000703	0.941799	
0.000648	0.001646	0.000648	0.000648	0.000648	0.000648	0.000648	0.000648	0.000648	0.000648	0.000648	0.000648	0.000648	0.000800	0.000648	0.000648	0.000648	0.000648	0.000648	0.000648	0.000648	0.000648	0.000648	0.000648	0.000648	0.000648	0.000648	0.000648	0.000648	0.006547	0.000648	0.000648	0.005106	0.003597	0.000873	0.000648	0.000648	0.004515	0.008608	0.000648	0.000648	0.000648	0.000648	0.000648	0.000648	0.000648	0.000648	0.000648	0.000648	0.941759	
0.000700	0.001503	0.000700	0.000700	0.000700	0.000700	0.000700	0.000700	0.000700	0.000700	0.000700	0.000700	0.000700	0.000837	0.000700	0.000700	0.000700	0.000700	0.000700	0.000700	0.000700	0.000700	0.000700	0.000700	0.000700	0.000700	0.000700	0.000700	0.000700	0.008687	0.000700	0.000700	0.001838	0.004693	0.001087	0.000700	0.000700	0.002782	0.003259	0.000700	0.000700	0.000700	0.000700	0.000700	0.000700	0.000700	0.000700	0.000700	0.000700	0.946631	
0.000687	0.001798	0.000687	0.000687	0.000687	0.000687	0.000687	0.000687	0.000687	0.000687	0.000687	0.000687	0.000687	0.001048	0.000687	0.000687	0.000687	0.000687	0.000687	0.000687	0.000687	0.000687	0.000687	0.000687	0.000687	0.000687	0.000687	0.000687	0.000687	0.003423	0.000687	0.000687	0.002963	0.002055	0.000989	0.000687	0.000687	0.004729	0.005506	0.000687	0.000687	0.000687	0.000687	0.000687	0.000687	0.000687	0.000687	0.000687	0.000687	0.949325	
0.000693	0.004535	0.000693	0.000693	0.000693	0.000693	0.000693	0.000693	0.000693	0.000693	0.000693	0.000693	0.000693	0.001434	0.000693	0.000693	0.000693	0.000693	0.000693	0.000693	0.000693	0.000693	0.000693	0.000693	0.000693	0.000693	0.000693	0.000693	0.000693	0.002909	0.000693	0.000693	0.002516	0.001801	0.004188	0.000693	0.000693	0.002429	0.008706	0.000693	0.000693	0.000693	0.000693	0.000693	0.000693	0.000693	0.000693	0.000693	0.000693	0.943054	
0.000654	0.002854	0.000654	0.000654	0.000654	0.000654	0.000654	0.000654	0.000654	0.000654	0.000654	0.000654	0.000654	0.002018	0.000654	0.000654	0.000654	0.000654	0.000654	0.000654	0.000654	0.000654	0.000654	0.000654	0.000654	0.000654	0.000654	0.000654	0.000654	0.003212	0.000654	0.000654	0.002064	0.001933	0.002354	0.000654	0.000654	0.003156	0.007433	0.000654	0.000654	0.000654	0.000654	0.000654	0.000654	0.000654	0.000654	0.000654	0.000654	0.948165	
0.000664	0.004679	0.000664	0.000664	0.000664	0.000664	0.000664	0.000664	0.000664	0.000664	0.000664	0.000664	0.000664	0.001127	0.000664	0.000664	0.000664	0.000664	0.000664	0.000664	0.000664	0.000664	0.000664	0.000664	0.000664	0.000664	0.000664	0.000664	0.000664	0.002437	0.000664	0.000664	0.002648	0.001550	0.003407	0.000664	0.000664	0.007023	0.007639	0.000664	0.000664	0.000664	0.000664	0.000664	0.000664	0.000664	0.000664	0.000664	0.000664	0.942271	
0.000626	0.003721	0.000626	0.000626	0.000626	0.000626	0.000626	0.000626	0.000626	0.000626	0.000626	0.000626	0.000626	0.000819	0.000626	0.000626	0.000626	0.000626	0.000626	0.000626	0.000626	0.000626	0.000626	0.000626	0.000626	0.000626	0.000626	0.000626	0.000626	0.001666	0.000626	0.000626	0.001334	0.001146	0.002898	0.000626	0.000626	0.004745	0.004463	0.000626	0.000626	0.000626	0.000626	0.000626	0.000626	0.000626	0.000626	0.000626	0.000626	0.953538	
0.000628	0.003909	0.000628	0.000628	0.000628	0.000628	0.000628	0.000628	0.000628	0.000628	0.000628	0.000628	0.000628	0.001075	0.000628	0.000628	0.000628	0.000628	0.000628	0.000628	0.000628	0.000628	0.000628	0.000628	0.000628	0.000628	0.000628	0.000628	0.000628	0.001267	0.000628	0.000628	0.004849	0.000948	0.001856	0.000628	0.000628	0.010896	0.009786	0.000628	0.000628	0.000628	0.000628	0.000628	0.000628	0.000628	0.000628	0.000628	0.000628	0.939680	
