37
37
37
37
37
37
37
37
37
20
20
20
20
20
20
20
20
20
20
20
36
36
36
36
32
32
32
32
32
32
32
32
32
32
32
32
32
32
32
32
32
32
32
32
32
32
32
32
32
32
32
32
32
3
3
3
3
3
3
17
17
17
17
17
17
17
17
17
17
17
17
1
1
1
1
1
1
1
1
15
15
15
15
15
27
27
27
27
27
27
27
27
27
27
27
27
0
0
0
0
0
0
0
0
0
0
0
0
0
0
0
8
8
8
8
8
8
8
8
13
13
13
13
6
6
6
6
6
6
6
6
6
6
2
2
2
2
2
2
2
2
2
2
2
15
15
15
15
15
15
15
15
15
35
35
35
35
35
22
22
22
22
22
17
17
17
17
17
4
4
4
4
4
4
4
4
4
4
4
4
4
4
4
4
4
4
4
32
32
32
32
1
1
1
1
1
1
1
1
1
44
44
44
44
44
44
44
44
44
44
44
13
13
13
13
13
13
13
13
13
13
33
33
