0.100572	0.001671	0.003195	0.062403	0.016195	0.017436	0.002790	0.002142	0.016500	0.000176	0.008591	0.001073	0.001448	0.000176	0.000176	0.006708	0.003424	0.000176	0.015976	0.054576	0.030289	0.000657	0.010353	0.065158	0.037716	0.001671	0.005520	0.000974	0.079275	0.070946	0.033061	0.044103	0.007204	0.003944	0.023069	0.002913	0.026809	0.002230	0.002182	0.000620	0.005440	0.005848	0.105350	0.001664	0.004713	0.058130	0.000176	0.007129	0.038313	0.009139	
0.079672	0.003370	0.010963	0.011130	0.067790	0.044752	0.000624	0.008860	0.011943	0.000168	0.023321	0.002089	0.005792	0.000168	0.000168	0.003219	0.009743	0.000168	0.015992	0.043134	0.021035	0.001470	0.045158	0.060710	0.029663	0.003370	0.014652	0.003059	0.042581	0.061373	0.031245	0.035642	0.019186	0.008235	0.062796	0.007575	0.021274	0.000526	0.003381	0.001370	0.011436	0.002918	0.083235	0.004207	0.002368	0.028028	0.000168	0.015093	0.033450	0.001729	
0.063320	0.001674	0.009635	0.038356	0.055387	0.072816	0.001761	0.007131	0.025184	0.000165	0.012043	0.001071	0.004672	0.000165	0.000165	0.010554	0.015632	0.000165	0.019230	0.034294	0.028834	0.000428	0.036225	0.060872	0.024084	0.001674	0.003488	0.002686	0.052248	0.054482	0.020587	0.027692	0.004021	0.003969	0.055585	0.001666	0.016870	0.001419	0.001534	0.000408	0.005479	0.009523	0.066148	0.001177	0.007652	0.095011	0.000165	0.007150	0.029867	0.005638	
0.004596	0.001367	0.007626	0.044724	0.047260	0.197542	0.001983	0.006198	0.017332	0.000134	0.072977	0.000874	0.004058	0.000134	0.000134	0.002113	0.042941	0.000134	0.043747	0.002457	0.003674	0.003768	0.031520	0.061955	0.004316	0.001367	0.041042	0.002141	0.025311	0.034569	0.021551	0.005067	0.053244	0.003239	0.101248	0.020819	0.001549	0.001587	0.005955	0.003489	0.004472	0.001713	0.004624	0.011643	0.001398	0.016588	0.000134	0.006361	0.020848	0.006474	
0.018438	0.002175	0.006644	0.021250	0.038093	0.017434	0.001025	0.004927	0.047735	0.000138	0.120742	0.001360	0.003237	0.000138	0.000138	0.007211	0.003147	0.000138	0.026409	0.009983	0.014642	0.008753	0.024926	0.015572	0.008617	0.002175	0.094305	0.001870	0.022179	0.014715	0.053320	0.015304	0.126047	0.005271	0.031741	0.049176	0.005614	0.000835	0.013751	0.008090	0.007308	0.006536	0.019172	0.026016	0.005256	0.064914	0.000138	0.010833	0.009384	0.003177	
0.006759	0.003013	0.021467	0.031893	0.135562	0.049928	0.001471	0.017606	0.025611	0.000142	0.080208	0.001865	0.011442	0.000142	0.000142	0.002851	0.010508	0.000142	0.027645	0.003451	0.005303	0.005536	0.090543	0.018064	0.005597	0.003013	0.059350	0.005858	0.020545	0.012389	0.031857	0.007354	0.078983	0.007378	0.078048	0.030848	0.002175	0.001186	0.009028	0.005121	0.010250	0.002462	0.006539	0.016467	0.001998	0.023923	0.000142	0.014181	0.009313	0.004698	
0.002886	0.001256	0.003735	0.042555	0.015213	0.110928	0.001906	0.001834	0.053359	0.000136	0.082512	0.000808	0.001235	0.000136	0.000136	0.015127	0.023563	0.000136	0.033973	0.001600	0.023571	0.005203	0.008928	0.036756	0.003623	0.001256	0.056138	0.001073	0.029344	0.019264	0.029011	0.005595	0.074187	0.002957	0.055746	0.028977	0.001242	0.001526	0.008013	0.004813	0.004077	0.013710	0.002967	0.015665	0.010995	0.137547	0.000136	0.006066	0.012377	0.006203	
0.032532	0.001818	0.014573	0.092054	0.090384	0.058296	0.004010	0.011747	0.018686	0.000153	0.039645	0.001152	0.007655	0.000153	0.000153	0.004870	0.012132	0.000153	0.030494	0.017523	0.013183	0.002550	0.060169	0.036288	0.016017	0.001818	0.026674	0.004014	0.063194	0.031313	0.023080	0.016078	0.035188	0.004349	0.059321	0.013798	0.008830	0.003183	0.004568	0.002366	0.006014	0.003990	0.033736	0.007513	0.003223	0.039951	0.000153	0.008181	0.019699	0.013376	
0.010136	0.001487	0.009197	0.158876	0.055478	0.117844	0.006803	0.007213	0.017207	0.000145	0.032983	0.000950	0.004718	0.000145	0.000145	0.006118	0.024834	0.000145	0.046977	0.005449	0.009946	0.001574	0.036732	0.041037	0.011070	0.001487	0.016461	0.002564	0.087339	0.025927	0.011009	0.005598	0.021037	0.003527	0.071125	0.008282	0.002848	0.005377	0.002670	0.001464	0.004869	0.004770	0.010400	0.004784	0.003845	0.048699	0.000145	0.006538	0.019053	0.022974	
0.008920	0.001310	0.006163	0.151371	0.026977	0.048332	0.006501	0.003250	0.055999	0.000149	0.022802	0.000846	0.002156	0.000149	0.000149	0.022670	0.009252	0.000149	0.035391	0.004855	0.035485	0.001438	0.016199	0.022300	0.010265	0.001310	0.014486	0.001721	0.090459	0.013751	0.009902	0.005004	0.018988	0.003074	0.033020	0.007486	0.002549	0.005140	0.002328	0.001339	0.004235	0.020056	0.009247	0.004145	0.016075	0.202742	0.000149	0.005687	0.012098	0.021928	
0.008545	0.001253	0.005441	0.281407	0.033126	0.092990	0.011960	0.004379	0.006258	0.000146	0.017067	0.000810	0.002885	0.000146	0.000146	0.003638	0.018782	0.000146	0.061162	0.004632	0.004641	0.000655	0.022058	0.031180	0.015548	0.001253	0.006237	0.001563	0.147373	0.021231	0.005457	0.004166	0.007585	0.002935	0.052451	0.003044	0.002379	0.009429	0.001154	0.000616	0.004041	0.001808	0.008819	0.001939	0.001475	0.020276	0.000146	0.005315	0.019655	0.040650	
0.009631	0.001207	0.004624	0.165117	0.019978	0.069982	0.007074	0.002432	0.044733	0.000147	0.029899	0.000783	0.001626	0.000147	0.000147	0.017488	0.014022	0.000147	0.041152	0.005253	0.027463	0.001768	0.011978	0.028203	0.011014	0.001207	0.018244	0.001317	0.095351	0.017763	0.011960	0.005603	0.023835	0.002818	0.039277	0.009373	0.002768	0.005590	0.002821	0.001643	0.003878	0.015207	0.010018	0.005206	0.012195	0.154018	0.000147	0.005272	0.014578	0.023898	
0.018958	0.002075	0.006919	0.122220	0.032531	0.065694	0.005277	0.003994	0.049505	0.000153	0.012219	0.001306	0.002638	0.000153	0.000153	0.021167	0.013323	0.000153	0.032529	0.010287	0.035471	0.000517	0.020035	0.033669	0.012967	0.002075	0.004506	0.001929	0.079527	0.023533	0.007800	0.008569	0.005476	0.004997	0.048778	0.002226	0.005136	0.004179	0.001051	0.000489	0.006919	0.018833	0.019746	0.001433	0.015097	0.190023	0.000153	0.009051	0.016836	0.017721	
0.006495	0.001348	0.014431	0.168523	0.084133	0.060721	0.007222	0.010769	0.034667	0.000151	0.011553	0.000869	0.007021	0.000151	0.000151	0.015177	0.012099	0.000151	0.038195	0.003421	0.023149	0.000516	0.055118	0.023181	0.010119	0.001348	0.004478	0.003955	0.094786	0.014203	0.003989	0.003076	0.005485	0.003169	0.053535	0.002228	0.001777	0.005707	0.001097	0.000487	0.004366	0.013061	0.006473	0.001416	0.010479	0.132378	0.000151	0.005716	0.012915	0.024396	
0.007206	0.003462	0.013012	0.076689	0.067486	0.022020	0.003369	0.008384	0.069054	0.000153	0.013270	0.002139	0.005479	0.000153	0.000153	0.028482	0.003808	0.000153	0.022266	0.003846	0.044819	0.000954	0.042758	0.015020	0.008049	0.003462	0.009001	0.003549	0.054716	0.008620	0.006639	0.003785	0.011855	0.008492	0.051980	0.004711	0.002020	0.002680	0.001709	0.000892	0.011801	0.025822	0.007292	0.002606	0.020689	0.259964	0.000153	0.015498	0.008700	0.011178	
0.002907	0.027957	0.002162	0.009882	0.011675	0.065773	0.000552	0.001598	0.007355	0.000151	0.013422	0.016834	0.001087	0.000151	0.000151	0.002739	0.014417	0.000151	0.058083	0.001622	0.004637	0.000486	0.007640	0.022018	0.021487	0.027957	0.004212	0.000686	0.007371	0.019087	0.002821	0.001611	0.005040	0.070221	0.272818	0.002055	0.000896	0.000466	0.000741	0.000460	0.098026	0.002482	0.002995	0.001358	0.002016	0.023778	0.000151	0.128107	0.028181	0.001525	
0.005685	0.022328	0.004920	0.010001	0.029905	0.075805	0.000553	0.003969	0.009360	0.000148	0.030695	0.013456	0.002620	0.000148	0.000148	0.001776	0.016569	0.000148	0.052403	0.003089	0.003696	0.001668	0.019924	0.026273	0.018352	0.022328	0.017214	0.001426	0.008263	0.021067	0.010199	0.003787	0.022360	0.056041	0.232015	0.008799	0.001703	0.000466	0.002664	0.001551	0.078221	0.001594	0.005834	0.004941	0.001305	0.014843	0.000148	0.102409	0.025645	0.001535	
0.008028	0.028254	0.007139	0.014518	0.044022	0.017685	0.000757	0.005798	0.005814	0.000156	0.009411	0.017015	0.003806	0.000156	0.000156	0.001948	0.003852	0.000156	0.052955	0.004334	0.004383	0.000603	0.029361	0.010139	0.023588	0.028254	0.005148	0.002026	0.011783	0.014853	0.004955	0.003877	0.006695	0.070963	0.264162	0.002703	0.002233	0.000628	0.001103	0.000569	0.099061	0.001727	0.008234	0.001550	0.001413	0.016177	0.000156	0.129476	0.026005	0.002218	
0.009804	0.006934	0.004453	0.018577	0.024289	0.216850	0.000888	0.003154	0.017432	0.000142	0.033064	0.004217	0.002091	0.000142	0.000142	0.006701	0.047409	0.000142	0.045323	0.005332	0.012121	0.000697	0.015733	0.072591	0.009008	0.006934	0.007557	0.001286	0.016398	0.042744	0.006101	0.004764	0.008258	0.017258	0.152603	0.003303	0.002722	0.000728	0.001200	0.000654	0.024050	0.006085	0.010177	0.002482	0.004896	0.060296	0.000142	0.031471	0.027956	0.002702	
0.024533	0.005919	0.014347	0.050795	0.090152	0.019399	0.002276	0.011751	0.022486	0.000149	0.069689	0.003611	0.007656	0.000149	0.000149	0.002430	0.003743	0.000149	0.030366	0.013184	0.008144	0.005032	0.060205	0.019220	0.014542	0.005919	0.053576	0.003954	0.037773	0.020405	0.034434	0.014709	0.071513	0.014691	0.079494	0.027943	0.006897	0.001820	0.008292	0.004656	0.020461	0.001970	0.025350	0.014843	0.001606	0.019129	0.000149	0.027445	0.015452	0.007443	
0.005670	0.009043	0.037982	0.019044	0.240359	0.015047	0.000950	0.031134	0.012355	0.000157	0.008231	0.005489	0.020201	0.000157	0.000157	0.004744	0.003184	0.000157	0.020999	0.002652	0.008046	0.000601	0.160507	0.007962	0.008900	0.009043	0.005084	0.010297	0.014684	0.007688	0.003998	0.002528	0.006635	0.022549	0.144552	0.002680	0.001411	0.000780	0.001806	0.000566	0.031435	0.004278	0.004981	0.001530	0.003454	0.041940	0.000157	0.041099	0.010226	0.002874	
0.007223	0.001844	0.003303	0.019620	0.018227	0.081569	0.000940	0.002399	0.042056	0.000131	0.131875	0.001159	0.001599	0.000131	0.000131	0.004391	0.017275	0.000131	0.034982	0.003939	0.008004	0.009012	0.011876	0.027961	0.004544	0.001844	0.097615	0.000974	0.014955	0.017390	0.051437	0.010693	0.129938	0.004448	0.049946	0.050687	0.002676	0.000767	0.013946	0.008329	0.006161	0.003948	0.007494	0.027010	0.003184	0.038861	0.000131	0.009378	0.010965	0.002906	
0.007874	0.001470	0.015895	0.009902	0.095421	0.036055	0.000547	0.012277	0.048829	0.000140	0.093742	0.000938	0.007994	0.000140	0.000140	0.010833	0.007341	0.000140	0.021682	0.004140	0.018163	0.006641	0.062966	0.016019	0.003992	0.001470	0.071337	0.004347	0.013449	0.010376	0.038365	0.008840	0.095147	0.003490	0.048048	0.037143	0.002596	0.000460	0.010587	0.006141	0.004819	0.009935	0.007873	0.019738	0.007976	0.099046	0.000140	0.007254	0.006609	0.001534	
0.011023	0.001834	0.004341	0.070376	0.025102	0.124756	0.003074	0.003301	0.027439	0.000137	0.085191	0.001155	0.002184	0.000137	0.000137	0.004238	0.026685	0.000137	0.041640	0.005988	0.008064	0.005276	0.016519	0.043524	0.007937	0.001834	0.057024	0.001257	0.042146	0.027300	0.031853	0.009167	0.075253	0.004413	0.069433	0.029393	0.003393	0.002445	0.008267	0.004881	0.006110	0.003528	0.011450	0.015929	0.002850	0.035181	0.000137	0.008733	0.017626	0.010207	
