0	56	0	0	0	32	14	
0	0	0	0	16	0	0	
0	0	0	0	0	51	0	
0	28	0	0	0	0	0	
0	0	0	14	0	37	0	
152	142	0	3	0	2	21	
0	0	0	0	0	25	0	
0	0	0	0	192	1	0	
132	0	0	0	0	0	0	
0	0	0	0	0	0	44	
0	93	0	0	0	1	0	
0	67	0	0	0	0	0	
0	0	0	101	0	0	0	
0	0	101	0	0	0	16	
0	0	0	66	0	0	0	
0	0	11	128	0	0	0	
0	0	0	1	0	0	117	
0	0	0	0	0	0	121	
0	0	0	1	12	0	0	
0	0	0	0	0	75	0	
0	0	13	0	0	0	0	
0	0	0	12	0	0	0	
59	0	69	0	0	0	0	
0	0	1	0	15	0	0	
0	0	0	0	0	65	0	
0	0	0	0	0	108	0	
14	0	0	0	0	0	0	
0	0	84	57	0	0	0	
63	0	0	0	0	0	0	
1	0	102	0	0	0	0	
0	0	32	0	0	0	0	
44	0	0	0	126	0	81	
0	42	0	0	0	0	0	
0	0	27	0	7	0	0	
1	0	0	180	0	0	0	
0	0	0	0	0	0	63	
0	0	0	96	0	0	2	
0	136	0	0	0	0	51	
113	0	14	0	0	59	0	
0	0	33	0	0	146	27	
0	0	0	0	0	0	63	
63	0	0	0	0	0	0	
0	0	98	0	0	0	0	
0	0	0	26	0	0	0	
0	0	15	0	0	0	0	
0	0	0	10	32	0	0	
0	63	178	0	0	59	0	
0	0	0	0	119	0	111	
0	0	0	0	0	0	28	
0	0	0	0	0	30	0	
