16	0	0	0	0	0	0	
0	0	0	0	0	15	0	
0	0	0	0	0	1	123	
0	34	0	0	0	51	4	
0	0	0	0	0	0	0	
0	0	0	0	0	0	22	
0	0	0	24	0	0	48	
0	6	25	0	0	0	0	
0	0	0	0	56	0	0	
0	14	0	0	0	0	0	
0	82	0	0	0	0	0	
261	0	0	32	0	0	6	
11	0	0	0	0	0	0	
26	0	76	177	38	0	0	
10	0	0	0	0	100	0	
0	14	0	0	0	0	0	
0	103	202	2	0	0	0	
0	0	0	2	0	25	0	
1	0	0	0	102	0	0	
0	0	89	5	0	0	38	
1	39	52	0	0	0	68	
0	35	3	0	0	0	0	
11	0	0	0	0	0	38	
0	0	0	134	0	0	0	
62	0	0	0	0	0	0	
0	0	1	159	1	0	5	
0	0	0	0	0	0	18	
0	14	0	0	0	0	0	
0	0	16	0	0	18	3	
0	0	0	0	0	0	84	
177	0	0	15	2	0	0	
1	0	8	0	0	0	0	
0	0	0	55	0	0	0	
0	14	0	0	0	0	0	
0	14	0	0	0	0	0	
0	0	0	0	0	45	0	
91	0	0	0	0	0	0	
1	0	0	52	10	66	0	
0	0	0	24	0	0	0	
0	0	0	0	118	0	3	
0	34	0	130	23	168	0	
0	0	0	0	45	82	0	
112	0	1	0	0	0	0	
0	96	0	0	0	0	0	
31	0	3	0	0	0	0	
1	65	0	14	0	29	103	
0	0	0	0	109	0	0	
0	0	0	0	0	75	0	
0	0	0	0	0	12	0	
0	28	247	0	0	0	0	
