0.009667	0.000163	0.006528	0.002333	0.000163	0.007510	0.000163	0.011275	0.057195	0.031775	0.005594	0.141332	0.000163	0.004163	0.000163	0.000163	0.015828	0.052432	0.069398	0.000163	0.029450	0.000536	0.003382	0.015435	0.001626	0.009457	0.003235	0.002400	0.028372	0.008782	0.000163	0.130113	0.052753	0.003041	0.000163	0.020426	0.144514	0.009417	0.003415	0.000163	0.010843	0.004928	0.001756	0.000163	0.029767	0.010335	0.044259	0.000163	0.007002	0.007768	
0.077157	0.000166	0.033188	0.002038	0.000166	0.007824	0.000166	0.124081	0.023652	0.036263	0.008115	0.008398	0.000166	0.005714	0.000166	0.000166	0.016568	0.008135	0.009500	0.000166	0.028393	0.000683	0.003035	0.130154	0.001428	0.024351	0.001426	0.003299	0.004949	0.004551	0.000166	0.015125	0.005320	0.002649	0.000166	0.226128	0.011295	0.013001	0.004209	0.000166	0.014329	0.004277	0.002376	0.000166	0.023210	0.046541	0.034491	0.000166	0.023988	0.008167	
0.063946	0.000153	0.031083	0.001556	0.000153	0.005952	0.000153	0.067372	0.030521	0.022636	0.028314	0.025095	0.000153	0.033368	0.000153	0.000153	0.034319	0.012686	0.034916	0.000153	0.042392	0.003249	0.002925	0.074801	0.001098	0.011905	0.007308	0.010731	0.016322	0.004183	0.000153	0.023837	0.009639	0.002014	0.000153	0.122729	0.041947	0.076998	0.014734	0.000153	0.039720	0.003234	0.013383	0.000153	0.007367	0.024386	0.010898	0.000153	0.014507	0.026095	
0.024361	0.000149	0.047109	0.007281	0.000149	0.005047	0.000149	0.006632	0.069474	0.007214	0.079708	0.025781	0.000149	0.028085	0.000149	0.000149	0.092301	0.012255	0.037591	0.000149	0.045802	0.002753	0.012457	0.020701	0.004955	0.002858	0.006241	0.029938	0.037581	0.007440	0.000149	0.024520	0.009836	0.009606	0.000149	0.011970	0.039992	0.064781	0.028966	0.000149	0.106017	0.015808	0.011276	0.000149	0.006935	0.004524	0.010257	0.000149	0.004862	0.035295	
0.034390	0.000141	0.023843	0.018969	0.000141	0.013608	0.000141	0.018264	0.049329	0.009083	0.024704	0.007235	0.000141	0.032365	0.000141	0.000141	0.035361	0.012036	0.043913	0.000141	0.088203	0.003145	0.027434	0.050539	0.012829	0.008793	0.006809	0.009485	0.011547	0.017614	0.000141	0.014903	0.004903	0.025108	0.000141	0.033189	0.023507	0.074693	0.022351	0.000141	0.038932	0.041480	0.012976	0.000141	0.023278	0.011427	0.034603	0.000141	0.013041	0.064418	
0.020293	0.000146	0.032816	0.030390	0.000146	0.011134	0.000146	0.016009	0.057314	0.006291	0.035500	0.004808	0.000146	0.014867	0.000146	0.000146	0.043228	0.009665	0.042904	0.000146	0.083442	0.001518	0.043873	0.062929	0.020528	0.004973	0.003215	0.013430	0.015542	0.023857	0.000146	0.008719	0.002731	0.040252	0.000146	0.029073	0.012293	0.034204	0.026977	0.000146	0.051759	0.066551	0.006009	0.000146	0.009788	0.007854	0.014507	0.000146	0.011036	0.077971	
0.004977	0.000160	0.079468	0.003070	0.000160	0.006348	0.000160	0.004852	0.102789	0.003140	0.142681	0.005260	0.000160	0.002916	0.000160	0.000160	0.163475	0.006326	0.007281	0.000160	0.019496	0.000417	0.008268	0.009668	0.002121	0.002577	0.000802	0.053485	0.059705	0.004674	0.000160	0.006898	0.002608	0.004019	0.000160	0.008716	0.006727	0.006537	0.036830	0.000160	0.188496	0.006549	0.001258	0.000160	0.006834	0.004503	0.010101	0.000160	0.005641	0.008568	
0.035758	0.000158	0.022123	0.002493	0.000158	0.060619	0.000158	0.054886	0.040736	0.020576	0.015996	0.006860	0.000158	0.004177	0.000158	0.000158	0.030871	0.046442	0.008256	0.000158	0.117370	0.000533	0.003901	0.060644	0.001732	0.018503	0.001083	0.006357	0.007904	0.026732	0.000158	0.019580	0.006414	0.003254	0.000158	0.099955	0.009402	0.009456	0.006025	0.000158	0.052121	0.005285	0.001759	0.000158	0.039956	0.027176	0.059437	0.000158	0.055588	0.008145	
0.014967	0.000156	0.012027	0.015326	0.000156	0.056269	0.000156	0.020338	0.037678	0.016453	0.004378	0.054415	0.000156	0.003572	0.000156	0.000156	0.008811	0.059769	0.042655	0.000156	0.121167	0.000475	0.021709	0.044097	0.010379	0.006246	0.001719	0.001819	0.011876	0.034846	0.000156	0.050961	0.020437	0.020272	0.000156	0.036959	0.057007	0.008058	0.009490	0.000156	0.034962	0.033463	0.001517	0.000156	0.012220	0.009538	0.018126	0.000156	0.047655	0.036467	
0.007336	0.000150	0.006427	0.002988	0.000150	0.091743	0.000150	0.004545	0.053043	0.012295	0.007372	0.014711	0.000150	0.005468	0.000150	0.000150	0.028803	0.071676	0.013205	0.000150	0.177136	0.000646	0.004363	0.010627	0.002063	0.017275	0.001465	0.003295	0.005799	0.040068	0.000150	0.034443	0.011511	0.003914	0.000150	0.008164	0.018211	0.012454	0.004451	0.000150	0.057055	0.006382	0.002269	0.000150	0.063836	0.015489	0.095011	0.000150	0.072500	0.010156	
0.006522	0.000159	0.005898	0.001535	0.000159	0.115833	0.000159	0.005641	0.026876	0.011849	0.007517	0.051532	0.000159	0.003188	0.000159	0.000159	0.011508	0.103047	0.026994	0.000159	0.191244	0.000441	0.002310	0.009140	0.001086	0.003401	0.001597	0.002975	0.012637	0.051069	0.000159	0.047010	0.019164	0.001984	0.000159	0.010156	0.054388	0.007167	0.003277	0.000159	0.070281	0.003182	0.001365	0.000159	0.009576	0.004096	0.014185	0.000159	0.093107	0.005321	
0.006283	0.000155	0.033755	0.002674	0.000155	0.076917	0.000155	0.004107	0.062156	0.006333	0.058630	0.009003	0.000155	0.004532	0.000155	0.000155	0.075030	0.059516	0.009657	0.000155	0.139188	0.000563	0.005354	0.009231	0.001853	0.007774	0.001187	0.022205	0.025829	0.033898	0.000155	0.017087	0.005932	0.003496	0.000155	0.007362	0.011875	0.010281	0.016551	0.000155	0.116147	0.005686	0.001898	0.000155	0.027353	0.007915	0.040667	0.000155	0.061414	0.008800	
0.015566	0.000147	0.011221	0.002257	0.000147	0.012537	0.000147	0.022523	0.095729	0.025789	0.008241	0.010581	0.000147	0.003148	0.000147	0.000147	0.053126	0.010018	0.009045	0.000147	0.074997	0.000427	0.003356	0.027459	0.001569	0.038690	0.000925	0.004126	0.005395	0.005409	0.000147	0.055771	0.017158	0.002946	0.000147	0.040950	0.012234	0.007091	0.003805	0.000147	0.016111	0.004780	0.001343	0.000147	0.136391	0.037217	0.203084	0.000147	0.010287	0.006932	
0.008876	0.000147	0.009716	0.003933	0.000147	0.027135	0.000147	0.009800	0.090649	0.021497	0.009938	0.015658	0.000147	0.004072	0.000147	0.000147	0.050341	0.022858	0.013683	0.000147	0.096338	0.000513	0.005772	0.017093	0.002698	0.033034	0.001193	0.004657	0.007027	0.012921	0.000147	0.055139	0.017513	0.005168	0.000147	0.017750	0.017935	0.009228	0.005251	0.000147	0.026080	0.008460	0.001710	0.000147	0.121766	0.029821	0.181299	0.000147	0.020397	0.011319	
0.009031	0.000146	0.020417	0.002572	0.000146	0.012218	0.000146	0.007696	0.102283	0.019790	0.031359	0.008168	0.000146	0.006148	0.000146	0.000146	0.074924	0.009251	0.010249	0.000146	0.072675	0.000706	0.004449	0.013070	0.001781	0.033013	0.001495	0.012673	0.014457	0.005555	0.000146	0.049110	0.014986	0.003362	0.000146	0.013914	0.011303	0.014031	0.010215	0.000146	0.046081	0.005472	0.002537	0.000146	0.122881	0.029562	0.182962	0.000146	0.008154	0.009697	
0.077850	0.000118	0.005134	0.002607	0.000118	0.006381	0.000118	0.004450	0.012077	0.003417	0.005991	0.007840	0.000118	0.103209	0.000118	0.000118	0.008783	0.007229	0.074328	0.000118	0.103769	0.009728	0.003800	0.020539	0.001795	0.002383	0.021209	0.002357	0.003954	0.004487	0.000118	0.008930	0.003452	0.003419	0.000118	0.008017	0.059497	0.238626	0.024631	0.000118	0.010982	0.005583	0.041180	0.000118	0.006409	0.002981	0.009489	0.000118	0.005615	0.076458	
0.080435	0.000121	0.005950	0.001685	0.000121	0.004041	0.000121	0.013421	0.010462	0.006297	0.004333	0.011923	0.000121	0.099543	0.000121	0.000121	0.006599	0.006884	0.072820	0.000121	0.095085	0.009389	0.002449	0.027858	0.001175	0.003457	0.020531	0.001733	0.004024	0.003066	0.000121	0.012025	0.004797	0.002195	0.000121	0.024375	0.061759	0.230140	0.022990	0.000121	0.007606	0.003555	0.039721	0.000121	0.005455	0.005750	0.008065	0.000121	0.005088	0.071870	
0.071441	0.000130	0.011151	0.004480	0.000130	0.004605	0.000130	0.026306	0.017937	0.011147	0.006849	0.018606	0.000130	0.076802	0.000130	0.000130	0.010375	0.009487	0.063681	0.000130	0.082338	0.007278	0.006465	0.042438	0.003062	0.006108	0.016020	0.002700	0.006293	0.005244	0.000130	0.018805	0.007439	0.005899	0.000130	0.047862	0.057124	0.177514	0.020182	0.000130	0.011141	0.009681	0.030669	0.000130	0.008356	0.010701	0.012382	0.000130	0.007368	0.062501	
0.025833	0.000151	0.005669	0.002635	0.000151	0.015699	0.000151	0.009160	0.044555	0.023319	0.004767	0.099939	0.000151	0.027955	0.000151	0.000151	0.013381	0.044699	0.066570	0.000151	0.061389	0.002743	0.003790	0.016600	0.001825	0.007919	0.007403	0.002051	0.020410	0.011138	0.000151	0.093411	0.037714	0.003444	0.000151	0.016578	0.114759	0.064476	0.008405	0.000151	0.014107	0.005604	0.011226	0.000151	0.025051	0.008595	0.037240	0.000151	0.013333	0.024797	
0.048079	0.000141	0.021483	0.008258	0.000141	0.024544	0.000141	0.026937	0.036040	0.010755	0.023259	0.008452	0.000141	0.044024	0.000141	0.000141	0.031902	0.020676	0.041233	0.000141	0.095626	0.004232	0.012259	0.044984	0.005611	0.008601	0.009199	0.008905	0.011177	0.015553	0.000141	0.013527	0.004777	0.010905	0.000141	0.049004	0.030653	0.101667	0.019114	0.000141	0.042830	0.017964	0.017620	0.000141	0.017608	0.013075	0.026158	0.000141	0.023174	0.048440	
0.043950	0.000152	0.020197	0.004173	0.000152	0.064709	0.000152	0.044950	0.023530	0.014205	0.015952	0.007856	0.000152	0.023379	0.000152	0.000152	0.021114	0.050438	0.023127	0.000152	0.131999	0.002317	0.006277	0.055114	0.002862	0.009229	0.004999	0.006126	0.008067	0.029893	0.000152	0.010156	0.003805	0.005485	0.000152	0.081842	0.020050	0.053890	0.010923	0.000152	0.054445	0.008982	0.009403	0.000152	0.009771	0.017317	0.014479	0.000152	0.058067	0.025101	
0.007398	0.000144	0.025427	0.046740	0.000144	0.008841	0.000144	0.004984	0.057193	0.003572	0.016674	0.008516	0.000144	0.006097	0.000144	0.000144	0.020581	0.009297	0.055505	0.000144	0.097880	0.000699	0.066449	0.074772	0.031545	0.002259	0.001489	0.006361	0.008482	0.033371	0.000144	0.011128	0.003622	0.061934	0.000144	0.008969	0.011628	0.013916	0.028720	0.000144	0.026134	0.102452	0.002515	0.000144	0.005568	0.003088	0.008224	0.000144	0.007678	0.108564	
0.009974	0.000146	0.024633	0.039711	0.000146	0.009559	0.000146	0.010556	0.059561	0.007452	0.016976	0.014121	0.000146	0.005130	0.000146	0.000146	0.024485	0.011483	0.050238	0.000146	0.090578	0.000611	0.056525	0.070026	0.026809	0.005946	0.001383	0.006553	0.009638	0.029290	0.000146	0.019371	0.006681	0.052612	0.000146	0.019130	0.016797	0.011676	0.025074	0.000146	0.026816	0.087016	0.002131	0.000146	0.016647	0.007351	0.024724	0.000146	0.008824	0.092158	
0.013724	0.000152	0.018421	0.030931	0.000152	0.007331	0.000152	0.014340	0.050104	0.014748	0.009368	0.058500	0.000152	0.007245	0.000152	0.000152	0.012294	0.024972	0.062896	0.000152	0.070297	0.000813	0.043903	0.061055	0.020894	0.003621	0.002528	0.003634	0.014678	0.024371	0.000152	0.052801	0.021213	0.040968	0.000152	0.026025	0.062570	0.016563	0.019284	0.000152	0.015847	0.067733	0.002977	0.000152	0.005498	0.006126	0.008115	0.000152	0.007851	0.073941	
