0.015346	0.007118	0.001485	0.001705	0.116179	0.030672	0.005073	0.015769	0.000494	0.000494	0.025651	0.000194	0.006766	0.003621	0.057908	0.001566	0.000194	0.117025	0.000194	0.005538	0.009465	0.111344	0.005719	0.148086	0.000194	0.008868	0.004695	0.001460	0.003320	0.001762	0.002819	0.000623	0.001188	0.001697	0.001730	0.001056	0.004031	0.004973	0.002376	0.003622	0.205725	0.004835	0.001237	0.009411	0.000194	0.000461	0.001088	0.005814	0.030672	0.008544	
0.062438	0.024712	0.004745	0.004083	0.062917	0.013376	0.008971	0.157015	0.001399	0.001399	0.011382	0.000169	0.023464	0.003629	0.026577	0.003856	0.000169	0.050795	0.000169	0.013989	0.033032	0.062133	0.014935	0.067517	0.000169	0.015519	0.013397	0.001448	0.011060	0.006591	0.006587	0.001219	0.002827	0.003845	0.004531	0.002520	0.022929	0.007671	0.005231	0.008575	0.090583	0.012573	0.001222	0.014005	0.000169	0.001262	0.001071	0.014489	0.013376	0.084259	
0.126066	0.052086	0.009846	0.001900	0.068113	0.010188	0.007963	0.085450	0.002664	0.002664	0.008958	0.000167	0.049446	0.007347	0.019892	0.003900	0.000167	0.038583	0.000167	0.008340	0.069686	0.062904	0.006233	0.058798	0.000167	0.007235	0.011535	0.002820	0.023203	0.013208	0.006034	0.001127	0.001259	0.003527	0.005832	0.001354	0.014760	0.015576	0.004505	0.007702	0.071896	0.005263	0.002352	0.028610	0.000167	0.002386	0.002040	0.009838	0.010188	0.045890	
0.020619	0.005515	0.001136	0.001530	0.008606	0.001104	0.045761	0.325545	0.000525	0.000525	0.000988	0.000133	0.005241	0.003322	0.005002	0.006482	0.000133	0.003856	0.000133	0.032055	0.007339	0.029729	0.005240	0.009935	0.000133	0.005129	0.004547	0.001311	0.002574	0.002179	0.037479	0.006244	0.001052	0.021522	0.017248	0.000942	0.057890	0.004905	0.021834	0.047427	0.008792	0.004422	0.001103	0.009259	0.000133	0.000481	0.000965	0.046279	0.001104	0.174596	
0.070107	0.020136	0.003865	0.007555	0.016855	0.001009	0.080179	0.019811	0.001525	0.001525	0.001033	0.000136	0.019119	0.004844	0.001969	0.001992	0.000136	0.003485	0.000136	0.068504	0.026916	0.056598	0.028279	0.011993	0.000136	0.026611	0.022333	0.001876	0.009052	0.007391	0.066760	0.011038	0.005202	0.038293	0.031512	0.004512	0.034988	0.009523	0.040297	0.084887	0.009185	0.023776	0.001569	0.017574	0.000136	0.001371	0.001364	0.091214	0.001009	0.010684	
0.022601	0.114272	0.021433	0.002055	0.065114	0.000771	0.046803	0.015622	0.000602	0.000602	0.001635	0.000157	0.108470	0.005631	0.001460	0.002194	0.000157	0.002510	0.000157	0.034254	0.152956	0.029897	0.006999	0.012066	0.000157	0.006826	0.008593	0.002180	0.050564	0.002482	0.038970	0.006508	0.001388	0.022386	0.017990	0.001232	0.021510	0.007691	0.022997	0.049339	0.007998	0.005904	0.001823	0.014710	0.000157	0.000552	0.001585	0.048821	0.000771	0.008448	
0.013779	0.006503	0.001310	0.001887	0.011195	0.001428	0.115114	0.028210	0.000391	0.000391	0.001264	0.000121	0.006178	0.004580	0.002852	0.002033	0.000121	0.005133	0.000121	0.077933	0.008666	0.064735	0.006541	0.013591	0.000121	0.006431	0.005116	0.001769	0.003030	0.001531	0.095834	0.015783	0.001276	0.054938	0.043086	0.001114	0.049692	0.005991	0.054921	0.121195	0.011891	0.005514	0.001478	0.011524	0.000121	0.000361	0.001284	0.115319	0.001428	0.015180	
0.039063	0.034137	0.006478	0.002819	0.053074	0.001009	0.009099	0.141572	0.000906	0.000906	0.001152	0.000139	0.032408	0.047190	0.003100	0.017790	0.000139	0.003473	0.000139	0.009490	0.045661	0.014886	0.006514	0.081933	0.000139	0.008210	0.007022	0.017527	0.016144	0.004143	0.007290	0.001309	0.001287	0.004235	0.004262	0.001181	0.030380	0.056054	0.008260	0.009303	0.038156	0.005494	0.014459	0.110264	0.000139	0.000821	0.012413	0.011458	0.001009	0.075965	
0.062695	0.005006	0.001049	0.004123	0.029456	0.003214	0.007273	0.278354	0.001373	0.001373	0.002743	0.000143	0.004759	0.023085	0.008537	0.012164	0.000143	0.011914	0.000143	0.012240	0.006654	0.025935	0.013531	0.052378	0.000143	0.013933	0.011975	0.008622	0.002785	0.006566	0.005402	0.001003	0.002553	0.003155	0.003989	0.002288	0.041090	0.029880	0.005924	0.007056	0.036325	0.011389	0.007125	0.058025	0.000143	0.001236	0.006128	0.012469	0.003214	0.149300	
0.070626	0.009393	0.001866	0.008719	0.049126	0.003257	0.020526	0.018960	0.001541	0.001541	0.002816	0.000142	0.008923	0.048261	0.006202	0.016140	0.000142	0.012085	0.000142	0.030508	0.012529	0.034658	0.029107	0.094182	0.000142	0.029518	0.022625	0.017925	0.005265	0.007450	0.016948	0.002892	0.005355	0.009767	0.009339	0.004642	0.020305	0.059103	0.015593	0.021958	0.053863	0.024473	0.014787	0.115775	0.000142	0.001386	0.012694	0.033175	0.003257	0.010231	
0.056259	0.008514	0.001692	0.003134	0.062238	0.001250	0.006099	0.036158	0.001242	0.001242	0.001134	0.000129	0.008088	0.078584	0.002583	0.026300	0.000129	0.004428	0.000129	0.006878	0.011357	0.017730	0.005128	0.134983	0.000129	0.008314	0.006313	0.029123	0.005530	0.005944	0.004982	0.000923	0.001029	0.002908	0.003652	0.001002	0.022993	0.092886	0.009233	0.006361	0.061330	0.004328	0.024006	0.182948	0.000129	0.001119	0.020595	0.008120	0.001250	0.019445	
0.026513	0.006750	0.001393	0.027738	0.029008	0.001603	0.006375	0.021953	0.000687	0.000687	0.001419	0.000165	0.006415	0.029730	0.003084	0.010161	0.000165	0.005678	0.000165	0.066228	0.008982	0.013289	0.103746	0.055723	0.000165	0.097940	0.068937	0.011091	0.003709	0.002893	0.005231	0.000994	0.018809	0.003067	0.003060	0.015760	0.011307	0.035417	0.013556	0.008639	0.029998	0.087173	0.009163	0.069562	0.000165	0.000629	0.007877	0.053754	0.001603	0.011846	
0.045316	0.070914	0.013344	0.003899	0.077081	0.001846	0.004016	0.016654	0.001047	0.001047	0.002163	0.000151	0.067316	0.050135	0.003506	0.016719	0.000151	0.006648	0.000151	0.008698	0.094902	0.016616	0.010390	0.090644	0.000151	0.012034	0.010797	0.018623	0.032421	0.004833	0.003261	0.000660	0.001994	0.001932	0.002632	0.001786	0.013944	0.059788	0.006526	0.004286	0.045679	0.008751	0.015363	0.117543	0.000151	0.000948	0.013190	0.008509	0.001846	0.008998	
0.076053	0.025892	0.004947	0.007729	0.047286	0.002858	0.015631	0.075263	0.001652	0.001652	0.002624	0.000147	0.024583	0.035254	0.005968	0.012820	0.000147	0.010540	0.000147	0.025644	0.034619	0.031759	0.026374	0.070801	0.000147	0.026366	0.021527	0.013121	0.012255	0.008004	0.012779	0.002214	0.004868	0.007381	0.007613	0.004248	0.022474	0.044561	0.012036	0.016633	0.042261	0.022178	0.010832	0.086874	0.000147	0.001484	0.009305	0.027025	0.002858	0.040419	
0.087953	0.023947	0.004583	0.006479	0.054350	0.004141	0.019358	0.022238	0.001889	0.001889	0.003677	0.000146	0.022737	0.040267	0.007898	0.013589	0.000146	0.015459	0.000146	0.024943	0.032016	0.040451	0.021149	0.085075	0.000146	0.021867	0.018665	0.014973	0.011507	0.009251	0.015928	0.002728	0.003926	0.009185	0.009307	0.003490	0.018570	0.050973	0.013774	0.020509	0.054252	0.017788	0.012357	0.099378	0.000146	0.001696	0.010612	0.028316	0.004141	0.011990	
0.357340	0.007666	0.001546	0.001526	0.011721	0.001816	0.003457	0.166868	0.007232	0.007232	0.001601	0.000143	0.007283	0.002550	0.004857	0.003649	0.000143	0.006555	0.000143	0.005039	0.010216	0.075940	0.005262	0.011926	0.000143	0.005194	0.020990	0.001033	0.003511	0.037163	0.002504	0.000529	0.001065	0.001495	0.009859	0.001699	0.021965	0.023369	0.002066	0.003228	0.012943	0.004443	0.000876	0.040242	0.000143	0.006444	0.000771	0.005266	0.001816	0.089530	
0.299289	0.043414	0.008216	0.001662	0.027872	0.001126	0.005429	0.126252	0.006087	0.006087	0.001330	0.000150	0.041214	0.002826	0.003169	0.003080	0.000150	0.003891	0.000150	0.006680	0.058080	0.063426	0.005742	0.009127	0.000150	0.005575	0.019398	0.001139	0.019273	0.031156	0.004259	0.000822	0.001156	0.002503	0.009237	0.001648	0.017930	0.020357	0.003117	0.005455	0.008489	0.004847	0.000964	0.035228	0.000150	0.005427	0.000848	0.007541	0.001126	0.067757	
0.290532	0.025982	0.004968	0.002379	0.032149	0.004568	0.006878	0.104939	0.005916	0.005916	0.004051	0.000152	0.024668	0.004092	0.009470	0.003147	0.000152	0.017080	0.000152	0.009110	0.034738	0.074447	0.008388	0.027268	0.000152	0.008474	0.020253	0.001608	0.011620	0.030255	0.005349	0.001003	0.001635	0.003129	0.009512	0.002028	0.016124	0.021301	0.004040	0.006884	0.032289	0.007070	0.001351	0.037240	0.000152	0.005276	0.001180	0.010035	0.004568	0.056331	
0.021703	0.006055	0.001267	0.017266	0.036803	0.008424	0.004883	0.174111	0.000590	0.000590	0.007099	0.000170	0.005756	0.005697	0.017383	0.004811	0.000170	0.031811	0.000170	0.041823	0.008050	0.035042	0.065461	0.047821	0.000170	0.062048	0.043785	0.002213	0.002884	0.002362	0.003377	0.000695	0.011923	0.002007	0.002112	0.010010	0.023911	0.007690	0.007622	0.005529	0.058982	0.055014	0.001852	0.014717	0.000170	0.000543	0.001612	0.033965	0.008424	0.093425	
0.099464	0.021451	0.004121	0.014123	0.027329	0.001382	0.037779	0.014429	0.002122	0.002122	0.001357	0.000149	0.020367	0.017259	0.002611	0.005962	0.000149	0.004875	0.000149	0.055702	0.028671	0.042296	0.052462	0.034170	0.000149	0.049681	0.039515	0.006473	0.009908	0.010450	0.031423	0.005267	0.009566	0.018061	0.016491	0.008215	0.020198	0.025375	0.023263	0.040714	0.020085	0.044092	0.005357	0.048475	0.000149	0.001903	0.004613	0.060888	0.001382	0.007805	
0.027863	0.023808	0.004568	0.018232	0.033612	0.001755	0.014171	0.089912	0.000705	0.000705	0.001690	0.000158	0.022606	0.022737	0.004012	0.008985	0.000158	0.006280	0.000158	0.049565	0.031825	0.017885	0.067783	0.044914	0.000158	0.064209	0.046051	0.008503	0.011071	0.003011	0.011587	0.002029	0.012331	0.006704	0.005917	0.010363	0.021103	0.027505	0.013728	0.015953	0.026265	0.056963	0.007030	0.053876	0.000158	0.000644	0.006048	0.044669	0.001755	0.048278	
0.112467	0.011431	0.002238	0.002802	0.013698	0.001109	0.067237	0.103849	0.002358	0.002358	0.001042	0.000131	0.010857	0.006253	0.002946	0.003820	0.000131	0.003881	0.000131	0.049009	0.015262	0.058488	0.009891	0.014812	0.000131	0.009583	0.012206	0.002394	0.005244	0.011761	0.055806	0.009241	0.001888	0.032018	0.027654	0.001842	0.040286	0.013552	0.032758	0.070679	0.010846	0.008329	0.001994	0.024860	0.000131	0.002111	0.001728	0.069912	0.001109	0.055737	
0.189387	0.054203	0.010223	0.002170	0.038487	0.001211	0.039445	0.018782	0.003904	0.003904	0.001491	0.000145	0.051454	0.009706	0.002333	0.003567	0.000145	0.004232	0.000145	0.029580	0.072527	0.059811	0.007135	0.020917	0.000145	0.007180	0.015251	0.003678	0.024175	0.019775	0.032809	0.005490	0.001403	0.018853	0.019290	0.001611	0.019820	0.021916	0.019842	0.041561	0.013800	0.006017	0.003055	0.040139	0.000145	0.003486	0.002639	0.041667	0.001211	0.010137	
0.085564	0.007056	0.001423	0.003954	0.016505	0.001442	0.061510	0.116350	0.001824	0.001824	0.001283	0.000132	0.006704	0.011904	0.003691	0.005867	0.000132	0.005156	0.000132	0.047664	0.009403	0.051591	0.013848	0.025697	0.000132	0.013545	0.013359	0.004482	0.003439	0.008967	0.050994	0.008455	0.002601	0.029262	0.024856	0.002377	0.040694	0.018455	0.030792	0.064677	0.016930	0.011653	0.003715	0.035018	0.000132	0.001636	0.003203	0.066088	0.001442	0.062440	
