0	0	0	60	0	95	0	
0	0	0	0	119	0	3	
93	0	0	6	0	24	0	
80	0	0	0	47	0	0	
53	0	0	0	0	0	0	
22	0	0	53	0	0	0	
0	40	0	0	0	0	0	
0	0	0	0	16	0	0	
0	0	34	0	0	0	0	
14	0	0	1	34	0	169	
0	0	0	0	0	0	20	
0	0	0	0	0	0	0	
27	0	0	0	0	18	0	
0	0	0	0	0	94	0	
0	0	0	0	0	65	0	
0	0	0	0	34	0	0	
0	0	218	0	0	0	0	
0	0	0	0	0	65	0	
0	117	0	28	252	0	1	
0	0	62	0	83	0	0	
0	68	0	0	0	0	0	
0	0	0	0	0	0	141	
1	0	0	21	0	0	0	
80	0	34	0	56	23	0	
0	0	0	0	0	0	116	
0	0	0	0	16	0	0	
0	0	0	98	0	0	0	
0	0	0	0	0	0	0	
0	0	0	0	15	0	0	
0	0	50	0	0	0	0	
15	0	0	0	28	0	0	
0	0	71	1	0	0	0	
0	0	136	0	0	0	0	
0	0	0	0	0	0	0	
0	0	22	0	0	0	0	
94	0	0	31	0	0	0	
0	0	0	0	0	130	0	
0	0	0	27	0	15	0	
0	192	0	38	0	0	75	
0	0	0	135	0	0	0	
74	0	0	67	0	0	76	
0	0	28	0	0	22	0	
0	0	0	0	0	59	94	
63	0	0	0	1	0	0	
0	40	0	0	0	0	0	
0	0	0	0	15	0	0	
0	0	0	36	0	0	0	
0	0	0	0	0	0	139	
125	0	0	0	0	0	0	
0	111	13	0	0	0	0	
