0.000755	0.001096	0.000755	0.000755	0.000755	0.000755	0.000755	0.000755	0.000755	0.000755	0.000755	0.000755	0.000755	0.002076	0.000755	0.000755	0.000755	0.000755	0.000755	0.000755	0.000755	0.000755	0.000755	0.000755	0.000755	0.000755	0.000755	0.000755	0.000755	0.001059	0.000755	0.000755	0.001248	0.000904	0.002076	0.000755	0.000755	0.006311	0.002264	0.000755	0.000755	0.000755	0.000755	0.000755	0.000755	0.000755	0.000755	0.000755	0.000755	0.952018	
0.000659	0.001931	0.000659	0.000659	0.000659	0.000659	0.000659	0.000659	0.000659	0.000659	0.000659	0.000659	0.000659	0.000823	0.000659	0.000659	0.000659	0.000659	0.000659	0.000659	0.000659	0.000659	0.000659	0.000659	0.000659	0.000659	0.000659	0.000659	0.000659	0.001708	0.000659	0.000659	0.002455	0.000971	0.000823	0.000659	0.000659	0.002952	0.004102	0.000659	0.000659	0.000659	0.000659	0.000659	0.000659	0.000659	0.000659	0.000659	0.000659	0.957212	
0.000679	0.001916	0.000679	0.000679	0.000679	0.000679	0.000679	0.000679	0.000679	0.000679	0.000679	0.000679	0.000679	0.001279	0.000679	0.000679	0.000679	0.000679	0.000679	0.000679	0.000679	0.000679	0.000679	0.000679	0.000679	0.000679	0.000679	0.000679	0.000679	0.002974	0.000679	0.000679	0.003063	0.000964	0.001279	0.000679	0.000679	0.003466	0.004548	0.000679	0.000679	0.000679	0.000679	0.000679	0.000679	0.000679	0.000679	0.000679	0.000679	0.952654	
0.000622	0.001161	0.000622	0.000622	0.000622	0.000622	0.000622	0.000622	0.000622	0.000622	0.000622	0.000622	0.000622	0.001153	0.000622	0.000622	0.000622	0.000622	0.000622	0.000622	0.000622	0.000622	0.000622	0.000622	0.000622	0.000622	0.000622	0.000622	0.000622	0.002507	0.000622	0.000622	0.002103	0.002157	0.001153	0.000622	0.000622	0.004152	0.007176	0.000622	0.000622	0.000622	0.000622	0.000622	0.000622	0.000622	0.000622	0.000622	0.000622	0.952951	
0.000614	0.001093	0.000614	0.000614	0.000614	0.000614	0.000614	0.000614	0.000614	0.000614	0.000614	0.000614	0.000614	0.001199	0.000614	0.000614	0.000614	0.000614	0.000614	0.000614	0.000614	0.000614	0.000614	0.000614	0.000614	0.000614	0.000614	0.000614	0.000614	0.001563	0.000614	0.000614	0.001568	0.001976	0.001199	0.000614	0.000614	0.005068	0.006476	0.000614	0.000614	0.000614	0.000614	0.000614	0.000614	0.000614	0.000614	0.000614	0.000614	0.954696	
0.000627	0.003087	0.000627	0.000627	0.000627	0.000627	0.000627	0.000627	0.000627	0.000627	0.000627	0.000627	0.000627	0.001473	0.000627	0.000627	0.000627	0.000627	0.000627	0.000627	0.000627	0.000627	0.000627	0.000627	0.000627	0.000627	0.000627	0.000627	0.000627	0.001574	0.000627	0.000627	0.003561	0.002261	0.001473	0.000627	0.000627	0.005006	0.009040	0.000627	0.000627	0.000627	0.000627	0.000627	0.000627	0.000627	0.000627	0.000627	0.000627	0.946817	
0.000622	0.000962	0.000622	0.000622	0.000622	0.000622	0.000622	0.000622	0.000622	0.000622	0.000622	0.000622	0.000622	0.005275	0.000622	0.000622	0.000622	0.000622	0.000622	0.000622	0.000622	0.000622	0.000622	0.000622	0.000622	0.000622	0.000622	0.000622	0.000622	0.001295	0.000622	0.000622	0.001299	0.000884	0.005275	0.000622	0.000622	0.019469	0.002925	0.000622	0.000622	0.000622	0.000622	0.000622	0.000622	0.000622	0.000622	0.000622	0.000622	0.937132	
0.000625	0.009005	0.000625	0.000625	0.000625	0.000625	0.000625	0.000625	0.000625	0.000625	0.000625	0.000625	0.000625	0.001008	0.000625	0.000625	0.000625	0.000625	0.000625	0.000625	0.000625	0.000625	0.000625	0.000625	0.000625	0.000625	0.000625	0.000625	0.000625	0.000860	0.000625	0.000625	0.009123	0.000936	0.001008	0.000625	0.000625	0.002367	0.015884	0.000625	0.000625	0.000625	0.000625	0.000625	0.000625	0.000625	0.000625	0.000625	0.000625	0.934197	
0.000615	0.007015	0.000615	0.000615	0.000615	0.000615	0.000615	0.000615	0.000615	0.000615	0.000615	0.000615	0.000615	0.002263	0.000615	0.000615	0.000615	0.000615	0.000615	0.000615	0.000615	0.000615	0.000615	0.000615	0.000615	0.000615	0.000615	0.000615	0.000615	0.000781	0.000615	0.000615	0.007098	0.001090	0.002263	0.000615	0.000615	0.007454	0.011722	0.000615	0.000615	0.000615	0.000615	0.000615	0.000615	0.000615	0.000615	0.000615	0.000615	0.935090	
0.000744	0.001239	0.000744	0.000744	0.000744	0.000744	0.000744	0.000744	0.000744	0.000744	0.000744	0.000744	0.000744	0.002734	0.000744	0.000744	0.000744	0.000744	0.000744	0.000744	0.000744	0.000744	0.000744	0.000744	0.000744	0.000744	0.000744	0.000744	0.000744	0.001129	0.000744	0.000744	0.001431	0.000947	0.002734	0.000744	0.000744	0.008904	0.014599	0.000744	0.000744	0.000744	0.000744	0.000744	0.000744	0.000744	0.000744	0.000744	0.000744	0.935758	
0.000731	0.002378	0.000731	0.000731	0.000731	0.000731	0.000731	0.000731	0.000731	0.000731	0.000731	0.000731	0.000731	0.002012	0.000731	0.000731	0.000731	0.000731	0.000731	0.000731	0.000731	0.000731	0.000731	0.000731	0.000731	0.000731	0.000731	0.000731	0.000731	0.001492	0.000731	0.000731	0.002759	0.001008	0.002012	0.000731	0.000731	0.006035	0.016251	0.000731	0.000731	0.000731	0.000731	0.000731	0.000731	0.000731	0.000731	0.000731	0.000731	0.936066	
0.000673	0.000965	0.000673	0.000673	0.000673	0.000673	0.000673	0.000673	0.000673	0.000673	0.000673	0.000673	0.000673	0.001787	0.000673	0.000673	0.000673	0.000673	0.000673	0.000673	0.000673	0.000673	0.000673	0.000673	0.000673	0.000673	0.000673	0.000673	0.000673	0.000937	0.000673	0.000673	0.001097	0.000975	0.001787	0.000673	0.000673	0.006963	0.010583	0.000673	0.000673	0.000673	0.000673	0.000673	0.000673	0.000673	0.000673	0.000673	0.000673	0.947315	
0.000597	0.005903	0.000597	0.000597	0.000597	0.000597	0.000597	0.000597	0.000597	0.000597	0.000597	0.000597	0.000597	0.001569	0.000597	0.000597	0.000597	0.000597	0.000597	0.000597	0.000597	0.000597	0.000597	0.000597	0.000597	0.000597	0.000597	0.000597	0.000597	0.000893	0.000597	0.000597	0.006051	0.000789	0.001569	0.000597	0.000597	0.005775	0.009574	0.000597	0.000597	0.000597	0.000597	0.000597	0.000597	0.000597	0.000597	0.000597	0.000597	0.943396	
0.000605	0.005520	0.000605	0.000605	0.000605	0.000605	0.000605	0.000605	0.000605	0.000605	0.000605	0.000605	0.000605	0.000823	0.000605	0.000605	0.000605	0.000605	0.000605	0.000605	0.000605	0.000605	0.000605	0.000605	0.000605	0.000605	0.000605	0.000605	0.000605	0.000904	0.000605	0.000605	0.005669	0.000751	0.000823	0.000605	0.000605	0.003260	0.011225	0.000605	0.000605	0.000605	0.000605	0.000605	0.000605	0.000605	0.000605	0.000605	0.000605	0.946203	
0.000547	0.000989	0.000547	0.000547	0.000547	0.000547	0.000547	0.000547	0.000547	0.000547	0.000547	0.000547	0.000547	0.000692	0.000547	0.000547	0.000547	0.000547	0.000547	0.000547	0.000547	0.000547	0.000547	0.000547	0.000547	0.000547	0.000547	0.000547	0.000547	0.001092	0.000547	0.000547	0.001262	0.000882	0.000692	0.000547	0.000547	0.005082	0.002741	0.000547	0.000547	0.000547	0.000547	0.000547	0.000547	0.000547	0.000547	0.000547	0.000547	0.964131	
0.000547	0.001547	0.000547	0.000547	0.000547	0.000547	0.000547	0.000547	0.000547	0.000547	0.000547	0.000547	0.000547	0.000712	0.000547	0.000547	0.000547	0.000547	0.000547	0.000547	0.000547	0.000547	0.000547	0.000547	0.000547	0.000547	0.000547	0.000547	0.000547	0.007586	0.000547	0.000547	0.005066	0.000829	0.000712	0.000547	0.000547	0.001309	0.006490	0.000547	0.000547	0.000547	0.000547	0.000547	0.000547	0.000547	0.000547	0.000547	0.000547	0.953317	
0.000539	0.001084	0.000539	0.000539	0.000539	0.000539	0.000539	0.000539	0.000539	0.000539	0.000539	0.000539	0.000539	0.000704	0.000539	0.000539	0.000539	0.000539	0.000539	0.000539	0.000539	0.000539	0.000539	0.000539	0.000539	0.000539	0.000539	0.000539	0.000539	0.007665	0.000539	0.000539	0.004648	0.000722	0.000704	0.000539	0.000539	0.001574	0.005938	0.000539	0.000539	0.000539	0.000539	0.000539	0.000539	0.000539	0.000539	0.000539	0.000539	0.954878	
0.000532	0.000847	0.000532	0.000532	0.000532	0.000532	0.000532	0.000532	0.000532	0.000532	0.000532	0.000532	0.000532	0.001315	0.000532	0.000532	0.000532	0.000532	0.000532	0.000532	0.000532	0.000532	0.000532	0.000532	0.000532	0.000532	0.000532	0.000532	0.000532	0.007498	0.000532	0.000532	0.004330	0.000780	0.001315	0.000532	0.000532	0.003923	0.005246	0.000532	0.000532	0.000532	0.000532	0.000532	0.000532	0.000532	0.000532	0.000532	0.000532	0.952921	
0.000581	0.001427	0.000581	0.000581	0.000581	0.000581	0.000581	0.000581	0.000581	0.000581	0.000581	0.000581	0.000581	0.003451	0.000581	0.000581	0.000581	0.000581	0.000581	0.000581	0.000581	0.000581	0.000581	0.000581	0.000581	0.000581	0.000581	0.000581	0.000581	0.004029	0.000581	0.000581	0.003151	0.000876	0.003451	0.000581	0.000581	0.012169	0.004500	0.000581	0.000581	0.000581	0.000581	0.000581	0.000581	0.000581	0.000581	0.000581	0.000581	0.943109	
0.000665	0.001900	0.000665	0.000665	0.000665	0.000665	0.000665	0.000665	0.000665	0.000665	0.000665	0.000665	0.000665	0.000857	0.000665	0.000665	0.000665	0.000665	0.000665	0.000665	0.000665	0.000665	0.000665	0.000665	0.000665	0.000665	0.000665	0.000665	0.000665	0.002721	0.000665	0.000665	0.002928	0.003404	0.000857	0.000665	0.000665	0.001592	0.009404	0.000665	0.000665	0.000665	0.000665	0.000665	0.000665	0.000665	0.000665	0.000665	0.000665	0.949063	
0.000588	0.002085	0.000588	0.000588	0.000588	0.000588	0.000588	0.000588	0.000588	0.000588	0.000588	0.000588	0.000588	0.001487	0.000588	0.000588	0.000588	0.000588	0.000588	0.000588	0.000588	0.000588	0.000588	0.000588	0.000588	0.000588	0.000588	0.000588	0.000588	0.002101	0.000588	0.000588	0.002842	0.001993	0.001487	0.000588	0.000588	0.005796	0.005882	0.000588	0.000588	0.000588	0.000588	0.000588	0.000588	0.000588	0.000588	0.000588	0.000588	0.952217	
0.000656	0.001031	0.000656	0.000656	0.000656	0.000656	0.000656	0.000656	0.000656	0.000656	0.000656	0.000656	0.000656	0.000911	0.000656	0.000656	0.000656	0.000656	0.000656	0.000656	0.000656	0.000656	0.000656	0.000656	0.000656	0.000656	0.000656	0.000656	0.000656	0.002211	0.000656	0.000656	0.001808	0.005213	0.000911	0.000656	0.000656	0.001813	0.007260	0.000656	0.000656	0.000656	0.000656	0.000656	0.000656	0.000656	0.000656	0.000656	0.000656	0.951952	
0.000671	0.002973	0.000671	0.000671	0.000671	0.000671	0.000671	0.000671	0.000671	0.000671	0.000671	0.000671	0.000671	0.000883	0.000671	0.000671	0.000671	0.000671	0.000671	0.000671	0.000671	0.000671	0.000671	0.000671	0.000671	0.000671	0.000671	0.000671	0.000671	0.002024	0.000671	0.000671	0.003650	0.003084	0.000883	0.000671	0.000671	0.001770	0.011886	0.000671	0.000671	0.000671	0.000671	0.000671	0.000671	0.000671	0.000671	0.000671	0.000671	0.945328	
0.000666	0.001822	0.000666	0.000666	0.000666	0.000666	0.000666	0.000666	0.000666	0.000666	0.000666	0.000666	0.000666	0.001284	0.000666	0.000666	0.000666	0.000666	0.000666	0.000666	0.000666	0.000666	0.000666	0.000666	0.000666	0.000666	0.000666	0.000666	0.000666	0.001063	0.000666	0.000666	0.002021	0.005223	0.001284	0.000666	0.000666	0.003310	0.007728	0.000666	0.000666	0.000666	0.000666	0.000666	0.000666	0.000666	0.000666	0.000666	0.000666	0.948970	
