0.000679	0.000131	0.079035	0.015443	0.004540	0.001410	0.007673	0.001581	0.010889	0.003050	0.000779	0.000131	0.002098	0.016281	0.004881	0.003153	0.006510	0.005519	0.000131	0.064068	0.105402	0.000131	0.006034	0.000899	0.005693	0.000131	0.000131	0.054532	0.002455	0.011200	0.005038	0.004613	0.020806	0.046067	0.007159	0.002416	0.147511	0.001136	0.094221	0.005351	0.009408	0.113204	0.052617	0.002098	0.007873	0.046067	0.007057	0.001273	0.003091	0.008404	
0.000821	0.000135	0.062851	0.009866	0.004867	0.001735	0.008230	0.001692	0.038296	0.025854	0.005850	0.000135	0.002386	0.006119	0.032704	0.003593	0.004333	0.008474	0.000135	0.051901	0.067037	0.000135	0.006889	0.006143	0.002196	0.000135	0.000135	0.055781	0.002856	0.009382	0.005418	0.039622	0.068531	0.029329	0.008176	0.002992	0.093798	0.001392	0.070154	0.045371	0.011653	0.072477	0.035045	0.002386	0.005223	0.029329	0.045058	0.001563	0.001232	0.010585	
0.000551	0.000138	0.075319	0.011164	0.003612	0.001101	0.006080	0.001281	0.054093	0.007087	0.001682	0.000138	0.003358	0.013073	0.019741	0.005083	0.005213	0.004798	0.000138	0.062799	0.075946	0.000138	0.009798	0.001824	0.004593	0.000138	0.000138	0.059967	0.001924	0.009011	0.004001	0.010807	0.096432	0.033218	0.011638	0.001859	0.106270	0.000895	0.084714	0.012423	0.007127	0.081639	0.040881	0.003358	0.006278	0.033218	0.013354	0.000998	0.002509	0.008458	
0.000626	0.000169	0.004742	0.000692	0.111256	0.001235	0.190187	0.036711	0.006986	0.003943	0.001007	0.000169	0.001577	0.006125	0.004842	0.002331	0.067334	0.091007	0.000169	0.005155	0.003768	0.000169	0.004393	0.001079	0.002220	0.000169	0.000169	0.014157	0.027545	0.168497	0.121564	0.005963	0.011355	0.001739	0.005197	0.002073	0.005208	0.001007	0.006421	0.006835	0.007858	0.031769	0.007085	0.001577	0.004092	0.001739	0.008100	0.001121	0.001261	0.009610	
0.003662	0.000149	0.020302	0.002687	0.038051	0.008346	0.064981	0.012617	0.020587	0.021675	0.004932	0.000149	0.001554	0.025821	0.024410	0.002306	0.028581	0.042699	0.000149	0.017632	0.017596	0.000149	0.004363	0.005293	0.008992	0.000149	0.000149	0.063685	0.017323	0.064425	0.042128	0.033199	0.035899	0.007762	0.005165	0.014787	0.024575	0.006590	0.027848	0.038125	0.059137	0.028182	0.030427	0.001554	0.023412	0.007762	0.037494	0.007468	0.004855	0.040218	
0.000744	0.000154	0.022742	0.003715	0.067996	0.001530	0.116199	0.022470	0.014139	0.004196	0.001052	0.000154	0.001555	0.036405	0.007013	0.002306	0.048782	0.056684	0.000154	0.019528	0.024633	0.000154	0.004358	0.001295	0.012641	0.000154	0.000154	0.066399	0.017597	0.111867	0.074343	0.006360	0.025083	0.010836	0.005159	0.002610	0.034424	0.001235	0.033966	0.007459	0.010229	0.043151	0.024548	0.001555	0.014887	0.010836	0.008351	0.001382	0.006800	0.010014	
0.003208	0.000145	0.006225	0.000667	0.034323	0.007293	0.058608	0.011388	0.010361	0.035135	0.007920	0.000145	0.001273	0.046614	0.033856	0.001877	0.031225	0.039792	0.000145	0.006323	0.003736	0.000145	0.003528	0.008532	0.016151	0.000145	0.000145	0.096869	0.015388	0.064769	0.037982	0.053867	0.017710	0.001712	0.004172	0.012910	0.005172	0.005761	0.017878	0.061900	0.051718	0.012509	0.028347	0.001273	0.028756	0.001712	0.060036	0.006527	0.008664	0.035466	
0.002219	0.000145	0.044173	0.002026	0.004223	0.004985	0.007121	0.001486	0.086021	0.005056	0.001236	0.000145	0.002380	0.069543	0.026933	0.003578	0.018753	0.009792	0.000145	0.038159	0.013080	0.000145	0.006851	0.001671	0.024049	0.000145	0.000145	0.137507	0.005951	0.025253	0.004945	0.007685	0.153125	0.005789	0.008129	0.008789	0.018255	0.003948	0.059401	0.009162	0.035278	0.014923	0.036126	0.002380	0.032184	0.005789	0.008767	0.004467	0.012868	0.025074	
0.002196	0.000152	0.040808	0.000725	0.023011	0.004921	0.039253	0.007671	0.092356	0.002213	0.000610	0.000152	0.001706	0.052860	0.026367	0.002538	0.025985	0.024499	0.000152	0.034883	0.004093	0.000152	0.004814	0.000923	0.018307	0.000152	0.000152	0.111352	0.010335	0.048830	0.025457	0.003316	0.164598	0.001871	0.005702	0.008669	0.005669	0.003899	0.050569	0.004067	0.034682	0.010058	0.026746	0.001706	0.026381	0.001871	0.004021	0.004410	0.009815	0.024326	
0.000827	0.000133	0.007097	0.001000	0.005871	0.001752	0.009949	0.002020	0.010105	0.004262	0.001050	0.000133	0.002553	0.174139	0.005574	0.003849	0.044132	0.007122	0.000133	0.008889	0.006092	0.000133	0.007392	0.002059	0.060068	0.000133	0.000133	0.262041	0.003111	0.056192	0.006515	0.006473	0.018058	0.002733	0.008775	0.003024	0.008475	0.001405	0.050976	0.008357	0.012723	0.007906	0.057052	0.002553	0.061977	0.002733	0.007324	0.001578	0.032034	0.011386	
0.000984	0.000135	0.018665	0.001066	0.003850	0.002115	0.006490	0.001357	0.035695	0.003282	0.000834	0.000135	0.001793	0.152163	0.011938	0.002681	0.037808	0.005839	0.000135	0.017462	0.006535	0.000135	0.005109	0.001711	0.052500	0.000135	0.000135	0.238537	0.002995	0.047157	0.004334	0.004967	0.064294	0.002928	0.006057	0.003671	0.009095	0.001691	0.055953	0.006511	0.015194	0.007871	0.050687	0.001793	0.055153	0.002928	0.005641	0.001903	0.028007	0.011946	
0.000741	0.000131	0.005256	0.000573	0.007540	0.001554	0.012805	0.002568	0.009702	0.054259	0.012160	0.000131	0.001866	0.086034	0.050686	0.002795	0.024562	0.013273	0.000131	0.006326	0.003171	0.000131	0.005336	0.013184	0.029720	0.000131	0.000131	0.167645	0.003308	0.035723	0.008324	0.083236	0.016842	0.001458	0.006327	0.002671	0.004387	0.001249	0.026764	0.095742	0.010820	0.005216	0.030091	0.001866	0.032279	0.001458	0.092137	0.001401	0.015880	0.010281	
0.002275	0.000136	0.060694	0.009963	0.003860	0.005127	0.006506	0.001361	0.031509	0.005556	0.001340	0.000136	0.001935	0.035522	0.012761	0.002899	0.010598	0.009733	0.000136	0.049876	0.067698	0.000136	0.005532	0.001592	0.012324	0.000136	0.000136	0.082511	0.006009	0.015464	0.004560	0.008457	0.056853	0.029618	0.006560	0.009049	0.094723	0.004058	0.075687	0.009858	0.036163	0.072929	0.048667	0.001935	0.020917	0.029618	0.010611	0.004593	0.006623	0.025057	
0.000589	0.000137	0.066351	0.008362	0.003562	0.001191	0.005996	0.001264	0.063365	0.022880	0.005191	0.000137	0.001803	0.009193	0.037073	0.002695	0.004278	0.006464	0.000137	0.054436	0.056685	0.000137	0.005134	0.005471	0.003256	0.000137	0.000137	0.064702	0.002002	0.008200	0.003953	0.035056	0.113733	0.024812	0.006086	0.002019	0.079304	0.000965	0.072180	0.040160	0.007754	0.061140	0.029913	0.001803	0.005280	0.024812	0.039805	0.001078	0.001797	0.007384	
0.000540	0.000131	0.045484	0.008348	0.005117	0.001086	0.008659	0.001771	0.014767	0.036382	0.008187	0.000131	0.002356	0.030990	0.035799	0.003548	0.010284	0.008954	0.000131	0.038099	0.056624	0.000131	0.006806	0.008724	0.010760	0.000131	0.000131	0.088939	0.002267	0.016742	0.005644	0.055789	0.026405	0.024783	0.008077	0.001836	0.079221	0.000881	0.058875	0.064016	0.007155	0.061466	0.036549	0.002356	0.012626	0.024783	0.062740	0.000983	0.005789	0.008005	
0.000960	0.000176	0.006785	0.000659	0.004954	0.002004	0.008349	0.001748	0.058125	0.029637	0.006723	0.000176	0.032864	0.011640	0.029381	0.050376	0.005680	0.009207	0.000176	0.035901	0.003499	0.000176	0.098241	0.007084	0.004125	0.000176	0.000176	0.043311	0.003136	0.011059	0.005525	0.045410	0.077896	0.001626	0.116920	0.003441	0.004829	0.001613	0.009584	0.052020	0.013366	0.004905	0.053385	0.032864	0.007559	0.001626	0.050294	0.001809	0.002278	0.046547	
0.000660	0.000198	0.006146	0.000727	0.004964	0.001277	0.008351	0.001766	0.078519	0.002854	0.000788	0.000198	0.048260	0.007848	0.004732	0.074007	0.004805	0.005602	0.000198	0.049633	0.003840	0.000198	0.144384	0.000857	0.002833	0.000198	0.000198	0.018674	0.002406	0.009484	0.005480	0.004277	0.102099	0.001787	0.171848	0.002125	0.005297	0.001046	0.008117	0.004910	0.007988	0.005263	0.072606	0.048260	0.004706	0.001787	0.004835	0.001161	0.001600	0.060204	
0.002625	0.000156	0.015831	0.002255	0.005867	0.005917	0.009924	0.002034	0.037063	0.042042	0.009464	0.000156	0.016611	0.008347	0.041233	0.025427	0.005449	0.015967	0.000156	0.027936	0.014585	0.000156	0.049522	0.009932	0.002977	0.000156	0.000156	0.050327	0.007270	0.011798	0.006804	0.064466	0.053213	0.006452	0.058925	0.010444	0.020357	0.004683	0.018913	0.073819	0.041561	0.016931	0.041131	0.016611	0.013437	0.006452	0.071573	0.005300	0.001658	0.045931	
0.001115	0.000158	0.030314	0.001392	0.008328	0.002391	0.014133	0.002845	0.078400	0.029050	0.006578	0.000158	0.014543	0.017957	0.041630	0.022249	0.009149	0.012346	0.000158	0.037973	0.008642	0.000158	0.043314	0.006969	0.006289	0.000158	0.000158	0.069273	0.004327	0.017842	0.009240	0.044518	0.129158	0.003860	0.051534	0.004147	0.012036	0.001913	0.033242	0.051037	0.016292	0.011225	0.032439	0.014543	0.010391	0.003860	0.049449	0.002152	0.003421	0.027548	
0.002076	0.000136	0.016238	0.000799	0.008248	0.004662	0.014012	0.002805	0.032594	0.065491	0.014659	0.000136	0.001402	0.023142	0.067153	0.002080	0.010307	0.018744	0.000136	0.014446	0.004693	0.000136	0.003934	0.015447	0.008060	0.000136	0.000136	0.091907	0.006583	0.019888	0.009319	0.100479	0.057401	0.002125	0.004658	0.008218	0.006516	0.003692	0.021182	0.115130	0.032753	0.007012	0.017913	0.001402	0.016513	0.002125	0.111231	0.004177	0.004354	0.023611	
0.001485	0.000146	0.030178	0.001015	0.012240	0.003270	0.020832	0.004124	0.068620	0.047605	0.010693	0.000146	0.005119	0.008397	0.059390	0.007783	0.009232	0.018440	0.000146	0.029119	0.006120	0.000146	0.015064	0.011218	0.002988	0.000146	0.000146	0.068826	0.006134	0.021491	0.013577	0.073011	0.118968	0.002753	0.017905	0.005724	0.008509	0.002601	0.030274	0.083604	0.022615	0.009523	0.017163	0.005119	0.008888	0.002753	0.080949	0.002935	0.001659	0.021208	
0.010243	0.000155	0.005438	0.000591	0.023289	0.023693	0.039727	0.007765	0.010925	0.004576	0.001137	0.000155	0.001869	0.038823	0.006144	0.002787	0.022875	0.047753	0.000155	0.006198	0.003158	0.000155	0.005297	0.001397	0.013474	0.000155	0.000155	0.063389	0.029173	0.045472	0.027101	0.006943	0.017091	0.001465	0.006276	0.042188	0.004359	0.018649	0.015115	0.008141	0.169345	0.009132	0.054864	0.001869	0.054496	0.001465	0.008017	0.021171	0.007244	0.108951	
0.014883	0.000157	0.009855	0.001355	0.003988	0.034519	0.006710	0.001417	0.013685	0.003694	0.000943	0.000157	0.002430	0.006199	0.005772	0.003648	0.003835	0.045315	0.000157	0.010021	0.008395	0.000157	0.006976	0.001012	0.002238	0.000157	0.000157	0.016763	0.035427	0.007620	0.006796	0.005587	0.020675	0.003752	0.008275	0.061518	0.011690	0.027156	0.011879	0.006407	0.246863	0.009877	0.067278	0.002430	0.062374	0.003752	0.006359	0.030837	0.001264	0.157591	
0.010691	0.000155	0.025682	0.001060	0.004272	0.024740	0.007197	0.001509	0.053683	0.003088	0.000806	0.000155	0.001992	0.019073	0.016352	0.002976	0.007007	0.033609	0.000155	0.022605	0.006382	0.000155	0.005667	0.000941	0.006671	0.000155	0.000155	0.049056	0.025715	0.011540	0.006407	0.004658	0.093452	0.002872	0.006717	0.044056	0.008873	0.019471	0.028949	0.005415	0.176745	0.007808	0.052662	0.001992	0.049619	0.002872	0.005300	0.022105	0.003623	0.113160	
