0.000890	0.001224	0.000890	0.000890	0.000890	0.000890	0.000890	0.000890	0.000890	0.000890	0.000890	0.000890	0.000890	0.001057	0.000890	0.000890	0.000890	0.000890	0.000890	0.000890	0.000890	0.000890	0.000890	0.000890	0.000890	0.000890	0.000890	0.000890	0.000890	0.001272	0.000890	0.000890	0.009109	0.001081	0.001048	0.000890	0.000890	0.001788	0.002270	0.000890	0.000890	0.000890	0.000890	0.000890	0.000890	0.000890	0.000890	0.000890	0.000890	0.944642	
0.000694	0.001168	0.000694	0.000694	0.000694	0.000694	0.000694	0.000694	0.000694	0.000694	0.000694	0.000694	0.000694	0.000931	0.000694	0.000694	0.000694	0.000694	0.000694	0.000694	0.000694	0.000694	0.000694	0.000694	0.000694	0.000694	0.000694	0.000694	0.000694	0.004116	0.000694	0.000694	0.004845	0.002405	0.000821	0.000694	0.000694	0.003594	0.005505	0.000694	0.000694	0.000694	0.000694	0.000694	0.000694	0.000694	0.000694	0.000694	0.000694	0.948172	
0.000646	0.000954	0.000646	0.000646	0.000646	0.000646	0.000646	0.000646	0.000646	0.000646	0.000646	0.000646	0.000646	0.000800	0.000646	0.000646	0.000646	0.000646	0.000646	0.000646	0.000646	0.000646	0.000646	0.000646	0.000646	0.000646	0.000646	0.000646	0.000646	0.003419	0.000646	0.000646	0.002778	0.002032	0.000820	0.000646	0.000646	0.002235	0.004465	0.000646	0.000646	0.000646	0.000646	0.000646	0.000646	0.000646	0.000646	0.000646	0.000646	0.956021	
0.000590	0.001063	0.000590	0.000590	0.000590	0.000590	0.000590	0.000590	0.000590	0.000590	0.000590	0.000590	0.000590	0.000827	0.000590	0.000590	0.000590	0.000590	0.000590	0.000590	0.000590	0.000590	0.000590	0.000590	0.000590	0.000590	0.000590	0.000590	0.000590	0.001351	0.000590	0.000590	0.001390	0.000970	0.000764	0.000590	0.000590	0.023544	0.002670	0.000590	0.000590	0.000590	0.000590	0.000590	0.000590	0.000590	0.000590	0.000590	0.000590	0.943214	
0.000620	0.001007	0.000620	0.000620	0.000620	0.000620	0.000620	0.000620	0.000620	0.000620	0.000620	0.000620	0.000620	0.000813	0.000620	0.000620	0.000620	0.000620	0.000620	0.000620	0.000620	0.000620	0.000620	0.000620	0.000620	0.000620	0.000620	0.000620	0.000620	0.001808	0.000620	0.000620	0.001635	0.001214	0.002108	0.000620	0.000620	0.011714	0.002975	0.000620	0.000620	0.000620	0.000620	0.000620	0.000620	0.000620	0.000620	0.000620	0.000620	0.951310	
0.000599	0.000906	0.000599	0.000599	0.000599	0.000599	0.000599	0.000599	0.000599	0.000599	0.000599	0.000599	0.000599	0.000752	0.000599	0.000599	0.000599	0.000599	0.000599	0.000599	0.000599	0.000599	0.000599	0.000599	0.000599	0.000599	0.000599	0.000599	0.000599	0.001156	0.000599	0.000599	0.001327	0.000877	0.001287	0.000599	0.000599	0.021292	0.002187	0.000599	0.000599	0.000599	0.000599	0.000599	0.000599	0.000599	0.000599	0.000599	0.000599	0.945660	
0.000608	0.000831	0.000608	0.000608	0.000608	0.000608	0.000608	0.000608	0.000608	0.000608	0.000608	0.000608	0.000608	0.000720	0.000608	0.000608	0.000608	0.000608	0.000608	0.000608	0.000608	0.000608	0.000608	0.000608	0.000608	0.000608	0.000608	0.000608	0.000608	0.001940	0.000608	0.000608	0.001882	0.001274	0.001880	0.000608	0.000608	0.009934	0.003787	0.000608	0.000608	0.000608	0.000608	0.000608	0.000608	0.000608	0.000608	0.000608	0.000608	0.952816	
0.000705	0.004293	0.000705	0.000705	0.000705	0.000705	0.000705	0.000705	0.000705	0.000705	0.000705	0.000705	0.000705	0.002499	0.000705	0.000705	0.000705	0.000705	0.000705	0.000705	0.000705	0.000705	0.000705	0.000705	0.000705	0.000705	0.000705	0.000705	0.000705	0.001113	0.000705	0.000705	0.005843	0.000909	0.000877	0.000705	0.000705	0.003027	0.010791	0.000705	0.000705	0.000705	0.000705	0.000705	0.000705	0.000705	0.000705	0.000705	0.000705	0.941756	
0.000603	0.009607	0.000603	0.000603	0.000603	0.000603	0.000603	0.000603	0.000603	0.000603	0.000603	0.000603	0.000603	0.005105	0.000603	0.000603	0.000603	0.000603	0.000603	0.000603	0.000603	0.000603	0.000603	0.000603	0.000603	0.000603	0.000603	0.000603	0.000603	0.000902	0.000603	0.000603	0.005693	0.000752	0.000874	0.000603	0.000603	0.002280	0.023541	0.000603	0.000603	0.000603	0.000603	0.000603	0.000603	0.000603	0.000603	0.000603	0.000603	0.926526	
0.000586	0.006022	0.000586	0.000586	0.000586	0.000586	0.000586	0.000586	0.000586	0.000586	0.000586	0.000586	0.000586	0.003304	0.000586	0.000586	0.000586	0.000586	0.000586	0.000586	0.000586	0.000586	0.000586	0.000586	0.000586	0.000586	0.000586	0.000586	0.000586	0.001038	0.000586	0.000586	0.004020	0.000812	0.000780	0.000586	0.000586	0.001299	0.016538	0.000586	0.000586	0.000586	0.000586	0.000586	0.000586	0.000586	0.000586	0.000586	0.000586	0.942181	
0.000563	0.003392	0.000563	0.000563	0.000563	0.000563	0.000563	0.000563	0.000563	0.000563	0.000563	0.000563	0.000563	0.001977	0.000563	0.000563	0.000563	0.000563	0.000563	0.000563	0.000563	0.000563	0.000563	0.000563	0.000563	0.000563	0.000563	0.000563	0.000563	0.001197	0.000563	0.000563	0.002498	0.000880	0.000780	0.000563	0.000563	0.001382	0.011396	0.000563	0.000563	0.000563	0.000563	0.000563	0.000563	0.000563	0.000563	0.000563	0.000563	0.953434	
0.000599	0.003906	0.000599	0.000599	0.000599	0.000599	0.000599	0.000599	0.000599	0.000599	0.000599	0.000599	0.000599	0.002253	0.000599	0.000599	0.000599	0.000599	0.000599	0.000599	0.000599	0.000599	0.000599	0.000599	0.000599	0.000599	0.000599	0.000599	0.000599	0.001199	0.000599	0.000599	0.002902	0.000899	0.000937	0.000599	0.000599	0.004889	0.010706	0.000599	0.000599	0.000599	0.000599	0.000599	0.000599	0.000599	0.000599	0.000599	0.000599	0.947732	
0.000637	0.003917	0.000637	0.000637	0.000637	0.000637	0.000637	0.000637	0.000637	0.000637	0.000637	0.000637	0.000637	0.002277	0.000637	0.000637	0.000637	0.000637	0.000637	0.000637	0.000637	0.000637	0.000637	0.000637	0.000637	0.000637	0.000637	0.000637	0.000637	0.001151	0.000637	0.000637	0.003351	0.000894	0.001019	0.000637	0.000637	0.001581	0.009949	0.000637	0.000637	0.000637	0.000637	0.000637	0.000637	0.000637	0.000637	0.000637	0.000637	0.949731	
0.000623	0.003791	0.000623	0.000623	0.000623	0.000623	0.000623	0.000623	0.000623	0.000623	0.000623	0.000623	0.000623	0.002207	0.000623	0.000623	0.000623	0.000623	0.000623	0.000623	0.000623	0.000623	0.000623	0.000623	0.000623	0.000623	0.000623	0.000623	0.000623	0.002111	0.000623	0.000623	0.003153	0.001367	0.000840	0.000623	0.000623	0.002044	0.010228	0.000623	0.000623	0.000623	0.000623	0.000623	0.000623	0.000623	0.000623	0.000623	0.000623	0.948710	
0.000630	0.003446	0.000630	0.000630	0.000630	0.000630	0.000630	0.000630	0.000630	0.000630	0.000630	0.000630	0.000630	0.002038	0.000630	0.000630	0.000630	0.000630	0.000630	0.000630	0.000630	0.000630	0.000630	0.000630	0.000630	0.000630	0.000630	0.000630	0.000630	0.000920	0.000630	0.000630	0.002408	0.000775	0.001015	0.000630	0.000630	0.001984	0.008121	0.000630	0.000630	0.000630	0.000630	0.000630	0.000630	0.000630	0.000630	0.000630	0.000630	0.953456	
0.000624	0.000987	0.000624	0.000624	0.000624	0.000624	0.000624	0.000624	0.000624	0.000624	0.000624	0.000624	0.000624	0.000806	0.000624	0.000624	0.000624	0.000624	0.000624	0.000624	0.000624	0.000624	0.000624	0.000624	0.000624	0.000624	0.000624	0.000624	0.000624	0.010596	0.000624	0.000624	0.006134	0.005610	0.000892	0.000624	0.000624	0.001664	0.011617	0.000624	0.000624	0.000624	0.000624	0.000624	0.000624	0.000624	0.000624	0.000624	0.000624	0.936111	
0.000621	0.001039	0.000621	0.000621	0.000621	0.000621	0.000621	0.000621	0.000621	0.000621	0.000621	0.000621	0.000621	0.000830	0.000621	0.000621	0.000621	0.000621	0.000621	0.000621	0.000621	0.000621	0.000621	0.000621	0.000621	0.000621	0.000621	0.000621	0.000621	0.011059	0.000621	0.000621	0.006301	0.005840	0.000748	0.000621	0.000621	0.001248	0.012194	0.000621	0.000621	0.000621	0.000621	0.000621	0.000621	0.000621	0.000621	0.000621	0.000621	0.935287	
0.000599	0.001043	0.000599	0.000599	0.000599	0.000599	0.000599	0.000599	0.000599	0.000599	0.000599	0.000599	0.000599	0.000821	0.000599	0.000599	0.000599	0.000599	0.000599	0.000599	0.000599	0.000599	0.000599	0.000599	0.000599	0.000599	0.000599	0.000599	0.000599	0.007494	0.000599	0.000599	0.004497	0.004046	0.000866	0.000599	0.000599	0.002115	0.009967	0.000599	0.000599	0.000599	0.000599	0.000599	0.000599	0.000599	0.000599	0.000599	0.000599	0.944609	
0.000565	0.001175	0.000565	0.000565	0.000565	0.000565	0.000565	0.000565	0.000565	0.000565	0.000565	0.000565	0.000565	0.000870	0.000565	0.000565	0.000565	0.000565	0.000565	0.000565	0.000565	0.000565	0.000565	0.000565	0.000565	0.000565	0.000565	0.000565	0.000565	0.001006	0.000565	0.000565	0.001410	0.000785	0.000739	0.000565	0.000565	0.006328	0.005750	0.000565	0.000565	0.000565	0.000565	0.000565	0.000565	0.000565	0.000565	0.000565	0.000565	0.958762	
0.000600	0.001017	0.000600	0.000600	0.000600	0.000600	0.000600	0.000600	0.000600	0.000600	0.000600	0.000600	0.000600	0.000808	0.000600	0.000600	0.000600	0.000600	0.000600	0.000600	0.000600	0.000600	0.000600	0.000600	0.000600	0.000600	0.000600	0.000600	0.000600	0.001910	0.000600	0.000600	0.001692	0.001255	0.001598	0.000600	0.000600	0.002592	0.004893	0.000600	0.000600	0.000600	0.000600	0.000600	0.000600	0.000600	0.000600	0.000600	0.000600	0.959624	
0.000557	0.000922	0.000557	0.000557	0.000557	0.000557	0.000557	0.000557	0.000557	0.000557	0.000557	0.000557	0.000557	0.000739	0.000557	0.000557	0.000557	0.000557	0.000557	0.000557	0.000557	0.000557	0.000557	0.000557	0.000557	0.000557	0.000557	0.000557	0.000557	0.002029	0.000557	0.000557	0.001684	0.001293	0.000701	0.000557	0.000557	0.001811	0.006785	0.000557	0.000557	0.000557	0.000557	0.000557	0.000557	0.000557	0.000557	0.000557	0.000557	0.961213	
0.000653	0.001192	0.000653	0.000653	0.000653	0.000653	0.000653	0.000653	0.000653	0.000653	0.000653	0.000653	0.000653	0.000922	0.000653	0.000653	0.000653	0.000653	0.000653	0.000653	0.000653	0.000653	0.000653	0.000653	0.000653	0.000653	0.000653	0.000653	0.000653	0.000895	0.000653	0.000653	0.001254	0.000774	0.005960	0.000653	0.000653	0.001712	0.002397	0.000653	0.000653	0.000653	0.000653	0.000653	0.000653	0.000653	0.000653	0.000653	0.000653	0.958135	
0.000666	0.001114	0.000666	0.000666	0.000666	0.000666	0.000666	0.000666	0.000666	0.000666	0.000666	0.000666	0.000666	0.000890	0.000666	0.000666	0.000666	0.000666	0.000666	0.000666	0.000666	0.000666	0.000666	0.000666	0.000666	0.000666	0.000666	0.000666	0.000666	0.001168	0.000666	0.000666	0.002122	0.000917	0.004735	0.000666	0.000666	0.002056	0.002793	0.000666	0.000666	0.000666	0.000666	0.000666	0.000666	0.000666	0.000666	0.000666	0.000666	0.956886	
0.000616	0.002001	0.000616	0.000616	0.000616	0.000616	0.000616	0.000616	0.000616	0.000616	0.000616	0.000616	0.000616	0.001309	0.000616	0.000616	0.000616	0.000616	0.000616	0.000616	0.000616	0.000616	0.000616	0.000616	0.000616	0.000616	0.000616	0.000616	0.000616	0.001116	0.000616	0.000616	0.001946	0.000866	0.003072	0.000616	0.000616	0.006393	0.005630	0.000616	0.000616	0.000616	0.000616	0.000616	0.000616	0.000616	0.000616	0.000616	0.000616	0.952395	
