17
17
17
17
17
17
17
17
17
17
17
17
17
17
17
17
17
17
17
17
17
17
17
17
17
17
17
17
17
17
17
21
21
21
21
21
21
21
21
21
21
21
21
21
45
45
45
45
45
45
45
45
45
45
45
45
45
45
45
45
45
45
45
45
45
36
36
36
36
36
36
36
36
36
36
36
36
36
36
36
36
36
23
23
23
23
23
23
23
23
23
23
23
23
23
23
23
23
23
0
0
0
0
0
0
0
0
0
0
0
0
0
0
29
29
29
29
29
29
29
29
29
29
29
29
29
29
29
29
29
29
29
29
29
29
29
38
38
38
38
40
40
40
40
40
40
40
40
40
40
40
40
40
40
40
40
40
45
45
45
45
45
45
45
45
45
45
45
45
45
45
45
45
45
45
29
29
29
29
29
29
29
29
29
29
29
29
29
29
29
29
29
29
29
29
29
29
29
29
29
29
29
29
29
29
29
