0	0	0	36	41	0	0	
0	0	48	0	0	0	0	
0	0	11	0	0	0	0	
89	5	0	0	0	0	114	
0	0	31	73	0	0	0	
0	0	21	0	0	0	76	
71	47	0	0	0	57	0	
0	0	0	1	260	0	0	
0	0	0	0	0	107	0	
0	0	0	0	0	200	0	
0	0	12	0	0	0	0	
0	0	0	114	0	55	0	
1	201	0	0	0	6	0	
0	0	0	0	0	0	0	
0	6	0	1	18	0	1	
0	0	0	0	0	0	163	
27	123	0	0	0	0	0	
0	25	0	0	0	0	0	
0	0	30	41	0	0	0	
0	0	0	0	0	0	0	
0	0	17	49	0	0	0	
0	0	0	0	0	0	0	
0	0	0	0	0	0	94	
0	48	1	0	29	0	0	
0	67	30	18	0	0	0	
23	0	0	40	64	0	3	
0	0	0	205	0	0	0	
0	0	0	0	0	0	0	
0	0	11	0	0	0	0	
0	0	0	0	0	0	0	
0	0	0	0	0	0	18	
0	0	0	0	1	84	0	
0	0	90	0	0	51	52	
0	44	0	0	0	0	0	
0	0	0	14	1	0	0	
96	2	0	0	51	0	0	
28	147	0	116	0	0	55	
0	0	8	0	72	0	0	
112	0	0	0	0	0	0	
15	0	0	0	0	0	0	
0	0	0	1	10	0	0	
0	0	121	0	0	0	0	
0	50	0	0	104	0	0	
0	33	0	0	0	41	2	
0	0	0	0	0	0	18	
0	0	0	0	0	0	0	
0	0	77	0	1	0	111	
0	0	11	0	0	0	0	
163	0	0	0	0	0	0	
0	0	16	0	0	63	0	
