0.523834	0.004174	0.022129	0.002017	0.035303	0.021602	0.048934	0.141302	0.022194	0.096850	0.006870	0.012632	0.046006	0.012036	0.004116	
0.449650	0.001149	0.058676	0.000896	0.023442	0.011342	0.017802	0.126372	0.049794	0.097053	0.011842	0.026962	0.059818	0.046161	0.019041	
0.482914	0.010651	0.046163	0.000791	0.057527	0.033653	0.078916	0.106738	0.027875	0.078999	0.006488	0.009326	0.036551	0.018428	0.004981	
0.595222	0.001120	0.012289	0.014071	0.005317	0.064151	0.155293	0.008723	0.019135	0.008646	0.035008	0.058422	0.009133	0.009948	0.003522	
0.374560	0.004420	0.089900	0.003816	0.023259	0.029132	0.089101	0.042261	0.119614	0.030482	0.026508	0.063810	0.028110	0.069283	0.005744	
0.522438	0.000882	0.033577	0.008728	0.010021	0.044321	0.104033	0.051003	0.056068	0.035808	0.024675	0.047733	0.023587	0.031099	0.006028	
0.496035	0.009506	0.038358	0.006195	0.043022	0.052267	0.140645	0.015831	0.064695	0.027358	0.018501	0.038670	0.017202	0.019687	0.012028	
0.335694	0.006449	0.138721	0.001099	0.029936	0.056332	0.058763	0.028346	0.136892	0.024087	0.007451	0.014272	0.022596	0.117844	0.021517	
0.341801	0.002444	0.141246	0.002857	0.013155	0.056822	0.048481	0.016281	0.139970	0.019810	0.011375	0.021469	0.026544	0.128289	0.029457	
0.326005	0.004023	0.153664	0.002279	0.018620	0.060766	0.050281	0.016077	0.138962	0.016368	0.010739	0.017340	0.023389	0.134910	0.026577	
0.267949	0.001753	0.184990	0.000828	0.008390	0.062423	0.022829	0.011955	0.184833	0.009974	0.005778	0.011121	0.023037	0.172534	0.031606	
0.268359	0.006913	0.173216	0.002236	0.029540	0.040953	0.069788	0.018521	0.112009	0.015208	0.032802	0.061374	0.030645	0.125367	0.013070	
0.412132	0.002094	0.091344	0.001057	0.021695	0.031318	0.024375	0.101780	0.082869	0.070281	0.007832	0.014919	0.043175	0.079256	0.015873	
0.318593	0.001657	0.136846	0.000912	0.018030	0.015489	0.019122	0.091299	0.084782	0.062160	0.027801	0.055121	0.052655	0.102944	0.012588	
0.388854	0.004513	0.095458	0.000995	0.030941	0.021696	0.042054	0.100459	0.068959	0.068960	0.018475	0.037201	0.045232	0.068050	0.008153	
0.520420	0.000992	0.014990	0.000728	0.029164	0.006262	0.013741	0.079838	0.020572	0.123687	0.003262	0.015820	0.088371	0.012373	0.069779	
0.521767	0.001137	0.014823	0.000768	0.029612	0.006703	0.014823	0.083337	0.019125	0.123311	0.003391	0.015445	0.086948	0.011738	0.067071	
0.450217	0.003563	0.053371	0.000954	0.032552	0.015422	0.037999	0.061712	0.054347	0.091113	0.010735	0.029900	0.068904	0.038629	0.050583	
0.487332	0.002728	0.041762	0.002660	0.027913	0.024784	0.047565	0.052277	0.045808	0.084690	0.009581	0.024111	0.063596	0.033410	0.051781	
0.210048	0.003278	0.192579	0.000648	0.019472	0.013440	0.029302	0.035163	0.112045	0.036887	0.042483	0.086629	0.056218	0.138309	0.023499	
0.316192	0.004886	0.136951	0.001484	0.026958	0.029774	0.052303	0.037475	0.105395	0.040573	0.025111	0.052601	0.043568	0.102592	0.024135	
0.388147	0.003925	0.033609	0.003386	0.018814	0.024788	0.125591	0.011601	0.235454	0.011533	0.012655	0.069592	0.009267	0.048136	0.003504	
0.340185	0.001293	0.023731	0.000925	0.009477	0.007955	0.109542	0.014296	0.323421	0.013298	0.004614	0.077596	0.010246	0.058081	0.005340	
0.319925	0.004377	0.093858	0.000746	0.020991	0.034234	0.082765	0.012748	0.232263	0.015204	0.006753	0.045980	0.016930	0.096776	0.016448	
