0.490977	0.001866	0.061414	0.002370	0.017856	0.035433	0.052631	0.089374	0.046089	0.079071	0.009925	0.014883	0.024708	0.058760	0.014641	
0.433500	0.001285	0.078003	0.001177	0.026001	0.021137	0.033121	0.109435	0.022522	0.086817	0.014099	0.023457	0.046881	0.081851	0.020716	
0.495323	0.002038	0.057949	0.000661	0.023349	0.019260	0.027671	0.103839	0.047180	0.099351	0.004525	0.015901	0.037314	0.048919	0.016719	
0.603402	0.000899	0.016262	0.015122	0.004002	0.078437	0.150508	0.008470	0.022453	0.007385	0.060501	0.008089	0.006370	0.013978	0.004122	
0.368631	0.003196	0.090110	0.004470	0.021885	0.030565	0.074472	0.066960	0.119247	0.024765	0.028768	0.051698	0.031964	0.074324	0.008943	
0.511993	0.001030	0.029850	0.006981	0.012314	0.037485	0.095254	0.053684	0.088556	0.042483	0.030778	0.036284	0.020566	0.025938	0.006804	
0.450707	0.005248	0.062790	0.005905	0.019922	0.033063	0.080325	0.015474	0.175861	0.024302	0.024365	0.044467	0.028670	0.018060	0.010843	
0.319341	0.005325	0.133540	0.001068	0.020019	0.056063	0.069984	0.026902	0.129530	0.026795	0.005119	0.032994	0.025293	0.118128	0.029898	
0.347443	0.003454	0.121245	0.003043	0.015681	0.069549	0.091205	0.013472	0.080425	0.025008	0.013387	0.025142	0.026240	0.127698	0.037008	
0.301617	0.010031	0.145223	0.000700	0.031012	0.032770	0.040803	0.010848	0.236179	0.016705	0.003052	0.045767	0.035377	0.069658	0.020259	
0.272751	0.006295	0.153385	0.000725	0.019851	0.062983	0.076493	0.009877	0.154501	0.011108	0.003351	0.037894	0.022997	0.134629	0.033160	
0.281555	0.009242	0.147990	0.002615	0.038355	0.014657	0.029329	0.063274	0.199282	0.013080	0.023628	0.055034	0.047032	0.070047	0.004881	
0.425186	0.003277	0.087717	0.000775	0.020847	0.034388	0.046186	0.079489	0.082378	0.068860	0.004297	0.023544	0.027715	0.076776	0.018565	
0.356687	0.001702	0.112327	0.000880	0.026672	0.027865	0.037191	0.126981	0.018695	0.067455	0.017522	0.029087	0.040581	0.120334	0.016022	
0.405778	0.004620	0.093350	0.000833	0.031435	0.008048	0.017268	0.113191	0.101186	0.071960	0.012488	0.034450	0.042633	0.056502	0.006258	
0.553655	0.000827	0.020515	0.000791	0.032888	0.006175	0.014055	0.014838	0.024435	0.135960	0.004793	0.011181	0.097867	0.018606	0.063414	
0.571270	0.000740	0.014315	0.000706	0.032824	0.005477	0.011815	0.011839	0.020987	0.142059	0.003176	0.008074	0.099336	0.012166	0.065215	
0.340787	0.001933	0.109018	0.000854	0.028780	0.027418	0.042699	0.075934	0.045704	0.063719	0.016736	0.036673	0.058900	0.116615	0.034227	
0.442076	0.002620	0.074825	0.002241	0.023445	0.039473	0.056743	0.014942	0.066955	0.071766	0.010171	0.020834	0.056224	0.072191	0.045496	
0.240178	0.004435	0.145823	0.000991	0.037647	0.009624	0.028470	0.108441	0.103503	0.033866	0.027334	0.061022	0.060693	0.123336	0.014637	
0.272621	0.005144	0.140176	0.001111	0.036200	0.016040	0.030055	0.086497	0.110856	0.037876	0.022477	0.051770	0.058590	0.111198	0.019391	
0.385189	0.003485	0.046788	0.002697	0.013554	0.015837	0.092261	0.019603	0.263936	0.013897	0.012289	0.086373	0.018583	0.019383	0.006124	
0.339405	0.001029	0.058400	0.000747	0.006814	0.031462	0.107877	0.020155	0.225389	0.015750	0.004094	0.086474	0.012296	0.071473	0.018634	
0.327732	0.001959	0.080199	0.000988	0.008741	0.042663	0.104495	0.016079	0.198465	0.014377	0.004581	0.072540	0.013560	0.090319	0.023301	
