0	109	1	0	0	0	0	
0	0	0	0	0	0	126	
0	0	0	0	41	0	0	
1	2	72	0	0	38	0	
126	0	1	0	0	0	19	
194	0	0	47	0	0	0	
0	0	0	66	0	0	0	
9	0	98	1	0	0	64	
0	44	138	0	0	0	0	
0	14	49	0	52	0	0	
0	0	0	0	0	53	0	
0	0	0	0	0	98	0	
0	0	0	0	0	0	0	
0	16	0	0	0	0	0	
0	0	68	0	0	80	0	
0	0	0	0	0	0	0	
0	0	0	83	0	0	0	
1	28	248	0	0	28	0	
63	0	49	0	0	33	118	
78	0	0	0	43	0	63	
0	0	0	0	0	0	87	
0	0	0	0	0	0	18	
0	0	0	0	0	0	0	
0	0	0	0	0	0	0	
0	0	0	0	0	0	28	
39	0	0	0	0	0	1	
65	0	48	0	3	0	79	
30	0	0	0	0	0	48	
0	0	0	0	0	0	0	
0	0	0	0	62	0	0	
66	0	0	0	0	0	0	
0	0	0	0	25	0	0	
26	0	0	0	0	0	0	
0	78	0	0	0	1	0	
52	8	4	0	0	0	0	
25	36	28	0	1	39	166	
0	22	0	0	1	0	0	
0	0	1	0	0	147	0	
0	0	0	0	0	0	0	
0	69	3	115	21	0	0	
0	0	0	0	83	0	0	
0	0	0	0	0	0	0	
0	162	0	0	0	0	0	
0	0	0	0	0	0	16	
0	0	42	0	0	0	0	
0	0	0	99	0	0	0	
0	0	94	0	0	0	1	
1	0	0	0	174	0	0	
0	3	0	0	0	130	0	
15	9	0	0	0	0	0	
