0.000673	0.001139	0.000673	0.000673	0.000673	0.000673	0.000673	0.000673	0.000673	0.000673	0.000673	0.000673	0.000673	0.005861	0.000673	0.000673	0.000673	0.000673	0.000673	0.000673	0.000673	0.000673	0.000673	0.000673	0.000673	0.000673	0.000673	0.000673	0.000673	0.001350	0.000673	0.000673	0.001688	0.001011	0.001011	0.000673	0.000673	0.001500	0.002613	0.000673	0.000673	0.000673	0.000673	0.000673	0.000673	0.000673	0.000673	0.000673	0.000673	0.956235	
0.000691	0.001106	0.000691	0.000691	0.000691	0.000691	0.000691	0.000691	0.000691	0.000691	0.000691	0.000691	0.000691	0.004214	0.000691	0.000691	0.000691	0.000691	0.000691	0.000691	0.000691	0.000691	0.000691	0.000691	0.000691	0.000691	0.000691	0.000691	0.000691	0.002203	0.000691	0.000691	0.002960	0.001447	0.001447	0.000691	0.000691	0.002062	0.003582	0.000691	0.000691	0.000691	0.000691	0.000691	0.000691	0.000691	0.000691	0.000691	0.000691	0.952660	
0.000673	0.001008	0.000673	0.000673	0.000673	0.000673	0.000673	0.000673	0.000673	0.000673	0.000673	0.000673	0.000673	0.004876	0.000673	0.000673	0.000673	0.000673	0.000673	0.000673	0.000673	0.000673	0.000673	0.000673	0.000673	0.000673	0.000673	0.000673	0.000673	0.001351	0.000673	0.000673	0.001691	0.001012	0.001012	0.000673	0.000673	0.002197	0.002630	0.000673	0.000673	0.000673	0.000673	0.000673	0.000673	0.000673	0.000673	0.000673	0.000673	0.956626	
0.000558	0.000716	0.000558	0.000558	0.000558	0.000558	0.000558	0.000558	0.000558	0.000558	0.000558	0.000558	0.000558	0.000754	0.000558	0.000558	0.000558	0.000558	0.000558	0.000558	0.000558	0.000558	0.000558	0.000558	0.000558	0.000558	0.000558	0.000558	0.000558	0.001093	0.000558	0.000558	0.001360	0.000825	0.000825	0.000558	0.000558	0.020130	0.009237	0.000558	0.000558	0.000558	0.000558	0.000558	0.000558	0.000558	0.000558	0.000558	0.000558	0.942176	
0.000563	0.001503	0.000563	0.000563	0.000563	0.000563	0.000563	0.000563	0.000563	0.000563	0.000563	0.000563	0.000563	0.000756	0.000563	0.000563	0.000563	0.000563	0.000563	0.000563	0.000563	0.000563	0.000563	0.000563	0.000563	0.000563	0.000563	0.000563	0.000563	0.001279	0.000563	0.000563	0.001637	0.000921	0.000921	0.000563	0.000563	0.011770	0.007642	0.000563	0.000563	0.000563	0.000563	0.000563	0.000563	0.000563	0.000563	0.000563	0.000563	0.950474	
0.000576	0.003031	0.000576	0.000576	0.000576	0.000576	0.000576	0.000576	0.000576	0.000576	0.000576	0.000576	0.000576	0.000753	0.000576	0.000576	0.000576	0.000576	0.000576	0.000576	0.000576	0.000576	0.000576	0.000576	0.000576	0.000576	0.000576	0.000576	0.000576	0.001295	0.000576	0.000576	0.001655	0.000935	0.000935	0.000576	0.000576	0.008773	0.009484	0.000576	0.000576	0.000576	0.000576	0.000576	0.000576	0.000576	0.000576	0.000576	0.000576	0.949537	
0.000578	0.000884	0.000578	0.000578	0.000578	0.000578	0.000578	0.000578	0.000578	0.000578	0.000578	0.000578	0.000578	0.000706	0.000578	0.000578	0.000578	0.000578	0.000578	0.000578	0.000578	0.000578	0.000578	0.000578	0.000578	0.000578	0.000578	0.000578	0.000578	0.000961	0.000578	0.000578	0.001152	0.000769	0.000769	0.000578	0.000578	0.018481	0.008736	0.000578	0.000578	0.000578	0.000578	0.000578	0.000578	0.000578	0.000578	0.000578	0.000578	0.943860	
0.000597	0.004326	0.000597	0.000597	0.000597	0.000597	0.000597	0.000597	0.000597	0.000597	0.000597	0.000597	0.000597	0.001647	0.000597	0.000597	0.000597	0.000597	0.000597	0.000597	0.000597	0.000597	0.000597	0.000597	0.000597	0.000597	0.000597	0.000597	0.000597	0.002117	0.000597	0.000597	0.002877	0.001357	0.001357	0.000597	0.000597	0.003779	0.010848	0.000597	0.000597	0.000597	0.000597	0.000597	0.000597	0.000597	0.000597	0.000597	0.000597	0.947199	
0.000552	0.005119	0.000552	0.000552	0.000552	0.000552	0.000552	0.000552	0.000552	0.000552	0.000552	0.000552	0.000552	0.001545	0.000552	0.000552	0.000552	0.000552	0.000552	0.000552	0.000552	0.000552	0.000552	0.000552	0.000552	0.000552	0.000552	0.000552	0.000552	0.001368	0.000552	0.000552	0.001776	0.000960	0.000960	0.000552	0.000552	0.005385	0.012437	0.000552	0.000552	0.000552	0.000552	0.000552	0.000552	0.000552	0.000552	0.000552	0.000552	0.947823	
0.000520	0.007531	0.000520	0.000520	0.000520	0.000520	0.000520	0.000520	0.000520	0.000520	0.000520	0.000520	0.000520	0.000701	0.000520	0.000520	0.000520	0.000520	0.000520	0.000520	0.000520	0.000520	0.000520	0.000520	0.000520	0.000520	0.000520	0.000520	0.000520	0.001060	0.000520	0.000520	0.001330	0.000790	0.000790	0.000520	0.000520	0.001485	0.015467	0.000520	0.000520	0.000520	0.000520	0.000520	0.000520	0.000520	0.000520	0.000520	0.000520	0.949522	
0.000532	0.006100	0.000532	0.000532	0.000532	0.000532	0.000532	0.000532	0.000532	0.000532	0.000532	0.000532	0.000532	0.000707	0.000532	0.000532	0.000532	0.000532	0.000532	0.000532	0.000532	0.000532	0.000532	0.000532	0.000532	0.000532	0.000532	0.000532	0.000532	0.000912	0.000532	0.000532	0.001102	0.000722	0.000722	0.000532	0.000532	0.005755	0.014136	0.000532	0.000532	0.000532	0.000532	0.000532	0.000532	0.000532	0.000532	0.000532	0.000532	0.948017	
0.000535	0.005237	0.000535	0.000535	0.000535	0.000535	0.000535	0.000535	0.000535	0.000535	0.000535	0.000535	0.000535	0.000751	0.000535	0.000535	0.000535	0.000535	0.000535	0.000535	0.000535	0.000535	0.000535	0.000535	0.000535	0.000535	0.000535	0.000535	0.000535	0.000981	0.000535	0.000535	0.001204	0.000758	0.000758	0.000535	0.000535	0.004973	0.012159	0.000535	0.000535	0.000535	0.000535	0.000535	0.000535	0.000535	0.000535	0.000535	0.000535	0.951224	
0.000665	0.001890	0.000665	0.000665	0.000665	0.000665	0.000665	0.000665	0.000665	0.000665	0.000665	0.000665	0.000665	0.002400	0.000665	0.000665	0.000665	0.000665	0.000665	0.000665	0.000665	0.000665	0.000665	0.000665	0.000665	0.000665	0.000665	0.000665	0.000665	0.001277	0.000665	0.000665	0.001582	0.000971	0.000971	0.000665	0.000665	0.001470	0.004048	0.000665	0.000665	0.000665	0.000665	0.000665	0.000665	0.000665	0.000665	0.000665	0.000665	0.958116	
0.000651	0.002243	0.000651	0.000651	0.000651	0.000651	0.000651	0.000651	0.000651	0.000651	0.000651	0.000651	0.000651	0.000856	0.000651	0.000651	0.000651	0.000651	0.000651	0.000651	0.000651	0.000651	0.000651	0.000651	0.000651	0.000651	0.000651	0.000651	0.000651	0.001217	0.000651	0.000651	0.001500	0.000934	0.000934	0.000651	0.000651	0.001518	0.004749	0.000651	0.000651	0.000651	0.000651	0.000651	0.000651	0.000651	0.000651	0.000651	0.000651	0.959374	
0.000693	0.001125	0.000693	0.000693	0.000693	0.000693	0.000693	0.000693	0.000693	0.000693	0.000693	0.000693	0.000693	0.000945	0.000693	0.000693	0.000693	0.000693	0.000693	0.000693	0.000693	0.000693	0.000693	0.000693	0.000693	0.000693	0.000693	0.000693	0.000693	0.001397	0.000693	0.000693	0.001749	0.001045	0.001045	0.000693	0.000693	0.001497	0.002582	0.000693	0.000693	0.000693	0.000693	0.000693	0.000693	0.000693	0.000693	0.000693	0.000693	0.960211	
0.000826	0.001092	0.000826	0.000826	0.000826	0.000826	0.000826	0.000826	0.000826	0.000826	0.000826	0.000826	0.000826	0.001067	0.000826	0.000826	0.000826	0.000826	0.000826	0.000826	0.000826	0.000826	0.000826	0.000826	0.000826	0.000826	0.000826	0.000826	0.000826	0.005583	0.000826	0.000826	0.007962	0.003205	0.003205	0.000826	0.000826	0.001398	0.006344	0.000826	0.000826	0.000826	0.000826	0.000826	0.000826	0.000826	0.000826	0.000826	0.000826	0.936278	
0.000949	0.001128	0.000949	0.000949	0.000949	0.000949	0.000949	0.000949	0.000949	0.000949	0.000949	0.000949	0.000949	0.001079	0.000949	0.000949	0.000949	0.000949	0.000949	0.000949	0.000949	0.000949	0.000949	0.000949	0.000949	0.000949	0.000949	0.000949	0.000949	0.018235	0.000949	0.000949	0.026878	0.009592	0.009592	0.000949	0.000949	0.001586	0.018848	0.000949	0.000949	0.000949	0.000949	0.000949	0.000949	0.000949	0.000949	0.000949	0.000949	0.874160	
0.000789	0.001078	0.000789	0.000789	0.000789	0.000789	0.000789	0.000789	0.000789	0.000789	0.000789	0.000789	0.000789	0.000951	0.000789	0.000789	0.000789	0.000789	0.000789	0.000789	0.000789	0.000789	0.000789	0.000789	0.000789	0.000789	0.000789	0.000789	0.000789	0.002132	0.000789	0.000789	0.002804	0.001460	0.001460	0.000789	0.000789	0.001803	0.003116	0.000789	0.000789	0.000789	0.000789	0.000789	0.000789	0.000789	0.000789	0.000789	0.000789	0.952856	
0.000650	0.005065	0.000650	0.000650	0.000650	0.000650	0.000650	0.000650	0.000650	0.000650	0.000650	0.000650	0.000650	0.000891	0.000650	0.000650	0.000650	0.000650	0.000650	0.000650	0.000650	0.000650	0.000650	0.000650	0.000650	0.000650	0.000650	0.000650	0.000650	0.004496	0.000650	0.000650	0.006419	0.002573	0.002573	0.000650	0.000650	0.001657	0.013728	0.000650	0.000650	0.000650	0.000650	0.000650	0.000650	0.000650	0.000650	0.000650	0.000650	0.935934	
0.000583	0.000914	0.000583	0.000583	0.000583	0.000583	0.000583	0.000583	0.000583	0.000583	0.000583	0.000583	0.000583	0.000713	0.000583	0.000583	0.000583	0.000583	0.000583	0.000583	0.000583	0.000583	0.000583	0.000583	0.000583	0.000583	0.000583	0.000583	0.000583	0.001253	0.000583	0.000583	0.001589	0.000918	0.000918	0.000583	0.000583	0.001777	0.002392	0.000583	0.000583	0.000583	0.000583	0.000583	0.000583	0.000583	0.000583	0.000583	0.000583	0.965616	
0.000590	0.002538	0.000590	0.000590	0.000590	0.000590	0.000590	0.000590	0.000590	0.000590	0.000590	0.000590	0.000590	0.000849	0.000590	0.000590	0.000590	0.000590	0.000590	0.000590	0.000590	0.000590	0.000590	0.000590	0.000590	0.000590	0.000590	0.000590	0.000590	0.002563	0.000590	0.000590	0.003549	0.001576	0.001576	0.000590	0.000590	0.005395	0.008381	0.000590	0.000590	0.000590	0.000590	0.000590	0.000590	0.000590	0.000590	0.000590	0.000590	0.949401	
0.000556	0.000982	0.000556	0.000556	0.000556	0.000556	0.000556	0.000556	0.000556	0.000556	0.000556	0.000556	0.000556	0.000704	0.000556	0.000556	0.000556	0.000556	0.000556	0.000556	0.000556	0.000556	0.000556	0.000556	0.000556	0.000556	0.000556	0.000556	0.000556	0.001190	0.000556	0.000556	0.001507	0.000873	0.000873	0.000556	0.000556	0.004370	0.003566	0.000556	0.000556	0.000556	0.000556	0.000556	0.000556	0.000556	0.000556	0.000556	0.000556	0.963119	
0.000666	0.001000	0.000666	0.000666	0.000666	0.000666	0.000666	0.000666	0.000666	0.000666	0.000666	0.000666	0.000666	0.000861	0.000666	0.000666	0.000666	0.000666	0.000666	0.000666	0.000666	0.000666	0.000666	0.000666	0.000666	0.000666	0.000666	0.000666	0.000666	0.005709	0.000666	0.000666	0.008230	0.003187	0.003187	0.000666	0.000666	0.001748	0.006811	0.000666	0.000666	0.000666	0.000666	0.000666	0.000666	0.000666	0.000666	0.000666	0.000666	0.941970	
0.000574	0.000971	0.000574	0.000574	0.000574	0.000574	0.000574	0.000574	0.000574	0.000574	0.000574	0.000574	0.000574	0.000879	0.000574	0.000574	0.000574	0.000574	0.000574	0.000574	0.000574	0.000574	0.000574	0.000574	0.000574	0.000574	0.000574	0.000574	0.000574	0.001056	0.000574	0.000574	0.001297	0.000815	0.000815	0.000574	0.000574	0.013210	0.006905	0.000574	0.000574	0.000574	0.000574	0.000574	0.000574	0.000574	0.000574	0.000574	0.000574	0.950508	
