0.026594	0.487214	0.255711	0.043300	0.019434	0.133992	0.033754	
0.075988	0.461331	0.038163	0.248565	0.031071	0.033435	0.111449	
0.031593	0.577266	0.103709	0.103709	0.058036	0.072459	0.053228	
0.243718	0.079862	0.106368	0.328055	0.022031	0.132874	0.087091	
0.646563	0.071092	0.045148	0.042790	0.080526	0.073450	0.040431	
0.387129	0.148922	0.035714	0.186658	0.097035	0.073450	0.071092	
0.480336	0.033277	0.301513	0.028571	0.019160	0.096807	0.040336	
0.036054	0.233673	0.040816	0.302721	0.052721	0.286054	0.047959	
0.036577	0.022084	0.205659	0.425466	0.041408	0.229814	0.038992	
0.039373	0.051568	0.171080	0.034495	0.122300	0.556446	0.024739	
0.054326	0.033199	0.185781	0.110664	0.049631	0.505030	0.061368	
0.188613	0.022354	0.210618	0.081034	0.041914	0.418442	0.037024	
0.028174	0.178986	0.165065	0.065297	0.023533	0.452768	0.086178	
0.030283	0.143186	0.023371	0.145490	0.053325	0.495721	0.108624	
0.068571	0.360336	0.087395	0.040336	0.033277	0.381513	0.028571	
0.054971	0.028843	0.033593	0.026468	0.016966	0.021717	0.817441	
0.028981	0.064780	0.026594	0.026594	0.052847	0.017047	0.783157	
0.038712	0.184995	0.081877	0.192189	0.048304	0.033916	0.420007	
0.026405	0.028775	0.505078	0.047732	0.038253	0.019296	0.334462	
0.407483	0.188435	0.019388	0.031293	0.131293	0.043197	0.178912	
0.033356	0.049865	0.033356	0.035714	0.755054	0.033356	0.059299	
0.558599	0.024619	0.070735	0.192094	0.031900	0.027046	0.095007	
0.470224	0.248537	0.034079	0.024441	0.123236	0.050947	0.048537	
0.249741	0.039087	0.203736	0.310273	0.031823	0.080249	0.085092	
