0.000872	0.001090	0.000872	0.000872	0.000872	0.000872	0.000872	0.000872	0.000872	0.000872	0.000872	0.000872	0.000872	0.000994	0.000872	0.000872	0.000872	0.000872	0.000872	0.000872	0.000872	0.000872	0.000872	0.000872	0.000872	0.000872	0.000872	0.000872	0.000872	0.001392	0.000872	0.000872	0.001255	0.001132	0.008735	0.000872	0.000872	0.001620	0.002164	0.000872	0.000872	0.000872	0.000872	0.000872	0.000872	0.000872	0.000872	0.000872	0.000872	0.945862	
0.000667	0.002410	0.000667	0.000667	0.000667	0.000667	0.000667	0.000667	0.000667	0.000667	0.000667	0.000667	0.000667	0.001032	0.000667	0.000667	0.000667	0.000667	0.000667	0.000667	0.000667	0.000667	0.000667	0.000667	0.000667	0.000667	0.000667	0.000667	0.000667	0.002075	0.000667	0.000667	0.001479	0.001371	0.003336	0.000667	0.000667	0.002833	0.004400	0.000667	0.000667	0.000667	0.000667	0.000667	0.000667	0.000667	0.000667	0.000667	0.000667	0.953731	
0.000685	0.001567	0.000685	0.000685	0.000685	0.000685	0.000685	0.000685	0.000685	0.000685	0.000685	0.000685	0.000685	0.000880	0.000685	0.000685	0.000685	0.000685	0.000685	0.000685	0.000685	0.000685	0.000685	0.000685	0.000685	0.000685	0.000685	0.000685	0.000685	0.004016	0.000685	0.000685	0.004856	0.002350	0.002546	0.000685	0.000685	0.003131	0.008438	0.000685	0.000685	0.000685	0.000685	0.000685	0.000685	0.000685	0.000685	0.000685	0.000685	0.944137	
0.000602	0.005451	0.000602	0.000602	0.000602	0.000602	0.000602	0.000602	0.000602	0.000602	0.000602	0.000602	0.000602	0.003728	0.000602	0.000602	0.000602	0.000602	0.000602	0.000602	0.000602	0.000602	0.000602	0.000602	0.000602	0.000602	0.000602	0.000602	0.000602	0.001048	0.000602	0.000602	0.001751	0.000825	0.000845	0.000602	0.000602	0.013326	0.002434	0.000602	0.000602	0.000602	0.000602	0.000602	0.000602	0.000602	0.000602	0.000602	0.000602	0.945896	
0.000660	0.003462	0.000660	0.000660	0.000660	0.000660	0.000660	0.000660	0.000660	0.000660	0.000660	0.000660	0.000660	0.003378	0.000660	0.000660	0.000660	0.000660	0.000660	0.000660	0.000660	0.000660	0.000660	0.000660	0.000660	0.000660	0.000660	0.000660	0.000660	0.001374	0.000660	0.000660	0.004287	0.001017	0.000878	0.000660	0.000660	0.011886	0.006178	0.000660	0.000660	0.000660	0.000660	0.000660	0.000660	0.000660	0.000660	0.000660	0.000660	0.940461	
0.000651	0.003602	0.000651	0.000651	0.000651	0.000651	0.000651	0.000651	0.000651	0.000651	0.000651	0.000651	0.000651	0.003373	0.000651	0.000651	0.000651	0.000651	0.000651	0.000651	0.000651	0.000651	0.000651	0.000651	0.000651	0.000651	0.000651	0.000651	0.000651	0.001087	0.000651	0.000651	0.001361	0.000869	0.000889	0.000651	0.000651	0.011755	0.005671	0.000651	0.000651	0.000651	0.000651	0.000651	0.000651	0.000651	0.000651	0.000651	0.000651	0.944695	
0.000715	0.005603	0.000715	0.000715	0.000715	0.000715	0.000715	0.000715	0.000715	0.000715	0.000715	0.000715	0.000715	0.005446	0.000715	0.000715	0.000715	0.000715	0.000715	0.000715	0.000715	0.000715	0.000715	0.000715	0.000715	0.000715	0.000715	0.000715	0.000715	0.003360	0.000715	0.000715	0.001722	0.002038	0.000911	0.000715	0.000715	0.020960	0.004780	0.000715	0.000715	0.000715	0.000715	0.000715	0.000715	0.000715	0.000715	0.000715	0.000715	0.925867	
0.000594	0.001941	0.000594	0.000594	0.000594	0.000594	0.000594	0.000594	0.000594	0.000594	0.000594	0.000594	0.000594	0.000986	0.000594	0.000594	0.000594	0.000594	0.000594	0.000594	0.000594	0.000594	0.000594	0.000594	0.000594	0.000594	0.000594	0.000594	0.000594	0.001580	0.000594	0.000594	0.002883	0.001087	0.001025	0.000594	0.000594	0.002654	0.008212	0.000594	0.000594	0.000594	0.000594	0.000594	0.000594	0.000594	0.000594	0.000594	0.000594	0.955289	
0.000526	0.003775	0.000526	0.000526	0.000526	0.000526	0.000526	0.000526	0.000526	0.000526	0.000526	0.000526	0.000526	0.001241	0.000526	0.000526	0.000526	0.000526	0.000526	0.000526	0.000526	0.000526	0.000526	0.000526	0.000526	0.000526	0.000526	0.000526	0.000526	0.000894	0.000526	0.000526	0.001086	0.000710	0.000793	0.000526	0.000526	0.003570	0.004585	0.000526	0.000526	0.000526	0.000526	0.000526	0.000526	0.000526	0.000526	0.000526	0.000526	0.961772	
0.000590	0.001721	0.000590	0.000590	0.000590	0.000590	0.000590	0.000590	0.000590	0.000590	0.000590	0.000590	0.000590	0.001558	0.000590	0.000590	0.000590	0.000590	0.000590	0.000590	0.000590	0.000590	0.000590	0.000590	0.000590	0.000590	0.000590	0.000590	0.000590	0.001003	0.000590	0.000590	0.000898	0.000797	0.000904	0.000590	0.000590	0.004667	0.013297	0.000590	0.000590	0.000590	0.000590	0.000590	0.000590	0.000590	0.000590	0.000590	0.000590	0.950950	
0.000609	0.000970	0.000609	0.000609	0.000609	0.000609	0.000609	0.000609	0.000609	0.000609	0.000609	0.000609	0.000609	0.000865	0.000609	0.000609	0.000609	0.000609	0.000609	0.000609	0.000609	0.000609	0.000609	0.000609	0.000609	0.000609	0.000609	0.000609	0.000609	0.002258	0.000609	0.000609	0.001443	0.001433	0.001146	0.000609	0.000609	0.002456	0.014182	0.000609	0.000609	0.000609	0.000609	0.000609	0.000609	0.000609	0.000609	0.000609	0.000609	0.950278	
0.000624	0.001508	0.000624	0.000624	0.000624	0.000624	0.000624	0.000624	0.000624	0.000624	0.000624	0.000624	0.000624	0.001313	0.000624	0.000624	0.000624	0.000624	0.000624	0.000624	0.000624	0.000624	0.000624	0.000624	0.000624	0.000624	0.000624	0.000624	0.000624	0.001241	0.000624	0.000624	0.001364	0.000933	0.001250	0.000624	0.000624	0.003687	0.009487	0.000624	0.000624	0.000624	0.000624	0.000624	0.000624	0.000624	0.000624	0.000624	0.000624	0.953635	
0.000583	0.001563	0.000583	0.000583	0.000583	0.000583	0.000583	0.000583	0.000583	0.000583	0.000583	0.000583	0.000583	0.000883	0.000583	0.000583	0.000583	0.000583	0.000583	0.000583	0.000583	0.000583	0.000583	0.000583	0.000583	0.000583	0.000583	0.000583	0.000583	0.001125	0.000583	0.000583	0.004037	0.000854	0.001192	0.000583	0.000583	0.002054	0.011407	0.000583	0.000583	0.000583	0.000583	0.000583	0.000583	0.000583	0.000583	0.000583	0.000583	0.952967	
0.000581	0.001507	0.000581	0.000581	0.000581	0.000581	0.000581	0.000581	0.000581	0.000581	0.000581	0.000581	0.000581	0.000770	0.000581	0.000581	0.000581	0.000581	0.000581	0.000581	0.000581	0.000581	0.000581	0.000581	0.000581	0.000581	0.000581	0.000581	0.000581	0.000940	0.000581	0.000581	0.002622	0.000760	0.001012	0.000581	0.000581	0.001515	0.009830	0.000581	0.000581	0.000581	0.000581	0.000581	0.000581	0.000581	0.000581	0.000581	0.000581	0.957215	
0.000616	0.001473	0.000616	0.000616	0.000616	0.000616	0.000616	0.000616	0.000616	0.000616	0.000616	0.000616	0.000616	0.001287	0.000616	0.000616	0.000616	0.000616	0.000616	0.000616	0.000616	0.000616	0.000616	0.000616	0.000616	0.000616	0.000616	0.000616	0.000616	0.001474	0.000616	0.000616	0.003699	0.001045	0.001126	0.000616	0.000616	0.003731	0.011107	0.000616	0.000616	0.000616	0.000616	0.000616	0.000616	0.000616	0.000616	0.000616	0.000616	0.949819	
0.000627	0.002957	0.000627	0.000627	0.000627	0.000627	0.000627	0.000627	0.000627	0.000627	0.000627	0.000627	0.000627	0.000906	0.000627	0.000627	0.000627	0.000627	0.000627	0.000627	0.000627	0.000627	0.000627	0.000627	0.000627	0.000627	0.000627	0.000627	0.000627	0.006748	0.000627	0.000627	0.001141	0.003688	0.000979	0.000627	0.000627	0.004802	0.007691	0.000627	0.000627	0.000627	0.000627	0.000627	0.000627	0.000627	0.000627	0.000627	0.000627	0.945371	
0.000593	0.002927	0.000593	0.000593	0.000593	0.000593	0.000593	0.000593	0.000593	0.000593	0.000593	0.000593	0.000593	0.000749	0.000593	0.000593	0.000593	0.000593	0.000593	0.000593	0.000593	0.000593	0.000593	0.000593	0.000593	0.000593	0.000593	0.000593	0.000593	0.004914	0.000593	0.000593	0.002066	0.002753	0.000877	0.000593	0.000593	0.003378	0.006847	0.000593	0.000593	0.000593	0.000593	0.000593	0.000593	0.000593	0.000593	0.000593	0.000593	0.951174	
0.000667	0.002292	0.000667	0.000667	0.000667	0.000667	0.000667	0.000667	0.000667	0.000667	0.000667	0.000667	0.000667	0.001155	0.000667	0.000667	0.000667	0.000667	0.000667	0.000667	0.000667	0.000667	0.000667	0.000667	0.000667	0.000667	0.000667	0.000667	0.000667	0.007420	0.000667	0.000667	0.001779	0.004043	0.001043	0.000667	0.000667	0.005995	0.010596	0.000667	0.000667	0.000667	0.000667	0.000667	0.000667	0.000667	0.000667	0.000667	0.000667	0.938331	
0.000683	0.002758	0.000683	0.000683	0.000683	0.000683	0.000683	0.000683	0.000683	0.000683	0.000683	0.000683	0.000683	0.001746	0.000683	0.000683	0.000683	0.000683	0.000683	0.000683	0.000683	0.000683	0.000683	0.000683	0.000683	0.000683	0.000683	0.000683	0.000683	0.007130	0.000683	0.000683	0.001073	0.003907	0.001214	0.000683	0.000683	0.008157	0.009598	0.000683	0.000683	0.000683	0.000683	0.000683	0.000683	0.000683	0.000683	0.000683	0.000683	0.936394	
0.000635	0.002259	0.000635	0.000635	0.000635	0.000635	0.000635	0.000635	0.000635	0.000635	0.000635	0.000635	0.000635	0.001290	0.000635	0.000635	0.000635	0.000635	0.000635	0.000635	0.000635	0.000635	0.000635	0.000635	0.000635	0.000635	0.000635	0.000635	0.000635	0.002629	0.000635	0.000635	0.001946	0.001632	0.001441	0.000635	0.000635	0.004252	0.006385	0.000635	0.000635	0.000635	0.000635	0.000635	0.000635	0.000635	0.000635	0.000635	0.000635	0.952138	
0.000648	0.002072	0.000648	0.000648	0.000648	0.000648	0.000648	0.000648	0.000648	0.000648	0.000648	0.000648	0.000648	0.001298	0.000648	0.000648	0.000648	0.000648	0.000648	0.000648	0.000648	0.000648	0.000648	0.000648	0.000648	0.000648	0.000648	0.000648	0.000648	0.004287	0.000648	0.000648	0.001448	0.002468	0.000931	0.000648	0.000648	0.005069	0.007901	0.000648	0.000648	0.000648	0.000648	0.000648	0.000648	0.000648	0.000648	0.000648	0.000648	0.947959	
0.000606	0.002097	0.000606	0.000606	0.000606	0.000606	0.000606	0.000606	0.000606	0.000606	0.000606	0.000606	0.000606	0.001419	0.000606	0.000606	0.000606	0.000606	0.000606	0.000606	0.000606	0.000606	0.000606	0.000606	0.000606	0.000606	0.000606	0.000606	0.000606	0.001930	0.000606	0.000606	0.009964	0.001268	0.000762	0.000606	0.000606	0.004521	0.009224	0.000606	0.000606	0.000606	0.000606	0.000606	0.000606	0.000606	0.000606	0.000606	0.000606	0.943977	
0.000637	0.001191	0.000637	0.000637	0.000637	0.000637	0.000637	0.000637	0.000637	0.000637	0.000637	0.000637	0.000637	0.000968	0.000637	0.000637	0.000637	0.000637	0.000637	0.000637	0.000637	0.000637	0.000637	0.000637	0.000637	0.000637	0.000637	0.000637	0.000637	0.003441	0.000637	0.000637	0.008049	0.002039	0.000946	0.000637	0.000637	0.003360	0.011581	0.000637	0.000637	0.000637	0.000637	0.000637	0.000637	0.000637	0.000637	0.000637	0.000637	0.942291	
0.000601	0.002286	0.000601	0.000601	0.000601	0.000601	0.000601	0.000601	0.000601	0.000601	0.000601	0.000601	0.000601	0.001354	0.000601	0.000601	0.000601	0.000601	0.000601	0.000601	0.000601	0.000601	0.000601	0.000601	0.000601	0.000601	0.000601	0.000601	0.000601	0.002144	0.000601	0.000601	0.007631	0.001372	0.000913	0.000601	0.000601	0.004386	0.009064	0.000601	0.000601	0.000601	0.000601	0.000601	0.000601	0.000601	0.000601	0.000601	0.000601	0.946218	
