0.047845	0.549033	0.287750	0.028843	0.043095	0.021717	0.021717	
0.043197	0.355102	0.028912	0.262245	0.067007	0.026531	0.217007	
0.054971	0.475399	0.021717	0.280624	0.071598	0.024092	0.071598	
0.851049	0.026405	0.016926	0.024035	0.021666	0.033514	0.026405	
0.310030	0.042891	0.052347	0.151638	0.040527	0.165822	0.236744	
0.679582	0.068733	0.038073	0.087601	0.033356	0.056941	0.035714	
0.371496	0.023978	0.031071	0.054711	0.059439	0.170550	0.288754	
0.042891	0.035799	0.276933	0.473151	0.026342	0.104357	0.040527	
0.141490	0.026658	0.222830	0.380725	0.031442	0.170198	0.026658	
0.193115	0.036489	0.626850	0.041308	0.031670	0.029260	0.041308	
0.028305	0.023643	0.715951	0.121545	0.039960	0.049284	0.021312	
0.173519	0.022300	0.256446	0.041812	0.032056	0.024739	0.449129	
0.028371	0.383511	0.215287	0.173231	0.042390	0.131175	0.026035	
0.023754	0.407829	0.063566	0.227501	0.023754	0.030780	0.222817	
0.056807	0.372101	0.127395	0.073277	0.037983	0.028571	0.303866	
0.038898	0.031670	0.029260	0.029260	0.626850	0.029260	0.214802	
0.028843	0.026468	0.021717	0.033593	0.843570	0.019342	0.026468	
0.036314	0.048304	0.105858	0.101062	0.319287	0.091470	0.297705	
0.112245	0.019388	0.178912	0.069388	0.419388	0.033673	0.167007	
0.019250	0.026342	0.101993	0.109085	0.052347	0.085444	0.605539	
0.072809	0.036577	0.125949	0.183920	0.125949	0.036577	0.418219	
0.241308	0.022031	0.067814	0.046127	0.019621	0.556971	0.046127	
0.019574	0.031593	0.021978	0.036401	0.058036	0.791209	0.041209	
0.038527	0.021821	0.131606	0.267644	0.040914	0.453802	0.045687	
