16	0	0	0	0	0	0	
0	0	0	123	0	0	0	
22	0	0	0	0	0	0	
0	13	0	0	0	0	0	
1	71	21	0	0	0	196	
0	0	0	0	153	0	0	
148	1	0	19	0	0	0	
0	85	0	2	103	1	0	
0	13	0	0	0	0	0	
0	0	0	0	45	0	0	
0	0	0	0	0	11	0	
2	0	0	0	0	105	0	
0	71	0	0	0	0	0	
0	0	30	0	0	0	0	
0	0	0	0	65	0	0	
0	0	0	0	63	0	0	
0	28	0	55	0	94	0	
0	0	127	57	0	0	0	
0	85	0	0	0	0	0	
0	0	0	0	0	0	0	
0	0	0	0	104	0	0	
1	0	0	0	0	39	0	
62	0	0	0	2	113	0	
0	0	0	0	0	0	141	
0	0	0	0	0	0	0	
0	0	169	90	0	107	51	
0	0	0	0	0	40	0	
32	0	1	136	0	0	0	
0	0	92	0	0	0	0	
0	44	12	0	0	0	0	
107	0	0	0	0	0	0	
0	105	0	1	64	0	152	
0	0	0	0	0	0	0	
22	0	0	0	0	0	0	
0	9	89	1	0	70	0	
0	0	0	0	0	0	0	
0	0	0	39	0	0	0	
21	0	0	19	0	2	0	
0	0	0	0	0	0	0	
0	0	0	86	0	0	0	
0	0	0	0	0	0	0	
0	0	30	0	0	0	0	
0	0	0	0	0	25	0	
0	126	126	0	0	0	125	
0	0	32	51	0	37	0	
0	0	0	0	0	0	0	
0	0	0	0	0	0	141	
96	0	0	0	0	0	0	
0	0	0	0	0	0	0	
0	0	0	0	81	0	0	
