0.000887	0.001402	0.000887	0.000887	0.000887	0.000887	0.000887	0.000887	0.000887	0.000887	0.000887	0.000887	0.000887	0.001105	0.000887	0.000887	0.000887	0.000887	0.000887	0.000887	0.000887	0.000887	0.000887	0.000887	0.000887	0.000887	0.000887	0.000887	0.000887	0.001537	0.000887	0.000887	0.001862	0.001212	0.001020	0.000887	0.000887	0.001573	0.002762	0.000887	0.000887	0.000887	0.000887	0.000887	0.000887	0.000887	0.000887	0.000887	0.000887	0.951159	
0.000776	0.001075	0.000776	0.000776	0.000776	0.000776	0.000776	0.000776	0.000776	0.000776	0.000776	0.000776	0.000776	0.001837	0.000776	0.000776	0.000776	0.000776	0.000776	0.000776	0.000776	0.000776	0.000776	0.000776	0.000776	0.000776	0.000776	0.000776	0.000776	0.002713	0.000776	0.000776	0.003681	0.001744	0.001013	0.000776	0.000776	0.001527	0.008256	0.000776	0.000776	0.000776	0.000776	0.000776	0.000776	0.000776	0.000776	0.000776	0.000776	0.946336	
0.000781	0.001109	0.000781	0.000781	0.000781	0.000781	0.000781	0.000781	0.000781	0.000781	0.000781	0.000781	0.000781	0.001488	0.000781	0.000781	0.000781	0.000781	0.000781	0.000781	0.000781	0.000781	0.000781	0.000781	0.000781	0.000781	0.000781	0.000781	0.000781	0.002319	0.000781	0.000781	0.003088	0.001550	0.000901	0.000781	0.000781	0.001809	0.005976	0.000781	0.000781	0.000781	0.000781	0.000781	0.000781	0.000781	0.000781	0.000781	0.000781	0.949758	
0.000601	0.001199	0.000601	0.000601	0.000601	0.000601	0.000601	0.000601	0.000601	0.000601	0.000601	0.000601	0.000601	0.001616	0.000601	0.000601	0.000601	0.000601	0.000601	0.000601	0.000601	0.000601	0.000601	0.000601	0.000601	0.000601	0.000601	0.000601	0.000601	0.001313	0.000601	0.000601	0.001669	0.000957	0.001352	0.000601	0.000601	0.016704	0.007138	0.000601	0.000601	0.000601	0.000601	0.000601	0.000601	0.000601	0.000601	0.000601	0.000601	0.943400	
0.000578	0.001324	0.000578	0.000578	0.000578	0.000578	0.000578	0.000578	0.000578	0.000578	0.000578	0.000578	0.000578	0.000775	0.000578	0.000578	0.000578	0.000578	0.000578	0.000578	0.000578	0.000578	0.000578	0.000578	0.000578	0.000578	0.000578	0.000578	0.000578	0.001103	0.000578	0.000578	0.001365	0.000840	0.001804	0.000578	0.000578	0.013712	0.003317	0.000578	0.000578	0.000578	0.000578	0.000578	0.000578	0.000578	0.000578	0.000578	0.000578	0.952071	
0.000592	0.002133	0.000592	0.000592	0.000592	0.000592	0.000592	0.000592	0.000592	0.000592	0.000592	0.000592	0.000592	0.001251	0.000592	0.000592	0.000592	0.000592	0.000592	0.000592	0.000592	0.000592	0.000592	0.000592	0.000592	0.000592	0.000592	0.000592	0.000592	0.000972	0.000592	0.000592	0.001162	0.000782	0.001702	0.000592	0.000592	0.010328	0.005376	0.000592	0.000592	0.000592	0.000592	0.000592	0.000592	0.000592	0.000592	0.000592	0.000592	0.952027	
0.000585	0.001280	0.000585	0.000585	0.000585	0.000585	0.000585	0.000585	0.000585	0.000585	0.000585	0.000585	0.000585	0.000837	0.000585	0.000585	0.000585	0.000585	0.000585	0.000585	0.000585	0.000585	0.000585	0.000585	0.000585	0.000585	0.000585	0.000585	0.000585	0.001808	0.000585	0.000585	0.002419	0.001196	0.000897	0.000585	0.000585	0.019427	0.003377	0.000585	0.000585	0.000585	0.000585	0.000585	0.000585	0.000585	0.000585	0.000585	0.000585	0.944765	
0.000684	0.003557	0.000684	0.000684	0.000684	0.000684	0.000684	0.000684	0.000684	0.000684	0.000684	0.000684	0.000684	0.004669	0.000684	0.000684	0.000684	0.000684	0.000684	0.000684	0.000684	0.000684	0.000684	0.000684	0.000684	0.000684	0.000684	0.000684	0.000684	0.001269	0.000684	0.000684	0.001561	0.000977	0.000893	0.000684	0.000684	0.001762	0.021398	0.000684	0.000684	0.000684	0.000684	0.000684	0.000684	0.000684	0.000684	0.000684	0.000684	0.935855	
0.000670	0.004259	0.000670	0.000670	0.000670	0.000670	0.000670	0.000670	0.000670	0.000670	0.000670	0.000670	0.000670	0.004379	0.000670	0.000670	0.000670	0.000670	0.000670	0.000670	0.000670	0.000670	0.000670	0.000670	0.000670	0.000670	0.000670	0.000670	0.000670	0.000937	0.000670	0.000670	0.001071	0.000804	0.000906	0.000670	0.000670	0.002160	0.019715	0.000670	0.000670	0.000670	0.000670	0.000670	0.000670	0.000670	0.000670	0.000670	0.000670	0.938285	
0.000584	0.007248	0.000584	0.000584	0.000584	0.000584	0.000584	0.000584	0.000584	0.000584	0.000584	0.000584	0.000584	0.000822	0.000584	0.000584	0.000584	0.000584	0.000584	0.000584	0.000584	0.000584	0.000584	0.000584	0.000584	0.000584	0.000584	0.000584	0.000584	0.000973	0.000584	0.000584	0.001167	0.000778	0.000849	0.000584	0.000584	0.003112	0.002429	0.000584	0.000584	0.000584	0.000584	0.000584	0.000584	0.000584	0.000584	0.000584	0.000584	0.958671	
0.000595	0.008692	0.000595	0.000595	0.000595	0.000595	0.000595	0.000595	0.000595	0.000595	0.000595	0.000595	0.000595	0.001439	0.000595	0.000595	0.000595	0.000595	0.000595	0.000595	0.000595	0.000595	0.000595	0.000595	0.000595	0.000595	0.000595	0.000595	0.000595	0.000885	0.000595	0.000595	0.001030	0.000740	0.000737	0.000595	0.000595	0.002448	0.005246	0.000595	0.000595	0.000595	0.000595	0.000595	0.000595	0.000595	0.000595	0.000595	0.000595	0.954386	
0.000581	0.005271	0.000581	0.000581	0.000581	0.000581	0.000581	0.000581	0.000581	0.000581	0.000581	0.000581	0.000581	0.000767	0.000581	0.000581	0.000581	0.000581	0.000581	0.000581	0.000581	0.000581	0.000581	0.000581	0.000581	0.000581	0.000581	0.000581	0.000581	0.000825	0.000581	0.000581	0.000946	0.000703	0.000876	0.000581	0.000581	0.005345	0.002050	0.000581	0.000581	0.000581	0.000581	0.000581	0.000581	0.000581	0.000581	0.000581	0.000581	0.959398	
0.000671	0.002517	0.000671	0.000671	0.000671	0.000671	0.000671	0.000671	0.000671	0.000671	0.000671	0.000671	0.000671	0.002462	0.000671	0.000671	0.000671	0.000671	0.000671	0.000671	0.000671	0.000671	0.000671	0.000671	0.000671	0.000671	0.000671	0.000671	0.000671	0.001015	0.000671	0.000671	0.001187	0.000843	0.000812	0.000671	0.000671	0.001724	0.010111	0.000671	0.000671	0.000671	0.000671	0.000671	0.000671	0.000671	0.000671	0.000671	0.000671	0.951819	
0.000616	0.000932	0.000616	0.000616	0.000616	0.000616	0.000616	0.000616	0.000616	0.000616	0.000616	0.000616	0.000616	0.001802	0.000616	0.000616	0.000616	0.000616	0.000616	0.000616	0.000616	0.000616	0.000616	0.000616	0.000616	0.000616	0.000616	0.000616	0.000616	0.001103	0.000616	0.000616	0.001346	0.000860	0.000985	0.000616	0.000616	0.001214	0.007402	0.000616	0.000616	0.000616	0.000616	0.000616	0.000616	0.000616	0.000616	0.000616	0.000616	0.959096	
0.000591	0.000882	0.000591	0.000591	0.000591	0.000591	0.000591	0.000591	0.000591	0.000591	0.000591	0.000591	0.000591	0.000803	0.000591	0.000591	0.000591	0.000591	0.000591	0.000591	0.000591	0.000591	0.000591	0.000591	0.000591	0.000591	0.000591	0.000591	0.000591	0.001223	0.000591	0.000591	0.001538	0.000907	0.000821	0.000591	0.000591	0.007761	0.002515	0.000591	0.000591	0.000591	0.000591	0.000591	0.000591	0.000591	0.000591	0.000591	0.000591	0.959333	
0.000621	0.000918	0.000621	0.000621	0.000621	0.000621	0.000621	0.000621	0.000621	0.000621	0.000621	0.000621	0.000621	0.000802	0.000621	0.000621	0.000621	0.000621	0.000621	0.000621	0.000621	0.000621	0.000621	0.000621	0.000621	0.000621	0.000621	0.000621	0.000621	0.010796	0.000621	0.000621	0.015884	0.005709	0.000843	0.000621	0.000621	0.001368	0.011925	0.000621	0.000621	0.000621	0.000621	0.000621	0.000621	0.000621	0.000621	0.000621	0.000621	0.926305	
0.000619	0.000863	0.000619	0.000619	0.000619	0.000619	0.000619	0.000619	0.000619	0.000619	0.000619	0.000619	0.000619	0.000764	0.000619	0.000619	0.000619	0.000619	0.000619	0.000619	0.000619	0.000619	0.000619	0.000619	0.000619	0.000619	0.000619	0.000619	0.000619	0.010853	0.000619	0.000619	0.015970	0.005736	0.000932	0.000619	0.000619	0.001299	0.011893	0.000619	0.000619	0.000619	0.000619	0.000619	0.000619	0.000619	0.000619	0.000619	0.000619	0.926324	
0.000609	0.001017	0.000609	0.000609	0.000609	0.000609	0.000609	0.000609	0.000609	0.000609	0.000609	0.000609	0.000609	0.000774	0.000609	0.000609	0.000609	0.000609	0.000609	0.000609	0.000609	0.000609	0.000609	0.000609	0.000609	0.000609	0.000609	0.000609	0.000609	0.007793	0.000609	0.000609	0.011385	0.004201	0.000847	0.000609	0.000609	0.007868	0.008855	0.000609	0.000609	0.000609	0.000609	0.000609	0.000609	0.000609	0.000609	0.000609	0.000609	0.932271	
0.000597	0.005900	0.000597	0.000597	0.000597	0.000597	0.000597	0.000597	0.000597	0.000597	0.000597	0.000597	0.000597	0.000885	0.000597	0.000597	0.000597	0.000597	0.000597	0.000597	0.000597	0.000597	0.000597	0.000597	0.000597	0.000597	0.000597	0.000597	0.000597	0.004730	0.000597	0.000597	0.006797	0.002664	0.000767	0.000597	0.000597	0.002548	0.006338	0.000597	0.000597	0.000597	0.000597	0.000597	0.000597	0.000597	0.000597	0.000597	0.000597	0.944882	
0.000587	0.000831	0.000587	0.000587	0.000587	0.000587	0.000587	0.000587	0.000587	0.000587	0.000587	0.000587	0.000587	0.001233	0.000587	0.000587	0.000587	0.000587	0.000587	0.000587	0.000587	0.000587	0.000587	0.000587	0.000587	0.000587	0.000587	0.000587	0.000587	0.001699	0.000587	0.000587	0.002255	0.001143	0.003652	0.000587	0.000587	0.001738	0.007992	0.000587	0.000587	0.000587	0.000587	0.000587	0.000587	0.000587	0.000587	0.000587	0.000587	0.955373	
0.000603	0.002897	0.000603	0.000603	0.000603	0.000603	0.000603	0.000603	0.000603	0.000603	0.000603	0.000603	0.000603	0.001741	0.000603	0.000603	0.000603	0.000603	0.000603	0.000603	0.000603	0.000603	0.000603	0.000603	0.000603	0.000603	0.000603	0.000603	0.000603	0.001431	0.000603	0.000603	0.001845	0.001017	0.002125	0.000603	0.000603	0.005625	0.008645	0.000603	0.000603	0.000603	0.000603	0.000603	0.000603	0.000603	0.000603	0.000603	0.000603	0.949955	
0.000590	0.001406	0.000590	0.000590	0.000590	0.000590	0.000590	0.000590	0.000590	0.000590	0.000590	0.000590	0.000590	0.001462	0.000590	0.000590	0.000590	0.000590	0.000590	0.000590	0.000590	0.000590	0.000590	0.000590	0.000590	0.000590	0.000590	0.000590	0.000590	0.000889	0.000590	0.000590	0.001039	0.000739	0.003462	0.000590	0.000590	0.003867	0.008123	0.000590	0.000590	0.000590	0.000590	0.000590	0.000590	0.000590	0.000590	0.000590	0.000590	0.954841	
0.000576	0.000823	0.000576	0.000576	0.000576	0.000576	0.000576	0.000576	0.000576	0.000576	0.000576	0.000576	0.000576	0.001084	0.000576	0.000576	0.000576	0.000576	0.000576	0.000576	0.000576	0.000576	0.000576	0.000576	0.000576	0.000576	0.000576	0.000576	0.000576	0.001081	0.000576	0.000576	0.001333	0.000828	0.004549	0.000576	0.000576	0.002889	0.007590	0.000576	0.000576	0.000576	0.000576	0.000576	0.000576	0.000576	0.000576	0.000576	0.000576	0.956195	
0.000619	0.000918	0.000619	0.000619	0.000619	0.000619	0.000619	0.000619	0.000619	0.000619	0.000619	0.000619	0.000619	0.002560	0.000619	0.000619	0.000619	0.000619	0.000619	0.000619	0.000619	0.000619	0.000619	0.000619	0.000619	0.000619	0.000619	0.000619	0.000619	0.001121	0.000619	0.000619	0.001372	0.000870	0.002043	0.000619	0.000619	0.011012	0.012248	0.000619	0.000619	0.000619	0.000619	0.000619	0.000619	0.000619	0.000619	0.000619	0.000619	0.942463	
