0.001653	0.000830	0.001267	0.359960	0.064813	0.005671	0.000894	0.000902	0.007831	0.092044	0.004157	0.040510	0.000835	0.001251	0.006845	0.004991	0.027422	0.008658	0.005721	0.000187	0.017623	0.013081	0.003236	0.008701	0.003011	0.031739	0.002123	0.004368	0.003718	0.035367	0.014963	0.009182	0.010838	0.004251	0.000187	0.049177	0.000187	0.000803	0.004431	0.009008	0.020610	0.001897	0.001058	0.001285	0.001418	0.079411	0.001153	0.000187	0.020737	0.009809	
0.006386	0.001224	0.002304	0.173015	0.033268	0.036307	0.002252	0.001342	0.022678	0.044294	0.003410	0.025524	0.001447	0.006834	0.045134	0.032740	0.010994	0.003834	0.009978	0.000161	0.091764	0.018960	0.019272	0.025552	0.004827	0.021198	0.012295	0.009371	0.023277	0.017212	0.009939	0.011436	0.024925	0.001315	0.000161	0.023698	0.000161	0.001982	0.028944	0.011746	0.015570	0.005221	0.005621	0.003073	0.003804	0.054172	0.004779	0.000161	0.024786	0.061654	
0.007650	0.002565	0.001246	0.220931	0.039995	0.021927	0.001393	0.002831	0.013556	0.056533	0.001760	0.040818	0.000815	0.009507	0.007843	0.005638	0.011118	0.005838	0.015245	0.000168	0.128119	0.025846	0.026912	0.008912	0.010688	0.020018	0.017148	0.010121	0.004164	0.020492	0.007294	0.024153	0.014603	0.001529	0.000168	0.030229	0.000168	0.001235	0.005001	0.006193	0.011642	0.003132	0.007809	0.001817	0.002302	0.063854	0.005588	0.000168	0.009376	0.063942	
0.019646	0.000931	0.025250	0.009241	0.001983	0.011390	0.002156	0.001018	0.021756	0.002468	0.002140	0.007266	0.015209	0.004867	0.004471	0.003252	0.045468	0.005002	0.051610	0.000146	0.065811	0.010074	0.013665	0.157938	0.003588	0.001523	0.008730	0.021312	0.006334	0.006020	0.082081	0.007456	0.161154	0.002134	0.000146	0.001385	0.000146	0.001897	0.002890	0.001094	0.127685	0.005008	0.004009	0.010319	0.003647	0.010594	0.003739	0.000146	0.010652	0.033554	
0.010004	0.006432	0.013557	0.019113	0.005370	0.022864	0.004031	0.007130	0.042432	0.004990	0.003285	0.051926	0.008194	0.001899	0.037672	0.027113	0.026672	0.009969	0.059569	0.000148	0.025126	0.004295	0.005163	0.093769	0.027727	0.006998	0.003332	0.033760	0.021143	0.007491	0.045025	0.058260	0.104726	0.001603	0.000148	0.002731	0.000148	0.003530	0.023972	0.007097	0.069632	0.009543	0.001581	0.008573	0.006912	0.012103	0.003404	0.000148	0.022700	0.026989	
0.014723	0.002052	0.016136	0.018132	0.003709	0.015234	0.003364	0.002264	0.034818	0.004738	0.006080	0.017045	0.009740	0.006118	0.007326	0.005277	0.056847	0.014350	0.040582	0.000146	0.085929	0.012898	0.017248	0.101817	0.008510	0.002673	0.011005	0.022283	0.006292	0.015067	0.066371	0.017873	0.114047	0.006376	0.000146	0.002595	0.000146	0.002949	0.004680	0.001774	0.100274	0.007931	0.005033	0.008688	0.005751	0.014964	0.005104	0.000146	0.030303	0.042445	
0.015819	0.004890	0.023201	0.013553	0.002823	0.005486	0.001794	0.005416	0.018270	0.003573	0.003477	0.039111	0.013981	0.001412	0.006034	0.004227	0.050610	0.011924	0.069285	0.000151	0.019799	0.003129	0.003761	0.145484	0.020950	0.002083	0.002443	0.029630	0.006688	0.008472	0.079838	0.043969	0.149115	0.003552	0.000151	0.001976	0.000151	0.001582	0.003752	0.001425	0.122704	0.004125	0.001182	0.009275	0.003012	0.005874	0.001788	0.000151	0.017380	0.011523	
0.010837	0.003022	0.001132	0.061295	0.012936	0.046216	0.001280	0.003341	0.012602	0.015759	0.004146	0.028971	0.000738	0.013980	0.038035	0.027513	0.015335	0.008495	0.017650	0.000147	0.189909	0.030263	0.039759	0.016386	0.012764	0.010665	0.025297	0.011102	0.019434	0.009931	0.009886	0.027180	0.013789	0.002533	0.000147	0.008474	0.000147	0.001134	0.024325	0.008090	0.015605	0.002889	0.011465	0.001669	0.002121	0.041469	0.007758	0.000147	0.026986	0.105243	
0.007925	0.001072	0.001854	0.013769	0.003695	0.029500	0.003384	0.001175	0.034953	0.003622	0.016051	0.008860	0.001170	0.009337	0.022847	0.016574	0.094751	0.032884	0.008420	0.000143	0.137151	0.019355	0.026472	0.016884	0.004222	0.004493	0.016859	0.012146	0.011902	0.032455	0.051997	0.008829	0.028526	0.016642	0.000143	0.001998	0.000143	0.002965	0.014659	0.004421	0.070986	0.007983	0.007665	0.004140	0.005788	0.021536	0.006726	0.000143	0.081717	0.069066	
0.002579	0.001736	0.002064	0.024164	0.004704	0.006075	0.001753	0.001912	0.017485	0.006282	0.028448	0.015090	0.001299	0.001806	0.005545	0.004000	0.177638	0.061292	0.012375	0.000151	0.045336	0.004251	0.004890	0.013508	0.007106	0.002942	0.003160	0.010418	0.003148	0.057299	0.094385	0.014969	0.021167	0.031421	0.000151	0.003421	0.000151	0.001546	0.003551	0.001596	0.125936	0.004027	0.001505	0.002469	0.002942	0.008753	0.001960	0.000151	0.138330	0.013113	
0.003036	0.004541	0.001569	0.055491	0.011846	0.024428	0.005825	0.005029	0.061425	0.014279	0.012179	0.040452	0.001001	0.002869	0.037018	0.026715	0.066258	0.026781	0.026726	0.000149	0.045555	0.007361	0.007938	0.018807	0.019422	0.010018	0.005094	0.026902	0.018947	0.028994	0.036711	0.041118	0.041992	0.011554	0.000149	0.007685	0.000149	0.005093	0.023620	0.007775	0.049748	0.013881	0.002375	0.006646	0.010037	0.021399	0.004988	0.000149	0.065690	0.032586	
0.005838	0.005758	0.007966	0.034470	0.007983	0.019898	0.001758	0.006381	0.017975	0.008914	0.012682	0.048047	0.004840	0.001094	0.034903	0.025133	0.078561	0.029338	0.045363	0.000152	0.021756	0.003101	0.002850	0.058124	0.024756	0.007924	0.001865	0.023571	0.018864	0.025010	0.058067	0.052144	0.058590	0.012234	0.000152	0.004825	0.000152	0.001551	0.022222	0.006946	0.082466	0.004038	0.000923	0.004362	0.002950	0.013646	0.001608	0.000152	0.067682	0.020412	
0.003747	0.001307	0.001443	0.016471	0.008970	0.069890	0.001412	0.001436	0.013868	0.004311	0.010648	0.010994	0.000923	0.003953	0.120085	0.087096	0.030691	0.011333	0.008929	0.000142	0.055695	0.008424	0.011056	0.040340	0.005254	0.018416	0.007072	0.007242	0.061134	0.011338	0.018594	0.011023	0.015464	0.005269	0.000142	0.002366	0.000142	0.001248	0.076966	0.021595	0.025948	0.003214	0.003260	0.001910	0.002354	0.026066	0.002826	0.000142	0.074760	0.073088	
0.003680	0.000771	0.001983	0.029819	0.010420	0.058931	0.005594	0.000841	0.058611	0.007718	0.008775	0.008050	0.001246	0.003386	0.101101	0.073347	0.025694	0.008728	0.007033	0.000141	0.047375	0.007663	0.009434	0.038641	0.002906	0.016882	0.006041	0.016502	0.051609	0.014199	0.017278	0.006203	0.041195	0.004222	0.000141	0.004182	0.000141	0.004890	0.064818	0.018541	0.024547	0.013334	0.002796	0.006535	0.009640	0.025417	0.005106	0.000141	0.061936	0.061820	
0.003171	0.002902	0.003458	0.017752	0.009584	0.069057	0.002445	0.003209	0.025105	0.004639	0.007450	0.023787	0.002132	0.001389	0.127972	0.092753	0.011114	0.005409	0.021398	0.000143	0.017969	0.003216	0.003711	0.054994	0.012253	0.019624	0.002408	0.014961	0.065410	0.005445	0.013415	0.025739	0.033983	0.001273	0.000143	0.002541	0.000143	0.002148	0.081964	0.022996	0.020300	0.005713	0.001162	0.003654	0.004153	0.023069	0.002177	0.000143	0.060799	0.059625	
0.004126	0.000921	0.001936	0.037412	0.007262	0.012537	0.023495	0.001008	0.250441	0.009649	0.001550	0.010054	0.001214	0.004036	0.009675	0.007022	0.008829	0.003198	0.007825	0.000131	0.054725	0.009229	0.011313	0.013937	0.003597	0.004642	0.007231	0.061274	0.005237	0.025165	0.008618	0.007732	0.138700	0.001192	0.000131	0.005207	0.000131	0.020480	0.006219	0.002597	0.013206	0.056657	0.003326	0.025580	0.040830	0.015902	0.016403	0.000131	0.008888	0.029399	
0.003998	0.000778	0.002121	0.017243	0.003610	0.011419	0.025713	0.000851	0.274216	0.004497	0.001412	0.006975	0.001323	0.003695	0.008761	0.006364	0.008351	0.002835	0.007421	0.000127	0.050141	0.007935	0.010345	0.014870	0.002985	0.002795	0.006614	0.066529	0.004806	0.025379	0.008905	0.006278	0.151857	0.001088	0.000127	0.002458	0.000127	0.022411	0.005637	0.002005	0.013682	0.062028	0.003046	0.028002	0.044696	0.010920	0.017593	0.000127	0.008055	0.026850	
0.001900	0.000702	0.001841	0.020533	0.003962	0.003904	0.029874	0.000767	0.318788	0.005336	0.001266	0.006708	0.001155	0.001056	0.003998	0.002911	0.008557	0.002821	0.006493	0.000125	0.014502	0.002637	0.002791	0.011858	0.002658	0.002403	0.001818	0.076522	0.002347	0.029427	0.008340	0.005622	0.172849	0.001186	0.000125	0.002904	0.000125	0.026035	0.002586	0.001236	0.012368	0.072098	0.000887	0.032342	0.051946	0.006547	0.018824	0.000125	0.006411	0.007785	
0.003138	0.000781	0.002019	0.015932	0.003218	0.007574	0.014738	0.000852	0.156577	0.004170	0.015396	0.006795	0.001266	0.002608	0.005391	0.003922	0.096297	0.032697	0.007177	0.000138	0.046306	0.005662	0.007213	0.013272	0.002961	0.002217	0.004630	0.039714	0.003084	0.042912	0.053166	0.006206	0.091304	0.016869	0.000138	0.002288	0.000138	0.012854	0.003481	0.001392	0.071740	0.035462	0.002159	0.016282	0.025571	0.008352	0.010322	0.000138	0.075112	0.018368	
0.002802	0.014488	0.003170	0.044668	0.008480	0.005950	0.007667	0.016081	0.082212	0.011519	0.002940	0.118387	0.001964	0.001141	0.008456	0.005598	0.019691	0.021237	0.083866	0.000154	0.015767	0.003499	0.002981	0.020984	0.063065	0.005000	0.001949	0.058026	0.004442	0.014754	0.016944	0.132725	0.067054	0.002849	0.000154	0.006215	0.000154	0.006698	0.004964	0.002422	0.024683	0.018331	0.000962	0.009117	0.013242	0.012290	0.005253	0.000154	0.015141	0.009705	
0.006205	0.003298	0.006117	0.034298	0.007729	0.021653	0.006237	0.003648	0.065729	0.008866	0.010894	0.028526	0.003729	0.003224	0.030318	0.021905	0.066307	0.023394	0.028529	0.000146	0.049653	0.007458	0.008959	0.045428	0.013978	0.007278	0.005741	0.027204	0.016311	0.025891	0.047528	0.029501	0.070686	0.010484	0.000146	0.004797	0.000146	0.005451	0.019370	0.006154	0.067485	0.014883	0.002664	0.008541	0.010756	0.016602	0.005418	0.000146	0.058160	0.032429	
0.005814	0.017317	0.005365	0.010439	0.002275	0.009242	0.003315	0.019224	0.035915	0.002780	0.001763	0.137511	0.003281	0.003351	0.006835	0.004309	0.015590	0.022175	0.103393	0.000154	0.044775	0.007000	0.009309	0.034200	0.075481	0.001836	0.005967	0.055789	0.003892	0.006245	0.020176	0.158522	0.057976	0.001633	0.000154	0.001555	0.000154	0.002908	0.003825	0.001382	0.030900	0.007802	0.002770	0.005187	0.005661	0.008485	0.003690	0.000154	0.009081	0.023441	
0.010165	0.008022	0.001950	0.014928	0.003301	0.028859	0.004442	0.008897	0.047050	0.003919	0.003392	0.064175	0.001227	0.012335	0.011026	0.007720	0.019750	0.015232	0.046428	0.000144	0.168169	0.025520	0.035053	0.014203	0.034719	0.002874	0.022309	0.032506	0.005729	0.010275	0.014250	0.072920	0.038710	0.003192	0.000144	0.002158	0.000144	0.003888	0.006837	0.002298	0.021749	0.010543	0.010118	0.005297	0.007631	0.025189	0.008874	0.000144	0.017946	0.083647	
0.010169	0.008621	0.001140	0.022695	0.004411	0.027268	0.004162	0.009562	0.044101	0.005903	0.003006	0.069682	0.000742	0.013053	0.005378	0.003599	0.018052	0.015704	0.048156	0.000146	0.177821	0.027219	0.037108	0.007621	0.037342	0.002735	0.023614	0.032909	0.002719	0.010421	0.011449	0.078496	0.032673	0.003075	0.000146	0.003216	0.000146	0.003644	0.003197	0.001464	0.017545	0.009863	0.010706	0.004739	0.007142	0.027289	0.009061	0.000146	0.014951	0.085995	
