0	167	0	0	63	0	0	
0	0	0	0	0	0	168	
20	0	0	0	0	0	0	
0	0	25	0	0	0	0	
0	0	0	92	0	57	0	
0	0	0	0	0	25	0	
0	0	0	0	0	0	110	
0	367	0	0	23	0	0	
0	0	0	0	12	0	0	
0	0	0	0	12	0	0	
0	0	0	0	0	14	0	
0	0	18	33	0	0	1	
0	0	0	39	0	0	137	
0	1	0	120	0	0	0	
0	8	0	3	0	41	0	
0	15	0	6	0	1	0	
0	10	0	0	42	0	0	
0	0	0	0	0	80	0	
0	0	0	0	0	0	0	
78	17	29	0	0	0	0	
88	0	1	0	0	0	54	
0	0	0	0	120	0	65	
0	0	89	0	0	0	0	
4	0	0	176	0	0	0	
31	0	0	0	0	0	0	
0	0	48	0	33	0	23	
0	0	0	0	79	0	0	
0	0	0	0	84	0	0	
0	0	0	0	17	0	0	
0	0	0	0	0	0	66	
95	0	0	0	0	0	0	
0	0	0	0	0	0	6	
0	0	0	0	35	0	0	
1	0	0	0	0	0	58	
1	1	0	0	0	0	57	
0	0	0	11	0	0	0	
129	0	0	0	0	0	0	
0	0	0	245	0	0	0	
11	18	19	0	1	0	31	
37	0	58	0	0	0	13	
0	0	3	0	0	193	0	
1	0	88	0	0	0	0	
0	1	0	10	0	0	0	
0	0	99	209	0	0	0	
0	0	0	0	0	0	0	
0	0	1	0	20	0	0	
0	0	0	11	0	0	0	
0	0	114	0	0	0	1	
0	0	0	0	0	25	0	
0	145	0	0	121	0	0	
