4	0	0	0	0	0	12	
1	0	0	0	0	140	0	
3	99	6	0	0	1	0	
0	0	38	0	0	0	146	
48	0	0	0	0	0	0	
18	0	0	0	0	0	0	
0	13	23	17	0	0	1	
0	0	32	0	0	0	0	
0	0	0	0	21	0	27	
0	0	26	0	0	0	0	
0	0	78	0	0	0	0	
0	0	0	0	0	0	0	
0	0	0	0	0	0	0	
0	0	0	28	263	4	0	
0	1	0	0	0	78	27	
0	0	14	0	0	0	0	
0	36	85	0	0	2	152	
0	1	1	0	0	42	0	
0	0	0	72	117	0	0	
87	69	0	0	2	3	0	
2	73	64	5	0	0	0	
0	0	10	0	2	0	0	
0	23	0	0	0	32	0	
0	0	20	0	0	0	0	
47	0	0	2	0	1	89	
0	0	0	298	0	6	4	
0	18	0	0	0	0	0	
0	0	0	0	0	0	0	
0	0	0	0	0	0	0	
0	79	0	0	0	0	0	
158	0	0	0	0	0	0	
0	0	0	0	0	8	1	
0	0	0	42	0	0	0	
0	0	12	0	0	0	0	
342	0	0	0	0	0	0	
0	0	0	0	0	45	0	
0	0	8	0	0	0	93	
0	0	0	0	0	111	0	
0	0	0	18	0	0	0	
0	37	0	0	60	0	0	
0	2	27	76	62	96	0	
0	63	7	0	0	48	0	
133	0	0	2	0	3	0	
0	0	65	0	0	0	0	
0	0	23	0	1	0	0	
0	0	98	42	0	2	0	
0	0	0	0	87	3	0	
0	0	0	0	0	69	0	
0	0	0	0	0	0	0	
0	71	0	3	0	1	181	
