84	0	0	0	1	0	0	
0	0	40	0	3	9	82	
48	2	0	21	0	0	0	
0	0	43	0	0	0	48	
0	36	0	0	0	58	0	
0	0	1	39	0	0	131	
0	0	28	0	0	1	0	
0	40	0	37	0	1	0	
0	0	54	0	0	0	0	
0	0	0	75	0	134	5	
0	0	0	0	10	0	0	
0	0	0	0	0	0	0	
233	0	0	0	0	0	114	
0	0	0	0	0	0	0	
0	0	0	1	20	0	0	
0	0	0	16	0	0	0	
0	0	47	0	16	36	36	
17	0	0	0	96	0	0	
0	0	107	43	0	0	84	
0	0	40	0	0	0	92	
28	0	0	0	0	0	0	
0	0	0	0	38	40	14	
60	0	0	0	0	0	0	
0	8	0	0	0	0	0	
26	25	0	0	0	0	0	
0	0	0	0	26	0	24	
0	0	0	71	0	0	0	
0	0	0	0	10	0	0	
1	0	0	0	252	0	2	
14	175	0	0	0	0	0	
1	0	0	0	1	0	131	
36	157	0	0	0	0	0	
0	0	0	0	0	8	0	
0	0	0	0	0	11	0	
0	0	0	0	0	0	8	
0	22	0	0	0	0	0	
0	67	0	40	0	157	0	
0	0	0	0	0	0	0	
1	0	61	92	0	0	0	
0	2	125	0	0	0	0	
0	51	0	30	0	0	0	
0	0	167	0	0	0	0	
0	0	0	0	0	8	0	
0	0	57	0	0	20	0	
0	0	0	0	0	19	0	
0	0	0	0	11	0	0	
0	0	0	0	0	77	0	
0	38	0	118	2	0	0	
0	6	0	0	0	121	0	
39	0	0	0	46	78	0	
