0.000711	0.001810	0.000711	0.000711	0.000711	0.000711	0.000711	0.000711	0.000711	0.000711	0.000711	0.000711	0.000711	0.000904	0.000711	0.000711	0.000711	0.000711	0.000711	0.000711	0.000711	0.000711	0.000711	0.000711	0.000711	0.000711	0.000711	0.000711	0.000711	0.001242	0.000711	0.000711	0.002068	0.005855	0.001253	0.000711	0.000711	0.001767	0.002415	0.000711	0.000711	0.000711	0.000711	0.000711	0.000711	0.000711	0.000711	0.000711	0.000711	0.953522	
0.000643	0.001202	0.000643	0.000643	0.000643	0.000643	0.000643	0.000643	0.000643	0.000643	0.000643	0.000643	0.000643	0.000803	0.000643	0.000643	0.000643	0.000643	0.000643	0.000643	0.000643	0.000643	0.000643	0.000643	0.000643	0.000643	0.000643	0.000643	0.000643	0.001200	0.000643	0.000643	0.001406	0.003201	0.000849	0.000643	0.000643	0.001758	0.004729	0.000643	0.000643	0.000643	0.000643	0.000643	0.000643	0.000643	0.000643	0.000643	0.000643	0.958470	
0.000612	0.001078	0.000612	0.000612	0.000612	0.000612	0.000612	0.000612	0.000612	0.000612	0.000612	0.000612	0.000612	0.001075	0.000612	0.000612	0.000612	0.000612	0.000612	0.000612	0.000612	0.000612	0.000612	0.000612	0.000612	0.000612	0.000612	0.000612	0.000612	0.001328	0.000612	0.000612	0.001336	0.001723	0.000745	0.000612	0.000612	0.001319	0.007324	0.000612	0.000612	0.000612	0.000612	0.000612	0.000612	0.000612	0.000612	0.000612	0.000612	0.958977	
0.000592	0.000764	0.000592	0.000592	0.000592	0.000592	0.000592	0.000592	0.000592	0.000592	0.000592	0.000592	0.000592	0.000736	0.000592	0.000592	0.000592	0.000592	0.000592	0.000592	0.000592	0.000592	0.000592	0.000592	0.000592	0.000592	0.000592	0.000592	0.000592	0.000933	0.000592	0.000592	0.001035	0.000774	0.000779	0.000592	0.000592	0.025401	0.001843	0.000592	0.000592	0.000592	0.000592	0.000592	0.000592	0.000592	0.000592	0.000592	0.000592	0.943453	
0.000620	0.002184	0.000620	0.000620	0.000620	0.000620	0.000620	0.000620	0.000620	0.000620	0.000620	0.000620	0.000620	0.001640	0.000620	0.000620	0.000620	0.000620	0.000620	0.000620	0.000620	0.000620	0.000620	0.000620	0.000620	0.000620	0.000620	0.000620	0.000620	0.001448	0.000620	0.000620	0.002790	0.001053	0.001594	0.000620	0.000620	0.010182	0.007215	0.000620	0.000620	0.000620	0.000620	0.000620	0.000620	0.000620	0.000620	0.000620	0.000620	0.946465	
0.000622	0.001224	0.000622	0.000622	0.000622	0.000622	0.000622	0.000622	0.000622	0.000622	0.000622	0.000622	0.000622	0.000937	0.000622	0.000622	0.000622	0.000622	0.000622	0.000622	0.000622	0.000622	0.000622	0.000622	0.000622	0.000622	0.000622	0.000622	0.000622	0.000900	0.000622	0.000622	0.002473	0.000857	0.002033	0.000622	0.000622	0.016332	0.003153	0.000622	0.000622	0.000622	0.000622	0.000622	0.000622	0.000622	0.000622	0.000622	0.000622	0.946582	
0.000631	0.001480	0.000631	0.000631	0.000631	0.000631	0.000631	0.000631	0.000631	0.000631	0.000631	0.000631	0.000631	0.001563	0.000631	0.000631	0.000631	0.000631	0.000631	0.000631	0.000631	0.000631	0.000631	0.000631	0.000631	0.000631	0.000631	0.000631	0.000631	0.001188	0.000631	0.000631	0.002740	0.000958	0.002036	0.000631	0.000631	0.010262	0.006866	0.000631	0.000631	0.000631	0.000631	0.000631	0.000631	0.000631	0.000631	0.000631	0.000631	0.947038	
0.000550	0.006986	0.000550	0.000550	0.000550	0.000550	0.000550	0.000550	0.000550	0.000550	0.000550	0.000550	0.000550	0.000881	0.000550	0.000550	0.000550	0.000550	0.000550	0.000550	0.000550	0.000550	0.000550	0.000550	0.000550	0.000550	0.000550	0.000550	0.000550	0.001012	0.000550	0.000550	0.004240	0.000750	0.000791	0.000550	0.000550	0.001316	0.003797	0.000550	0.000550	0.000550	0.000550	0.000550	0.000550	0.000550	0.000550	0.000550	0.000550	0.957664	
0.000555	0.006964	0.000555	0.000555	0.000555	0.000555	0.000555	0.000555	0.000555	0.000555	0.000555	0.000555	0.000555	0.001046	0.000555	0.000555	0.000555	0.000555	0.000555	0.000555	0.000555	0.000555	0.000555	0.000555	0.000555	0.000555	0.000555	0.000555	0.000555	0.000867	0.000555	0.000555	0.004232	0.000774	0.000872	0.000555	0.000555	0.005618	0.003475	0.000555	0.000555	0.000555	0.000555	0.000555	0.000555	0.000555	0.000555	0.000555	0.000555	0.953390	
0.000601	0.004611	0.000601	0.000601	0.000601	0.000601	0.000601	0.000601	0.000601	0.000601	0.000601	0.000601	0.000601	0.003169	0.000601	0.000601	0.000601	0.000601	0.000601	0.000601	0.000601	0.000601	0.000601	0.000601	0.000601	0.000601	0.000601	0.000601	0.000601	0.001261	0.000601	0.000601	0.003258	0.000860	0.000923	0.000601	0.000601	0.002511	0.014242	0.000601	0.000601	0.000601	0.000601	0.000601	0.000601	0.000601	0.000601	0.000601	0.000601	0.944533	
0.000548	0.008350	0.000548	0.000548	0.000548	0.000548	0.000548	0.000548	0.000548	0.000548	0.000548	0.000548	0.000548	0.000845	0.000548	0.000548	0.000548	0.000548	0.000548	0.000548	0.000548	0.000548	0.000548	0.000548	0.000548	0.000548	0.000548	0.000548	0.000548	0.000975	0.000548	0.000548	0.005174	0.000763	0.001059	0.000548	0.000548	0.001511	0.002610	0.000548	0.000548	0.000548	0.000548	0.000548	0.000548	0.000548	0.000548	0.000548	0.000548	0.956243	
0.000640	0.001114	0.000640	0.000640	0.000640	0.000640	0.000640	0.000640	0.000640	0.000640	0.000640	0.000640	0.000640	0.004567	0.000640	0.000640	0.000640	0.000640	0.000640	0.000640	0.000640	0.000640	0.000640	0.000640	0.000640	0.000640	0.000640	0.000640	0.000640	0.000927	0.000640	0.000640	0.001420	0.000790	0.001040	0.000640	0.000640	0.003770	0.021477	0.000640	0.000640	0.000640	0.000640	0.000640	0.000640	0.000640	0.000640	0.000640	0.000640	0.938665	
0.000640	0.004559	0.000640	0.000640	0.000640	0.000640	0.000640	0.000640	0.000640	0.000640	0.000640	0.000640	0.000640	0.000963	0.000640	0.000640	0.000640	0.000640	0.000640	0.000640	0.000640	0.000640	0.000640	0.000640	0.000640	0.000640	0.000640	0.000640	0.000640	0.001091	0.000640	0.000640	0.003060	0.003879	0.000875	0.000640	0.000640	0.001590	0.002936	0.000640	0.000640	0.000640	0.000640	0.000640	0.000640	0.000640	0.000640	0.000640	0.000640	0.954804	
0.000649	0.002697	0.000649	0.000649	0.000649	0.000649	0.000649	0.000649	0.000649	0.000649	0.000649	0.000649	0.000649	0.001954	0.000649	0.000649	0.000649	0.000649	0.000649	0.000649	0.000649	0.000649	0.000649	0.000649	0.000649	0.000649	0.000649	0.000649	0.000649	0.001136	0.000649	0.000649	0.002119	0.003224	0.000851	0.000649	0.000649	0.001543	0.008619	0.000649	0.000649	0.000649	0.000649	0.000649	0.000649	0.000649	0.000649	0.000649	0.000649	0.951261	
0.000664	0.001527	0.000664	0.000664	0.000664	0.000664	0.000664	0.000664	0.000664	0.000664	0.000664	0.000664	0.000664	0.001990	0.000664	0.000664	0.000664	0.000664	0.000664	0.000664	0.000664	0.000664	0.000664	0.000664	0.000664	0.000664	0.000664	0.000664	0.000664	0.001123	0.000664	0.000664	0.001765	0.003269	0.001104	0.000664	0.000664	0.001562	0.009179	0.000664	0.000664	0.000664	0.000664	0.000664	0.000664	0.000664	0.000664	0.000664	0.000664	0.951276	
0.000646	0.000988	0.000646	0.000646	0.000646	0.000646	0.000646	0.000646	0.000646	0.000646	0.000646	0.000646	0.000646	0.000822	0.000646	0.000646	0.000646	0.000646	0.000646	0.000646	0.000646	0.000646	0.000646	0.000646	0.000646	0.000646	0.000646	0.000646	0.000646	0.010597	0.000646	0.000646	0.006036	0.001064	0.000889	0.000646	0.000646	0.001835	0.011713	0.000646	0.000646	0.000646	0.000646	0.000646	0.000646	0.000646	0.000646	0.000646	0.000646	0.939579	
0.000641	0.000911	0.000641	0.000641	0.000641	0.000641	0.000641	0.000641	0.000641	0.000641	0.000641	0.000641	0.000641	0.000754	0.000641	0.000641	0.000641	0.000641	0.000641	0.000641	0.000641	0.000641	0.000641	0.000641	0.000641	0.000641	0.000641	0.000641	0.000641	0.010223	0.000641	0.000641	0.005792	0.000987	0.000866	0.000641	0.000641	0.002455	0.011228	0.000641	0.000641	0.000641	0.000641	0.000641	0.000641	0.000641	0.000641	0.000641	0.000641	0.940489	
0.000613	0.001663	0.000613	0.000613	0.000613	0.000613	0.000613	0.000613	0.000613	0.000613	0.000613	0.000613	0.000613	0.000774	0.000613	0.000613	0.000613	0.000613	0.000613	0.000613	0.000613	0.000613	0.000613	0.000613	0.000613	0.000613	0.000613	0.000613	0.000613	0.006032	0.000613	0.000613	0.004073	0.000906	0.000838	0.000613	0.000613	0.001808	0.008810	0.000613	0.000613	0.000613	0.000613	0.000613	0.000613	0.000613	0.000613	0.000613	0.000613	0.949975	
0.000628	0.002003	0.000628	0.000628	0.000628	0.000628	0.000628	0.000628	0.000628	0.000628	0.000628	0.000628	0.000628	0.001039	0.000628	0.000628	0.000628	0.000628	0.000628	0.000628	0.000628	0.000628	0.000628	0.000628	0.000628	0.000628	0.000628	0.000628	0.000628	0.007574	0.000628	0.000628	0.005067	0.001098	0.000907	0.000628	0.000628	0.004565	0.009804	0.000628	0.000628	0.000628	0.000628	0.000628	0.000628	0.000628	0.000628	0.000628	0.000628	0.942181	
0.000642	0.001246	0.000642	0.000642	0.000642	0.000642	0.000642	0.000642	0.000642	0.000642	0.000642	0.000642	0.000642	0.004825	0.000642	0.000642	0.000642	0.000642	0.000642	0.000642	0.000642	0.000642	0.000642	0.000642	0.000642	0.000642	0.000642	0.000642	0.000642	0.002202	0.000642	0.000642	0.001892	0.000770	0.000810	0.000642	0.000642	0.002233	0.023660	0.000642	0.000642	0.000642	0.000642	0.000642	0.000642	0.000642	0.000642	0.000642	0.000642	0.936028	
0.000635	0.001028	0.000635	0.000635	0.000635	0.000635	0.000635	0.000635	0.000635	0.000635	0.000635	0.000635	0.000635	0.003569	0.000635	0.000635	0.000635	0.000635	0.000635	0.000635	0.000635	0.000635	0.000635	0.000635	0.000635	0.000635	0.000635	0.000635	0.000635	0.003140	0.000635	0.000635	0.002291	0.000856	0.000842	0.000635	0.000635	0.001619	0.019156	0.000635	0.000635	0.000635	0.000635	0.000635	0.000635	0.000635	0.000635	0.000635	0.000635	0.941447	
0.000702	0.001171	0.000702	0.000702	0.000702	0.000702	0.000702	0.000702	0.000702	0.000702	0.000702	0.000702	0.000702	0.001965	0.000702	0.000702	0.000702	0.000702	0.000702	0.000702	0.000702	0.000702	0.000702	0.000702	0.000702	0.000702	0.000702	0.000702	0.000702	0.000987	0.000702	0.000702	0.005228	0.000869	0.004852	0.000702	0.000702	0.005476	0.007414	0.000702	0.000702	0.000702	0.000702	0.000702	0.000702	0.000702	0.000702	0.000702	0.000702	0.943244	
0.000732	0.001469	0.000732	0.000732	0.000732	0.000732	0.000732	0.000732	0.000732	0.000732	0.000732	0.000732	0.000732	0.000894	0.000732	0.000732	0.000732	0.000732	0.000732	0.000732	0.000732	0.000732	0.000732	0.000732	0.000732	0.000732	0.000732	0.000732	0.000732	0.001141	0.000732	0.000732	0.007154	0.000990	0.006581	0.000732	0.000732	0.001723	0.002229	0.000732	0.000732	0.000732	0.000732	0.000732	0.000732	0.000732	0.000732	0.000732	0.000732	0.947809	
0.000655	0.004180	0.000655	0.000655	0.000655	0.000655	0.000655	0.000655	0.000655	0.000655	0.000655	0.000655	0.000655	0.000958	0.000655	0.000655	0.000655	0.000655	0.000655	0.000655	0.000655	0.000655	0.000655	0.000655	0.000655	0.000655	0.000655	0.000655	0.000655	0.001184	0.000655	0.000655	0.006227	0.000857	0.004200	0.000655	0.000655	0.001360	0.003033	0.000655	0.000655	0.000655	0.000655	0.000655	0.000655	0.000655	0.000655	0.000655	0.000655	0.951144	
