0.505233	0.000997	0.036660	0.000964	0.056387	0.013326	0.047753	0.071778	0.047260	0.127131	0.003869	0.037111	0.014782	0.028836	0.007913	
0.538680	0.005836	0.020879	0.000968	0.029358	0.025019	0.026552	0.158500	0.022864	0.093660	0.007364	0.019180	0.027923	0.016311	0.006906	
0.517253	0.008056	0.027668	0.000711	0.017717	0.029207	0.015757	0.185680	0.028274	0.071919	0.010393	0.016459	0.038360	0.024095	0.008451	
0.609033	0.000895	0.018243	0.014925	0.004298	0.067140	0.154368	0.011894	0.016281	0.010503	0.042568	0.018080	0.018576	0.009154	0.004042	
0.423313	0.002914	0.078061	0.005930	0.016676	0.041978	0.088846	0.038772	0.101554	0.026822	0.024868	0.039109	0.032343	0.066411	0.012402	
0.519464	0.002052	0.032074	0.009564	0.006488	0.050166	0.122660	0.038007	0.085954	0.015951	0.029604	0.033763	0.019506	0.030213	0.004534	
0.443187	0.003484	0.055924	0.005976	0.014077	0.038553	0.088795	0.054717	0.109607	0.024771	0.024822	0.042680	0.030775	0.054412	0.008220	
0.309795	0.002874	0.186104	0.000701	0.007838	0.061675	0.068761	0.055918	0.108952	0.021823	0.005706	0.012324	0.017064	0.121449	0.019013	
0.304194	0.001187	0.191897	0.003238	0.009332	0.066404	0.095536	0.010670	0.117532	0.010526	0.012595	0.018402	0.014085	0.126715	0.017688	
0.202995	0.003835	0.190231	0.001393	0.030291	0.038694	0.054773	0.010636	0.154858	0.015453	0.023366	0.054818	0.047553	0.153618	0.017486	
0.255400	0.000919	0.222312	0.000812	0.007897	0.067084	0.086730	0.010932	0.138959	0.011765	0.004333	0.015798	0.010144	0.145259	0.021655	
0.212534	0.007102	0.136769	0.002132	0.041069	0.018019	0.030198	0.045623	0.156507	0.016472	0.036975	0.080123	0.070587	0.138495	0.007395	
0.401550	0.001159	0.117444	0.000860	0.038507	0.036043	0.060014	0.049539	0.074768	0.082503	0.004684	0.026582	0.014261	0.078655	0.013430	
0.384730	0.003841	0.097090	0.000831	0.040980	0.025321	0.039001	0.075769	0.080845	0.075108	0.013210	0.040481	0.033620	0.078667	0.010507	
0.418177	0.004782	0.065514	0.000842	0.041198	0.018651	0.031871	0.098357	0.077029	0.080222	0.014071	0.043982	0.036687	0.060949	0.007669	
0.551227	0.000989	0.015550	0.001005	0.025140	0.007656	0.016155	0.016757	0.022330	0.129371	0.003962	0.009498	0.092073	0.013455	0.094833	
0.561098	0.001309	0.011819	0.001372	0.023064	0.009982	0.018628	0.025478	0.018369	0.125463	0.004804	0.008011	0.089410	0.010049	0.091142	
0.524199	0.004339	0.034341	0.000995	0.015319	0.024402	0.021885	0.096424	0.030467	0.090941	0.006379	0.008519	0.063264	0.024803	0.053724	
0.496546	0.001176	0.051921	0.002616	0.022530	0.022790	0.042904	0.014806	0.045618	0.094612	0.010198	0.016034	0.070496	0.038740	0.069013	
0.190342	0.006709	0.147700	0.001223	0.045762	0.012757	0.018513	0.027651	0.155691	0.027154	0.035860	0.080872	0.082504	0.147397	0.019863	
0.304736	0.006676	0.102781	0.000868	0.036171	0.014559	0.013929	0.066390	0.113103	0.048605	0.026433	0.058576	0.076411	0.103537	0.027223	
0.331151	0.002165	0.054146	0.003134	0.015089	0.017196	0.097315	0.016867	0.246037	0.008665	0.018061	0.082546	0.025344	0.077174	0.005109	
0.355536	0.001084	0.025811	0.000916	0.005510	0.010653	0.103450	0.029524	0.293808	0.013933	0.003616	0.083935	0.008862	0.057426	0.005935	
0.313995	0.001331	0.106004	0.000711	0.007123	0.032867	0.092012	0.026133	0.226225	0.014561	0.004274	0.055678	0.012195	0.093614	0.013276	
