0.002305	0.065147	0.062458	0.024161	0.006683	0.004119	0.014540	0.022419	0.020856	0.001073	0.034871	0.007023	0.000173	0.002258	0.001230	0.018882	0.004094	0.015241	0.004811	0.013922	0.000949	0.064786	0.000913	0.005763	0.005711	0.015285	0.014750	0.001357	0.012685	0.034777	0.000173	0.050031	0.006072	0.008235	0.001842	0.004040	0.003486	0.000690	0.081740	0.013324	0.025390	0.144430	0.072168	0.001908	0.010881	0.063372	0.012532	0.002042	0.013070	0.001335	
0.008930	0.062905	0.061295	0.014569	0.017712	0.004972	0.006090	0.017866	0.023222	0.001259	0.034751	0.013703	0.000162	0.009193	0.003065	0.007734	0.011397	0.016012	0.005816	0.004812	0.003641	0.058908	0.002194	0.011346	0.006912	0.006378	0.005092	0.003353	0.005226	0.027702	0.000162	0.066429	0.020995	0.008963	0.005527	0.006679	0.001283	0.002481	0.065076	0.031348	0.015212	0.122837	0.061414	0.003314	0.019721	0.055614	0.009998	0.002440	0.040934	0.003356	
0.002590	0.071706	0.069430	0.010326	0.009506	0.005425	0.006613	0.024563	0.023027	0.001371	0.029290	0.007910	0.000173	0.002711	0.001387	0.008543	0.005227	0.011092	0.006346	0.004267	0.001102	0.072355	0.001023	0.007917	0.007544	0.005978	0.004513	0.001870	0.005771	0.038112	0.000173	0.053070	0.007959	0.009077	0.002451	0.003386	0.001160	0.000792	0.089601	0.017530	0.012769	0.158548	0.081191	0.002449	0.009522	0.069602	0.013723	0.002661	0.015139	0.001509	
0.003515	0.007829	0.040791	0.006176	0.137949	0.003143	0.006517	0.001031	0.004026	0.000834	0.006688	0.100102	0.000152	0.005990	0.001149	0.008462	0.059971	0.095103	0.003668	0.002670	0.000998	0.008773	0.000850	0.064781	0.004350	0.003667	0.002822	0.025206	0.005710	0.001519	0.000152	0.155570	0.067159	0.001150	0.025735	0.002925	0.000759	0.000716	0.003373	0.070413	0.007864	0.008092	0.009458	0.002772	0.008153	0.005036	0.000640	0.001569	0.012773	0.001249	
0.015343	0.017083	0.031025	0.012166	0.069150	0.004049	0.038523	0.001181	0.009435	0.001039	0.029822	0.055454	0.000150	0.016549	0.002801	0.050652	0.035880	0.074085	0.004733	0.004195	0.006055	0.014474	0.002005	0.034113	0.005622	0.005742	0.004439	0.012695	0.033923	0.001754	0.000150	0.101777	0.053616	0.005415	0.016386	0.010186	0.001124	0.004087	0.003931	0.063070	0.015326	0.022979	0.012092	0.004359	0.027816	0.009585	0.000723	0.001996	0.048180	0.003066	
0.010882	0.012865	0.033485	0.011279	0.093420	0.002381	0.031649	0.001178	0.006917	0.000660	0.022132	0.071838	0.000152	0.012522	0.002017	0.041604	0.044278	0.084832	0.002772	0.004791	0.004149	0.010330	0.001457	0.044032	0.003280	0.005754	0.005070	0.017110	0.027873	0.001749	0.000152	0.119497	0.057924	0.003825	0.019608	0.007767	0.001270	0.002817	0.003916	0.062764	0.012765	0.017703	0.008252	0.003281	0.020946	0.007608	0.000722	0.001208	0.033316	0.002203	
0.026525	0.007533	0.018960	0.049599	0.049738	0.002577	0.007877	0.001339	0.003592	0.000702	0.072889	0.036891	0.000148	0.027039	0.000935	0.009804	0.032932	0.038486	0.003004	0.032278	0.010537	0.008313	0.000699	0.024308	0.003558	0.033105	0.034213	0.009164	0.006606	0.002001	0.000148	0.091936	0.060841	0.009202	0.015657	0.002627	0.007890	0.007074	0.004515	0.071085	0.058717	0.036327	0.009057	0.005347	0.007159	0.005357	0.000810	0.001299	0.048587	0.001013	
0.007917	0.077430	0.061611	0.038245	0.007773	0.007362	0.013333	0.001789	0.045005	0.001776	0.019180	0.007599	0.000126	0.007997	0.013747	0.016610	0.006760	0.014567	0.008631	0.005107	0.003243	0.047820	0.009660	0.008426	0.010281	0.007495	0.005407	0.001517	0.011150	0.002713	0.000126	0.090629	0.015096	0.003278	0.003464	0.028912	0.001326	0.002204	0.006224	0.029602	0.018041	0.019322	0.022448	0.003903	0.087600	0.038704	0.001050	0.003554	0.139132	0.015109	
0.003027	0.043952	0.041693	0.030639	0.029928	0.004131	0.062276	0.002003	0.024832	0.001056	0.014146	0.030776	0.000147	0.003454	0.007410	0.081670	0.014157	0.066120	0.004830	0.009626	0.001162	0.028218	0.005231	0.016340	0.005738	0.011394	0.010197	0.005562	0.054666	0.003034	0.000147	0.078685	0.017703	0.001611	0.006196	0.022316	0.002431	0.000824	0.006951	0.024757	0.019329	0.014792	0.015076	0.002196	0.063157	0.023356	0.001178	0.002034	0.071710	0.008137	
0.002876	0.008829	0.009855	0.091713	0.006736	0.003958	0.075216	0.001698	0.004092	0.001028	0.055847	0.016000	0.000163	0.002267	0.001018	0.098388	0.005243	0.061058	0.004624	0.060585	0.000946	0.011149	0.000761	0.005681	0.005489	0.062398	0.064225	0.001358	0.065851	0.002550	0.000163	0.043351	0.006116	0.001327	0.001847	0.011081	0.014722	0.000685	0.005790	0.013110	0.093824	0.012122	0.013119	0.001848	0.027521	0.006478	0.001016	0.001961	0.011214	0.001103	
0.003852	0.008289	0.008714	0.155937	0.005308	0.003265	0.007605	0.001247	0.004128	0.000864	0.092691	0.004825	0.000155	0.002698	0.001131	0.008292	0.005871	0.009404	0.003811	0.103753	0.001132	0.009423	0.000838	0.004570	0.004520	0.104786	0.109994	0.001092	0.005597	0.001853	0.000155	0.061204	0.006141	0.001333	0.001703	0.002870	0.025118	0.000806	0.004158	0.012100	0.156683	0.009817	0.010330	0.001660	0.007989	0.005568	0.000762	0.001628	0.013101	0.001229	
0.004884	0.013809	0.014174	0.051223	0.012115	0.001898	0.107272	0.001305	0.007392	0.000559	0.035055	0.024640	0.000163	0.004723	0.002145	0.141163	0.007821	0.088558	0.002203	0.031567	0.001885	0.010288	0.001550	0.006753	0.002599	0.032996	0.033459	0.002336	0.094457	0.001940	0.000163	0.042147	0.011978	0.001979	0.003413	0.017345	0.007731	0.001311	0.004351	0.015922	0.049676	0.012196	0.007494	0.001527	0.044074	0.008226	0.000798	0.000985	0.025407	0.002343	
0.002608	0.088971	0.069745	0.038810	0.007175	0.003209	0.020071	0.003121	0.050821	0.000830	0.009510	0.008092	0.000128	0.002700	0.015241	0.025452	0.004220	0.019180	0.003749	0.003170	0.001096	0.049564	0.010707	0.005385	0.004452	0.004302	0.003354	0.001409	0.017063	0.004785	0.000128	0.092854	0.006958	0.001932	0.002014	0.032730	0.000861	0.000773	0.011105	0.012828	0.008813	0.021918	0.017041	0.001636	0.098776	0.046063	0.001791	0.001587	0.144519	0.016753	
0.003333	0.068998	0.053329	0.052850	0.004120	0.002888	0.039624	0.001538	0.040176	0.000763	0.020915	0.008799	0.000135	0.003201	0.012306	0.051276	0.003501	0.032035	0.003371	0.017174	0.001338	0.037727	0.008655	0.003782	0.003999	0.018363	0.018200	0.000859	0.034335	0.002318	0.000135	0.079118	0.006391	0.001605	0.001611	0.029273	0.004240	0.000937	0.005282	0.011903	0.029226	0.012412	0.011513	0.001588	0.086498	0.034386	0.000915	0.001439	0.118095	0.013524	
0.003797	0.080594	0.062521	0.043286	0.005319	0.002166	0.030591	0.002474	0.046344	0.000595	0.015087	0.008307	0.000131	0.003795	0.014003	0.039365	0.004033	0.025937	0.002524	0.008102	0.001564	0.043442	0.009841	0.003846	0.002988	0.008990	0.008582	0.001074	0.026369	0.003776	0.000131	0.086322	0.007767	0.002106	0.001970	0.031553	0.002052	0.001086	0.008723	0.012164	0.015292	0.019043	0.012728	0.001430	0.094271	0.041190	0.001433	0.001095	0.134813	0.015390	
0.003084	0.020209	0.029962	0.010589	0.004656	0.054169	0.006133	0.003104	0.009722	0.012463	0.010710	0.005199	0.000141	0.003124	0.002414	0.007858	0.003366	0.007527	0.063647	0.003628	0.001304	0.083540	0.001732	0.038212	0.075969	0.020738	0.003838	0.000962	0.005302	0.004751	0.000141	0.046673	0.007400	0.002098	0.001689	0.005412	0.000981	0.000916	0.011007	0.101932	0.065951	0.022274	0.130091	0.019575	0.015861	0.013893	0.001787	0.025733	0.025893	0.002642	
0.003514	0.020856	0.030380	0.012531	0.010349	0.052415	0.005145	0.001108	0.011736	0.012060	0.009350	0.009102	0.000137	0.003661	0.003525	0.006484	0.005952	0.010470	0.061587	0.003319	0.001457	0.078961	0.002509	0.039631	0.073510	0.019867	0.003510	0.001993	0.004381	0.001647	0.000137	0.055226	0.010575	0.001561	0.002819	0.007509	0.000903	0.001017	0.003698	0.102069	0.063695	0.009973	0.120624	0.019068	0.022406	0.011252	0.000676	0.024900	0.036879	0.003864	
0.003755	0.006634	0.021641	0.012588	0.011518	0.057969	0.006082	0.001506	0.002910	0.013330	0.013680	0.010193	0.000142	0.003871	0.000675	0.007841	0.006633	0.012058	0.068114	0.007679	0.001533	0.080036	0.000515	0.043864	0.081302	0.025989	0.008133	0.002210	0.005290	0.002264	0.000142	0.046802	0.011472	0.001756	0.003079	0.001930	0.001958	0.001069	0.005145	0.112629	0.076294	0.012684	0.133918	0.021057	0.005154	0.005190	0.000900	0.027533	0.010607	0.000728	
0.003913	0.006461	0.020126	0.021267	0.022735	0.040944	0.031098	0.001030	0.003202	0.009452	0.017916	0.021660	0.000148	0.004166	0.000888	0.040817	0.011556	0.038220	0.048102	0.013242	0.001532	0.057218	0.000666	0.037612	0.057406	0.026380	0.014031	0.004254	0.027345	0.001521	0.000148	0.054364	0.016353	0.001595	0.005119	0.005441	0.003303	0.001070	0.003384	0.087723	0.065640	0.009594	0.094336	0.015187	0.013850	0.004401	0.000638	0.019472	0.012509	0.000962	
0.050631	0.008133	0.011572	0.012296	0.013473	0.007985	0.012826	0.001022	0.004199	0.001929	0.094260	0.011721	0.000140	0.050794	0.001194	0.016741	0.027305	0.018388	0.009362	0.006709	0.020597	0.015216	0.000877	0.011431	0.011151	0.009290	0.007105	0.002564	0.011242	0.001513	0.000140	0.063589	0.080617	0.017482	0.015350	0.003804	0.001723	0.013778	0.003376	0.107639	0.035515	0.062037	0.020364	0.010685	0.010357	0.005178	0.000630	0.003856	0.090919	0.001299	
0.016264	0.009425	0.014180	0.008883	0.006662	0.022945	0.077489	0.000878	0.005105	0.005351	0.031931	0.016715	0.000152	0.016337	0.001524	0.102264	0.009808	0.062535	0.026944	0.003934	0.006664	0.035027	0.001112	0.018307	0.032142	0.011770	0.004162	0.001336	0.068440	0.001282	0.000152	0.037888	0.027174	0.005820	0.005405	0.012468	0.001064	0.004493	0.002814	0.070984	0.036330	0.022697	0.053531	0.010651	0.031561	0.005557	0.000556	0.010949	0.038679	0.001661	
0.043242	0.013713	0.015840	0.014346	0.018657	0.003016	0.030617	0.001043	0.007524	0.000798	0.081138	0.017996	0.000143	0.043502	0.002231	0.040199	0.026366	0.035120	0.003521	0.006523	0.017575	0.011393	0.001604	0.010474	0.004176	0.007681	0.006907	0.003509	0.026931	0.001542	0.000143	0.066753	0.071969	0.014970	0.014404	0.008074	0.001680	0.011764	0.003442	0.088246	0.027224	0.053831	0.009355	0.007856	0.021997	0.007812	0.000643	0.001504	0.088565	0.002440	
0.038733	0.033833	0.029860	0.026960	0.010782	0.002802	0.005844	0.003196	0.017792	0.000745	0.078894	0.008623	0.000138	0.038797	0.004911	0.007196	0.021202	0.011249	0.003270	0.010874	0.015745	0.023347	0.003479	0.006752	0.003877	0.011760	0.011521	0.002073	0.004858	0.004895	0.000138	0.073489	0.061697	0.014163	0.011828	0.010347	0.002725	0.010543	0.011350	0.076537	0.031871	0.062596	0.015263	0.007022	0.031085	0.020397	0.001836	0.001400	0.106315	0.005389	
0.033033	0.011066	0.012748	0.071470	0.013448	0.001844	0.007582	0.001817	0.005312	0.000534	0.096852	0.010744	0.000146	0.032718	0.001354	0.009162	0.020592	0.014538	0.002142	0.046378	0.013248	0.009641	0.000992	0.007325	0.002530	0.046971	0.049163	0.002565	0.006176	0.002746	0.000146	0.067269	0.053838	0.011622	0.010754	0.003408	0.011287	0.008881	0.006273	0.065280	0.080897	0.046852	0.008815	0.005776	0.009605	0.007715	0.001075	0.000951	0.063244	0.001475	
