0.643106	0.000992	0.015119	0.000900	0.030350	0.010702	0.090717	0.063133	0.016147	0.068031	0.003245	0.006584	0.033936	0.013637	0.003402	
0.511528	0.004872	0.022898	0.003019	0.020736	0.034675	0.039297	0.099507	0.056710	0.092768	0.011097	0.022526	0.049065	0.025273	0.006030	
0.442722	0.005909	0.050887	0.002447	0.022887	0.027224	0.019419	0.110060	0.072952	0.100801	0.009129	0.035505	0.061368	0.033069	0.005621	
0.631002	0.002733	0.030013	0.010190	0.008069	0.118702	0.047576	0.010070	0.047235	0.009937	0.034061	0.017970	0.007765	0.018670	0.006007	
0.333023	0.001929	0.163486	0.000665	0.036318	0.023217	0.156190	0.019413	0.102779	0.017391	0.003843	0.059938	0.038363	0.036767	0.006678	
0.421013	0.001643	0.069016	0.002704	0.018639	0.043269	0.131155	0.018789	0.140487	0.020542	0.011857	0.055787	0.014122	0.040161	0.010816	
0.373001	0.000896	0.085017	0.000688	0.024381	0.031000	0.218473	0.012734	0.146153	0.013284	0.002976	0.062100	0.008945	0.016312	0.004039	
0.372385	0.001886	0.120864	0.002926	0.023115	0.034223	0.041879	0.016124	0.127638	0.018324	0.021235	0.043994	0.031788	0.108928	0.034691	
0.442597	0.002158	0.091978	0.004796	0.019613	0.056101	0.047650	0.020524	0.091500	0.020528	0.026538	0.024662	0.026098	0.092497	0.032760	
0.206872	0.001930	0.104313	0.000919	0.014961	0.010893	0.032130	0.028872	0.197633	0.027933	0.031336	0.029154	0.025336	0.207867	0.079852	
0.258456	0.001746	0.075093	0.002131	0.009557	0.023623	0.024493	0.024321	0.199153	0.024966	0.034525	0.026492	0.016533	0.200924	0.077986	
0.211307	0.001587	0.151338	0.001019	0.023208	0.014888	0.055300	0.012828	0.170948	0.012211	0.027272	0.036320	0.030709	0.183240	0.067825	
0.448567	0.002458	0.179543	0.002304	0.041895	0.025312	0.040334	0.029632	0.032371	0.030249	0.008847	0.042025	0.061052	0.049108	0.006303	
0.344301	0.003292	0.245239	0.002464	0.046206	0.028050	0.028130	0.021178	0.047974	0.018819	0.010161	0.058446	0.072629	0.064713	0.008398	
0.349753	0.003950	0.207372	0.002037	0.042522	0.026060	0.048078	0.042525	0.053973	0.037467	0.007366	0.056116	0.070462	0.047904	0.004416	
0.471533	0.007268	0.033616	0.003192	0.023543	0.036222	0.021052	0.139528	0.025217	0.123762	0.010862	0.013564	0.070126	0.016795	0.003721	
0.470469	0.007666	0.035187	0.003592	0.023364	0.040616	0.016299	0.143760	0.018297	0.126501	0.012023	0.011314	0.072477	0.015073	0.003361	
0.417881	0.007413	0.028652	0.001772	0.023284	0.022627	0.039443	0.149537	0.047314	0.132300	0.008138	0.016207	0.070407	0.026375	0.008651	
0.353076	0.004361	0.052780	0.002725	0.015873	0.033260	0.042421	0.079062	0.112488	0.070492	0.024018	0.015732	0.039080	0.110771	0.043860	
0.336457	0.003488	0.084538	0.002342	0.018815	0.029982	0.050548	0.053892	0.135314	0.049655	0.020080	0.037555	0.036444	0.104384	0.036505	
0.252445	0.003600	0.083465	0.001262	0.017228	0.018477	0.055683	0.063918	0.151115	0.056350	0.025424	0.021559	0.036024	0.152939	0.060511	
0.396640	0.002331	0.066618	0.001803	0.017877	0.027063	0.081590	0.034578	0.164740	0.037292	0.009484	0.067321	0.024633	0.055707	0.012324	
0.421445	0.001153	0.019795	0.000951	0.006655	0.009348	0.021737	0.017157	0.265910	0.032135	0.005187	0.109092	0.010524	0.070556	0.008356	
0.518927	0.001774	0.050488	0.004511	0.016908	0.056204	0.078576	0.021279	0.103763	0.024813	0.016971	0.042200	0.016898	0.037579	0.009110	
