0.000653	0.001479	0.000653	0.000653	0.000653	0.000653	0.000653	0.000653	0.000653	0.000653	0.000653	0.000653	0.000653	0.000914	0.000653	0.000653	0.000653	0.000653	0.000653	0.000653	0.000653	0.000653	0.000653	0.000653	0.000653	0.000653	0.000653	0.000653	0.000653	0.001303	0.000653	0.000653	0.001356	0.000978	0.004117	0.000653	0.000653	0.008792	0.003957	0.000653	0.000653	0.000653	0.000653	0.000653	0.000653	0.000653	0.000653	0.000653	0.000653	0.950319	
0.000667	0.003993	0.000667	0.000667	0.000667	0.000667	0.000667	0.000667	0.000667	0.000667	0.000667	0.000667	0.000667	0.000866	0.000667	0.000667	0.000667	0.000667	0.000667	0.000667	0.000667	0.000667	0.000667	0.000667	0.000667	0.000667	0.000667	0.000667	0.000667	0.001497	0.000667	0.000667	0.001919	0.001082	0.003084	0.000667	0.000667	0.002658	0.013971	0.000667	0.000667	0.000667	0.000667	0.000667	0.000667	0.000667	0.000667	0.000667	0.000667	0.943586	
0.000680	0.002366	0.000680	0.000680	0.000680	0.000680	0.000680	0.000680	0.000680	0.000680	0.000680	0.000680	0.000680	0.000919	0.000680	0.000680	0.000680	0.000680	0.000680	0.000680	0.000680	0.000680	0.000680	0.000680	0.000680	0.000680	0.000680	0.000680	0.000680	0.001852	0.000680	0.000680	0.001543	0.001266	0.005205	0.000680	0.000680	0.001667	0.007424	0.000680	0.000680	0.000680	0.000680	0.000680	0.000680	0.000680	0.000680	0.000680	0.000680	0.949873	
0.000602	0.003186	0.000602	0.000602	0.000602	0.000602	0.000602	0.000602	0.000602	0.000602	0.000602	0.000602	0.000602	0.001756	0.000602	0.000602	0.000602	0.000602	0.000602	0.000602	0.000602	0.000602	0.000602	0.000602	0.000602	0.000602	0.000602	0.000602	0.000602	0.001250	0.000602	0.000602	0.002485	0.000926	0.000927	0.000602	0.000602	0.008790	0.010940	0.000602	0.000602	0.000602	0.000602	0.000602	0.000602	0.000602	0.000602	0.000602	0.000602	0.945065	
0.000630	0.001260	0.000630	0.000630	0.000630	0.000630	0.000630	0.000630	0.000630	0.000630	0.000630	0.000630	0.000630	0.001024	0.000630	0.000630	0.000630	0.000630	0.000630	0.000630	0.000630	0.000630	0.000630	0.000630	0.000630	0.000630	0.000630	0.000630	0.000630	0.002214	0.000630	0.000630	0.003979	0.001422	0.000833	0.000630	0.000630	0.011793	0.003149	0.000630	0.000630	0.000630	0.000630	0.000630	0.000630	0.000630	0.000630	0.000630	0.000630	0.948488	
0.000626	0.001819	0.000626	0.000626	0.000626	0.000626	0.000626	0.000626	0.000626	0.000626	0.000626	0.000626	0.000626	0.001284	0.000626	0.000626	0.000626	0.000626	0.000626	0.000626	0.000626	0.000626	0.000626	0.000626	0.000626	0.000626	0.000626	0.000626	0.000626	0.001229	0.000626	0.000626	0.003445	0.000928	0.001478	0.000626	0.000626	0.010066	0.005397	0.000626	0.000626	0.000626	0.000626	0.000626	0.000626	0.000626	0.000626	0.000626	0.000626	0.948680	
0.000593	0.000866	0.000593	0.000593	0.000593	0.000593	0.000593	0.000593	0.000593	0.000593	0.000593	0.000593	0.000593	0.000838	0.000593	0.000593	0.000593	0.000593	0.000593	0.000593	0.000593	0.000593	0.000593	0.000593	0.000593	0.000593	0.000593	0.000593	0.000593	0.001042	0.000593	0.000593	0.001488	0.000817	0.000763	0.000593	0.000593	0.023013	0.001687	0.000593	0.000593	0.000593	0.000593	0.000593	0.000593	0.000593	0.000593	0.000593	0.000593	0.945177	
0.000589	0.003498	0.000589	0.000589	0.000589	0.000589	0.000589	0.000589	0.000589	0.000589	0.000589	0.000589	0.000589	0.002627	0.000589	0.000589	0.000589	0.000589	0.000589	0.000589	0.000589	0.000589	0.000589	0.000589	0.000589	0.000589	0.000589	0.000589	0.000589	0.001826	0.000589	0.000589	0.001995	0.001207	0.001345	0.000589	0.000589	0.002205	0.012225	0.000589	0.000589	0.000589	0.000589	0.000589	0.000589	0.000589	0.000589	0.000589	0.000589	0.948920	
0.000572	0.003971	0.000572	0.000572	0.000572	0.000572	0.000572	0.000572	0.000572	0.000572	0.000572	0.000572	0.000572	0.002788	0.000572	0.000572	0.000572	0.000572	0.000572	0.000572	0.000572	0.000572	0.000572	0.000572	0.000572	0.000572	0.000572	0.000572	0.000572	0.000934	0.000572	0.000572	0.001302	0.000753	0.000780	0.000572	0.000572	0.004003	0.014165	0.000572	0.000572	0.000572	0.000572	0.000572	0.000572	0.000572	0.000572	0.000572	0.000572	0.947840	
0.000575	0.000950	0.000575	0.000575	0.000575	0.000575	0.000575	0.000575	0.000575	0.000575	0.000575	0.000575	0.000575	0.002992	0.000575	0.000575	0.000575	0.000575	0.000575	0.000575	0.000575	0.000575	0.000575	0.000575	0.000575	0.000575	0.000575	0.000575	0.000575	0.001595	0.000575	0.000575	0.002052	0.001085	0.001027	0.000575	0.000575	0.004885	0.002075	0.000575	0.000575	0.000575	0.000575	0.000575	0.000575	0.000575	0.000575	0.000575	0.000575	0.959766	
0.000565	0.002155	0.000565	0.000565	0.000565	0.000565	0.000565	0.000565	0.000565	0.000565	0.000565	0.000565	0.000565	0.003319	0.000565	0.000565	0.000565	0.000565	0.000565	0.000565	0.000565	0.000565	0.000565	0.000565	0.000565	0.000565	0.000565	0.000565	0.000565	0.001317	0.000565	0.000565	0.002514	0.000941	0.000847	0.000565	0.000565	0.002385	0.006926	0.000565	0.000565	0.000565	0.000565	0.000565	0.000565	0.000565	0.000565	0.000565	0.000565	0.956421	
0.000572	0.002197	0.000572	0.000572	0.000572	0.000572	0.000572	0.000572	0.000572	0.000572	0.000572	0.000572	0.000572	0.002835	0.000572	0.000572	0.000572	0.000572	0.000572	0.000572	0.000572	0.000572	0.000572	0.000572	0.000572	0.000572	0.000572	0.000572	0.000572	0.000836	0.000572	0.000572	0.001083	0.000704	0.000900	0.000572	0.000572	0.005888	0.007071	0.000572	0.000572	0.000572	0.000572	0.000572	0.000572	0.000572	0.000572	0.000572	0.000572	0.955035	
0.000642	0.003352	0.000642	0.000642	0.000642	0.000642	0.000642	0.000642	0.000642	0.000642	0.000642	0.000642	0.000642	0.001466	0.000642	0.000642	0.000642	0.000642	0.000642	0.000642	0.000642	0.000642	0.000642	0.000642	0.000642	0.000642	0.000642	0.000642	0.000642	0.001325	0.000642	0.000642	0.001312	0.000983	0.001329	0.000642	0.000642	0.002512	0.011483	0.000642	0.000642	0.000642	0.000642	0.000642	0.000642	0.000642	0.000642	0.000642	0.000642	0.949928	
0.000643	0.002207	0.000643	0.000643	0.000643	0.000643	0.000643	0.000643	0.000643	0.000643	0.000643	0.000643	0.000643	0.001659	0.000643	0.000643	0.000643	0.000643	0.000643	0.000643	0.000643	0.000643	0.000643	0.000643	0.000643	0.000643	0.000643	0.000643	0.000643	0.001552	0.000643	0.000643	0.001430	0.001098	0.001206	0.000643	0.000643	0.001593	0.006900	0.000643	0.000643	0.000643	0.000643	0.000643	0.000643	0.000643	0.000643	0.000643	0.000643	0.956001	
0.000674	0.001033	0.000674	0.000674	0.000674	0.000674	0.000674	0.000674	0.000674	0.000674	0.000674	0.000674	0.000674	0.001054	0.000674	0.000674	0.000674	0.000674	0.000674	0.000674	0.000674	0.000674	0.000674	0.000674	0.000674	0.000674	0.000674	0.000674	0.000674	0.001337	0.000674	0.000674	0.001701	0.001005	0.001157	0.000674	0.000674	0.002304	0.002110	0.000674	0.000674	0.000674	0.000674	0.000674	0.000674	0.000674	0.000674	0.000674	0.000674	0.960668	
0.000663	0.002463	0.000663	0.000663	0.000663	0.000663	0.000663	0.000663	0.000663	0.000663	0.000663	0.000663	0.000663	0.000783	0.000663	0.000663	0.000663	0.000663	0.000663	0.000663	0.000663	0.000663	0.000663	0.000663	0.000663	0.000663	0.000663	0.000663	0.000663	0.008960	0.000663	0.000663	0.005595	0.004812	0.000921	0.000663	0.000663	0.001785	0.007862	0.000663	0.000663	0.000663	0.000663	0.000663	0.000663	0.000663	0.000663	0.000663	0.000663	0.939624	
0.000668	0.002099	0.000668	0.000668	0.000668	0.000668	0.000668	0.000668	0.000668	0.000668	0.000668	0.000668	0.000668	0.000752	0.000668	0.000668	0.000668	0.000668	0.000668	0.000668	0.000668	0.000668	0.000668	0.000668	0.000668	0.000668	0.000668	0.000668	0.000668	0.009621	0.000668	0.000668	0.005622	0.005144	0.001538	0.000668	0.000668	0.001371	0.006392	0.000668	0.000668	0.000668	0.000668	0.000668	0.000668	0.000668	0.000668	0.000668	0.000668	0.940079	
0.000666	0.001003	0.000666	0.000666	0.000666	0.000666	0.000666	0.000666	0.000666	0.000666	0.000666	0.000666	0.000666	0.000820	0.000666	0.000666	0.000666	0.000666	0.000666	0.000666	0.000666	0.000666	0.000666	0.000666	0.000666	0.000666	0.000666	0.000666	0.000666	0.010850	0.000666	0.000666	0.006908	0.005758	0.000957	0.000666	0.000666	0.001782	0.002015	0.000666	0.000666	0.000666	0.000666	0.000666	0.000666	0.000666	0.000666	0.000666	0.000666	0.942613	
0.000620	0.007523	0.000620	0.000620	0.000620	0.000620	0.000620	0.000620	0.000620	0.000620	0.000620	0.000620	0.000620	0.000877	0.000620	0.000620	0.000620	0.000620	0.000620	0.000620	0.000620	0.000620	0.000620	0.000620	0.000620	0.000620	0.000620	0.000620	0.000620	0.001165	0.000620	0.000620	0.001331	0.000893	0.000891	0.000620	0.000620	0.008095	0.028233	0.000620	0.000620	0.000620	0.000620	0.000620	0.000620	0.000620	0.000620	0.000620	0.000620	0.925564	
0.000662	0.003017	0.000662	0.000662	0.000662	0.000662	0.000662	0.000662	0.000662	0.000662	0.000662	0.000662	0.000662	0.001072	0.000662	0.000662	0.000662	0.000662	0.000662	0.000662	0.000662	0.000662	0.000662	0.000662	0.000662	0.000662	0.000662	0.000662	0.000662	0.001306	0.000662	0.000662	0.006321	0.000984	0.001121	0.000662	0.000662	0.002668	0.010083	0.000662	0.000662	0.000662	0.000662	0.000662	0.000662	0.000662	0.000662	0.000662	0.000662	0.946279	
0.000611	0.002526	0.000611	0.000611	0.000611	0.000611	0.000611	0.000611	0.000611	0.000611	0.000611	0.000611	0.000611	0.002174	0.000611	0.000611	0.000611	0.000611	0.000611	0.000611	0.000611	0.000611	0.000611	0.000611	0.000611	0.000611	0.000611	0.000611	0.000611	0.001375	0.000611	0.000611	0.003257	0.000993	0.001416	0.000611	0.000611	0.003416	0.008271	0.000611	0.000611	0.000611	0.000611	0.000611	0.000611	0.000611	0.000611	0.000611	0.000611	0.951514	
0.000647	0.002017	0.000647	0.000647	0.000647	0.000647	0.000647	0.000647	0.000647	0.000647	0.000647	0.000647	0.000647	0.001295	0.000647	0.000647	0.000647	0.000647	0.000647	0.000647	0.000647	0.000647	0.000647	0.000647	0.000647	0.000647	0.000647	0.000647	0.000647	0.001295	0.000647	0.000647	0.007325	0.000971	0.000955	0.000647	0.000647	0.005231	0.006128	0.000647	0.000647	0.000647	0.000647	0.000647	0.000647	0.000647	0.000647	0.000647	0.000647	0.948276	
0.000670	0.001040	0.000670	0.000670	0.000670	0.000670	0.000670	0.000670	0.000670	0.000670	0.000670	0.000670	0.000670	0.001155	0.000670	0.000670	0.000670	0.000670	0.000670	0.000670	0.000670	0.000670	0.000670	0.000670	0.000670	0.000670	0.000670	0.000670	0.000670	0.001127	0.000670	0.000670	0.008487	0.000899	0.001917	0.000670	0.000670	0.002973	0.002148	0.000670	0.000670	0.000670	0.000670	0.000670	0.000670	0.000670	0.000670	0.000670	0.000670	0.952764	
0.000636	0.002953	0.000636	0.000636	0.000636	0.000636	0.000636	0.000636	0.000636	0.000636	0.000636	0.000636	0.000636	0.001522	0.000636	0.000636	0.000636	0.000636	0.000636	0.000636	0.000636	0.000636	0.000636	0.000636	0.000636	0.000636	0.000636	0.000636	0.000636	0.001415	0.000636	0.000636	0.006211	0.001026	0.000980	0.000636	0.000636	0.003912	0.009904	0.000636	0.000636	0.000636	0.000636	0.000636	0.000636	0.000636	0.000636	0.000636	0.000636	0.945990	
