0.496413	0.001035	0.021786	0.000640	0.045968	0.020336	0.052615	0.195812	0.031756	0.084208	0.002869	0.009833	0.010373	0.019919	0.006437	
0.446189	0.002356	0.108200	0.001294	0.025100	0.015017	0.034901	0.121915	0.036986	0.068377	0.010165	0.037940	0.043617	0.040262	0.007683	
0.484484	0.007604	0.066242	0.001222	0.017700	0.014573	0.027074	0.078499	0.029649	0.102941	0.005768	0.024998	0.066396	0.026098	0.046754	
0.516403	0.001042	0.016059	0.013186	0.003377	0.084359	0.169589	0.009009	0.035471	0.010957	0.053178	0.004841	0.009111	0.067389	0.006030	
0.374194	0.001590	0.086343	0.004473	0.029908	0.032939	0.092571	0.035956	0.130839	0.027187	0.020083	0.066751	0.025592	0.064489	0.007085	
0.478248	0.002898	0.061309	0.007768	0.009452	0.051680	0.105207	0.036259	0.043727	0.040007	0.033791	0.023060	0.033224	0.057876	0.015495	
0.304805	0.002231	0.073288	0.002551	0.045809	0.021854	0.094965	0.010010	0.212115	0.023401	0.010340	0.096557	0.019210	0.067857	0.015009	
0.410521	0.001293	0.116592	0.000975	0.004999	0.010135	0.050150	0.013959	0.134704	0.014930	0.045601	0.007455	0.012566	0.160340	0.015780	
0.296762	0.001026	0.123671	0.001258	0.024592	0.048909	0.048246	0.042154	0.168793	0.023866	0.010821	0.040299	0.039868	0.115599	0.014138	
0.248903	0.001078	0.150367	0.002162	0.010925	0.080775	0.040040	0.013045	0.180180	0.012904	0.010639	0.021158	0.059044	0.148214	0.020568	
0.221130	0.000903	0.170249	0.001071	0.007226	0.085588	0.022670	0.012052	0.190993	0.010726	0.008328	0.012769	0.066062	0.167732	0.022502	
0.324096	0.000913	0.129111	0.000819	0.016953	0.027445	0.050706	0.013409	0.178044	0.011259	0.027820	0.035139	0.024982	0.145644	0.013660	
0.366746	0.003362	0.135633	0.001134	0.014460	0.041416	0.021096	0.071014	0.083238	0.058269	0.006145	0.029430	0.066243	0.079308	0.022506	
0.404530	0.003927	0.143400	0.001015	0.016743	0.017593	0.019361	0.082165	0.052288	0.068342	0.007119	0.049938	0.067138	0.049148	0.017293	
0.406280	0.002643	0.150547	0.001130	0.017217	0.014499	0.023718	0.089466	0.051985	0.058533	0.011633	0.050578	0.058002	0.056012	0.007756	
0.505030	0.004942	0.025813	0.001788	0.029434	0.019955	0.052077	0.118064	0.035061	0.092152	0.009238	0.012204	0.034607	0.027089	0.032546	
0.536401	0.014184	0.020643	0.000964	0.004980	0.008582	0.015505	0.013848	0.022756	0.142194	0.005005	0.007362	0.093073	0.018807	0.095699	
0.481582	0.004352	0.025720	0.000852	0.038123	0.014758	0.050406	0.129542	0.055326	0.090907	0.003748	0.024207	0.029682	0.022331	0.028462	
0.426909	0.008112	0.047851	0.000730	0.026396	0.014954	0.040977	0.036725	0.104622	0.091546	0.003283	0.041907	0.058467	0.041762	0.055759	
0.389841	0.001995	0.065146	0.004680	0.030949	0.036224	0.097460	0.038889	0.128268	0.032270	0.020018	0.057761	0.022301	0.062176	0.012022	
0.431635	0.004044	0.062481	0.003287	0.020940	0.022645	0.075377	0.029720	0.107961	0.048634	0.024727	0.036722	0.029377	0.074707	0.027740	
0.306483	0.003210	0.071565	0.001612	0.048134	0.012000	0.086422	0.009225	0.215021	0.032754	0.006763	0.102900	0.023097	0.060134	0.020679	
0.391003	0.004265	0.080288	0.000716	0.025742	0.007310	0.054613	0.024422	0.145377	0.048716	0.019583	0.048365	0.030556	0.088311	0.030733	
0.393398	0.002110	0.060494	0.006238	0.021842	0.053817	0.107669	0.016814	0.125549	0.024651	0.026365	0.041108	0.024779	0.078868	0.016300	
