0	93	0	0	0	0	39	
0	2	0	0	0	48	0	
0	0	0	0	0	0	0	
0	0	0	0	0	0	166	
0	0	0	0	78	0	0	
103	0	0	0	0	0	53	
0	0	0	0	0	84	0	
0	0	0	0	0	0	26	
0	56	0	2	0	0	0	
0	44	0	28	237	93	4	
0	0	0	0	0	0	0	
0	60	0	0	0	0	0	
0	0	0	2	0	56	35	
3	0	0	40	0	48	0	
0	0	0	0	0	292	0	
0	0	0	0	0	0	0	
0	0	0	0	0	0	0	
1	11	101	41	0	95	0	
0	15	0	0	0	0	0	
0	0	0	0	0	0	0	
82	0	0	44	0	0	2	
0	0	0	18	0	0	0	
0	0	1	0	86	0	0	
57	0	0	0	0	0	0	
0	0	0	64	19	0	0	
0	0	0	0	0	0	0	
0	0	15	0	21	0	0	
0	0	0	56	0	1	12	
68	0	0	0	0	0	0	
160	0	0	0	0	0	0	
0	0	0	194	0	0	0	
0	0	0	0	0	42	0	
0	0	0	0	0	0	0	
0	0	0	0	0	0	0	
0	20	0	0	0	0	0	
25	0	0	0	0	0	0	
0	0	0	0	55	0	61	
0	0	0	0	0	0	0	
1	132	0	0	0	0	0	
0	1	0	0	0	56	0	
0	0	0	0	286	0	0	
0	23	0	0	0	0	0	
185	0	0	0	1	0	0	
0	0	0	30	60	0	31	
0	72	0	0	61	0	0	
0	0	0	0	0	0	0	
0	48	0	0	69	1	0	
0	149	0	15	0	50	10	
0	0	92	0	0	0	0	
0	0	284	0	0	0	0	
