0.024150	0.024150	0.017007	0.026531	0.024150	0.864626	0.019388	
0.075988	0.541709	0.040527	0.120905	0.028707	0.130361	0.061803	
0.052973	0.749146	0.055366	0.031442	0.019481	0.050581	0.041012	
0.114626	0.045578	0.357483	0.202721	0.028912	0.033673	0.217007	
0.448932	0.070427	0.035381	0.042390	0.159212	0.019025	0.224633	
0.417790	0.099394	0.198450	0.120620	0.064016	0.028639	0.071092	
0.586218	0.143866	0.028571	0.045042	0.056807	0.016807	0.122689	
0.274150	0.040816	0.202721	0.338435	0.040816	0.069388	0.033673	
0.033673	0.031293	0.626531	0.205102	0.038435	0.036054	0.028912	
0.093031	0.046690	0.080836	0.573519	0.034495	0.083275	0.088153	
0.026096	0.075276	0.173637	0.560054	0.026096	0.063566	0.075276	
0.171080	0.024739	0.034495	0.651568	0.039373	0.032056	0.046690	
0.023533	0.037454	0.118661	0.318197	0.030494	0.450447	0.021213	
0.049169	0.153821	0.167774	0.091030	0.030565	0.418937	0.088704	
0.194714	0.033121	0.021412	0.290733	0.079960	0.316494	0.063566	
0.142513	0.185886	0.043718	0.022031	0.029260	0.031670	0.544923	
0.115174	0.048189	0.036227	0.029050	0.029050	0.026658	0.715653	
0.048189	0.363978	0.029050	0.026658	0.050581	0.072112	0.409433	
0.026531	0.124150	0.276531	0.031293	0.057483	0.155102	0.328912	
0.115174	0.129528	0.210868	0.155844	0.148667	0.019481	0.220437	
0.132874	0.323236	0.234079	0.034079	0.120826	0.022031	0.132874	
0.029120	0.031518	0.033916	0.031518	0.774923	0.031518	0.067489	
0.227398	0.256384	0.092133	0.070393	0.256384	0.026915	0.070393	
0.092976	0.192738	0.199864	0.052596	0.259247	0.059722	0.142857	
