0.001307	0.011119	0.010098	0.005140	0.000157	0.024871	0.001192	0.014565	0.218430	0.006145	0.008610	0.002304	0.018681	0.029349	0.000157	0.002119	0.003126	0.008116	0.007545	0.065683	0.021398	0.004844	0.016089	0.001164	0.033407	0.008439	0.047425	0.104606	0.046064	0.000157	0.035635	0.016551	0.008252	0.006376	0.000828	0.022882	0.000570	0.014405	0.052360	0.000157	0.023594	0.014496	0.039551	0.012753	0.000519	0.018184	0.006160	0.000415	0.003851	0.000157	
0.003178	0.007160	0.006050	0.008239	0.000142	0.017366	0.002057	0.002398	0.033608	0.016667	0.025839	0.005809	0.062375	0.017391	0.000142	0.004042	0.006043	0.018598	0.019577	0.022081	0.063438	0.002906	0.053730	0.002143	0.111977	0.022003	0.070466	0.019470	0.070719	0.000142	0.006741	0.055283	0.009880	0.004123	0.001476	0.011947	0.000963	0.028828	0.013791	0.000142	0.013961	0.009575	0.072687	0.037403	0.000727	0.003019	0.020334	0.000655	0.012568	0.000142	
0.000692	0.011310	0.001504	0.003902	0.000136	0.008203	0.002820	0.001124	0.014051	0.021201	0.033813	0.001175	0.080753	0.003970	0.000136	0.005576	0.008367	0.004701	0.003949	0.019943	0.081778	0.000740	0.069545	0.002927	0.144990	0.004146	0.071942	0.011409	0.073998	0.000136	0.003947	0.071557	0.010083	0.006475	0.001997	0.007202	0.001281	0.025416	0.014543	0.000136	0.003159	0.011518	0.080381	0.027694	0.000867	0.001302	0.026290	0.000851	0.016230	0.000136	
0.001595	0.066708	0.010793	0.018575	0.000163	0.031665	0.008426	0.004945	0.069524	0.008008	0.018306	0.002836	0.005834	0.031290	0.000163	0.016257	0.024516	0.016219	0.010081	0.027999	0.006282	0.005131	0.004689	0.008422	0.009608	0.010475	0.053172	0.042853	0.060575	0.000163	0.013653	0.004820	0.036942	0.037914	0.005669	0.045934	0.003551	0.051151	0.083451	0.000163	0.025006	0.064927	0.028124	0.010522	0.001291	0.006084	0.001868	0.002281	0.001212	0.000163	
0.001042	0.055570	0.002137	0.014837	0.000154	0.016893	0.013582	0.003141	0.040057	0.015005	0.035459	0.001812	0.022941	0.005696	0.000154	0.027376	0.041346	0.011812	0.007212	0.026168	0.022965	0.000987	0.019190	0.014123	0.039882	0.006549	0.049989	0.035637	0.066132	0.000154	0.010426	0.019742	0.035944	0.031592	0.009467	0.028378	0.005885	0.078976	0.066191	0.000154	0.004320	0.052275	0.025239	0.012223	0.001951	0.003448	0.007327	0.003736	0.004568	0.000154	
0.000830	0.042300	0.004146	0.011328	0.000149	0.017347	0.011988	0.003009	0.038729	0.013899	0.035801	0.001420	0.032777	0.011801	0.000149	0.024286	0.036671	0.009036	0.005730	0.023361	0.032990	0.001971	0.027743	0.012535	0.057736	0.005050	0.061122	0.031660	0.074738	0.000149	0.008920	0.028543	0.026354	0.024062	0.008407	0.025208	0.005231	0.062292	0.051909	0.000149	0.009257	0.040639	0.039341	0.013921	0.001356	0.003391	0.010547	0.003325	0.006548	0.000149	
0.001032	0.005645	0.002054	0.003294	0.000155	0.013228	0.014200	0.015607	0.228767	0.007841	0.031037	0.001793	0.003658	0.005666	0.000155	0.029694	0.044852	0.005959	0.007268	0.072075	0.005573	0.000978	0.002506	0.015313	0.005062	0.006474	0.037250	0.123090	0.055072	0.000155	0.039305	0.002574	0.011574	0.003269	0.010260	0.009445	0.006373	0.072271	0.048494	0.000155	0.004271	0.007435	0.006575	0.006356	0.001444	0.018808	0.001041	0.004041	0.000700	0.000155	
0.003092	0.010562	0.026413	0.008837	0.000144	0.083173	0.001511	0.002982	0.042677	0.019434	0.004149	0.005647	0.003920	0.076295	0.000144	0.002817	0.004189	0.018666	0.018955	0.037207	0.004390	0.012377	0.003340	0.001516	0.006813	0.021370	0.086562	0.034372	0.082052	0.000144	0.014659	0.003433	0.030102	0.006054	0.001059	0.041016	0.000707	0.083497	0.019076	0.000144	0.061309	0.024887	0.060118	0.019337	0.003690	0.004286	0.001349	0.000496	0.000885	0.000144	
0.000893	0.009186	0.039066	0.003834	0.000140	0.093078	0.004958	0.000833	0.008659	0.005229	0.010965	0.001546	0.002419	0.114685	0.000140	0.010128	0.015253	0.005605	0.005435	0.010482	0.002281	0.018528	0.001879	0.005265	0.003769	0.005562	0.133254	0.011029	0.130212	0.000140	0.003369	0.001929	0.010184	0.005272	0.003557	0.057514	0.002243	0.034334	0.011293	0.000140	0.092080	0.025612	0.086869	0.005364	0.000997	0.001855	0.000795	0.001454	0.000543	0.000140	
0.001041	0.014916	0.003195	0.005475	0.000137	0.083383	0.001583	0.006002	0.088598	0.058443	0.004347	0.001824	0.004275	0.005073	0.000137	0.002888	0.004300	0.007779	0.006003	0.099074	0.005282	0.000925	0.003643	0.001549	0.007454	0.006641	0.011244	0.084495	0.012501	0.000137	0.038611	0.003745	0.078449	0.008521	0.001078	0.010805	0.000717	0.224426	0.032226	0.000137	0.004074	0.028560	0.007681	0.006897	0.011299	0.007381	0.001458	0.000499	0.000950	0.000137	
0.000876	0.016316	0.005906	0.005445	0.000139	0.074583	0.005601	0.005694	0.082213	0.047193	0.012519	0.001515	0.003377	0.013973	0.000139	0.011342	0.017090	0.006843	0.005397	0.082936	0.004073	0.002339	0.002678	0.005888	0.005437	0.005447	0.028164	0.076473	0.033956	0.000139	0.032849	0.002751	0.065035	0.009316	0.003972	0.015395	0.002498	0.194189	0.032519	0.000139	0.011137	0.028205	0.013114	0.005543	0.009130	0.006942	0.001096	0.001613	0.000728	0.000139	
0.001045	0.028171	0.003061	0.008540	0.000140	0.082329	0.002302	0.004560	0.066419	0.057654	0.004995	0.001830	0.002553	0.004730	0.000140	0.004135	0.006185	0.009317	0.006085	0.091997	0.003247	0.000869	0.002130	0.002190	0.004294	0.006660	0.010745	0.074141	0.012822	0.000140	0.034849	0.002188	0.083361	0.016042	0.001507	0.016199	0.000981	0.224132	0.042119	0.000140	0.003786	0.040091	0.005724	0.006386	0.011192	0.005575	0.000890	0.000666	0.000602	0.000140	
0.000735	0.006945	0.031204	0.002981	0.000138	0.080321	0.007213	0.001141	0.012401	0.010533	0.018571	0.001251	0.010361	0.091321	0.000138	0.014935	0.022528	0.004481	0.004694	0.016838	0.010237	0.014761	0.008620	0.007731	0.017839	0.004433	0.119231	0.017198	0.120948	0.000138	0.005504	0.008865	0.013572	0.004000	0.005200	0.045697	0.003253	0.054731	0.009620	0.000138	0.073254	0.021209	0.077032	0.006747	0.001700	0.001949	0.003334	0.002085	0.002105	0.000138	
0.000802	0.003598	0.017622	0.002356	0.000136	0.075636	0.002756	0.003702	0.053163	0.031422	0.012083	0.001380	0.018606	0.049786	0.000136	0.005597	0.008399	0.004732	0.004643	0.053350	0.019308	0.008104	0.015942	0.002938	0.033123	0.004933	0.072477	0.046951	0.071641	0.000136	0.020191	0.016400	0.036154	0.002100	0.002004	0.025747	0.001286	0.114161	0.013663	0.000136	0.039976	0.017258	0.054516	0.009721	0.005452	0.004895	0.006092	0.000854	0.003801	0.000136	
0.000936	0.008969	0.010734	0.003883	0.000135	0.064592	0.001920	0.002346	0.032975	0.037669	0.015040	0.001631	0.032424	0.029229	0.000135	0.003725	0.005567	0.006174	0.005399	0.053553	0.033114	0.004803	0.027903	0.001977	0.058085	0.005905	0.059538	0.039181	0.059022	0.000135	0.018375	0.028707	0.042622	0.005147	0.001363	0.018250	0.000890	0.124410	0.015589	0.000135	0.023476	0.019912	0.052648	0.014709	0.006087	0.003067	0.010598	0.000607	0.006574	0.000135	
0.023303	0.006734	0.001651	0.051020	0.000181	0.008111	0.002560	0.000806	0.008699	0.005752	0.005840	0.043342	0.002325	0.004329	0.000181	0.005070	0.007579	0.135087	0.146878	0.007366	0.002321	0.000837	0.001919	0.002690	0.003810	0.166660	0.010972	0.008519	0.013643	0.000181	0.003017	0.001970	0.030397	0.003898	0.001853	0.005203	0.001210	0.102351	0.008697	0.000181	0.003463	0.007451	0.005148	0.142601	0.000859	0.000910	0.000836	0.000824	0.000584	0.000181	
0.010561	0.028290	0.003100	0.028838	0.000162	0.009241	0.004840	0.000987	0.010824	0.009847	0.020659	0.019574	0.032038	0.008808	0.000162	0.009466	0.014240	0.063746	0.066513	0.010024	0.032312	0.001532	0.027444	0.004936	0.057097	0.075036	0.043036	0.009964	0.047709	0.000162	0.002658	0.028234	0.024797	0.016119	0.003345	0.017038	0.002121	0.058254	0.031896	0.000162	0.007012	0.026743	0.036923	0.073433	0.000528	0.001106	0.010442	0.001386	0.006488	0.000162	
0.015991	0.018607	0.001690	0.038169	0.000176	0.010925	0.001743	0.005713	0.083618	0.008014	0.004885	0.029698	0.005217	0.004279	0.000176	0.003110	0.004615	0.094099	0.100494	0.031020	0.006172	0.000829	0.004457	0.001681	0.009110	0.114047	0.011275	0.044424	0.012701	0.000176	0.015789	0.004581	0.030647	0.010632	0.001180	0.012010	0.000794	0.081390	0.035195	0.000176	0.003442	0.018473	0.007966	0.098666	0.001252	0.007004	0.001789	0.000562	0.001169	0.000176	
0.003239	0.149841	0.001946	0.041232	0.000188	0.010907	0.002908	0.001336	0.017076	0.007480	0.003807	0.005883	0.002770	0.005041	0.000188	0.002893	0.004281	0.035212	0.019652	0.011834	0.002927	0.000962	0.002354	0.001576	0.004708	0.022154	0.009958	0.012822	0.011212	0.000188	0.005040	0.002417	0.072873	0.085087	0.001113	0.070383	0.000757	0.034289	0.161616	0.000188	0.004059	0.134562	0.006175	0.019653	0.001179	0.001606	0.001004	0.000544	0.000690	0.000188	
0.003181	0.009162	0.003292	0.008713	0.000137	0.063492	0.012859	0.002286	0.027421	0.043879	0.028730	0.005818	0.005320	0.006757	0.000137	0.026810	0.040498	0.019345	0.020817	0.062859	0.004992	0.001145	0.004002	0.013825	0.008204	0.022050	0.036944	0.053601	0.052879	0.000137	0.022464	0.004114	0.059428	0.005257	0.009262	0.007655	0.005753	0.210464	0.014758	0.000137	0.005174	0.019810	0.009096	0.020148	0.008361	0.002414	0.001594	0.003647	0.001033	0.000137	
0.004645	0.021307	0.002765	0.014632	0.000143	0.059453	0.005574	0.001061	0.011884	0.044204	0.016924	0.008547	0.016429	0.005140	0.000143	0.011180	0.016844	0.029186	0.029238	0.057384	0.016475	0.000922	0.013939	0.005807	0.028935	0.032559	0.028733	0.038994	0.034968	0.000143	0.019087	0.014339	0.063372	0.012149	0.003919	0.012188	0.002466	0.184419	0.024713	0.000143	0.004042	0.029806	0.019135	0.032555	0.007950	0.001142	0.005341	0.001595	0.003342	0.000143	
0.001120	0.021109	0.002288	0.007066	0.000144	0.009995	0.033736	0.002701	0.024887	0.005884	0.072816	0.001967	0.005577	0.007118	0.000144	0.070636	0.106810	0.008274	0.010040	0.012446	0.004055	0.001115	0.003230	0.036317	0.006585	0.007177	0.079835	0.040489	0.122899	0.000144	0.005691	0.003320	0.014699	0.012037	0.024259	0.012905	0.014984	0.122808	0.026922	0.000144	0.005003	0.020523	0.008069	0.007208	0.000882	0.002212	0.001307	0.009419	0.000859	0.000144	
0.000904	0.006788	0.004668	0.003304	0.000140	0.029281	0.016553	0.005010	0.067158	0.019753	0.043034	0.001566	0.023691	0.012919	0.000140	0.034654	0.052366	0.005511	0.006795	0.040315	0.023845	0.002120	0.019670	0.017851	0.040898	0.005640	0.065299	0.054701	0.085370	0.000140	0.016865	0.020236	0.021421	0.003911	0.011947	0.010165	0.007406	0.108421	0.019640	0.000140	0.010044	0.011427	0.031068	0.011619	0.002917	0.005705	0.007499	0.004681	0.004668	0.000140	
0.001487	0.013022	0.003833	0.005984	0.000141	0.021162	0.028461	0.003250	0.035438	0.011948	0.062516	0.002652	0.007615	0.011118	0.000141	0.059666	0.090211	0.009546	0.011794	0.023201	0.006533	0.001780	0.005236	0.030687	0.010774	0.009827	0.075074	0.045617	0.110992	0.000141	0.009829	0.005384	0.018822	0.007449	0.020505	0.011379	0.012673	0.129710	0.020332	0.000141	0.008333	0.015439	0.013381	0.010164	0.002006	0.003105	0.002061	0.007974	0.001323	0.000141	
