0	0	0	0	0	0	0	
24	0	0	113	0	2	0	
0	33	0	0	0	0	0	
124	51	37	99	0	0	30	
87	0	75	0	0	0	0	
0	0	0	0	0	0	74	
0	0	0	0	0	48	0	
0	14	0	0	0	0	0	
67	0	65	0	105	0	0	
0	0	0	0	0	53	0	
0	0	0	0	48	0	0	
0	0	0	0	0	0	0	
0	0	196	0	0	0	0	
0	0	0	0	0	44	0	
0	0	0	0	0	0	120	
154	0	0	0	0	0	0	
115	45	0	0	0	86	0	
0	0	50	0	0	0	0	
187	0	0	0	0	0	0	
0	0	0	0	0	0	0	
0	0	0	0	0	0	226	
0	58	0	46	98	1	1	
0	3	0	0	45	30	0	
0	0	0	0	187	0	4	
0	67	0	0	0	0	0	
0	0	0	20	0	0	0	
0	16	28	0	0	0	0	
0	84	0	0	40	1	73	
0	27	0	123	0	0	0	
0	0	0	390	7	0	0	
0	0	0	0	0	0	0	
0	0	0	0	0	0	0	
8	0	0	0	161	0	0	
0	0	0	0	33	0	0	
0	33	0	0	0	0	0	
0	118	0	0	0	62	0	
0	0	0	0	0	0	40	
0	0	0	0	0	0	0	
0	0	0	0	0	0	0	
0	0	0	0	0	0	0	
0	16	0	0	0	0	0	
0	91	0	0	0	0	0	
0	0	1	0	0	0	95	
0	0	40	0	0	0	0	
0	0	0	0	0	16	0	
1	0	87	0	0	0	0	
0	0	0	0	0	77	0	
0	0	0	32	0	0	0	
0	0	0	40	4	0	20	
0	11	16	0	0	0	27	
