0	26	0	0	0	55	0	
0	0	0	0	0	0	127	
0	0	0	0	41	0	0	
0	0	0	0	0	93	2	
96	0	0	0	0	0	51	
0	0	193	0	0	0	74	
0	0	66	0	0	0	0	
0	0	0	74	0	0	97	
0	35	0	150	0	0	0	
14	16	0	58	27	0	0	
0	0	0	0	0	55	0	
0	1	0	0	0	99	0	
0	12	0	0	0	0	0	
0	16	0	0	0	0	0	
0	0	0	110	0	40	0	
0	0	0	0	0	0	0	
0	0	38	0	45	0	0	
0	19	0	250	0	0	0	
213	2	0	0	0	47	0	
82	0	0	0	51	0	37	
0	0	0	0	0	0	57	
18	0	0	0	0	0	0	
0	0	0	0	0	0	0	
0	0	0	0	0	0	0	
0	0	0	0	0	0	29	
40	0	0	0	0	0	0	
0	0	0	82	0	0	134	
78	0	0	0	0	0	0	
0	0	0	0	0	0	0	
0	0	0	0	62	0	0	
65	0	0	0	0	0	1	
0	0	0	0	25	0	0	
0	0	26	0	0	0	0	
0	79	0	0	0	0	0	
0	7	0	0	0	0	57	
99	0	0	0	1	124	69	
0	22	0	0	0	0	0	
0	3	0	0	0	194	0	
0	0	0	0	0	0	0	
0	37	55	0	80	32	0	
0	0	0	0	83	0	0	
0	0	0	0	0	0	0	
0	145	0	0	0	0	0	
0	0	1	0	0	0	15	
0	0	0	0	0	40	0	
0	0	114	0	0	0	0	
0	0	0	95	0	0	0	
0	0	0	1	186	0	0	
0	0	0	0	0	132	0	
0	6	18	0	0	0	0	
