0	0	0	4	72	0	0	
1	12	0	0	0	11	19	
0	26	0	0	1	0	0	
0	49	0	0	172	0	55	
0	0	0	42	0	0	0	
0	0	0	0	0	0	100	
62	78	0	0	0	32	0	
0	0	161	109	8	0	0	
0	0	0	0	0	101	0	
0	0	0	0	0	187	10	
0	0	0	0	0	0	13	
0	0	0	165	0	0	0	
68	82	1	39	0	0	2	
0	0	0	0	57	0	57	
0	0	22	3	0	0	0	
0	34	0	0	0	0	55	
40	95	0	0	0	0	0	
0	25	0	0	0	0	0	
0	0	0	0	87	0	0	
0	0	0	0	0	0	26	
0	0	0	49	18	0	0	
0	0	0	0	0	8	17	
0	0	0	0	0	0	96	
0	5	98	0	0	0	0	
47	0	0	0	0	0	45	
0	0	0	0	90	0	0	
1	0	0	195	0	0	0	
0	0	126	0	0	0	0	
0	15	0	0	1	0	0	
0	0	0	0	0	0	48	
0	0	18	0	0	0	44	
36	0	0	0	0	50	0	
0	0	0	0	0	87	53	
0	55	1	0	0	0	0	
0	0	0	0	16	0	0	
62	8	63	0	0	0	0	
0	172	5	140	0	12	34	
0	0	84	0	0	0	0	
118	0	0	0	0	0	0	
18	0	0	0	0	0	0	
0	0	0	12	0	0	0	
0	12	0	0	0	0	0	
16	0	23	0	0	24	0	
0	34	0	10	0	25	0	
0	0	15	0	0	0	1	
0	0	0	0	0	0	0	
0	0	0	0	0	2	116	
0	0	0	0	0	11	1	
165	0	0	1	0	0	0	
0	0	0	0	0	103	0	
