0.144546	0.040527	0.399865	0.052347	0.033435	0.291118	0.038163	
0.052721	0.040816	0.417007	0.055102	0.140816	0.262245	0.031293	
0.096497	0.031593	0.574863	0.096497	0.108516	0.067651	0.024382	
0.026405	0.028775	0.031144	0.028775	0.024035	0.016926	0.843940	
0.187099	0.135089	0.120905	0.064168	0.189463	0.045255	0.258021	
0.054326	0.129443	0.244467	0.023810	0.037894	0.037894	0.472166	
0.338399	0.127997	0.021614	0.057075	0.064168	0.023978	0.366768	
0.302938	0.045255	0.087808	0.033435	0.047619	0.463695	0.019250	
0.224150	0.067007	0.038435	0.033673	0.028912	0.438435	0.169388	
0.540297	0.024559	0.031823	0.043929	0.024559	0.191629	0.143203	
0.376202	0.016573	0.021213	0.028174	0.023533	0.515413	0.018893	
0.410105	0.024739	0.029617	0.044251	0.312544	0.034495	0.144251	
0.182577	0.040053	0.327437	0.044726	0.037717	0.341455	0.026035	
0.037805	0.030780	0.400803	0.026096	0.234527	0.248578	0.021412	
0.179160	0.037983	0.437983	0.028571	0.240336	0.033277	0.042689	
0.021821	0.043300	0.021821	0.828503	0.024207	0.033754	0.026594	
0.026850	0.031670	0.091910	0.764200	0.022031	0.034079	0.029260	
0.021873	0.045796	0.029050	0.385509	0.244361	0.222830	0.050581	
0.083673	0.040816	0.024150	0.321769	0.045578	0.333673	0.150340	
0.298210	0.073624	0.047619	0.071260	0.380952	0.090172	0.038163	
0.153452	0.038619	0.060150	0.143882	0.320916	0.151059	0.131921	
0.176248	0.482272	0.019621	0.048537	0.019621	0.029260	0.224441	
0.026850	0.752151	0.041308	0.048537	0.041308	0.060585	0.029260	
0.088859	0.414217	0.021873	0.029050	0.041012	0.347232	0.057758	
