0.007514	0.000179	0.002608	0.007288	0.010102	0.004319	0.069530	0.064834	0.009389	0.000179	0.016483	0.038828	0.060742	0.003972	0.000179	0.000179	0.003733	0.004659	0.079382	0.000179	0.009017	0.000179	0.010545	0.010576	0.128120	0.031583	0.014137	0.003939	0.003865	0.051857	0.000179	0.002657	0.038207	0.003187	0.021730	0.139340	0.017470	0.006210	0.001393	0.007487	0.010021	0.006673	0.000179	0.000179	0.066842	0.010860	0.017045	0.000179	0.001881	0.000179	
0.022999	0.000177	0.004348	0.005486	0.004028	0.005648	0.068354	0.072821	0.046173	0.000177	0.005203	0.016055	0.015332	0.008814	0.000177	0.000177	0.017926	0.006098	0.072184	0.000177	0.010260	0.000177	0.002796	0.038311	0.133528	0.032909	0.014725	0.002985	0.005048	0.017699	0.000177	0.002064	0.030251	0.002423	0.004366	0.144584	0.003538	0.013910	0.002941	0.036674	0.013403	0.005027	0.000177	0.000177	0.054954	0.021209	0.030552	0.000177	0.002425	0.000177	
0.043625	0.000156	0.009320	0.004241	0.008550	0.009123	0.049167	0.053839	0.066977	0.000156	0.013237	0.029636	0.039569	0.020400	0.000156	0.000156	0.025940	0.009860	0.048090	0.000156	0.016073	0.000156	0.006129	0.051933	0.061060	0.015105	0.006800	0.002316	0.008141	0.040320	0.000156	0.003704	0.019390	0.001884	0.012577	0.066476	0.010122	0.032344	0.006634	0.053177	0.021850	0.003888	0.000156	0.000156	0.044433	0.025291	0.053220	0.000156	0.003841	0.000156	
0.034068	0.000148	0.003829	0.008157	0.021233	0.009793	0.015712	0.011249	0.105331	0.000148	0.014495	0.029148	0.106641	0.006264	0.000148	0.000148	0.040735	0.010585	0.021960	0.000148	0.011210	0.000148	0.017457	0.079212	0.006606	0.001733	0.000853	0.004383	0.008736	0.058252	0.000148	0.003958	0.021051	0.003536	0.037516	0.008438	0.030129	0.009873	0.002105	0.083609	0.023505	0.007464	0.000148	0.000148	0.051394	0.033468	0.050572	0.000148	0.004112	0.000148	
0.036918	0.000152	0.005475	0.036767	0.011434	0.007919	0.014655	0.010136	0.120573	0.000152	0.016715	0.030214	0.043669	0.005611	0.000152	0.000152	0.046619	0.008557	0.032929	0.000152	0.037226	0.000152	0.011672	0.090627	0.005994	0.001586	0.000789	0.019516	0.007067	0.053043	0.000152	0.003402	0.008534	0.015643	0.013836	0.006949	0.011131	0.008832	0.001899	0.095704	0.019160	0.033599	0.000152	0.000152	0.037651	0.036140	0.046793	0.000152	0.003344	0.000152	
0.038762	0.000155	0.009838	0.044933	0.007555	0.002306	0.033210	0.023637	0.079850	0.000155	0.034528	0.066272	0.027494	0.014421	0.000155	0.000155	0.030907	0.002483	0.055770	0.000155	0.050048	0.000155	0.010875	0.060199	0.010168	0.002613	0.001248	0.023836	0.002070	0.087511	0.000155	0.003331	0.006909	0.019100	0.009061	0.011298	0.007300	0.022838	0.004720	0.063391	0.005799	0.041058	0.000155	0.000155	0.029193	0.022653	0.030069	0.000155	0.001039	0.000155	
0.004153	0.000142	0.005555	0.056774	0.007257	0.039831	0.006780	0.005991	0.005382	0.000142	0.009055	0.011992	0.071554	0.002179	0.000142	0.000142	0.002164	0.043093	0.031957	0.000142	0.053640	0.000142	0.015561	0.004260	0.007032	0.001833	0.000894	0.030092	0.035482	0.053873	0.000142	0.011314	0.009739	0.024102	0.015729	0.008140	0.012648	0.003381	0.000794	0.004299	0.093705	0.051873	0.000142	0.000142	0.094005	0.023207	0.122671	0.000142	0.016453	0.000142	
0.029461	0.000150	0.004861	0.014305	0.013159	0.013491	0.028863	0.020383	0.077081	0.000150	0.024052	0.048796	0.068209	0.007983	0.000150	0.000150	0.029835	0.014588	0.039414	0.000150	0.017915	0.000150	0.011738	0.058415	0.020918	0.005248	0.002416	0.007636	0.012029	0.072149	0.000150	0.005744	0.015937	0.006139	0.022022	0.023380	0.017698	0.012604	0.002657	0.061193	0.032081	0.013080	0.000150	0.000150	0.050073	0.028545	0.058618	0.000150	0.005633	0.000150	
0.006845	0.000156	0.003048	0.008984	0.032361	0.002717	0.031749	0.009809	0.009970	0.000156	0.042034	0.085960	0.193842	0.003356	0.000156	0.000156	0.003943	0.002927	0.047622	0.000156	0.010225	0.000156	0.032456	0.007749	0.008680	0.002248	0.001086	0.004825	0.002436	0.135005	0.000156	0.004387	0.039571	0.003891	0.072076	0.011886	0.057859	0.005245	0.001180	0.007943	0.006275	0.008220	0.000156	0.000156	0.071470	0.005308	0.011888	0.000156	0.001208	0.000156	
0.007786	0.000131	0.002733	0.008317	0.002190	0.047699	0.029006	0.010745	0.006898	0.000131	0.036773	0.075178	0.043738	0.004608	0.000131	0.000131	0.002742	0.051608	0.040986	0.000131	0.010373	0.000131	0.003109	0.005416	0.007819	0.002018	0.000970	0.004460	0.042486	0.101257	0.000131	0.016248	0.003828	0.003594	0.004124	0.008587	0.003335	0.007250	0.001564	0.005501	0.112289	0.007608	0.000131	0.000131	0.079723	0.027705	0.148605	0.000131	0.019680	0.000131	
0.005865	0.000132	0.002163	0.006660	0.011734	0.045775	0.017181	0.007202	0.007873	0.000132	0.020793	0.042285	0.099597	0.002998	0.000132	0.000132	0.003119	0.049526	0.025167	0.000132	0.007877	0.000132	0.012106	0.006095	0.005920	0.001553	0.000764	0.003585	0.040773	0.078750	0.000132	0.014360	0.014683	0.002894	0.025628	0.007283	0.020588	0.004688	0.001049	0.006274	0.107744	0.006095	0.000132	0.000132	0.094207	0.027095	0.141707	0.000132	0.018889	0.000132	
0.009327	0.000132	0.003595	0.023542	0.005708	0.049064	0.011757	0.008470	0.018152	0.000132	0.011606	0.021356	0.063652	0.003705	0.000132	0.000132	0.007086	0.053086	0.023487	0.000132	0.023885	0.000132	0.008400	0.013856	0.007782	0.002010	0.000967	0.012513	0.043702	0.054585	0.000132	0.014332	0.007407	0.010036	0.010978	0.008787	0.008834	0.005813	0.001276	0.014430	0.115558	0.021516	0.000132	0.000132	0.092770	0.031449	0.153824	0.000132	0.020241	0.000132	
0.010040	0.000150	0.003818	0.004442	0.040730	0.011465	0.011054	0.010963	0.011503	0.000150	0.005930	0.012012	0.249679	0.005459	0.000150	0.000150	0.004531	0.012395	0.014539	0.000150	0.007297	0.000150	0.039842	0.008903	0.008890	0.002296	0.001104	0.002420	0.010225	0.071619	0.000150	0.003712	0.049448	0.001966	0.090872	0.012770	0.072938	0.008591	0.001849	0.009158	0.026925	0.004071	0.000150	0.000150	0.099254	0.010609	0.040229	0.000150	0.004800	0.000150	
0.025647	0.000147	0.005723	0.010506	0.013129	0.016580	0.034950	0.021866	0.047189	0.000147	0.033894	0.069395	0.077808	0.010591	0.000147	0.000147	0.018299	0.017931	0.045368	0.000147	0.015976	0.000147	0.012390	0.035867	0.016247	0.004099	0.001903	0.005625	0.014779	0.095465	0.000147	0.007467	0.016465	0.004530	0.024898	0.018427	0.020006	0.016753	0.003489	0.037474	0.039226	0.009610	0.000147	0.000147	0.054444	0.022218	0.065248	0.000147	0.006900	0.000147	
0.023987	0.000149	0.003907	0.010556	0.013051	0.022600	0.025160	0.025042	0.063347	0.000149	0.008311	0.017453	0.077223	0.006404	0.000149	0.000149	0.024535	0.024446	0.030847	0.000149	0.013509	0.000149	0.011638	0.048541	0.036580	0.009091	0.004123	0.005653	0.020140	0.042255	0.000149	0.006916	0.019792	0.004552	0.023131	0.040362	0.018588	0.010095	0.002151	0.050295	0.053454	0.009656	0.000149	0.000149	0.068210	0.030553	0.082833	0.000149	0.009376	0.000149	
0.116976	0.000134	0.037645	0.006318	0.002552	0.004439	0.073178	0.118065	0.006692	0.000134	0.004213	0.009841	0.016230	0.086133	0.000134	0.000134	0.002665	0.004792	0.040702	0.000134	0.057441	0.000134	0.003162	0.005759	0.026022	0.006488	0.002958	0.003404	0.003967	0.014716	0.000134	0.001613	0.008072	0.002750	0.004960	0.028308	0.004006	0.136872	0.027654	0.005338	0.011172	0.005783	0.000134	0.000134	0.020796	0.005377	0.079558	0.000134	0.001903	0.000134	
0.112170	0.000134	0.032321	0.008584	0.004475	0.002517	0.057895	0.093498	0.057015	0.000134	0.007933	0.016233	0.013432	0.073361	0.000134	0.000134	0.022082	0.002713	0.032600	0.000134	0.051870	0.000134	0.003253	0.042971	0.006592	0.001719	0.000838	0.004603	0.002256	0.021765	0.000134	0.001388	0.003697	0.003709	0.004362	0.007268	0.003527	0.116566	0.023567	0.045268	0.006790	0.007853	0.000134	0.000134	0.012171	0.016588	0.071966	0.000134	0.001113	0.000134	
0.093452	0.000138	0.031429	0.024037	0.003460	0.003306	0.064435	0.087908	0.007411	0.000138	0.025724	0.051008	0.021571	0.068448	0.000138	0.000138	0.002944	0.003566	0.052273	0.000138	0.063185	0.000138	0.006741	0.005755	0.006064	0.001593	0.000784	0.012777	0.002959	0.064278	0.000138	0.003009	0.004936	0.010249	0.006940	0.006786	0.005596	0.108751	0.021997	0.005909	0.008325	0.021969	0.000138	0.000138	0.020597	0.004076	0.062791	0.000138	0.001440	0.000138	
0.061547	0.000140	0.019796	0.007653	0.002083	0.009131	0.069287	0.060717	0.008658	0.000140	0.057044	0.117511	0.016138	0.044411	0.000140	0.000140	0.003427	0.009870	0.069555	0.000140	0.033638	0.000140	0.002828	0.006746	0.008136	0.002103	0.001013	0.004114	0.008146	0.128929	0.000140	0.007436	0.003675	0.003319	0.003700	0.008915	0.002996	0.070531	0.014307	0.006899	0.021814	0.007003	0.000140	0.000140	0.021628	0.007571	0.062348	0.000140	0.003835	0.000140	
0.060754	0.000145	0.018858	0.020024	0.003004	0.012116	0.054095	0.063669	0.029541	0.000145	0.023559	0.047795	0.018824	0.040011	0.000145	0.000145	0.011488	0.013100	0.052607	0.000145	0.042415	0.000145	0.004742	0.022990	0.029402	0.007326	0.003337	0.010658	0.010804	0.060753	0.000145	0.005275	0.008134	0.008556	0.003722	0.031920	0.003015	0.063531	0.012902	0.023470	0.028909	0.018304	0.000145	0.000145	0.036830	0.015581	0.071317	0.000145	0.005065	0.000145	
0.056885	0.000140	0.015673	0.006309	0.003617	0.015100	0.053273	0.051263	0.040867	0.000140	0.037112	0.076717	0.020963	0.035054	0.000140	0.000140	0.015855	0.016330	0.051800	0.000140	0.026783	0.000140	0.002750	0.031074	0.014404	0.003641	0.001696	0.003402	0.013461	0.088659	0.000140	0.007368	0.005143	0.002750	0.004001	0.015706	0.003237	0.055653	0.011313	0.032456	0.035960	0.005775	0.000140	0.000140	0.032285	0.019450	0.078385	0.000140	0.006288	0.000140	
0.005266	0.000170	0.010703	0.119546	0.003536	0.003156	0.022566	0.011017	0.004855	0.000170	0.034700	0.057584	0.027016	0.003118	0.000170	0.000170	0.001977	0.003401	0.079954	0.000170	0.112133	0.000170	0.021615	0.004050	0.013606	0.003468	0.001635	0.063302	0.002829	0.099816	0.000170	0.002971	0.006725	0.050675	0.007328	0.014955	0.005913	0.004857	0.001113	0.003887	0.007261	0.109216	0.000170	0.000170	0.055116	0.003681	0.012189	0.000170	0.001397	0.000170	
0.032364	0.000153	0.010682	0.064686	0.004125	0.013228	0.021688	0.021285	0.061391	0.000153	0.019334	0.032501	0.020100	0.013015	0.000153	0.000153	0.023783	0.014302	0.048390	0.000153	0.067439	0.000153	0.011356	0.046361	0.010407	0.002670	0.001272	0.034281	0.011795	0.059163	0.000153	0.004851	0.003847	0.027455	0.003116	0.011350	0.002530	0.020603	0.004269	0.048744	0.031421	0.059101	0.000153	0.000153	0.047113	0.023614	0.059163	0.000153	0.005526	0.000153	
0.032081	0.000158	0.014838	0.062743	0.009532	0.005046	0.037484	0.038361	0.008009	0.000158	0.026151	0.047396	0.060945	0.022548	0.000158	0.000158	0.003187	0.005447	0.061616	0.000158	0.071363	0.000158	0.018581	0.006623	0.021304	0.005348	0.002465	0.033256	0.004510	0.080626	0.000158	0.003215	0.015276	0.026636	0.020599	0.023748	0.016559	0.035758	0.007323	0.006387	0.011940	0.057327	0.000158	0.000158	0.052643	0.006016	0.033208	0.000158	0.002167	0.000158	
