0	0	0	0	0	0	0	
26	0	1	87	0	0	0	
0	0	0	0	0	40	0	
158	4	3	102	51	0	76	
61	119	0	0	0	0	0	
0	0	0	0	26	0	45	
0	0	0	50	0	0	0	
0	0	0	0	25	0	64	
160	0	0	0	0	0	50	
0	0	16	0	0	0	0	
0	0	2	42	0	0	0	
0	0	0	0	0	0	0	
0	188	0	0	0	0	0	
0	0	0	0	18	0	0	
0	0	0	0	102	0	0	
0	0	58	0	0	0	0	
1	3	116	0	1	114	0	
14	19	0	0	0	0	0	
178	0	0	0	0	0	0	
1	0	0	0	0	11	2	
0	90	0	0	165	0	0	
0	0	0	60	0	48	53	
0	0	21	55	0	0	0	
0	0	0	0	3	1	93	
0	0	0	0	6	63	0	
0	0	18	0	0	0	0	
0	0	0	0	0	0	42	
0	0	0	0	32	0	41	
0	0	114	1	0	0	1	
0	0	3	136	0	0	0	
0	0	0	0	35	0	1	
0	0	100	0	0	0	0	
0	0	162	0	0	0	0	
0	0	0	96	0	0	0	
0	0	0	0	0	40	0	
0	0	0	30	0	123	8	
0	0	0	0	34	0	0	
0	0	0	0	0	0	0	
0	0	0	0	0	0	0	
0	0	68	0	0	0	143	
0	97	1	0	0	85	0	
0	0	0	0	0	77	0	
0	2	0	0	101	0	0	
0	40	0	0	0	0	0	
0	0	137	0	47	0	0	
0	90	0	0	0	0	0	
0	0	0	58	0	0	0	
0	36	0	0	0	0	0	
0	0	38	0	0	0	0	
0	0	0	0	0	0	0	
