0.432609	0.013478	0.023742	0.000600	0.047270	0.030356	0.012681	0.155018	0.024077	0.128383	0.006056	0.009320	0.017479	0.065643	0.033287	
0.463595	0.011517	0.046770	0.002201	0.045774	0.011838	0.039111	0.137573	0.035241	0.114675	0.016137	0.020049	0.022584	0.027599	0.005334	
0.411603	0.012364	0.034039	0.000658	0.043902	0.015495	0.037477	0.143275	0.083933	0.118072	0.006163	0.032246	0.016165	0.038504	0.006104	
0.516200	0.000619	0.023555	0.010922	0.027359	0.044547	0.127489	0.010956	0.069288	0.011474	0.070591	0.043116	0.012366	0.023300	0.008219	
0.365526	0.002119	0.092685	0.004984	0.024713	0.027235	0.080426	0.032622	0.175500	0.030436	0.031724	0.048634	0.039870	0.038755	0.004771	
0.460045	0.001890	0.062732	0.006590	0.023263	0.040087	0.094265	0.027440	0.075698	0.025931	0.042310	0.040895	0.020996	0.058436	0.019423	
0.486172	0.000807	0.029064	0.009727	0.024714	0.051713	0.116945	0.010044	0.076985	0.010244	0.062716	0.042628	0.011095	0.046850	0.020296	
0.416181	0.003560	0.179416	0.000726	0.014710	0.010195	0.066833	0.040263	0.056603	0.033854	0.004072	0.046665	0.024740	0.091176	0.011004	
0.381333	0.000840	0.134020	0.001346	0.007084	0.058921	0.050696	0.009375	0.051345	0.011249	0.007254	0.032857	0.024716	0.161773	0.067193	
0.232184	0.001205	0.152086	0.001352	0.015843	0.057404	0.019671	0.014512	0.204586	0.015715	0.007268	0.026640	0.058566	0.130220	0.062750	
0.226666	0.001861	0.171794	0.001149	0.020590	0.035523	0.019774	0.027895	0.232852	0.027439	0.006160	0.029630	0.070795	0.090511	0.037359	
0.274956	0.001818	0.146151	0.003609	0.022445	0.033854	0.050577	0.021269	0.220366	0.019467	0.022438	0.038846	0.053937	0.067076	0.023191	
0.436408	0.001661	0.183216	0.000907	0.007899	0.020560	0.071994	0.019516	0.025215	0.017882	0.004715	0.045961	0.021411	0.117855	0.024802	
0.366530	0.002325	0.174355	0.001630	0.018341	0.012954	0.055625	0.035086	0.120389	0.032642	0.009639	0.040300	0.047969	0.071324	0.010890	
0.390804	0.001818	0.168447	0.002305	0.014682	0.017780	0.072208	0.022917	0.099731	0.020738	0.013963	0.047144	0.033199	0.081745	0.012519	
0.518650	0.002544	0.030182	0.000775	0.030846	0.008221	0.033840	0.103948	0.023239	0.109869	0.004245	0.016031	0.087525	0.023323	0.006760	
0.515404	0.002025	0.022111	0.000641	0.030309	0.008914	0.033288	0.103383	0.032456	0.111160	0.003218	0.016936	0.092376	0.021268	0.006511	
0.536122	0.000794	0.013515	0.000638	0.029233	0.009370	0.030673	0.101427	0.017888	0.113591	0.002864	0.012656	0.103091	0.019576	0.008563	
0.427665	0.001255	0.025407	0.000844	0.016631	0.072654	0.021334	0.052641	0.022710	0.059576	0.004099	0.010585	0.053078	0.148209	0.083312	
0.341152	0.002136	0.076129	0.001164	0.017969	0.028162	0.068402	0.046176	0.186364	0.046014	0.006523	0.059302	0.043234	0.066547	0.010727	
0.403441	0.002214	0.063703	0.002086	0.018596	0.050220	0.050741	0.045202	0.080317	0.046065	0.012601	0.031862	0.038783	0.107090	0.047078	
0.319506	0.000925	0.065589	0.002211	0.010307	0.036975	0.103823	0.016586	0.228344	0.016712	0.013084	0.084983	0.017350	0.077517	0.006087	
0.333404	0.003000	0.088457	0.001271	0.015201	0.028622	0.084158	0.038370	0.189294	0.033781	0.007470	0.071483	0.020769	0.077213	0.007508	
0.292035	0.000742	0.069184	0.000747	0.005606	0.051528	0.088131	0.011827	0.219745	0.012958	0.003306	0.080551	0.015620	0.118496	0.029523	
