13
13
13
13
13
13
13
13
13
13
13
13
13
13
13
13
31
31
31
31
31
31
31
31
31
31
31
31
31
31
31
31
31
31
31
31
31
31
31
31
31
31
5
5
5
5
5
5
5
5
5
5
5
5
5
36
36
36
36
36
36
36
36
36
36
36
36
36
36
36
12
12
12
12
12
12
12
12
12
12
12
12
12
12
12
12
12
12
12
12
42
42
42
42
12
12
12
12
12
12
12
12
12
12
12
12
12
12
12
12
12
12
12
12
12
12
12
12
12
12
12
12
12
12
12
12
12
35
35
35
35
35
35
35
35
12
12
12
12
12
12
12
12
12
12
12
12
12
12
12
12
12
12
12
12
12
12
12
12
12
12
12
12
12
12
35
35
35
35
35
35
35
35
35
35
35
35
35
35
12
12
12
12
12
12
12
12
12
12
10
10
10
10
10
10
10
10
10
10
10
10
14
14
14
14
14
14
14
14
14
14
14
14
14
14
14
44
44
44
44
44
44
44
44
44
44
44
44
44
44
44
44
44
44
44
44
44
44
44
44
44
44
44
44
44
44
44
44
44
44
44
44
44
