0.000583	0.000934	0.000583	0.000583	0.000583	0.000583	0.000583	0.000583	0.000583	0.000583	0.000583	0.000583	0.000583	0.000978	0.000583	0.000583	0.000583	0.000583	0.000583	0.000583	0.000583	0.000583	0.000583	0.000583	0.000583	0.000583	0.000583	0.000583	0.000583	0.001051	0.000583	0.000583	0.001612	0.000817	0.000980	0.000583	0.000583	0.006135	0.007596	0.000583	0.000583	0.000583	0.000583	0.000583	0.000583	0.000583	0.000583	0.000583	0.000583	0.955989	
0.000597	0.002246	0.000597	0.000597	0.000597	0.000597	0.000597	0.000597	0.000597	0.000597	0.000597	0.000597	0.000597	0.000752	0.000597	0.000597	0.000597	0.000597	0.000597	0.000597	0.000597	0.000597	0.000597	0.000597	0.000597	0.000597	0.000597	0.000597	0.000597	0.002032	0.000597	0.000597	0.001710	0.001314	0.000795	0.000597	0.000597	0.001639	0.003497	0.000597	0.000597	0.000597	0.000597	0.000597	0.000597	0.000597	0.000597	0.000597	0.000597	0.961553	
0.000596	0.001576	0.000596	0.000596	0.000596	0.000596	0.000596	0.000596	0.000596	0.000596	0.000596	0.000596	0.000596	0.000753	0.000596	0.000596	0.000596	0.000596	0.000596	0.000596	0.000596	0.000596	0.000596	0.000596	0.000596	0.000596	0.000596	0.000596	0.000596	0.002081	0.000596	0.000596	0.003365	0.001338	0.001609	0.000596	0.000596	0.001196	0.002297	0.000596	0.000596	0.000596	0.000596	0.000596	0.000596	0.000596	0.000596	0.000596	0.000596	0.961360	
0.000606	0.002934	0.000606	0.000606	0.000606	0.000606	0.000606	0.000606	0.000606	0.000606	0.000606	0.000606	0.000606	0.000777	0.000606	0.000606	0.000606	0.000606	0.000606	0.000606	0.000606	0.000606	0.000606	0.000606	0.000606	0.000606	0.000606	0.000606	0.000606	0.000998	0.000606	0.000606	0.001169	0.000802	0.000790	0.000606	0.000606	0.018198	0.024045	0.000606	0.000606	0.000606	0.000606	0.000606	0.000606	0.000606	0.000606	0.000606	0.000606	0.925444	
0.000667	0.001254	0.000667	0.000667	0.000667	0.000667	0.000667	0.000667	0.000667	0.000667	0.000667	0.000667	0.000667	0.001503	0.000667	0.000667	0.000667	0.000667	0.000667	0.000667	0.000667	0.000667	0.000667	0.000667	0.000667	0.000667	0.000667	0.000667	0.000667	0.001003	0.000667	0.000667	0.001264	0.000835	0.000881	0.000667	0.000667	0.010365	0.012892	0.000667	0.000667	0.000667	0.000667	0.000667	0.000667	0.000667	0.000667	0.000667	0.000667	0.942649	
0.000630	0.002804	0.000630	0.000630	0.000630	0.000630	0.000630	0.000630	0.000630	0.000630	0.000630	0.000630	0.000630	0.001051	0.000630	0.000630	0.000630	0.000630	0.000630	0.000630	0.000630	0.000630	0.000630	0.000630	0.000630	0.000630	0.000630	0.000630	0.000630	0.001558	0.000630	0.000630	0.002475	0.001094	0.001320	0.000630	0.000630	0.010244	0.014341	0.000630	0.000630	0.000630	0.000630	0.000630	0.000630	0.000630	0.000630	0.000630	0.000630	0.939280	
0.000578	0.000890	0.000578	0.000578	0.000578	0.000578	0.000578	0.000578	0.000578	0.000578	0.000578	0.000578	0.000578	0.000912	0.000578	0.000578	0.000578	0.000578	0.000578	0.000578	0.000578	0.000578	0.000578	0.000578	0.000578	0.000578	0.000578	0.000578	0.000578	0.000887	0.000578	0.000578	0.001484	0.000733	0.000954	0.000578	0.000578	0.021481	0.025973	0.000578	0.000578	0.000578	0.000578	0.000578	0.000578	0.000578	0.000578	0.000578	0.000578	0.922976	
0.000667	0.004817	0.000667	0.000667	0.000667	0.000667	0.000667	0.000667	0.000667	0.000667	0.000667	0.000667	0.000667	0.002115	0.000667	0.000667	0.000667	0.000667	0.000667	0.000667	0.000667	0.000667	0.000667	0.000667	0.000667	0.000667	0.000667	0.000667	0.000667	0.001105	0.000667	0.000667	0.004999	0.000886	0.002724	0.000667	0.000667	0.001839	0.006224	0.000667	0.000667	0.000667	0.000667	0.000667	0.000667	0.000667	0.000667	0.000667	0.000667	0.947948	
0.000682	0.010073	0.000682	0.000682	0.000682	0.000682	0.000682	0.000682	0.000682	0.000682	0.000682	0.000682	0.000682	0.000922	0.000682	0.000682	0.000682	0.000682	0.000682	0.000682	0.000682	0.000682	0.000682	0.000682	0.000682	0.000682	0.000682	0.000682	0.000682	0.000943	0.000682	0.000682	0.001211	0.000812	0.000881	0.000682	0.000682	0.005635	0.016017	0.000682	0.000682	0.000682	0.000682	0.000682	0.000682	0.000682	0.000682	0.000682	0.000682	0.935551	
0.000612	0.001569	0.000612	0.000612	0.000612	0.000612	0.000612	0.000612	0.000612	0.000612	0.000612	0.000612	0.000612	0.003033	0.000612	0.000612	0.000612	0.000612	0.000612	0.000612	0.000612	0.000612	0.000612	0.000612	0.000612	0.000612	0.000612	0.000612	0.000612	0.000800	0.000612	0.000612	0.001147	0.000706	0.000832	0.000612	0.000612	0.009795	0.012589	0.000612	0.000612	0.000612	0.000612	0.000612	0.000612	0.000612	0.000612	0.000612	0.000612	0.944445	
0.000634	0.002170	0.000634	0.000634	0.000634	0.000634	0.000634	0.000634	0.000634	0.000634	0.000634	0.000634	0.000634	0.003453	0.000634	0.000634	0.000634	0.000634	0.000634	0.000634	0.000634	0.000634	0.000634	0.000634	0.000634	0.000634	0.000634	0.000634	0.000634	0.001298	0.000634	0.000634	0.001586	0.000966	0.000944	0.000634	0.000634	0.005005	0.007415	0.000634	0.000634	0.000634	0.000634	0.000634	0.000634	0.000634	0.000634	0.000634	0.000634	0.951151	
0.000594	0.000988	0.000594	0.000594	0.000594	0.000594	0.000594	0.000594	0.000594	0.000594	0.000594	0.000594	0.000594	0.004326	0.000594	0.000594	0.000594	0.000594	0.000594	0.000594	0.000594	0.000594	0.000594	0.000594	0.000594	0.000594	0.000594	0.000594	0.000594	0.000967	0.000594	0.000594	0.001492	0.000781	0.000950	0.000594	0.000594	0.006201	0.007717	0.000594	0.000594	0.000594	0.000594	0.000594	0.000594	0.000594	0.000594	0.000594	0.000594	0.952220	
0.000609	0.002539	0.000609	0.000609	0.000609	0.000609	0.000609	0.000609	0.000609	0.000609	0.000609	0.000609	0.000609	0.002640	0.000609	0.000609	0.000609	0.000609	0.000609	0.000609	0.000609	0.000609	0.000609	0.000609	0.000609	0.000609	0.000609	0.000609	0.000609	0.001444	0.000609	0.000609	0.002028	0.001027	0.001110	0.000609	0.000609	0.002210	0.004461	0.000609	0.000609	0.000609	0.000609	0.000609	0.000609	0.000609	0.000609	0.000609	0.000609	0.957574	
0.000636	0.004820	0.000636	0.000636	0.000636	0.000636	0.000636	0.000636	0.000636	0.000636	0.000636	0.000636	0.000636	0.001691	0.000636	0.000636	0.000636	0.000636	0.000636	0.000636	0.000636	0.000636	0.000636	0.000636	0.000636	0.000636	0.000636	0.000636	0.000636	0.001393	0.000636	0.000636	0.002559	0.001014	0.001408	0.000636	0.000636	0.001407	0.005746	0.000636	0.000636	0.000636	0.000636	0.000636	0.000636	0.000636	0.000636	0.000636	0.000636	0.953906	
0.000596	0.000870	0.000596	0.000596	0.000596	0.000596	0.000596	0.000596	0.000596	0.000596	0.000596	0.000596	0.000596	0.003240	0.000596	0.000596	0.000596	0.000596	0.000596	0.000596	0.000596	0.000596	0.000596	0.000596	0.000596	0.000596	0.000596	0.000596	0.000596	0.000925	0.000596	0.000596	0.001723	0.000761	0.001078	0.000596	0.000596	0.001617	0.002095	0.000596	0.000596	0.000596	0.000596	0.000596	0.000596	0.000596	0.000596	0.000596	0.000596	0.963242	
0.000574	0.001587	0.000574	0.000574	0.000574	0.000574	0.000574	0.000574	0.000574	0.000574	0.000574	0.000574	0.000574	0.000774	0.000574	0.000574	0.000574	0.000574	0.000574	0.000574	0.000574	0.000574	0.000574	0.000574	0.000574	0.000574	0.000574	0.000574	0.000574	0.008382	0.000574	0.000574	0.005442	0.004478	0.001056	0.000574	0.000574	0.001698	0.002935	0.000574	0.000574	0.000574	0.000574	0.000574	0.000574	0.000574	0.000574	0.000574	0.000574	0.950095	
0.000596	0.002130	0.000596	0.000596	0.000596	0.000596	0.000596	0.000596	0.000596	0.000596	0.000596	0.000596	0.000596	0.000739	0.000596	0.000596	0.000596	0.000596	0.000596	0.000596	0.000596	0.000596	0.000596	0.000596	0.000596	0.000596	0.000596	0.000596	0.000596	0.006718	0.000596	0.000596	0.004191	0.003657	0.000863	0.000596	0.000596	0.001457	0.003163	0.000596	0.000596	0.000596	0.000596	0.000596	0.000596	0.000596	0.000596	0.000596	0.000596	0.952655	
0.000572	0.000924	0.000572	0.000572	0.000572	0.000572	0.000572	0.000572	0.000572	0.000572	0.000572	0.000572	0.000572	0.000757	0.000572	0.000572	0.000572	0.000572	0.000572	0.000572	0.000572	0.000572	0.000572	0.000572	0.000572	0.000572	0.000572	0.000572	0.000572	0.008509	0.000572	0.000572	0.005173	0.004540	0.000888	0.000572	0.000572	0.001630	0.002194	0.000572	0.000572	0.000572	0.000572	0.000572	0.000572	0.000572	0.000572	0.000572	0.000572	0.951940	
0.000578	0.001929	0.000578	0.000578	0.000578	0.000578	0.000578	0.000578	0.000578	0.000578	0.000578	0.000578	0.000578	0.000805	0.000578	0.000578	0.000578	0.000578	0.000578	0.000578	0.000578	0.000578	0.000578	0.000578	0.000578	0.000578	0.000578	0.000578	0.000578	0.006708	0.000578	0.000578	0.004338	0.003643	0.000926	0.000578	0.000578	0.005792	0.008185	0.000578	0.000578	0.000578	0.000578	0.000578	0.000578	0.000578	0.000578	0.000578	0.000578	0.943958	
0.000699	0.003097	0.000699	0.000699	0.000699	0.000699	0.000699	0.000699	0.000699	0.000699	0.000699	0.000699	0.000699	0.000927	0.000699	0.000699	0.000699	0.000699	0.000699	0.000699	0.000699	0.000699	0.000699	0.000699	0.000699	0.000699	0.000699	0.000699	0.000699	0.003367	0.000699	0.000699	0.005008	0.002033	0.002187	0.000699	0.000699	0.001297	0.003814	0.000699	0.000699	0.000699	0.000699	0.000699	0.000699	0.000699	0.000699	0.000699	0.000699	0.949592	
0.000631	0.004294	0.000631	0.000631	0.000631	0.000631	0.000631	0.000631	0.000631	0.000631	0.000631	0.000631	0.000631	0.000885	0.000631	0.000631	0.000631	0.000631	0.000631	0.000631	0.000631	0.000631	0.000631	0.000631	0.000631	0.000631	0.000631	0.000631	0.000631	0.004831	0.000631	0.000631	0.005429	0.002731	0.001980	0.000631	0.000631	0.002332	0.006335	0.000631	0.000631	0.000631	0.000631	0.000631	0.000631	0.000631	0.000631	0.000631	0.000631	0.945300	
0.000698	0.002037	0.000698	0.000698	0.000698	0.000698	0.000698	0.000698	0.000698	0.000698	0.000698	0.000698	0.000698	0.000900	0.000698	0.000698	0.000698	0.000698	0.000698	0.000698	0.000698	0.000698	0.000698	0.000698	0.000698	0.000698	0.000698	0.000698	0.000698	0.002377	0.000698	0.000698	0.005116	0.001538	0.002487	0.000698	0.000698	0.004545	0.006653	0.000698	0.000698	0.000698	0.000698	0.000698	0.000698	0.000698	0.000698	0.000698	0.000698	0.945715	
0.000689	0.001146	0.000689	0.000689	0.000689	0.000689	0.000689	0.000689	0.000689	0.000689	0.000689	0.000689	0.000689	0.000917	0.000689	0.000689	0.000689	0.000689	0.000689	0.000689	0.000689	0.000689	0.000689	0.000689	0.000689	0.000689	0.000689	0.000689	0.000689	0.001082	0.000689	0.000689	0.011012	0.000885	0.005752	0.000689	0.000689	0.001485	0.002101	0.000689	0.000689	0.000689	0.000689	0.000689	0.000689	0.000689	0.000689	0.000689	0.000689	0.947364	
0.000766	0.003607	0.000766	0.000766	0.000766	0.000766	0.000766	0.000766	0.000766	0.000766	0.000766	0.000766	0.000766	0.000908	0.000766	0.000766	0.000766	0.000766	0.000766	0.000766	0.000766	0.000766	0.000766	0.000766	0.000766	0.000766	0.000766	0.000766	0.000766	0.002601	0.000766	0.000766	0.002347	0.001683	0.001097	0.000766	0.000766	0.001623	0.004635	0.000766	0.000766	0.000766	0.000766	0.000766	0.000766	0.000766	0.000766	0.000766	0.000766	0.950106	
