0.040914	0.050460	0.040914	0.699625	0.038527	0.091033	0.038527	
0.067007	0.297959	0.024150	0.407483	0.145578	0.028912	0.028912	
0.040914	0.234231	0.040914	0.589840	0.043300	0.021821	0.028981	
0.657483	0.183673	0.045578	0.019388	0.033673	0.026531	0.033673	
0.318733	0.042790	0.236186	0.030997	0.231469	0.064016	0.075809	
0.480149	0.187988	0.083475	0.024092	0.059722	0.123855	0.040719	
0.534617	0.023978	0.144546	0.054711	0.052347	0.068896	0.120905	
0.021717	0.570411	0.019342	0.024092	0.045470	0.294876	0.024092	
0.052721	0.333673	0.033673	0.019388	0.052721	0.490816	0.017007	
0.080249	0.043929	0.026980	0.039087	0.051193	0.687997	0.070564	
0.044936	0.101274	0.033199	0.070758	0.087190	0.526157	0.136486	
0.211512	0.027046	0.051318	0.024619	0.245492	0.410541	0.029473	
0.016420	0.181938	0.037110	0.034811	0.646305	0.039409	0.044007	
0.033199	0.113011	0.021462	0.021462	0.751509	0.042589	0.016767	
0.079402	0.053821	0.063123	0.058472	0.656146	0.049169	0.039867	
0.024382	0.094093	0.048420	0.161401	0.041209	0.019574	0.610920	
0.026786	0.125343	0.036401	0.031593	0.038805	0.024382	0.716690	
0.052847	0.026594	0.028981	0.071940	0.024207	0.033754	0.761677	
0.024035	0.121192	0.040623	0.133040	0.040623	0.324983	0.315504	
0.047619	0.026342	0.518068	0.118541	0.031071	0.109085	0.149274	
0.094777	0.089934	0.128675	0.075406	0.184365	0.213421	0.213421	
0.082272	0.123236	0.650947	0.031670	0.022031	0.029260	0.060585	
0.088646	0.191272	0.439482	0.050460	0.052847	0.062393	0.114899	
0.115174	0.134313	0.430964	0.043404	0.041012	0.024265	0.210868	
