0	0	0	0	75	0	0	
0	0	0	10	0	0	0	
0	0	0	0	25	0	0	
0	0	0	0	0	35	55	
0	0	0	0	40	0	0	
0	0	26	0	0	0	0	
0	104	0	0	72	0	0	
0	0	0	86	113	0	0	
103	0	0	0	66	32	0	
124	79	109	0	0	0	0	
151	0	0	4	0	0	0	
39	163	1	11	0	2	0	
0	0	0	61	0	0	0	
0	0	0	0	76	0	0	
22	0	0	31	0	0	0	
0	0	0	0	0	0	0	
63	0	0	0	0	0	0	
0	0	59	0	0	0	0	
0	13	0	37	19	148	0	
0	0	0	0	0	0	0	
1	0	29	0	0	33	0	
1	0	150	0	0	0	0	
53	0	0	0	0	0	0	
5	0	0	24	6	97	0	
0	0	0	60	0	0	0	
0	0	12	31	1	0	0	
0	0	0	0	0	13	0	
0	0	0	0	0	0	43	
0	0	0	0	0	0	48	
109	51	17	0	0	0	146	
0	0	0	0	0	0	0	
0	0	0	0	0	10	0	
0	42	0	31	0	0	0	
0	0	0	0	0	33	0	
0	60	0	0	0	0	0	
0	0	0	43	34	0	0	
0	29	0	0	0	0	0	
0	0	0	0	111	0	0	
19	0	0	0	21	0	0	
2	0	0	46	57	115	0	
0	0	0	0	0	0	179	
0	0	0	0	0	85	0	
0	75	10	0	0	0	0	
0	140	0	0	13	58	0	
0	0	168	0	0	0	0	
0	0	73	16	0	0	0	
0	14	12	0	1	0	0	
0	0	0	0	0	79	0	
0	0	25	0	0	0	0	
0	0	0	109	0	0	0	
