47
47
47
47
47
47
47
47
47
47
47
47
47
47
47
47
47
47
47
47
47
47
47
47
47
47
0
0
0
0
0
0
0
0
0
0
0
46
46
46
46
46
46
46
46
46
19
19
19
19
19
19
19
19
19
19
19
19
19
19
19
19
19
19
19
19
19
19
25
25
25
25
25
25
25
25
25
25
25
25
6
6
6
6
6
6
6
6
6
6
6
6
6
6
6
6
33
33
33
33
33
33
33
33
33
33
33
33
33
13
13
13
13
13
13
13
13
13
13
13
13
13
13
13
13
13
13
13
0
0
0
0
0
0
0
0
0
0
0
0
0
0
0
0
0
0
0
0
0
0
0
0
0
0
0
0
0
27
27
27
27
27
27
27
27
27
27
27
27
27
27
27
27
13
13
13
13
13
13
13
13
13
13
13
13
13
13
13
13
13
13
13
13
13
13
13
13
13
13
13
13
13
13
13
13
13
13
