0	0	0	1	0	11	0	
0	0	0	0	0	0	0	
0	0	0	0	0	0	139	
0	1	0	0	0	0	15	
39	0	0	0	0	0	0	
0	0	0	0	0	28	0	
132	0	0	0	0	0	0	
25	0	0	0	0	0	0	
1	123	0	0	0	0	80	
0	0	0	0	112	0	0	
0	0	0	0	22	0	0	
0	0	0	0	0	0	0	
0	0	0	28	0	0	0	
0	0	180	0	0	0	0	
0	1	25	0	61	0	40	
0	0	0	43	0	0	0	
125	0	1	0	0	0	0	
39	0	0	0	31	36	0	
0	0	0	0	0	0	0	
0	28	0	27	0	0	78	
0	0	0	0	0	0	102	
0	0	0	0	0	0	0	
0	0	0	84	0	0	0	
0	0	0	4	20	0	0	
0	0	62	0	0	0	0	
0	0	0	0	0	0	0	
0	0	0	0	0	0	0	
0	48	320	0	0	0	25	
14	0	0	0	0	32	0	
162	0	3	0	0	0	0	
85	0	0	0	0	0	0	
0	0	0	0	166	0	0	
0	251	0	56	0	0	0	
0	0	0	0	0	0	48	
0	0	0	100	0	0	0	
0	0	0	0	0	50	0	
0	0	0	0	0	0	150	
0	0	0	0	0	22	0	
0	168	0	0	0	0	0	
0	0	0	0	176	0	0	
0	0	0	0	0	218	0	
0	0	0	0	0	0	119	
0	93	0	58	1	41	0	
0	0	0	28	0	0	0	
0	0	88	0	0	24	0	
0	0	0	0	0	0	48	
0	0	0	0	159	0	0	
0	0	0	0	0	25	0	
0	0	33	0	0	0	0	
0	5	0	37	0	122	0	
