0	0	0	0	0	15	0	
0	0	0	0	9	0	2	
0	38	0	0	0	0	0	
0	0	21	0	0	32	0	
0	0	0	0	0	0	0	
0	45	0	147	0	0	0	
0	2	0	0	35	0	0	
0	0	0	0	0	0	25	
100	2	172	0	0	0	0	
0	0	1	99	0	0	1	
0	0	0	0	0	0	0	
0	0	0	0	0	28	0	
72	1	0	0	1	7	0	
220	0	0	0	0	0	0	
0	0	0	0	0	0	0	
0	0	0	0	69	0	28	
0	0	4	0	115	0	0	
0	0	16	0	0	71	0	
0	0	0	0	0	89	0	
0	0	0	3	0	0	212	
45	0	0	0	0	0	0	
0	16	0	0	0	0	0	
47	0	0	0	0	0	0	
0	0	0	0	52	0	0	
0	0	0	0	116	0	0	
0	0	0	0	0	108	0	
0	248	0	0	0	0	0	
0	0	0	0	0	0	211	
0	280	2	0	0	0	0	
0	0	0	0	0	0	0	
70	0	0	55	0	0	0	
0	0	0	0	114	2	0	
0	0	56	92	0	1	0	
0	0	60	0	0	0	26	
0	0	0	0	26	0	0	
29	29	24	0	0	0	0	
0	0	0	0	39	59	0	
9	0	0	267	185	0	0	
0	0	104	0	0	0	0	
0	0	103	0	1	0	0	
41	41	0	0	0	0	0	
0	37	57	16	16	0	0	
120	0	0	0	1	0	28	
0	1	0	0	0	111	0	
0	0	0	16	0	0	0	
20	0	0	0	0	0	0	
24	0	0	0	0	0	0	
0	0	0	0	0	0	0	
15	0	0	0	0	0	0	
0	0	0	0	0	0	0	
