0.001013	0.000837	0.001473	0.003692	0.000130	0.012714	0.002537	0.001464	0.106882	0.007667	0.000130	0.001778	0.067550	0.204566	0.000130	0.006231	0.008128	0.005587	0.005367	0.011666	0.041946	0.000696	0.043805	0.003602	0.007875	0.006485	0.008899	0.011388	0.010190	0.000130	0.069291	0.007859	0.011547	0.006316	0.001866	0.030023	0.006206	0.040812	0.008447	0.008434	0.039679	0.008261	0.113201	0.006697	0.001326	0.018715	0.022432	0.000130	0.014069	0.000130	
0.002025	0.000489	0.010040	0.005370	0.000134	0.032786	0.001621	0.001468	0.078259	0.014335	0.000134	0.003663	0.050086	0.149188	0.000134	0.003531	0.003534	0.009997	0.011349	0.011873	0.030623	0.004305	0.031978	0.001568	0.003333	0.013743	0.064778	0.011393	0.073234	0.000134	0.055388	0.003529	0.016562	0.004958	0.000851	0.028716	0.008644	0.049334	0.006091	0.006062	0.038600	0.015762	0.082958	0.014382	0.002412	0.013685	0.016395	0.000134	0.010297	0.000134	
0.003021	0.000931	0.008743	0.007021	0.000143	0.016962	0.001362	0.007531	0.067885	0.004942	0.000143	0.005515	0.045828	0.134874	0.000143	0.009929	0.002802	0.014328	0.017219	0.062931	0.027702	0.003764	0.028926	0.001282	0.002683	0.020864	0.056272	0.062500	0.063584	0.000143	0.045494	0.003023	0.006456	0.009937	0.000712	0.025310	0.012317	0.021757	0.003800	0.003787	0.034531	0.011594	0.081930	0.021666	0.000865	0.012391	0.014841	0.000143	0.009329	0.000143	
0.000907	0.001312	0.008606	0.015960	0.000148	0.029876	0.004249	0.002950	0.135080	0.014212	0.000148	0.001565	0.013963	0.040277	0.000148	0.010492	0.014862	0.014555	0.004652	0.024310	0.008356	0.003709	0.008721	0.005579	0.012263	0.005614	0.055344	0.023795	0.063818	0.000148	0.020292	0.012155	0.050383	0.043613	0.002864	0.028113	0.007207	0.056914	0.070436	0.069865	0.016752	0.050723	0.025279	0.005988	0.002294	0.003796	0.004526	0.000148	0.002884	0.000148	
0.000759	0.004332	0.001976	0.010408	0.000142	0.031815	0.015947	0.002034	0.091029	0.020512	0.000142	0.001293	0.013516	0.038610	0.000142	0.033230	0.053462	0.009881	0.003802	0.016789	0.008010	0.000914	0.008360	0.023481	0.052206	0.004584	0.012115	0.016111	0.014512	0.000142	0.023419	0.051391	0.042513	0.027681	0.011811	0.016841	0.020073	0.138333	0.044466	0.044489	0.009290	0.036613	0.023692	0.004755	0.003353	0.003639	0.004338	0.000142	0.002764	0.000142	
0.000956	0.005600	0.003547	0.006765	0.000137	0.016218	0.020903	0.002250	0.064166	0.008564	0.000137	0.001667	0.018392	0.052677	0.000137	0.043089	0.068709	0.007733	0.004999	0.018300	0.010884	0.001573	0.011361	0.030723	0.068368	0.006037	0.022390	0.017970	0.025726	0.000137	0.021360	0.067301	0.020741	0.016277	0.015430	0.015242	0.026300	0.132977	0.024304	0.024660	0.013607	0.027424	0.031750	0.006290	0.001448	0.004913	0.005869	0.000137	0.003719	0.000137	
0.000788	0.003561	0.001995	0.002757	0.000177	0.007835	0.001863	0.037368	0.015951	0.005434	0.000177	0.001318	0.004318	0.011672	0.000177	0.044966	0.005647	0.004042	0.003803	0.315664	0.002529	0.000942	0.002633	0.002540	0.005449	0.004578	0.012038	0.314064	0.013690	0.000177	0.005895	0.005440	0.007067	0.042502	0.001359	0.004538	0.004354	0.019056	0.006498	0.006482	0.004280	0.006737	0.048146	0.004748	0.000776	0.001222	0.001431	0.000177	0.000961	0.000177	
0.002745	0.001449	0.018962	0.007142	0.000153	0.047116	0.002547	0.011842	0.024842	0.017317	0.000153	0.004992	0.010361	0.026013	0.000153	0.016011	0.005043	0.013535	0.015534	0.099776	0.005443	0.008073	0.005678	0.002238	0.004805	0.018818	0.122909	0.098805	0.138887	0.000153	0.017619	0.005071	0.019666	0.016476	0.001196	0.019583	0.011914	0.053474	0.007375	0.007346	0.025267	0.025755	0.027390	0.019831	0.002840	0.002504	0.002974	0.000153	0.001916	0.000153	
0.000895	0.000697	0.040668	0.002569	0.000138	0.056746	0.003888	0.001933	0.013676	0.006049	0.000138	0.001552	0.005008	0.010537	0.000138	0.005336	0.005607	0.004344	0.004631	0.015532	0.002265	0.017203	0.002360	0.002541	0.005498	0.005591	0.264649	0.015284	0.298857	0.000138	0.006669	0.005507	0.007753	0.004334	0.001339	0.033371	0.004919	0.024755	0.004176	0.004183	0.045806	0.043491	0.007866	0.006809	0.001075	0.001083	0.001272	0.000138	0.000847	0.000138	
0.000785	0.001321	0.002529	0.009035	0.000154	0.091945	0.002141	0.008762	0.068868	0.060781	0.000154	0.001333	0.005526	0.015316	0.000154	0.013466	0.007707	0.008884	0.003903	0.074972	0.003255	0.001154	0.003393	0.002920	0.006325	0.004704	0.015658	0.072812	0.018376	0.000154	0.038269	0.006303	0.075970	0.030629	0.001537	0.012574	0.004714	0.172229	0.037459	0.037154	0.005543	0.033449	0.018119	0.004893	0.009838	0.001532	0.001808	0.000154	0.001187	0.000154	
0.000758	0.001234	0.008528	0.006730	0.000149	0.106043	0.003010	0.005933	0.046484	0.065266	0.000149	0.001285	0.002610	0.005915	0.000149	0.011397	0.009106	0.007054	0.003758	0.051150	0.001329	0.003677	0.001381	0.003744	0.008168	0.004529	0.054832	0.048960	0.062391	0.000149	0.037892	0.008111	0.074343	0.021259	0.001947	0.013342	0.005238	0.187491	0.026314	0.026132	0.010264	0.034200	0.009841	0.004871	0.010595	0.000673	0.000778	0.000149	0.000542	0.000149	
0.000785	0.001291	0.001662	0.002744	0.000151	0.130062	0.001662	0.009801	0.017901	0.086883	0.000151	0.001334	0.005932	0.016665	0.000151	0.013781	0.005090	0.004096	0.003910	0.084597	0.003529	0.000788	0.003679	0.002278	0.004894	0.004713	0.010010	0.081596	0.011401	0.000151	0.053342	0.004897	0.083688	0.013733	0.001215	0.004899	0.004238	0.241102	0.006297	0.006279	0.004859	0.019590	0.020007	0.004879	0.014097	0.001653	0.001953	0.000151	0.001277	0.000151	
0.000935	0.000786	0.010589	0.002793	0.000133	0.054096	0.002982	0.000905	0.066279	0.028213	0.000133	0.001631	0.042482	0.127347	0.000133	0.005530	0.007867	0.004653	0.004893	0.007527	0.026154	0.004535	0.027311	0.003549	0.007752	0.005909	0.068369	0.006648	0.077264	0.000133	0.056168	0.007728	0.028741	0.003647	0.001841	0.025966	0.005850	0.093014	0.004832	0.004853	0.035122	0.018466	0.070453	0.006345	0.004659	0.011698	0.014011	0.000133	0.008807	0.000133	
0.001007	0.002092	0.009546	0.004354	0.000136	0.055405	0.007827	0.001451	0.058526	0.030019	0.000136	0.001761	0.028757	0.084964	0.000136	0.015794	0.024227	0.006055	0.005300	0.012190	0.017487	0.004098	0.018258	0.010826	0.023983	0.006403	0.061548	0.011237	0.069697	0.000136	0.043636	0.023688	0.034106	0.008249	0.005481	0.021197	0.011577	0.121785	0.011828	0.011921	0.026098	0.023798	0.048084	0.006824	0.004939	0.007848	0.009390	0.000136	0.005920	0.000136	
0.001750	0.002420	0.002908	0.005706	0.000144	0.061521	0.007309	0.006036	0.050215	0.039612	0.000144	0.003142	0.024518	0.071495	0.000144	0.020582	0.023616	0.009374	0.009674	0.051295	0.014738	0.001308	0.015387	0.010573	0.023409	0.011709	0.018186	0.049873	0.020717	0.000144	0.044586	0.023222	0.042310	0.012374	0.005358	0.014100	0.014284	0.145701	0.010721	0.010820	0.016424	0.018166	0.045862	0.012103	0.006468	0.006630	0.007927	0.000144	0.005009	0.000144	
0.022891	0.000685	0.001663	0.050007	0.000182	0.009544	0.001556	0.002310	0.013930	0.005456	0.000182	0.042573	0.012572	0.005427	0.000182	0.005122	0.004705	0.108725	0.134926	0.018383	0.001255	0.000806	0.001302	0.002108	0.004480	0.163692	0.009852	0.018143	0.011231	0.000182	0.004697	0.007434	0.010132	0.006332	0.001145	0.003579	0.090952	0.021069	0.007006	0.006977	0.002758	0.006786	0.005463	0.168273	0.001010	0.000659	0.000754	0.000182	0.000539	0.000182	
0.012669	0.001737	0.009499	0.031621	0.000162	0.016843	0.006357	0.001519	0.046000	0.004232	0.000162	0.023509	0.010887	0.013848	0.000162	0.012925	0.019811	0.063002	0.074371	0.011779	0.002962	0.004093	0.003086	0.008635	0.019064	0.090213	0.061092	0.011610	0.069409	0.000162	0.006622	0.020406	0.017255	0.015221	0.004399	0.014551	0.055712	0.041084	0.023820	0.023755	0.012786	0.025438	0.009310	0.092960	0.000775	0.001407	0.001655	0.000162	0.001096	0.000162	
0.016284	0.000933	0.001286	0.040792	0.000176	0.007562	0.001419	0.005834	0.057307	0.004789	0.000176	0.030245	0.011983	0.013090	0.000176	0.008848	0.005258	0.081184	0.095751	0.048283	0.002818	0.000644	0.002935	0.001936	0.004102	0.116155	0.007423	0.047933	0.008953	0.000176	0.006557	0.006182	0.021720	0.023922	0.001056	0.009870	0.064855	0.017993	0.031136	0.030872	0.003781	0.019428	0.013592	0.119406	0.000837	0.001350	0.001585	0.000176	0.001057	0.000176	
0.003334	0.000525	0.002354	0.031068	0.000161	0.011786	0.001138	0.001938	0.201198	0.007462	0.000161	0.006085	0.004051	0.007271	0.000161	0.003850	0.007589	0.033573	0.018991	0.015419	0.001615	0.001084	0.001680	0.001441	0.003016	0.023011	0.014472	0.015163	0.018618	0.000161	0.005801	0.003390	0.070387	0.070971	0.000801	0.030356	0.013604	0.021404	0.119694	0.118569	0.003852	0.069186	0.006055	0.023704	0.001143	0.000807	0.000936	0.000161	0.000646	0.000161	
0.003006	0.003117	0.009052	0.007378	0.000148	0.079929	0.010328	0.006042	0.011993	0.047067	0.000148	0.005482	0.003496	0.004739	0.000148	0.025894	0.032272	0.014537	0.017102	0.051540	0.001087	0.003897	0.001129	0.014576	0.032333	0.020721	0.058259	0.049891	0.065865	0.000148	0.027514	0.032159	0.046695	0.009518	0.007362	0.008845	0.022208	0.177421	0.005765	0.005988	0.010611	0.023872	0.009531	0.021527	0.007684	0.000566	0.000649	0.000148	0.000461	0.000148	
0.005103	0.004299	0.006823	0.012917	0.000153	0.033994	0.014214	0.007914	0.022432	0.018039	0.000153	0.009394	0.005828	0.008701	0.000153	0.035874	0.045620	0.025264	0.029526	0.066494	0.001901	0.002961	0.001979	0.020522	0.045592	0.035797	0.043688	0.065654	0.049515	0.000153	0.012579	0.045469	0.022593	0.014518	0.010338	0.008888	0.034902	0.120090	0.011062	0.011349	0.008943	0.021718	0.013899	0.036962	0.002976	0.000930	0.001085	0.000153	0.000736	0.000153	
0.001119	0.007272	0.008616	0.003225	0.000139	0.020495	0.026733	0.005255	0.011763	0.007339	0.000139	0.001968	0.003746	0.006800	0.000139	0.057418	0.086243	0.005535	0.005953	0.043736	0.001501	0.003708	0.001562	0.038987	0.086801	0.007195	0.055465	0.043321	0.062699	0.000139	0.006119	0.085437	0.009315	0.008303	0.019563	0.008624	0.033130	0.157361	0.005067	0.005767	0.010527	0.024170	0.010250	0.007614	0.001262	0.000744	0.000866	0.000139	0.000593	0.000139	
0.002346	0.007288	0.001143	0.006562	0.000140	0.011038	0.026520	0.004870	0.028185	0.006951	0.000140	0.004257	0.011983	0.030803	0.000140	0.057339	0.086969	0.011888	0.013227	0.040451	0.006412	0.000563	0.006691	0.039254	0.087394	0.016021	0.006688	0.040063	0.007696	0.000140	0.013530	0.086184	0.010940	0.009962	0.019697	0.006909	0.038151	0.158187	0.008638	0.009309	0.006937	0.018867	0.022916	0.016489	0.001197	0.002928	0.003485	0.000140	0.002231	0.000140	
0.000752	0.005404	0.013902	0.006305	0.000138	0.025941	0.020719	0.002131	0.044445	0.006850	0.000138	0.001285	0.004093	0.008505	0.000138	0.041516	0.066306	0.006745	0.003782	0.017234	0.001850	0.005934	0.001926	0.029639	0.065948	0.004560	0.089965	0.016960	0.102018	0.000138	0.006356	0.064895	0.019078	0.016088	0.014889	0.017296	0.024679	0.122697	0.024191	0.024527	0.016548	0.036834	0.007502	0.005045	0.001173	0.000899	0.001051	0.000138	0.000709	0.000138	
