0.000150	0.034116	0.001035	0.069143	0.000150	0.006676	0.002267	0.108051	0.004843	0.006443	0.007148	0.006676	0.000150	0.003824	0.000150	0.021715	0.007096	0.003260	0.025258	0.001157	0.004944	0.032340	0.014533	0.005561	0.003907	0.053697	0.167307	0.005983	0.024645	0.001035	0.000150	0.032866	0.013668	0.036035	0.019301	0.002899	0.011036	0.003833	0.009604	0.007469	0.005927	0.058146	0.000150	0.000150	0.000150	0.081002	0.036826	0.038402	0.007087	0.012037	
0.000141	0.021892	0.004408	0.060106	0.000141	0.007533	0.010351	0.059292	0.021266	0.007269	0.001524	0.007533	0.000141	0.009353	0.000141	0.086521	0.017555	0.000756	0.005338	0.002665	0.023188	0.028788	0.008008	0.010433	0.002699	0.041889	0.075815	0.021020	0.098282	0.004408	0.000141	0.037443	0.015453	0.031100	0.013176	0.013399	0.002293	0.014320	0.006576	0.018268	0.026801	0.032135	0.000141	0.000141	0.000141	0.085061	0.020201	0.021637	0.009514	0.013605	
0.000137	0.028848	0.002767	0.063005	0.000137	0.009991	0.006429	0.050017	0.013187	0.009639	0.001870	0.009991	0.000137	0.011334	0.000137	0.079475	0.021303	0.000907	0.006479	0.003205	0.014444	0.027604	0.006775	0.011450	0.002028	0.055467	0.067963	0.019284	0.090231	0.002767	0.000137	0.049718	0.020548	0.036980	0.009774	0.008308	0.002833	0.010405	0.004895	0.022131	0.017609	0.027393	0.000137	0.000137	0.000137	0.107023	0.017064	0.018468	0.011211	0.018084	
0.000150	0.016384	0.001653	0.153503	0.000150	0.000996	0.003746	0.010946	0.007654	0.000966	0.005687	0.000996	0.000150	0.040659	0.000150	0.136046	0.076728	0.002611	0.019832	0.011248	0.008684	0.052155	0.001583	0.009795	0.001709	0.020465	0.048538	0.032450	0.154362	0.001653	0.000150	0.004916	0.001902	0.004305	0.008096	0.004819	0.008763	0.012052	0.004073	0.079552	0.013730	0.005940	0.000150	0.000150	0.000150	0.015512	0.003803	0.006900	0.001694	0.001691	
0.000150	0.028210	0.008180	0.148511	0.000150	0.001667	0.019365	0.029215	0.039815	0.001613	0.009668	0.001667	0.000150	0.033755	0.000150	0.008569	0.063678	0.004380	0.034137	0.009357	0.042915	0.054545	0.003987	0.001637	0.004031	0.035391	0.094880	0.002339	0.009988	0.008180	0.000150	0.007768	0.003293	0.009059	0.019930	0.025101	0.014955	0.020703	0.009915	0.066105	0.044200	0.015607	0.000150	0.000150	0.000150	0.031180	0.009935	0.013054	0.005395	0.002913	
0.000145	0.008705	0.010403	0.105911	0.000145	0.001121	0.024691	0.028939	0.050485	0.001086	0.002554	0.001121	0.000145	0.025296	0.000145	0.095799	0.047690	0.001216	0.008819	0.007036	0.055110	0.045125	0.003936	0.007165	0.001689	0.012086	0.047842	0.023019	0.109020	0.010403	0.000145	0.005402	0.002166	0.007396	0.008015	0.032018	0.003892	0.028974	0.004030	0.049462	0.059661	0.015376	0.000145	0.000145	0.000145	0.016592	0.009811	0.011972	0.005884	0.001922	
0.000134	0.037862	0.001523	0.154977	0.000134	0.010396	0.003457	0.007971	0.007157	0.010029	0.005003	0.010396	0.000134	0.041555	0.000134	0.013127	0.078436	0.002298	0.017569	0.011482	0.007574	0.052274	0.001173	0.007237	0.002500	0.066603	0.041503	0.003267	0.014922	0.001523	0.000134	0.051492	0.021390	0.031745	0.012194	0.004448	0.007707	0.005937	0.006088	0.081349	0.008261	0.005020	0.000134	0.000134	0.000134	0.112781	0.002782	0.006053	0.011040	0.018824	
0.000162	0.011907	0.008703	0.045634	0.000162	0.002661	0.020601	0.006675	0.043530	0.002572	0.002348	0.002661	0.000162	0.006732	0.000162	0.123002	0.012583	0.001133	0.009953	0.001962	0.046101	0.016724	0.000990	0.009933	0.016438	0.019242	0.021623	0.029335	0.139815	0.008703	0.000162	0.013145	0.005339	0.008523	0.083116	0.026702	0.003562	0.025639	0.041114	0.013558	0.051911	0.003651	0.000162	0.000162	0.000162	0.091885	0.002273	0.005389	0.006627	0.004714	
0.000172	0.005212	0.001065	0.128673	0.000172	0.000882	0.002310	0.010998	0.006684	0.000857	0.001460	0.000882	0.000172	0.031076	0.000172	0.102854	0.058593	0.000744	0.007558	0.008639	0.005332	0.039719	0.001611	0.007503	0.022298	0.007517	0.020754	0.024595	0.116685	0.001065	0.000172	0.004127	0.001642	0.003931	0.112942	0.002948	0.002175	0.008418	0.055843	0.061423	0.009794	0.005980	0.000172	0.000172	0.000172	0.097632	0.003842	0.009599	0.001297	0.001465	
0.000177	0.025323	0.001251	0.142763	0.000177	0.001453	0.002748	0.020694	0.007753	0.001407	0.008786	0.001453	0.000177	0.029753	0.000177	0.012601	0.056088	0.004003	0.033560	0.008280	0.005945	0.042007	0.002907	0.001786	0.024131	0.031565	0.079644	0.003260	0.014309	0.001251	0.000177	0.006606	0.002820	0.007099	0.122267	0.003516	0.013569	0.005037	0.060449	0.058887	0.007275	0.011190	0.000177	0.000177	0.000177	0.110394	0.007139	0.013165	0.001952	0.002501	
0.000188	0.033336	0.001399	0.065615	0.000188	0.001626	0.003085	0.012914	0.009047	0.001575	0.011772	0.001626	0.000188	0.004508	0.000188	0.059752	0.008355	0.005337	0.044861	0.001372	0.006866	0.011402	0.001879	0.005064	0.030517	0.040999	0.090437	0.014399	0.067800	0.001399	0.000188	0.007615	0.003167	0.006396	0.154769	0.003950	0.018208	0.006773	0.076500	0.009629	0.010093	0.007055	0.000188	0.000188	0.000188	0.138130	0.004500	0.009773	0.002188	0.002808	
0.000157	0.005571	0.011520	0.143762	0.000157	0.000877	0.027347	0.008082	0.057204	0.000851	0.001581	0.000877	0.000157	0.036237	0.000157	0.014612	0.068364	0.000790	0.007099	0.010042	0.060682	0.053571	0.001160	0.001566	0.015132	0.007949	0.017964	0.003635	0.016961	0.011520	0.000157	0.003816	0.001649	0.003445	0.076482	0.035464	0.002372	0.027998	0.037836	0.071318	0.062897	0.004219	0.000157	0.000157	0.000157	0.068310	0.002714	0.007650	0.006153	0.001469	
0.000156	0.007478	0.001513	0.100200	0.000156	0.001167	0.003402	0.171888	0.007144	0.001131	0.002046	0.001167	0.000156	0.009071	0.000156	0.006567	0.017009	0.000996	0.007273	0.002599	0.007400	0.053205	0.023047	0.001201	0.003776	0.010780	0.204904	0.002821	0.007477	0.001513	0.000156	0.005237	0.002251	0.029478	0.018603	0.004371	0.003096	0.004019	0.009263	0.017737	0.007890	0.091793	0.000156	0.000156	0.000156	0.025039	0.058529	0.060868	0.001797	0.001998	
0.000155	0.008271	0.011073	0.052618	0.000155	0.001925	0.026281	0.069353	0.054494	0.001862	0.001624	0.001925	0.000155	0.003744	0.000155	0.057621	0.006939	0.000808	0.006546	0.001138	0.058484	0.030088	0.009329	0.005091	0.009625	0.013439	0.086978	0.014242	0.065734	0.011073	0.000155	0.009232	0.003821	0.015952	0.048425	0.034080	0.002440	0.027704	0.023984	0.007490	0.062004	0.036979	0.000155	0.000155	0.000155	0.056639	0.023550	0.025782	0.006994	0.003379	
0.000153	0.009786	0.010891	0.064504	0.000153	0.000776	0.025848	0.093999	0.053180	0.000754	0.003321	0.000776	0.000153	0.004722	0.000153	0.040610	0.008790	0.001561	0.011950	0.001405	0.057455	0.037311	0.012615	0.003250	0.005184	0.012489	0.125645	0.010371	0.046431	0.010891	0.000153	0.003430	0.001444	0.016332	0.025795	0.033518	0.005081	0.026655	0.012812	0.009265	0.060207	0.050044	0.000153	0.000153	0.000153	0.027017	0.031930	0.033678	0.005762	0.001289	
0.000118	0.054767	0.001455	0.017900	0.000118	0.021316	0.003318	0.006465	0.006829	0.020559	0.001062	0.021316	0.000118	0.003101	0.000118	0.052122	0.005756	0.000538	0.003662	0.000935	0.007439	0.006375	0.000958	0.016483	0.001860	0.111104	0.014870	0.012493	0.059159	0.001455	0.000118	0.106314	0.044028	0.063921	0.008997	0.004273	0.001586	0.005786	0.004501	0.006016	0.009488	0.004992	0.000118	0.000118	0.000118	0.220140	0.002260	0.002787	0.021937	0.038729	
0.000123	0.048538	0.003587	0.028505	0.000123	0.018066	0.008413	0.014493	0.017226	0.017426	0.001765	0.018066	0.000123	0.004835	0.000123	0.048471	0.009031	0.000853	0.006104	0.001414	0.018749	0.012179	0.002022	0.014266	0.001697	0.096509	0.028126	0.011684	0.055092	0.003587	0.000123	0.090033	0.037292	0.055498	0.008145	0.010887	0.002677	0.010526	0.004083	0.009405	0.020891	0.009002	0.000123	0.000123	0.000123	0.186790	0.004966	0.005638	0.019675	0.032806	
0.000128	0.068514	0.000840	0.042631	0.000128	0.018344	0.001832	0.010310	0.003812	0.017693	0.009323	0.018344	0.000128	0.005514	0.000128	0.014272	0.010310	0.004215	0.032747	0.001604	0.003973	0.011125	0.001482	0.012138	0.002194	0.119720	0.073082	0.003550	0.016198	0.000840	0.000128	0.091262	0.037860	0.055682	0.010655	0.002341	0.014431	0.003304	0.005325	0.010745	0.004619	0.006846	0.000128	0.000128	0.000128	0.191385	0.003581	0.004351	0.018674	0.033306	
0.000149	0.048235	0.003843	0.100709	0.000149	0.005453	0.008989	0.011023	0.018457	0.005263	0.013851	0.005453	0.000149	0.019933	0.000149	0.061142	0.037549	0.006239	0.048671	0.005569	0.020048	0.031335	0.001581	0.007467	0.002560	0.066819	0.102384	0.014685	0.069470	0.003843	0.000149	0.026908	0.011135	0.017518	0.012440	0.011627	0.021463	0.013182	0.006217	0.038982	0.022692	0.006257	0.000149	0.000149	0.000149	0.063417	0.003801	0.005617	0.007168	0.009809	
0.000141	0.011570	0.021686	0.028013	0.000141	0.003462	0.051695	0.009327	0.106116	0.003344	0.001410	0.003462	0.000141	0.002590	0.000141	0.050353	0.004771	0.000705	0.005351	0.000812	0.114990	0.022946	0.001263	0.005531	0.005907	0.020771	0.018126	0.012105	0.057870	0.021686	0.000141	0.016947	0.007021	0.011277	0.029530	0.067085	0.002115	0.051194	0.014650	0.005125	0.119271	0.004867	0.000141	0.000141	0.000141	0.057110	0.003003	0.004157	0.013465	0.006191	
0.000144	0.019567	0.017691	0.085270	0.000144	0.001124	0.042133	0.005877	0.086185	0.001089	0.006799	0.001124	0.000144	0.018377	0.000144	0.046868	0.034613	0.003101	0.023803	0.005139	0.093707	0.038247	0.000825	0.003879	0.002035	0.024376	0.049559	0.011259	0.053774	0.017691	0.000144	0.005230	0.002175	0.003833	0.009781	0.054667	0.010496	0.043084	0.004901	0.035923	0.097310	0.002937	0.000144	0.000144	0.000144	0.017853	0.001880	0.003468	0.009271	0.001930	
0.000148	0.045477	0.001758	0.103049	0.000148	0.007419	0.004000	0.006534	0.008510	0.007160	0.010873	0.007419	0.000148	0.022393	0.000148	0.064724	0.042200	0.004915	0.038535	0.006242	0.008969	0.030877	0.000992	0.008902	0.005177	0.068269	0.078068	0.015504	0.073459	0.001758	0.000148	0.036761	0.015210	0.022673	0.025781	0.005149	0.016832	0.008541	0.012802	0.043886	0.011601	0.004043	0.000148	0.000148	0.000148	0.093819	0.002300	0.004677	0.008167	0.013392	
0.000125	0.043366	0.009429	0.039819	0.000125	0.015389	0.022389	0.010077	0.045916	0.014844	0.002326	0.015389	0.000125	0.007474	0.000125	0.008685	0.014018	0.001103	0.008226	0.002138	0.049671	0.019041	0.001407	0.009967	0.002877	0.084441	0.026422	0.002219	0.010168	0.009429	0.000125	0.076479	0.031743	0.046847	0.014153	0.029034	0.003549	0.021930	0.007050	0.014610	0.051061	0.006346	0.000125	0.000125	0.000125	0.164532	0.003395	0.004407	0.019709	0.027927	
0.000170	0.065337	0.001662	0.069389	0.000170	0.001494	0.003740	0.009218	0.008210	0.001447	0.024394	0.001494	0.000170	0.004078	0.000170	0.087686	0.007558	0.010936	0.086387	0.001241	0.008456	0.012590	0.001370	0.006855	0.007813	0.076910	0.169136	0.020985	0.099500	0.001662	0.000170	0.007136	0.002913	0.005474	0.039121	0.004806	0.037851	0.009633	0.019399	0.008072	0.011975	0.005062	0.000170	0.000170	0.000170	0.044864	0.003228	0.004789	0.002187	0.002582	
