0.033435	0.026342	0.047619	0.019250	0.040527	0.801756	0.031071	
0.119388	0.038435	0.143197	0.036054	0.017007	0.405102	0.240816	
0.021717	0.024092	0.100102	0.140482	0.026468	0.534781	0.152358	
0.625931	0.016926	0.253893	0.016926	0.016926	0.028775	0.040623	
0.419160	0.235630	0.066218	0.040336	0.030924	0.030924	0.176807	
0.758632	0.050102	0.035884	0.033514	0.047732	0.021666	0.052471	
0.272205	0.442418	0.028707	0.016886	0.161094	0.052347	0.026342	
0.037983	0.021513	0.440336	0.052101	0.237983	0.165042	0.045042	
0.074863	0.036401	0.512363	0.243132	0.062843	0.046016	0.024382	
0.041710	0.063608	0.031978	0.306917	0.467501	0.058742	0.029545	
0.030708	0.026035	0.098465	0.212951	0.554072	0.033044	0.044726	
0.323162	0.044036	0.031900	0.352288	0.133842	0.027046	0.087725	
0.058067	0.044210	0.145826	0.476081	0.134279	0.108875	0.032662	
0.051495	0.030565	0.084053	0.621262	0.035216	0.028239	0.149169	
0.129443	0.063716	0.037894	0.559021	0.028504	0.150570	0.030852	
0.053228	0.019574	0.098901	0.077266	0.106113	0.043613	0.601305	
0.059722	0.021717	0.085850	0.033593	0.024092	0.024092	0.750933	
0.024150	0.047959	0.031293	0.021769	0.124150	0.031293	0.719388	
0.150340	0.033673	0.107483	0.026531	0.405102	0.064626	0.212245	
0.180007	0.203647	0.019250	0.075988	0.319487	0.087808	0.113813	
0.043404	0.029050	0.029050	0.029050	0.679768	0.024265	0.165414	
0.031823	0.804220	0.031823	0.043929	0.031823	0.034244	0.022138	
0.036140	0.618479	0.028981	0.028981	0.124446	0.057620	0.105353	
0.019342	0.432643	0.287750	0.024092	0.185612	0.024092	0.026468	
