0.000611	0.001644	0.000611	0.000611	0.000611	0.000611	0.000611	0.000611	0.000611	0.000611	0.000611	0.000611	0.000611	0.001127	0.000611	0.000611	0.000611	0.000611	0.000611	0.000611	0.000611	0.000611	0.000611	0.000611	0.000611	0.000611	0.000611	0.000611	0.000611	0.001044	0.000611	0.000611	0.001289	0.000828	0.000837	0.000611	0.000611	0.001632	0.002398	0.000611	0.000611	0.000611	0.000611	0.000611	0.000611	0.000611	0.000611	0.000611	0.000611	0.964159	
0.000632	0.000911	0.000632	0.000632	0.000632	0.000632	0.000632	0.000632	0.000632	0.000632	0.000632	0.000632	0.000632	0.000771	0.000632	0.000632	0.000632	0.000632	0.000632	0.000632	0.000632	0.000632	0.000632	0.000632	0.000632	0.000632	0.000632	0.000632	0.000632	0.001387	0.000632	0.000632	0.003548	0.001009	0.001604	0.000632	0.000632	0.004143	0.008137	0.000632	0.000632	0.000632	0.000632	0.000632	0.000632	0.000632	0.000632	0.000632	0.000632	0.952577	
0.000624	0.001047	0.000624	0.000624	0.000624	0.000624	0.000624	0.000624	0.000624	0.000624	0.000624	0.000624	0.000624	0.000835	0.000624	0.000624	0.000624	0.000624	0.000624	0.000624	0.000624	0.000624	0.000624	0.000624	0.000624	0.000624	0.000624	0.000624	0.000624	0.001291	0.000624	0.000624	0.002810	0.000957	0.001352	0.000624	0.000624	0.001586	0.005918	0.000624	0.000624	0.000624	0.000624	0.000624	0.000624	0.000624	0.000624	0.000624	0.000624	0.958639	
0.000650	0.000959	0.000650	0.000650	0.000650	0.000650	0.000650	0.000650	0.000650	0.000650	0.000650	0.000650	0.000650	0.000805	0.000650	0.000650	0.000650	0.000650	0.000650	0.000650	0.000650	0.000650	0.000650	0.000650	0.000650	0.000650	0.000650	0.000650	0.000650	0.000983	0.000650	0.000650	0.001583	0.000817	0.000961	0.000650	0.000650	0.001793	0.003054	0.000650	0.000650	0.000650	0.000650	0.000650	0.000650	0.000650	0.000650	0.000650	0.000650	0.962381	
0.000582	0.001273	0.000582	0.000582	0.000582	0.000582	0.000582	0.000582	0.000582	0.000582	0.000582	0.000582	0.000582	0.000927	0.000582	0.000582	0.000582	0.000582	0.000582	0.000582	0.000582	0.000582	0.000582	0.000582	0.000582	0.000582	0.000582	0.000582	0.000582	0.001173	0.000582	0.000582	0.001303	0.000878	0.000822	0.000582	0.000582	0.016539	0.005457	0.000582	0.000582	0.000582	0.000582	0.000582	0.000582	0.000582	0.000582	0.000582	0.000582	0.947771	
0.000653	0.001103	0.000653	0.000653	0.000653	0.000653	0.000653	0.000653	0.000653	0.000653	0.000653	0.000653	0.000653	0.000878	0.000653	0.000653	0.000653	0.000653	0.000653	0.000653	0.000653	0.000653	0.000653	0.000653	0.000653	0.000653	0.000653	0.000653	0.000653	0.001220	0.000653	0.000653	0.003455	0.000936	0.001587	0.000653	0.000653	0.004341	0.007929	0.000653	0.000653	0.000653	0.000653	0.000653	0.000653	0.000653	0.000653	0.000653	0.000653	0.951785	
0.000571	0.001015	0.000571	0.000571	0.000571	0.000571	0.000571	0.000571	0.000571	0.000571	0.000571	0.000571	0.000571	0.000793	0.000571	0.000571	0.000571	0.000571	0.000571	0.000571	0.000571	0.000571	0.000571	0.000571	0.000571	0.000571	0.000571	0.000571	0.000571	0.000902	0.000571	0.000571	0.001140	0.000737	0.000761	0.000571	0.000571	0.017904	0.005365	0.000571	0.000571	0.000571	0.000571	0.000571	0.000571	0.000571	0.000571	0.000571	0.000571	0.947956	
0.000667	0.003855	0.000667	0.000667	0.000667	0.000667	0.000667	0.000667	0.000667	0.000667	0.000667	0.000667	0.000667	0.002261	0.000667	0.000667	0.000667	0.000667	0.000667	0.000667	0.000667	0.000667	0.000667	0.000667	0.000667	0.000667	0.000667	0.000667	0.000667	0.001033	0.000667	0.000667	0.012545	0.000850	0.004626	0.000667	0.000667	0.001432	0.028535	0.000667	0.000667	0.000667	0.000667	0.000667	0.000667	0.000667	0.000667	0.000667	0.000667	0.917523	
0.000661	0.002202	0.000661	0.000661	0.000661	0.000661	0.000661	0.000661	0.000661	0.000661	0.000661	0.000661	0.000661	0.001431	0.000661	0.000661	0.000661	0.000661	0.000661	0.000661	0.000661	0.000661	0.000661	0.000661	0.000661	0.000661	0.000661	0.000661	0.000661	0.000997	0.000661	0.000661	0.009592	0.000829	0.003638	0.000661	0.000661	0.002069	0.021781	0.000661	0.000661	0.000661	0.000661	0.000661	0.000661	0.000661	0.000661	0.000661	0.000661	0.930375	
0.000609	0.006584	0.000609	0.000609	0.000609	0.000609	0.000609	0.000609	0.000609	0.000609	0.000609	0.000609	0.000609	0.003596	0.000609	0.000609	0.000609	0.000609	0.000609	0.000609	0.000609	0.000609	0.000609	0.000609	0.000609	0.000609	0.000609	0.000609	0.000609	0.001088	0.000609	0.000609	0.001677	0.000848	0.000965	0.000609	0.000609	0.001983	0.003376	0.000609	0.000609	0.000609	0.000609	0.000609	0.000609	0.000609	0.000609	0.000609	0.000609	0.954922	
0.000610	0.007667	0.000610	0.000610	0.000610	0.000610	0.000610	0.000610	0.000610	0.000610	0.000610	0.000610	0.000610	0.004139	0.000610	0.000610	0.000610	0.000610	0.000610	0.000610	0.000610	0.000610	0.000610	0.000610	0.000610	0.000610	0.000610	0.000610	0.000610	0.001196	0.000610	0.000610	0.002285	0.000903	0.001168	0.000610	0.000610	0.001672	0.004731	0.000610	0.000610	0.000610	0.000610	0.000610	0.000610	0.000610	0.000610	0.000610	0.000610	0.951226	
0.000609	0.007278	0.000609	0.000609	0.000609	0.000609	0.000609	0.000609	0.000609	0.000609	0.000609	0.000609	0.000609	0.003943	0.000609	0.000609	0.000609	0.000609	0.000609	0.000609	0.000609	0.000609	0.000609	0.000609	0.000609	0.000609	0.000609	0.000609	0.000609	0.001152	0.000609	0.000609	0.001459	0.000880	0.000892	0.000609	0.000609	0.002167	0.002903	0.000609	0.000609	0.000609	0.000609	0.000609	0.000609	0.000609	0.000609	0.000609	0.000609	0.954363	
0.000664	0.001128	0.000664	0.000664	0.000664	0.000664	0.000664	0.000664	0.000664	0.000664	0.000664	0.000664	0.000664	0.000896	0.000664	0.000664	0.000664	0.000664	0.000664	0.000664	0.000664	0.000664	0.000664	0.000664	0.000664	0.000664	0.000664	0.000664	0.000664	0.001182	0.000664	0.000664	0.004536	0.000923	0.001955	0.000664	0.000664	0.001842	0.009934	0.000664	0.000664	0.000664	0.000664	0.000664	0.000664	0.000664	0.000664	0.000664	0.000664	0.950371	
0.000683	0.001011	0.000683	0.000683	0.000683	0.000683	0.000683	0.000683	0.000683	0.000683	0.000683	0.000683	0.000683	0.000847	0.000683	0.000683	0.000683	0.000683	0.000683	0.000683	0.000683	0.000683	0.000683	0.000683	0.000683	0.000683	0.000683	0.000683	0.000683	0.001104	0.000683	0.000683	0.006010	0.000894	0.002459	0.000683	0.000683	0.001368	0.013251	0.000683	0.000683	0.000683	0.000683	0.000683	0.000683	0.000683	0.000683	0.000683	0.000683	0.945065	
0.000656	0.001372	0.000656	0.000656	0.000656	0.000656	0.000656	0.000656	0.000656	0.000656	0.000656	0.000656	0.000656	0.001014	0.000656	0.000656	0.000656	0.000656	0.000656	0.000656	0.000656	0.000656	0.000656	0.000656	0.000656	0.000656	0.000656	0.000656	0.000656	0.001213	0.000656	0.000656	0.001121	0.000935	0.000811	0.000656	0.000656	0.003778	0.002364	0.000656	0.000656	0.000656	0.000656	0.000656	0.000656	0.000656	0.000656	0.000656	0.000656	0.960483	
0.000678	0.000879	0.000678	0.000678	0.000678	0.000678	0.000678	0.000678	0.000678	0.000678	0.000678	0.000678	0.000678	0.000778	0.000678	0.000678	0.000678	0.000678	0.000678	0.000678	0.000678	0.000678	0.000678	0.000678	0.000678	0.000678	0.000678	0.000678	0.000678	0.010468	0.000678	0.000678	0.002201	0.005573	0.001185	0.000678	0.000678	0.001648	0.004425	0.000678	0.000678	0.000678	0.000678	0.000678	0.000678	0.000678	0.000678	0.000678	0.000678	0.945063	
0.000665	0.000920	0.000665	0.000665	0.000665	0.000665	0.000665	0.000665	0.000665	0.000665	0.000665	0.000665	0.000665	0.000793	0.000665	0.000665	0.000665	0.000665	0.000665	0.000665	0.000665	0.000665	0.000665	0.000665	0.000665	0.000665	0.000665	0.000665	0.000665	0.009821	0.000665	0.000665	0.002177	0.005243	0.001169	0.000665	0.000665	0.003663	0.004792	0.000665	0.000665	0.000665	0.000665	0.000665	0.000665	0.000665	0.000665	0.000665	0.000665	0.944169	
0.000674	0.000957	0.000674	0.000674	0.000674	0.000674	0.000674	0.000674	0.000674	0.000674	0.000674	0.000674	0.000674	0.000816	0.000674	0.000674	0.000674	0.000674	0.000674	0.000674	0.000674	0.000674	0.000674	0.000674	0.000674	0.000674	0.000674	0.000674	0.000674	0.011032	0.000674	0.000674	0.001458	0.005853	0.000935	0.000674	0.000674	0.001571	0.002682	0.000674	0.000674	0.000674	0.000674	0.000674	0.000674	0.000674	0.000674	0.000674	0.000674	0.947051	
0.000641	0.001088	0.000641	0.000641	0.000641	0.000641	0.000641	0.000641	0.000641	0.000641	0.000641	0.000641	0.000641	0.000864	0.000641	0.000641	0.000641	0.000641	0.000641	0.000641	0.000641	0.000641	0.000641	0.000641	0.000641	0.000641	0.000641	0.000641	0.000641	0.002944	0.000641	0.000641	0.001984	0.001793	0.001089	0.000641	0.000641	0.001280	0.003903	0.000641	0.000641	0.000641	0.000641	0.000641	0.000641	0.000641	0.000641	0.000641	0.000641	0.958780	
0.000600	0.006185	0.000600	0.000600	0.000600	0.000600	0.000600	0.000600	0.000600	0.000600	0.000600	0.000600	0.000600	0.003392	0.000600	0.000600	0.000600	0.000600	0.000600	0.000600	0.000600	0.000600	0.000600	0.000600	0.000600	0.000600	0.000600	0.000600	0.000600	0.001257	0.000600	0.000600	0.002802	0.000929	0.001334	0.000600	0.000600	0.006050	0.006827	0.000600	0.000600	0.000600	0.000600	0.000600	0.000600	0.000600	0.000600	0.000600	0.000600	0.946612	
0.000647	0.003682	0.000647	0.000647	0.000647	0.000647	0.000647	0.000647	0.000647	0.000647	0.000647	0.000647	0.000647	0.002164	0.000647	0.000647	0.000647	0.000647	0.000647	0.000647	0.000647	0.000647	0.000647	0.000647	0.000647	0.000647	0.000647	0.000647	0.000647	0.002515	0.000647	0.000647	0.005615	0.001581	0.002303	0.000647	0.000647	0.001972	0.012505	0.000647	0.000647	0.000647	0.000647	0.000647	0.000647	0.000647	0.000647	0.000647	0.000647	0.941142	
0.000588	0.001048	0.000588	0.000588	0.000588	0.000588	0.000588	0.000588	0.000588	0.000588	0.000588	0.000588	0.000588	0.000818	0.000588	0.000588	0.000588	0.000588	0.000588	0.000588	0.000588	0.000588	0.000588	0.000588	0.000588	0.000588	0.000588	0.000588	0.000588	0.001100	0.000588	0.000588	0.002183	0.000844	0.001119	0.000588	0.000588	0.014538	0.007099	0.000588	0.000588	0.000588	0.000588	0.000588	0.000588	0.000588	0.000588	0.000588	0.000588	0.947144	
0.000616	0.001435	0.000616	0.000616	0.000616	0.000616	0.000616	0.000616	0.000616	0.000616	0.000616	0.000616	0.000616	0.001025	0.000616	0.000616	0.000616	0.000616	0.000616	0.000616	0.000616	0.000616	0.000616	0.000616	0.000616	0.000616	0.000616	0.000616	0.000616	0.002420	0.000616	0.000616	0.006462	0.001518	0.002565	0.000616	0.000616	0.012191	0.016572	0.000616	0.000616	0.000616	0.000616	0.000616	0.000616	0.000616	0.000616	0.000616	0.000616	0.930553	
0.000613	0.001738	0.000613	0.000613	0.000613	0.000613	0.000613	0.000613	0.000613	0.000613	0.000613	0.000613	0.000613	0.001175	0.000613	0.000613	0.000613	0.000613	0.000613	0.000613	0.000613	0.000613	0.000613	0.000613	0.000613	0.000613	0.000613	0.000613	0.000613	0.002844	0.000613	0.000613	0.002804	0.001729	0.001343	0.000613	0.000613	0.009738	0.007552	0.000613	0.000613	0.000613	0.000613	0.000613	0.000613	0.000613	0.000613	0.000613	0.000613	0.945953	
