36
36
36
36
36
36
36
36
36
36
36
36
36
36
36
36
36
36
36
36
46
46
46
46
46
46
46
46
46
46
46
46
46
46
46
46
46
46
46
46
46
46
46
46
46
46
46
46
11
47
47
47
47
47
47
47
47
47
47
47
47
47
47
47
47
47
6
6
6
6
6
6
6
6
6
6
6
6
6
6
6
6
6
6
6
39
39
39
39
39
39
39
39
39
39
39
39
39
39
39
39
39
39
5
5
5
5
5
5
5
5
5
5
5
5
17
17
17
17
17
17
17
17
17
17
17
17
17
17
17
17
17
17
17
17
17
17
17
17
17
17
20
20
20
20
20
20
20
20
20
20
20
20
20
20
20
20
20
20
20
20
1
1
1
1
1
1
1
1
46
46
46
46
46
46
46
46
46
46
46
46
46
46
46
40
40
40
40
40
40
40
32
32
32
32
32
32
32
32
32
32
32
32
32
32
32
32
32
32
32
32
32
32
32
32
32
32
32
32
