4
4
4
4
4
4
4
4
4
4
12
12
12
12
12
12
12
12
12
12
12
12
12
12
12
21
21
21
21
21
21
21
21
21
21
21
21
21
21
10
10
10
10
10
10
10
10
10
10
26
26
26
26
26
26
26
26
26
26
26
26
26
26
26
26
11
11
11
11
11
11
11
11
11
11
11
6
6
6
6
6
6
6
6
6
26
26
26
26
26
26
26
26
26
26
26
26
26
26
26
45
45
45
45
45
45
45
45
45
45
45
45
45
45
45
45
45
45
45
45
9
9
9
9
9
9
9
9
9
18
18
18
18
18
18
21
21
21
21
21
21
21
21
21
21
21
21
5
5
5
5
5
5
5
10
10
10
10
10
10
10
10
10
10
40
40
40
40
40
40
40
40
40
40
40
40
40
40
40
40
6
6
6
