0.000615	0.000884	0.000615	0.000615	0.000615	0.000615	0.000615	0.000615	0.000615	0.000615	0.000615	0.000615	0.000615	0.001741	0.000615	0.000615	0.000615	0.000615	0.000615	0.000615	0.000615	0.000615	0.000615	0.000615	0.000615	0.000615	0.000615	0.000615	0.000615	0.001072	0.000615	0.000615	0.001018	0.000844	0.000749	0.000615	0.000615	0.004511	0.005138	0.000615	0.000615	0.000615	0.000615	0.000615	0.000615	0.000615	0.000615	0.000615	0.000615	0.958848	
0.000643	0.001097	0.000643	0.000643	0.000643	0.000643	0.000643	0.000643	0.000643	0.000643	0.000643	0.000643	0.000643	0.001216	0.000643	0.000643	0.000643	0.000643	0.000643	0.000643	0.000643	0.000643	0.000643	0.000643	0.000643	0.000643	0.000643	0.000643	0.000643	0.001003	0.000643	0.000643	0.001324	0.000823	0.000870	0.000643	0.000643	0.002167	0.003261	0.000643	0.000643	0.000643	0.000643	0.000643	0.000643	0.000643	0.000643	0.000643	0.000643	0.961874	
0.000627	0.002877	0.000627	0.000627	0.000627	0.000627	0.000627	0.000627	0.000627	0.000627	0.000627	0.000627	0.000627	0.001044	0.000627	0.000627	0.000627	0.000627	0.000627	0.000627	0.000627	0.000627	0.000627	0.000627	0.000627	0.000627	0.000627	0.000627	0.000627	0.002056	0.000627	0.000627	0.004002	0.001341	0.001752	0.000627	0.000627	0.001621	0.005450	0.000627	0.000627	0.000627	0.000627	0.000627	0.000627	0.000627	0.000627	0.000627	0.000627	0.954144	
0.000590	0.000895	0.000590	0.000590	0.000590	0.000590	0.000590	0.000590	0.000590	0.000590	0.000590	0.000590	0.000590	0.001646	0.000590	0.000590	0.000590	0.000590	0.000590	0.000590	0.000590	0.000590	0.000590	0.000590	0.000590	0.000590	0.000590	0.000590	0.000590	0.003594	0.000590	0.000590	0.001048	0.002092	0.000743	0.000590	0.000590	0.001966	0.011266	0.000590	0.000590	0.000590	0.000590	0.000590	0.000590	0.000590	0.000590	0.000590	0.000590	0.952556	
0.000626	0.001075	0.000626	0.000626	0.000626	0.000626	0.000626	0.000626	0.000626	0.000626	0.000626	0.000626	0.000626	0.002359	0.000626	0.000626	0.000626	0.000626	0.000626	0.000626	0.000626	0.000626	0.000626	0.000626	0.000626	0.000626	0.000626	0.000626	0.000626	0.000911	0.000626	0.000626	0.001299	0.000768	0.000850	0.000626	0.000626	0.014915	0.006539	0.000626	0.000626	0.000626	0.000626	0.000626	0.000626	0.000626	0.000626	0.000626	0.000626	0.945628	
0.000627	0.001979	0.000627	0.000627	0.000627	0.000627	0.000627	0.000627	0.000627	0.000627	0.000627	0.000627	0.000627	0.002148	0.000627	0.000627	0.000627	0.000627	0.000627	0.000627	0.000627	0.000627	0.000627	0.000627	0.000627	0.000627	0.000627	0.000627	0.000627	0.002816	0.000627	0.000627	0.002655	0.001721	0.001303	0.000627	0.000627	0.004496	0.010660	0.000627	0.000627	0.000627	0.000627	0.000627	0.000627	0.000627	0.000627	0.000627	0.000627	0.946513	
0.000595	0.001384	0.000595	0.000595	0.000595	0.000595	0.000595	0.000595	0.000595	0.000595	0.000595	0.000595	0.000595	0.000713	0.000595	0.000595	0.000595	0.000595	0.000595	0.000595	0.000595	0.000595	0.000595	0.000595	0.000595	0.000595	0.000595	0.000595	0.000595	0.004366	0.000595	0.000595	0.001778	0.002480	0.000989	0.000595	0.000595	0.015171	0.010378	0.000595	0.000595	0.000595	0.000595	0.000595	0.000595	0.000595	0.000595	0.000595	0.000595	0.938365	
0.000658	0.004535	0.000658	0.000658	0.000658	0.000658	0.000658	0.000658	0.000658	0.000658	0.000658	0.000658	0.000658	0.000828	0.000658	0.000658	0.000658	0.000658	0.000658	0.000658	0.000658	0.000658	0.000658	0.000658	0.000658	0.000658	0.000658	0.000658	0.000658	0.002647	0.000658	0.000658	0.006474	0.001653	0.002597	0.000658	0.000658	0.001798	0.006141	0.000658	0.000658	0.000658	0.000658	0.000658	0.000658	0.000658	0.000658	0.000658	0.000658	0.946337	
0.000668	0.005048	0.000668	0.000668	0.000668	0.000668	0.000668	0.000668	0.000668	0.000668	0.000668	0.000668	0.000668	0.000855	0.000668	0.000668	0.000668	0.000668	0.000668	0.000668	0.000668	0.000668	0.000668	0.000668	0.000668	0.000668	0.000668	0.000668	0.000668	0.002266	0.000668	0.000668	0.007238	0.001467	0.002858	0.000668	0.000668	0.004372	0.005222	0.000668	0.000668	0.000668	0.000668	0.000668	0.000668	0.000668	0.000668	0.000668	0.000668	0.943278	
0.000672	0.006550	0.000672	0.000672	0.000672	0.000672	0.000672	0.000672	0.000672	0.000672	0.000672	0.000672	0.000672	0.001852	0.000672	0.000672	0.000672	0.000672	0.000672	0.000672	0.000672	0.000672	0.000672	0.000672	0.000672	0.000672	0.000672	0.000672	0.000672	0.001233	0.000672	0.000672	0.009489	0.000953	0.003611	0.000672	0.000672	0.001455	0.005612	0.000672	0.000672	0.000672	0.000672	0.000672	0.000672	0.000672	0.000672	0.000672	0.000672	0.941674	
0.000675	0.007393	0.000675	0.000675	0.000675	0.000675	0.000675	0.000675	0.000675	0.000675	0.000675	0.000675	0.000675	0.001777	0.000675	0.000675	0.000675	0.000675	0.000675	0.000675	0.000675	0.000675	0.000675	0.000675	0.000675	0.000675	0.000675	0.000675	0.000675	0.001615	0.000675	0.000675	0.010751	0.001145	0.004034	0.000675	0.000675	0.001506	0.006333	0.000675	0.000675	0.000675	0.000675	0.000675	0.000675	0.000675	0.000675	0.000675	0.000675	0.937768	
0.000715	0.007012	0.000715	0.000715	0.000715	0.000715	0.000715	0.000715	0.000715	0.000715	0.000715	0.000715	0.000715	0.001078	0.000715	0.000715	0.000715	0.000715	0.000715	0.000715	0.000715	0.000715	0.000715	0.000715	0.000715	0.000715	0.000715	0.000715	0.000715	0.001184	0.000715	0.000715	0.010160	0.000949	0.003863	0.000715	0.000715	0.001585	0.002978	0.000715	0.000715	0.000715	0.000715	0.000715	0.000715	0.000715	0.000715	0.000715	0.000715	0.941884	
0.000620	0.002525	0.000620	0.000620	0.000620	0.000620	0.000620	0.000620	0.000620	0.000620	0.000620	0.000620	0.000620	0.002510	0.000620	0.000620	0.000620	0.000620	0.000620	0.000620	0.000620	0.000620	0.000620	0.000620	0.000620	0.000620	0.000620	0.000620	0.000620	0.000994	0.000620	0.000620	0.003477	0.000807	0.001572	0.000620	0.000620	0.001591	0.007229	0.000620	0.000620	0.000620	0.000620	0.000620	0.000620	0.000620	0.000620	0.000620	0.000620	0.953895	
0.000586	0.000990	0.000586	0.000586	0.000586	0.000586	0.000586	0.000586	0.000586	0.000586	0.000586	0.000586	0.000586	0.004617	0.000586	0.000586	0.000586	0.000586	0.000586	0.000586	0.000586	0.000586	0.000586	0.000586	0.000586	0.000586	0.000586	0.000586	0.000586	0.000750	0.000586	0.000586	0.001192	0.000668	0.000788	0.000586	0.000586	0.001477	0.013090	0.000586	0.000586	0.000586	0.000586	0.000586	0.000586	0.000586	0.000586	0.000586	0.000586	0.952408	
0.000633	0.004044	0.000633	0.000633	0.000633	0.000633	0.000633	0.000633	0.000633	0.000633	0.000633	0.000633	0.000633	0.002567	0.000633	0.000633	0.000633	0.000633	0.000633	0.000633	0.000633	0.000633	0.000633	0.000633	0.000633	0.000633	0.000633	0.000633	0.000633	0.001823	0.000633	0.000633	0.005750	0.001228	0.002339	0.000633	0.000633	0.004421	0.009407	0.000633	0.000633	0.000633	0.000633	0.000633	0.000633	0.000633	0.000633	0.000633	0.000633	0.942458	
0.000541	0.000920	0.000541	0.000541	0.000541	0.000541	0.000541	0.000541	0.000541	0.000541	0.000541	0.000541	0.000541	0.000984	0.000541	0.000541	0.000541	0.000541	0.000541	0.000541	0.000541	0.000541	0.000541	0.000541	0.000541	0.000541	0.000541	0.000541	0.000541	0.007741	0.000541	0.000541	0.001110	0.004141	0.000730	0.000541	0.000541	0.001384	0.019871	0.000541	0.000541	0.000541	0.000541	0.000541	0.000541	0.000541	0.000541	0.000541	0.000541	0.940955	
0.000580	0.000888	0.000580	0.000580	0.000580	0.000580	0.000580	0.000580	0.000580	0.000580	0.000580	0.000580	0.000580	0.001172	0.000580	0.000580	0.000580	0.000580	0.000580	0.000580	0.000580	0.000580	0.000580	0.000580	0.000580	0.000580	0.000580	0.000580	0.000580	0.004253	0.000580	0.000580	0.001042	0.002417	0.000734	0.000580	0.000580	0.004868	0.011536	0.000580	0.000580	0.000580	0.000580	0.000580	0.000580	0.000580	0.000580	0.000580	0.000580	0.949299	
0.000615	0.001072	0.000615	0.000615	0.000615	0.000615	0.000615	0.000615	0.000615	0.000615	0.000615	0.000615	0.000615	0.000747	0.000615	0.000615	0.000615	0.000615	0.000615	0.000615	0.000615	0.000615	0.000615	0.000615	0.000615	0.000615	0.000615	0.000615	0.000615	0.002389	0.000615	0.000615	0.001301	0.001502	0.000844	0.000615	0.000615	0.016168	0.005447	0.000615	0.000615	0.000615	0.000615	0.000615	0.000615	0.000615	0.000615	0.000615	0.000615	0.945324	
0.000605	0.000946	0.000605	0.000605	0.000605	0.000605	0.000605	0.000605	0.000605	0.000605	0.000605	0.000605	0.000605	0.000711	0.000605	0.000605	0.000605	0.000605	0.000605	0.000605	0.000605	0.000605	0.000605	0.000605	0.000605	0.000605	0.000605	0.000605	0.000605	0.003429	0.000605	0.000605	0.001117	0.002017	0.000776	0.000605	0.000605	0.004993	0.007980	0.000605	0.000605	0.000605	0.000605	0.000605	0.000605	0.000605	0.000605	0.000605	0.000605	0.953214	
0.000719	0.001134	0.000719	0.000719	0.000719	0.000719	0.000719	0.000719	0.000719	0.000719	0.000719	0.000719	0.000719	0.000876	0.000719	0.000719	0.000719	0.000719	0.000719	0.000719	0.000719	0.000719	0.000719	0.000719	0.000719	0.000719	0.000719	0.000719	0.000719	0.002357	0.000719	0.000719	0.001342	0.001538	0.000927	0.000719	0.000719	0.001711	0.005287	0.000719	0.000719	0.000719	0.000719	0.000719	0.000719	0.000719	0.000719	0.000719	0.000719	0.955364	
0.000662	0.001803	0.000662	0.000662	0.000662	0.000662	0.000662	0.000662	0.000662	0.000662	0.000662	0.000662	0.000662	0.001097	0.000662	0.000662	0.000662	0.000662	0.000662	0.000662	0.000662	0.000662	0.000662	0.000662	0.000662	0.000662	0.000662	0.000662	0.000662	0.001122	0.000662	0.000662	0.002374	0.000892	0.001232	0.000662	0.000662	0.005113	0.003118	0.000662	0.000662	0.000662	0.000662	0.000662	0.000662	0.000662	0.000662	0.000662	0.000662	0.956108	
0.000676	0.003663	0.000676	0.000676	0.000676	0.000676	0.000676	0.000676	0.000676	0.000676	0.000676	0.000676	0.000676	0.001381	0.000676	0.000676	0.000676	0.000676	0.000676	0.000676	0.000676	0.000676	0.000676	0.000676	0.000676	0.000676	0.000676	0.000676	0.000676	0.000971	0.000676	0.000676	0.005157	0.000824	0.002170	0.000676	0.000676	0.007644	0.003528	0.000676	0.000676	0.000676	0.000676	0.000676	0.000676	0.000676	0.000676	0.000676	0.000676	0.946929	
0.000650	0.002733	0.000650	0.000650	0.000650	0.000650	0.000650	0.000650	0.000650	0.000650	0.000650	0.000650	0.000650	0.000797	0.000650	0.000650	0.000650	0.000650	0.000650	0.000650	0.000650	0.000650	0.000650	0.000650	0.000650	0.000650	0.000650	0.000650	0.000650	0.002213	0.000650	0.000650	0.003774	0.001432	0.001692	0.000650	0.000650	0.004709	0.004994	0.000650	0.000650	0.000650	0.000650	0.000650	0.000650	0.000650	0.000650	0.000650	0.000650	0.950987	
0.000675	0.001360	0.000675	0.000675	0.000675	0.000675	0.000675	0.000675	0.000675	0.000675	0.000675	0.000675	0.000675	0.000847	0.000675	0.000675	0.000675	0.000675	0.000675	0.000675	0.000675	0.000675	0.000675	0.000675	0.000675	0.000675	0.000675	0.000675	0.000675	0.001158	0.000675	0.000675	0.001703	0.000917	0.001018	0.000675	0.000675	0.010614	0.002399	0.000675	0.000675	0.000675	0.000675	0.000675	0.000675	0.000675	0.000675	0.000675	0.000675	0.952300	
