0.003094	0.000689	0.001502	0.200352	0.032739	0.082004	0.001020	0.001471	0.013337	0.059743	0.007573	0.002554	0.000960	0.020633	0.016455	0.013469	0.033124	0.029398	0.005431	0.000147	0.030440	0.000147	0.000147	0.019397	0.002795	0.042196	0.005759	0.007467	0.006693	0.015400	0.021356	0.006035	0.014371	0.010948	0.000147	0.031808	0.000147	0.000584	0.010942	0.002214	0.035285	0.002359	0.000808	0.001620	0.001748	0.082402	0.002826	0.000497	0.032773	0.084992	
0.007772	0.001221	0.004424	0.158672	0.025958	0.073443	0.001706	0.002764	0.023923	0.047340	0.001221	0.004901	0.002715	0.016373	0.034560	0.028260	0.012725	0.004362	0.012304	0.000152	0.078398	0.000152	0.000152	0.046549	0.005376	0.033590	0.011324	0.015360	0.013964	0.006530	0.019462	0.011880	0.037450	0.001707	0.000152	0.025221	0.000152	0.000929	0.022929	0.004514	0.029016	0.004089	0.001451	0.003519	0.003001	0.069161	0.007079	0.000774	0.004848	0.076474	
0.007771	0.002941	0.001834	0.185827	0.030378	0.072323	0.003932	0.006970	0.039460	0.055422	0.001220	0.012548	0.001161	0.019151	0.005778	0.004748	0.007753	0.004361	0.021648	0.000151	0.078694	0.000151	0.000151	0.013361	0.013788	0.039644	0.011576	0.016477	0.002410	0.008650	0.009645	0.026616	0.034804	0.001706	0.000151	0.029514	0.000151	0.002042	0.003876	0.000865	0.013894	0.009729	0.003532	0.004857	0.007083	0.080118	0.007078	0.001664	0.004847	0.087549	
0.016380	0.001161	0.022019	0.010851	0.001898	0.006410	0.000942	0.002612	0.009196	0.003340	0.001122	0.004622	0.013274	0.001251	0.005796	0.004764	0.046083	0.003960	0.030856	0.000157	0.166429	0.000157	0.000157	0.112656	0.005068	0.002526	0.020904	0.049755	0.002421	0.009066	0.086119	0.009867	0.145896	0.001561	0.000157	0.001848	0.000157	0.000549	0.003890	0.000872	0.131374	0.002145	0.001355	0.009739	0.001596	0.016289	0.014905	0.000471	0.004399	0.010982	
0.001452	0.006266	0.013011	0.008491	0.001504	0.023485	0.003729	0.015108	0.046966	0.002630	0.001415	0.027350	0.007865	0.000999	0.051355	0.041979	0.030044	0.005149	0.057227	0.000145	0.014007	0.000145	0.000145	0.100422	0.030070	0.002489	0.001886	0.038406	0.020701	0.006717	0.052168	0.060139	0.105579	0.001993	0.000145	0.001465	0.000145	0.001937	0.034045	0.006637	0.079939	0.009224	0.007406	0.009114	0.006716	0.004774	0.001333	0.001579	0.005727	0.048776	
0.005665	0.004790	0.016279	0.020622	0.003480	0.011872	0.002129	0.011495	0.022025	0.006242	0.005746	0.020780	0.009826	0.002242	0.010318	0.008456	0.054024	0.022204	0.050324	0.000147	0.056930	0.000147	0.000147	0.087487	0.022843	0.004763	0.007361	0.040929	0.004230	0.014565	0.073554	0.044236	0.116520	0.008291	0.000147	0.003385	0.000147	0.001138	0.006880	0.001437	0.114883	0.005169	0.005629	0.008714	0.003781	0.012608	0.005164	0.000940	0.024749	0.034556	
0.002889	0.004022	0.023901	0.008471	0.001500	0.006860	0.001938	0.009623	0.019867	0.002623	0.001308	0.017378	0.014398	0.000997	0.009219	0.007558	0.050514	0.004726	0.053160	0.000145	0.028494	0.000145	0.000145	0.124469	0.019101	0.002186	0.003715	0.056738	0.003787	0.005290	0.093769	0.036998	0.164436	0.001836	0.000145	0.001461	0.000145	0.001042	0.006152	0.001295	0.143146	0.004689	0.004728	0.011561	0.003433	0.005687	0.002640	0.000862	0.005254	0.025553	
0.015303	0.004122	0.001170	0.145167	0.023766	0.060368	0.001195	0.009844	0.014200	0.043325	0.002587	0.017768	0.000766	0.014998	0.014303	0.011714	0.012026	0.009720	0.029202	0.000160	0.155402	0.000160	0.000160	0.015900	0.019529	0.030683	0.020782	0.006691	0.005837	0.011802	0.009638	0.038053	0.013182	0.003690	0.000160	0.023091	0.000160	0.000678	0.009522	0.001953	0.014953	0.002782	0.004817	0.001668	0.002058	0.069396	0.013927	0.000574	0.010823	0.080226	
0.023624	0.000837	0.001855	0.016224	0.002776	0.008848	0.001036	0.001814	0.010345	0.004942	0.021292	0.003166	0.001177	0.001804	0.006845	0.005621	0.089861	0.083406	0.006761	0.000161	0.240598	0.000161	0.000161	0.013394	0.003466	0.003669	0.030173	0.006507	0.002844	0.048018	0.049645	0.006838	0.016585	0.030897	0.000161	0.002701	0.000161	0.000598	0.004585	0.001008	0.087538	0.002377	0.000979	0.001772	0.001765	0.023688	0.021491	0.000511	0.093011	0.012303	
0.001809	0.000687	0.002704	0.010244	0.001783	0.007425	0.001111	0.001481	0.011739	0.003146	0.034842	0.002579	0.001677	0.001172	0.008961	0.007346	0.147038	0.136852	0.006785	0.000138	0.017383	0.000138	0.000138	0.019189	0.002824	0.002415	0.002358	0.008596	0.003680	0.063748	0.080500	0.005731	0.022794	0.050617	0.000138	0.001736	0.000138	0.000624	0.005979	0.001256	0.142375	0.002602	0.000811	0.002202	0.001921	0.005426	0.001657	0.000527	0.152627	0.010354	
0.006062	0.001588	0.001967	0.007687	0.001371	0.021272	0.006489	0.003675	0.073024	0.002389	0.017505	0.006565	0.001237	0.000915	0.046513	0.038023	0.074671	0.068539	0.012307	0.000143	0.061610	0.000143	0.000143	0.042203	0.007207	0.002780	0.007746	0.022553	0.018756	0.039176	0.042430	0.015995	0.051862	0.025397	0.000143	0.001336	0.000143	0.003316	0.030839	0.006021	0.074453	0.016218	0.002040	0.007641	0.011776	0.007545	0.005524	0.002681	0.076431	0.023948	
0.001500	0.005264	0.007637	0.019668	0.003323	0.027001	0.000863	0.012659	0.018439	0.005956	0.012090	0.022897	0.004640	0.002143	0.049595	0.040541	0.063394	0.047200	0.044355	0.000145	0.014116	0.000145	0.000145	0.072567	0.025172	0.004351	0.002051	0.018590	0.019995	0.023225	0.053255	0.050647	0.052914	0.017519	0.000145	0.003232	0.000145	0.000504	0.032879	0.006413	0.087693	0.001964	0.006141	0.003907	0.001461	0.009224	0.001377	0.000432	0.052629	0.047854	
0.006615	0.001060	0.001218	0.057463	0.009480	0.058943	0.002494	0.002375	0.044719	0.017211	0.006926	0.004195	0.000791	0.006015	0.094480	0.077208	0.029917	0.026841	0.007724	0.000150	0.066682	0.000150	0.000150	0.072804	0.004600	0.012537	0.008912	0.009785	0.038015	0.016943	0.018271	0.013345	0.021788	0.010005	0.000150	0.009214	0.000150	0.001322	0.062594	0.012108	0.031226	0.006087	0.001290	0.003077	0.004447	0.027828	0.006028	0.001088	0.029921	0.053654	
0.005246	0.000937	0.001389	0.015799	0.002696	0.047500	0.002345	0.002076	0.045517	0.004807	0.011536	0.003653	0.000893	0.001749	0.105267	0.086020	0.049117	0.045009	0.007053	0.000148	0.052657	0.000148	0.000148	0.081145	0.004004	0.003790	0.006782	0.009347	0.042344	0.024508	0.028107	0.012735	0.021984	0.016712	0.000148	0.002623	0.000148	0.001247	0.069734	0.013473	0.049151	0.005714	0.001141	0.002988	0.004176	0.010160	0.004782	0.001027	0.050185	0.040134	
0.002705	0.003659	0.002043	0.013550	0.002332	0.063325	0.001169	0.008727	0.043440	0.004139	0.000991	0.015744	0.001286	0.001522	0.147541	0.120554	0.007220	0.003460	0.026949	0.000151	0.026449	0.000151	0.000151	0.114433	0.017303	0.003125	0.003526	0.007316	0.059314	0.003931	0.009185	0.040357	0.018753	0.001373	0.000151	0.002270	0.000151	0.000660	0.097719	0.018834	0.014282	0.002730	0.004278	0.001994	0.002018	0.007563	0.002473	0.000558	0.003841	0.064604	
0.004725	0.001078	0.001157	0.041367	0.006846	0.019516	0.023925	0.002443	0.236473	0.012407	0.001638	0.004333	0.000748	0.004352	0.009892	0.008105	0.008253	0.006059	0.007907	0.000133	0.050339	0.000133	0.000133	0.012344	0.004753	0.012729	0.006361	0.071723	0.004050	0.025356	0.007311	0.009487	0.156613	0.002321	0.000133	0.006654	0.000133	0.012029	0.006593	0.001370	0.011629	0.060405	0.002029	0.025920	0.043751	0.020019	0.004308	0.009650	0.006743	0.023623	
0.005540	0.000944	0.001325	0.024611	0.004117	0.012198	0.026345	0.002116	0.259627	0.007419	0.000998	0.003738	0.000848	0.002637	0.007342	0.006022	0.005965	0.003544	0.007145	0.000132	0.059017	0.000132	0.000132	0.011289	0.004099	0.009624	0.007243	0.078952	0.003026	0.026619	0.006584	0.008105	0.172951	0.001392	0.000132	0.004003	0.000132	0.013238	0.004905	0.001046	0.010272	0.066537	0.001952	0.028569	0.048188	0.013902	0.005048	0.010617	0.003938	0.015741	
0.003562	0.000803	0.002826	0.007816	0.001380	0.004854	0.028109	0.001777	0.276353	0.002417	0.001308	0.003126	0.001747	0.000915	0.004767	0.003918	0.010133	0.004775	0.007801	0.000129	0.039026	0.000129	0.000129	0.016843	0.003426	0.006401	0.004570	0.087170	0.001991	0.027915	0.012917	0.006690	0.193778	0.001844	0.000129	0.001344	0.000129	0.014119	0.003199	0.000717	0.020206	0.071013	0.001848	0.031054	0.051427	0.005738	0.003250	0.011321	0.005312	0.007849	
0.005504	0.000675	0.003412	0.008560	0.001506	0.005334	0.017918	0.001455	0.176202	0.002643	0.011872	0.002536	0.002101	0.000997	0.005268	0.004328	0.054443	0.046373	0.007485	0.000135	0.057500	0.000135	0.000135	0.020079	0.002776	0.004862	0.007047	0.058864	0.002195	0.038707	0.036588	0.005460	0.133275	0.017207	0.000135	0.001467	0.000135	0.009027	0.003533	0.000785	0.062310	0.045186	0.001358	0.020415	0.032738	0.007440	0.005016	0.007248	0.051708	0.007920	
0.001774	0.007990	0.003645	0.040791	0.006760	0.019845	0.007059	0.019327	0.070855	0.012242	0.010014	0.035023	0.002244	0.004302	0.011270	0.009232	0.047252	0.039030	0.059299	0.000142	0.017775	0.000142	0.000142	0.025622	0.038511	0.009803	0.002597	0.028146	0.004609	0.025301	0.033826	0.074376	0.066278	0.014501	0.000142	0.006570	0.000142	0.003601	0.007508	0.001553	0.056796	0.017665	0.009529	0.008921	0.012823	0.018024	0.001625	0.002909	0.043518	0.058945	
0.004888	0.004820	0.005203	0.030643	0.005109	0.021089	0.006367	0.011574	0.066884	0.009223	0.010665	0.020925	0.003180	0.003265	0.024119	0.019729	0.052895	0.041588	0.038598	0.000144	0.049562	0.000144	0.000144	0.042432	0.023003	0.007565	0.006466	0.029403	0.009768	0.026735	0.041073	0.045226	0.071932	0.015446	0.000144	0.004967	0.000144	0.003256	0.016015	0.003183	0.068264	0.015910	0.005807	0.008806	0.011554	0.016054	0.004457	0.002634	0.046370	0.042629	
0.006571	0.014397	0.008129	0.013271	0.002289	0.007144	0.002598	0.034971	0.025429	0.004058	0.001665	0.063458	0.004939	0.001495	0.005348	0.004397	0.021651	0.006108	0.109264	0.000153	0.066211	0.000153	0.000153	0.043473	0.069788	0.003306	0.008443	0.024595	0.002238	0.009085	0.033913	0.134141	0.066926	0.002352	0.000153	0.002228	0.000153	0.001376	0.003592	0.000812	0.052278	0.006348	0.016852	0.005952	0.004636	0.010859	0.005987	0.001131	0.006795	0.078736	
0.001966	0.016395	0.004376	0.008634	0.001530	0.007797	0.005262	0.039862	0.053019	0.002674	0.002291	0.072356	0.002685	0.001016	0.011436	0.009369	0.017031	0.008588	0.119344	0.000148	0.019452	0.000148	0.000148	0.029188	0.079576	0.002777	0.002541	0.024190	0.004679	0.010932	0.020773	0.153243	0.059595	0.003265	0.000148	0.001490	0.000148	0.002705	0.007620	0.001579	0.032696	0.013104	0.019273	0.007294	0.009524	0.005767	0.001801	0.002194	0.009562	0.088805	
0.029588	0.010224	0.001359	0.007860	0.001424	0.005298	0.003197	0.024742	0.031221	0.002461	0.001881	0.044844	0.000885	0.000959	0.005826	0.004791	0.009442	0.006904	0.072370	0.000173	0.301864	0.000173	0.000173	0.010116	0.049311	0.002286	0.037682	0.011578	0.002442	0.018554	0.008235	0.094820	0.026869	0.002658	0.000173	0.001388	0.000173	0.001685	0.003915	0.000889	0.013370	0.007834	0.012000	0.003873	0.005717	0.025199	0.026914	0.001382	0.007681	0.055598	
