0.000151	0.044258	0.000937	0.012445	0.080427	0.003842	0.007543	0.134509	0.028045	0.001114	0.006662	0.003723	0.057524	0.001730	0.003004	0.000927	0.006296	0.026248	0.082113	0.011529	0.002237	0.002205	0.005236	0.006859	0.052639	0.048617	0.001723	0.034143	0.018522	0.017810	0.001723	0.069502	0.000151	0.002077	0.016535	0.000927	0.004153	0.005095	0.000151	0.006484	0.005173	0.004618	0.001330	0.161171	0.006394	0.001168	0.003970	0.005058	0.000723	0.000579	
0.000153	0.049775	0.005726	0.006706	0.039608	0.020328	0.025155	0.081359	0.016281	0.005416	0.009502	0.025483	0.030734	0.003806	0.015864	0.004393	0.043720	0.003409	0.043840	0.054146	0.011556	0.014105	0.022190	0.009465	0.008273	0.041485	0.011298	0.038903	0.002808	0.005284	0.011298	0.053065	0.000153	0.010679	0.021341	0.004393	0.019144	0.023612	0.000153	0.030301	0.023985	0.004838	0.002731	0.088217	0.014000	0.005709	0.021709	0.007199	0.004206	0.002492	
0.000155	0.042507	0.001155	0.011981	0.068575	0.016125	0.017654	0.136385	0.027166	0.004321	0.014131	0.004700	0.055341	0.005168	0.012281	0.003511	0.007972	0.005424	0.078993	0.010965	0.009181	0.003911	0.008342	0.014079	0.011966	0.045078	0.002155	0.033410	0.003923	0.009171	0.002155	0.086636	0.000155	0.008487	0.008794	0.003511	0.003957	0.004852	0.000155	0.006623	0.004926	0.007697	0.004035	0.149401	0.020513	0.004552	0.004255	0.010687	0.000882	0.002006	
0.000152	0.019469	0.000998	0.000694	0.126181	0.004695	0.005564	0.008476	0.001601	0.001337	0.153448	0.003999	0.002681	0.001407	0.003653	0.001107	0.006768	0.003415	0.003766	0.032540	0.002720	0.002421	0.054161	0.152368	0.007041	0.014044	0.001844	0.027261	0.002663	0.001780	0.001844	0.137843	0.000152	0.002522	0.005713	0.001107	0.011544	0.014224	0.000152	0.017963	0.014447	0.001245	0.000962	0.010456	0.004612	0.001403	0.008430	0.115680	0.000767	0.000679	
0.000151	0.010830	0.008998	0.001749	0.048858	0.006871	0.060561	0.023917	0.006225	0.001904	0.048715	0.040366	0.007610	0.013318	0.006019	0.001563	0.069320	0.003703	0.010806	0.010707	0.003949	0.019734	0.046180	0.048396	0.007790	0.119876	0.017845	0.012192	0.002713	0.002511	0.017845	0.092010	0.000151	0.003657	0.035421	0.001563	0.003864	0.004737	0.000151	0.006146	0.004810	0.012710	0.010439	0.024023	0.054004	0.002001	0.018823	0.036750	0.006585	0.000930	
0.000149	0.017093	0.008453	0.000959	0.065359	0.005589	0.042203	0.013289	0.004109	0.001568	0.072182	0.037894	0.003929	0.007345	0.005004	0.001293	0.065070	0.005987	0.005549	0.026664	0.003224	0.018441	0.052185	0.071715	0.012259	0.078262	0.016757	0.018935	0.004424	0.002968	0.016757	0.088785	0.000149	0.002987	0.031936	0.001293	0.009475	0.011670	0.000149	0.014793	0.011853	0.006863	0.005659	0.015477	0.029133	0.001647	0.021110	0.054435	0.006189	0.000780	
0.000141	0.009468	0.017464	0.000459	0.044144	0.003780	0.051480	0.005780	0.004855	0.001090	0.048073	0.078883	0.001626	0.001952	0.004459	0.000906	0.135577	0.006286	0.002262	0.015460	0.002198	0.037519	0.074471	0.047783	0.012721	0.062493	0.034788	0.011148	0.004554	0.002796	0.034788	0.048662	0.000141	0.002040	0.054977	0.000906	0.005529	0.006797	0.000141	0.008619	0.006903	0.001804	0.001481	0.009043	0.007248	0.001143	0.035595	0.036263	0.012740	0.000563	
0.000151	0.017527	0.001421	0.003790	0.055747	0.006966	0.047886	0.046578	0.009192	0.001929	0.009075	0.005926	0.017135	0.016004	0.005403	0.001583	0.010084	0.041903	0.024414	0.011448	0.004003	0.003556	0.007838	0.009400	0.084198	0.173256	0.002692	0.014107	0.029494	0.019053	0.002692	0.076350	0.000151	0.003707	0.033854	0.001583	0.004124	0.005059	0.000151	0.006553	0.005137	0.015710	0.012546	0.069829	0.065022	0.002027	0.004856	0.006876	0.001075	0.000941	
0.000155	0.023552	0.001367	0.004780	0.065702	0.005673	0.042855	0.056093	0.011337	0.001594	0.037967	0.005664	0.021740	0.014252	0.004423	0.001314	0.009631	0.019133	0.030991	0.016923	0.003274	0.003304	0.017053	0.037871	0.038551	0.129016	0.002579	0.021016	0.013573	0.010480	0.002579	0.099819	0.000155	0.003034	0.021533	0.001314	0.006052	0.007440	0.000155	0.009490	0.007556	0.014294	0.011140	0.067843	0.057695	0.001674	0.005883	0.028651	0.001036	0.000794	
0.000138	0.015762	0.001434	0.001151	0.087890	0.004792	0.010984	0.013955	0.002802	0.001353	0.027287	0.006026	0.004863	0.002856	0.003764	0.001116	0.010264	0.081592	0.006888	0.023086	0.002769	0.003378	0.014339	0.027852	0.163416	0.133442	0.002729	0.014318	0.057390	0.033463	0.002729	0.037072	0.000138	0.002567	0.046348	0.001116	0.008210	0.010109	0.000138	0.012809	0.010267	0.002768	0.002149	0.060595	0.010808	0.001420	0.007300	0.020598	0.001080	0.000678	
0.000135	0.005434	0.001519	0.000713	0.082821	0.013448	0.014522	0.013863	0.001887	0.003608	0.011305	0.006426	0.002834	0.003978	0.010294	0.002932	0.010957	0.094089	0.003991	0.006588	0.007660	0.004442	0.009489	0.012102	0.189104	0.159680	0.002903	0.005090	0.066035	0.038229	0.002903	0.026728	0.000135	0.007081	0.053048	0.002932	0.002404	0.002938	0.000135	0.004133	0.002983	0.003807	0.003119	0.066572	0.015781	0.003801	0.004049	0.008553	0.001141	0.001678	
0.000141	0.005907	0.002447	0.000607	0.082469	0.004356	0.028142	0.009177	0.001992	0.001240	0.034980	0.010622	0.002316	0.007994	0.003527	0.001027	0.018168	0.069406	0.003248	0.008086	0.002523	0.005494	0.020188	0.035375	0.139008	0.156556	0.004752	0.007348	0.048746	0.028248	0.004752	0.057634	0.000141	0.002340	0.045833	0.001027	0.002935	0.003593	0.000141	0.004622	0.003648	0.007498	0.006268	0.047029	0.032224	0.001302	0.006082	0.026396	0.001818	0.000629	
0.000160	0.075776	0.001127	0.004196	0.036430	0.005058	0.017508	0.047191	0.009637	0.001437	0.006474	0.004557	0.018998	0.005848	0.003939	0.001189	0.007723	0.017257	0.027071	0.116104	0.002928	0.002723	0.005713	0.006588	0.034745	0.060897	0.002094	0.058858	0.012943	0.009385	0.002094	0.041088	0.000160	0.002715	0.017434	0.001189	0.040940	0.050535	0.000160	0.063507	0.051335	0.005708	0.004000	0.059575	0.021037	0.001508	0.025951	0.004918	0.000863	0.000728	
0.000167	0.080007	0.000655	0.000786	0.010194	0.006824	0.040504	0.013517	0.002159	0.001903	0.005040	0.002387	0.003058	0.014790	0.005228	0.001566	0.003986	0.004001	0.004297	0.143203	0.003929	0.001886	0.003518	0.005040	0.008366	0.104019	0.001144	0.062175	0.003841	0.002069	0.001144	0.051733	0.000167	0.003640	0.015226	0.001566	0.050476	0.062313	0.000167	0.078338	0.063300	0.012985	0.010882	0.012672	0.057163	0.002000	0.030671	0.003839	0.000522	0.000939	
0.000162	0.083321	0.003547	0.000962	0.014748	0.007751	0.026527	0.013960	0.002940	0.002142	0.007972	0.015548	0.003897	0.006998	0.006189	0.001757	0.026626	0.006249	0.005498	0.148266	0.004452	0.008163	0.014263	0.007972	0.012942	0.058215	0.006932	0.064958	0.005450	0.003075	0.006932	0.030390	0.000162	0.004122	0.020433	0.001757	0.052254	0.064511	0.000162	0.081128	0.065532	0.005762	0.004731	0.016502	0.025066	0.002252	0.037112	0.006048	0.002624	0.001042	
0.000141	0.009908	0.000717	0.000872	0.022336	0.137442	0.005075	0.075945	0.001958	0.035959	0.017096	0.002758	0.003552	0.001397	0.103667	0.028994	0.004642	0.007369	0.005014	0.013930	0.077746	0.015300	0.008792	0.017041	0.025541	0.019751	0.001292	0.008999	0.005302	0.003472	0.001292	0.044685	0.000141	0.071776	0.006440	0.028994	0.004991	0.006132	0.000141	0.012628	0.006227	0.001402	0.001053	0.075532	0.005005	0.037949	0.004067	0.012919	0.000560	0.016060	
0.000141	0.011176	0.002831	0.000554	0.011914	0.133486	0.011694	0.070662	0.001735	0.034926	0.006652	0.012369	0.002068	0.001765	0.100877	0.028162	0.021174	0.006374	0.002894	0.018057	0.075510	0.019416	0.012385	0.006663	0.023236	0.025906	0.005521	0.009161	0.004633	0.002887	0.005521	0.034665	0.000141	0.069712	0.012406	0.028162	0.006442	0.007925	0.000141	0.014733	0.008049	0.001637	0.001320	0.069423	0.006428	0.036859	0.008861	0.005047	0.002097	0.015601	
0.000140	0.007054	0.001426	0.001418	0.018042	0.142783	0.007294	0.084481	0.003353	0.037351	0.011661	0.005985	0.006102	0.001456	0.107756	0.030116	0.010193	0.004113	0.008657	0.005601	0.080765	0.017358	0.009376	0.011614	0.019457	0.017829	0.002712	0.006337	0.002963	0.002482	0.002712	0.043897	0.000140	0.074563	0.006730	0.030116	0.002061	0.002513	0.000140	0.008284	0.002550	0.001647	0.001145	0.082536	0.005429	0.039419	0.003666	0.008822	0.001075	0.016679	
0.000145	0.008455	0.001271	0.001580	0.054020	0.085771	0.016265	0.058923	0.003795	0.022482	0.054065	0.005260	0.006842	0.004837	0.064777	0.018139	0.008942	0.006305	0.009711	0.007278	0.048542	0.011236	0.022581	0.053732	0.019290	0.044480	0.002396	0.010792	0.004512	0.003458	0.002396	0.082094	0.000145	0.044819	0.009319	0.018139	0.002654	0.003244	0.000145	0.007134	0.003293	0.004815	0.003793	0.059607	0.019263	0.023723	0.003718	0.040780	0.000964	0.010073	
0.000148	0.005417	0.007945	0.000600	0.025736	0.027026	0.066663	0.022333	0.003520	0.007160	0.009497	0.035591	0.002256	0.016536	0.021113	0.005796	0.061110	0.020738	0.003159	0.007263	0.015340	0.019533	0.029879	0.009622	0.043471	0.163930	0.015743	0.004941	0.014630	0.008686	0.015743	0.066703	0.000148	0.014171	0.042564	0.005796	0.002651	0.003239	0.000148	0.004998	0.003289	0.015433	0.012986	0.029465	0.067305	0.007549	0.016152	0.007194	0.005819	0.003264	
0.000149	0.007134	0.002877	0.001673	0.055329	0.032018	0.044758	0.035570	0.004674	0.008462	0.036934	0.012549	0.007261	0.013509	0.024414	0.006846	0.021477	0.024971	0.010310	0.004344	0.018162	0.009210	0.022050	0.036900	0.052333	0.136047	0.005605	0.008402	0.017576	0.011013	0.005605	0.086529	0.000149	0.016776	0.028114	0.006846	0.001624	0.001971	0.000149	0.003589	0.002000	0.012909	0.010623	0.046757	0.054931	0.008924	0.006101	0.027871	0.002133	0.003844	
0.000145	0.022804	0.012501	0.001314	0.044131	0.006279	0.042183	0.016508	0.005694	0.001745	0.033884	0.056309	0.005602	0.003460	0.005891	0.001434	0.096747	0.015951	0.007941	0.035117	0.003612	0.027164	0.053144	0.033787	0.032245	0.073582	0.024857	0.020275	0.011465	0.007179	0.024857	0.045342	0.000145	0.003345	0.046640	0.001434	0.012445	0.015339	0.000145	0.019421	0.015581	0.003291	0.002560	0.025698	0.013010	0.001834	0.030407	0.025571	0.009131	0.000856	
0.000140	0.004777	0.019332	0.000465	0.008688	0.023037	0.068710	0.016445	0.005452	0.006113	0.004703	0.087375	0.001657	0.006299	0.019140	0.004952	0.150185	0.004451	0.002307	0.006812	0.013082	0.043464	0.066421	0.004710	0.010587	0.095958	0.038524	0.004069	0.003208	0.002062	0.038524	0.028831	0.000140	0.012086	0.061783	0.004952	0.002487	0.003039	0.000140	0.004605	0.003085	0.005898	0.004943	0.016869	0.025292	0.006445	0.037287	0.003579	0.014098	0.002795	
0.000144	0.016797	0.008776	0.003045	0.060101	0.007358	0.035594	0.035959	0.008786	0.002026	0.030982	0.039379	0.013682	0.004535	0.006365	0.001660	0.067629	0.029722	0.019485	0.014291	0.004221	0.019316	0.039786	0.031035	0.059876	0.092246	0.017407	0.015323	0.020974	0.013723	0.017407	0.055144	0.000144	0.003908	0.042750	0.001660	0.005120	0.006290	0.000144	0.008113	0.006388	0.004856	0.003518	0.054388	0.017877	0.002130	0.019157	0.023384	0.006421	0.000980	
