0.038435	0.057483	0.028912	0.045578	0.047959	0.086054	0.695578	
0.078724	0.266373	0.033593	0.192738	0.026468	0.024092	0.378012	
0.038527	0.141152	0.074327	0.038527	0.026594	0.028981	0.651892	
0.671769	0.181293	0.033673	0.033673	0.033673	0.024150	0.021769	
0.368261	0.030997	0.222035	0.236186	0.028639	0.080526	0.033356	
0.432643	0.114354	0.092976	0.190363	0.066848	0.071598	0.031218	
0.529889	0.026342	0.191827	0.028707	0.109085	0.071260	0.042891	
0.033593	0.558534	0.028843	0.054971	0.028843	0.278249	0.016966	
0.064935	0.270677	0.029050	0.124744	0.067327	0.407040	0.036227	
0.065721	0.036666	0.068143	0.060879	0.058457	0.646835	0.063300	
0.040336	0.115630	0.026218	0.056807	0.157983	0.583866	0.019160	
0.211512	0.031900	0.063454	0.228502	0.034327	0.403259	0.027046	
0.027915	0.168144	0.021018	0.476190	0.039409	0.117570	0.149754	
0.060939	0.105228	0.030636	0.562105	0.128538	0.086580	0.025974	
0.079402	0.028239	0.084053	0.698007	0.042193	0.030565	0.037542	
0.017253	0.077640	0.024500	0.109041	0.611456	0.017253	0.142857	
0.036227	0.107997	0.021873	0.038619	0.737184	0.017088	0.041012	
0.040914	0.031367	0.017047	0.019434	0.802250	0.031367	0.057620	
0.052721	0.188435	0.031293	0.031293	0.312245	0.343197	0.040816	
0.026342	0.038163	0.567714	0.035799	0.184735	0.045255	0.101993	
0.060879	0.058457	0.116569	0.145624	0.215842	0.295745	0.106883	
0.084682	0.197935	0.561790	0.022031	0.058176	0.053356	0.022031	
0.083873	0.083873	0.394136	0.200818	0.131606	0.057620	0.048074	
0.150699	0.176952	0.346403	0.024207	0.172179	0.055234	0.074327	
