0.000578	0.000989	0.000578	0.000578	0.000578	0.000578	0.000578	0.000578	0.000578	0.000578	0.000578	0.000578	0.000578	0.000778	0.000578	0.000578	0.000578	0.000578	0.000578	0.000578	0.000578	0.000578	0.000578	0.000578	0.000578	0.000578	0.000578	0.000578	0.000578	0.004245	0.000578	0.000578	0.006079	0.002411	0.000876	0.000578	0.000578	0.001973	0.013158	0.000578	0.000578	0.000578	0.000578	0.000578	0.000578	0.000578	0.000578	0.000578	0.000578	0.945810	
0.000618	0.000998	0.000618	0.000618	0.000618	0.000618	0.000618	0.000618	0.000618	0.000618	0.000618	0.000618	0.000618	0.000935	0.000618	0.000618	0.000618	0.000618	0.000618	0.000618	0.000618	0.000618	0.000618	0.000618	0.000618	0.000618	0.000618	0.000618	0.000618	0.004749	0.000618	0.000618	0.006815	0.002684	0.000844	0.000618	0.000618	0.001840	0.004385	0.000618	0.000618	0.000618	0.000618	0.000618	0.000618	0.000618	0.000618	0.000618	0.000618	0.951404	
0.000609	0.001020	0.000609	0.000609	0.000609	0.000609	0.000609	0.000609	0.000609	0.000609	0.000609	0.000609	0.000609	0.001079	0.000609	0.000609	0.000609	0.000609	0.000609	0.000609	0.000609	0.000609	0.000609	0.000609	0.000609	0.000609	0.000609	0.000609	0.000609	0.004590	0.000609	0.000609	0.006580	0.002599	0.001740	0.000609	0.000609	0.005604	0.005574	0.000609	0.000609	0.000609	0.000609	0.000609	0.000609	0.000609	0.000609	0.000609	0.000609	0.946261	
0.000707	0.003807	0.000707	0.000707	0.000707	0.000707	0.000707	0.000707	0.000707	0.000707	0.000707	0.000707	0.000707	0.000895	0.000707	0.000707	0.000707	0.000707	0.000707	0.000707	0.000707	0.000707	0.000707	0.000707	0.000707	0.000707	0.000707	0.000707	0.000707	0.000953	0.000707	0.000707	0.001076	0.000830	0.001937	0.000707	0.000707	0.005813	0.007864	0.000707	0.000707	0.000707	0.000707	0.000707	0.000707	0.000707	0.000707	0.000707	0.000707	0.947831	
0.000651	0.001025	0.000651	0.000651	0.000651	0.000651	0.000651	0.000651	0.000651	0.000651	0.000651	0.000651	0.000651	0.002637	0.000651	0.000651	0.000651	0.000651	0.000651	0.000651	0.000651	0.000651	0.000651	0.000651	0.000651	0.000651	0.000651	0.000651	0.000651	0.001323	0.000651	0.000651	0.001659	0.000987	0.001075	0.000651	0.000651	0.004334	0.012073	0.000651	0.000651	0.000651	0.000651	0.000651	0.000651	0.000651	0.000651	0.000651	0.000651	0.948187	
0.000707	0.001795	0.000707	0.000707	0.000707	0.000707	0.000707	0.000707	0.000707	0.000707	0.000707	0.000707	0.000707	0.001249	0.000707	0.000707	0.000707	0.000707	0.000707	0.000707	0.000707	0.000707	0.000707	0.000707	0.000707	0.000707	0.000707	0.000707	0.000707	0.001072	0.000707	0.000707	0.001254	0.000889	0.003411	0.000707	0.000707	0.012064	0.005846	0.000707	0.000707	0.000707	0.000707	0.000707	0.000707	0.000707	0.000707	0.000707	0.000707	0.943443	
0.000747	0.001121	0.000747	0.000747	0.000747	0.000747	0.000747	0.000747	0.000747	0.000747	0.000747	0.000747	0.000747	0.000960	0.000747	0.000747	0.000747	0.000747	0.000747	0.000747	0.000747	0.000747	0.000747	0.000747	0.000747	0.000747	0.000747	0.000747	0.000747	0.001085	0.000747	0.000747	0.001255	0.000916	0.007013	0.000747	0.000747	0.026027	0.002342	0.000747	0.000747	0.000747	0.000747	0.000747	0.000747	0.000747	0.000747	0.000747	0.000747	0.928659	
0.000629	0.003676	0.000629	0.000629	0.000629	0.000629	0.000629	0.000629	0.000629	0.000629	0.000629	0.000629	0.000629	0.000875	0.000629	0.000629	0.000629	0.000629	0.000629	0.000629	0.000629	0.000629	0.000629	0.000629	0.000629	0.000629	0.000629	0.000629	0.000629	0.001582	0.000629	0.000629	0.002058	0.001105	0.001136	0.000629	0.000629	0.002903	0.008811	0.000629	0.000629	0.000629	0.000629	0.000629	0.000629	0.000629	0.000629	0.000629	0.000629	0.952060	
0.000650	0.005417	0.000650	0.000650	0.000650	0.000650	0.000650	0.000650	0.000650	0.000650	0.000650	0.000650	0.000650	0.000954	0.000650	0.000650	0.000650	0.000650	0.000650	0.000650	0.000650	0.000650	0.000650	0.000650	0.000650	0.000650	0.000650	0.000650	0.000650	0.000824	0.000650	0.000650	0.000912	0.000737	0.000915	0.000650	0.000650	0.002013	0.006319	0.000650	0.000650	0.000650	0.000650	0.000650	0.000650	0.000650	0.000650	0.000650	0.000650	0.955250	
0.000630	0.001431	0.000630	0.000630	0.000630	0.000630	0.000630	0.000630	0.000630	0.000630	0.000630	0.000630	0.000630	0.001779	0.000630	0.000630	0.000630	0.000630	0.000630	0.000630	0.000630	0.000630	0.000630	0.000630	0.000630	0.000630	0.000630	0.000630	0.000630	0.000954	0.000630	0.000630	0.001116	0.000792	0.001238	0.000630	0.000630	0.004210	0.012699	0.000630	0.000630	0.000630	0.000630	0.000630	0.000630	0.000630	0.000630	0.000630	0.000630	0.949931	
0.000616	0.003085	0.000616	0.000616	0.000616	0.000616	0.000616	0.000616	0.000616	0.000616	0.000616	0.000616	0.000616	0.001527	0.000616	0.000616	0.000616	0.000616	0.000616	0.000616	0.000616	0.000616	0.000616	0.000616	0.000616	0.000616	0.000616	0.000616	0.000616	0.000881	0.000616	0.000616	0.001013	0.000748	0.001183	0.000616	0.000616	0.003793	0.011547	0.000616	0.000616	0.000616	0.000616	0.000616	0.000616	0.000616	0.000616	0.000616	0.000616	0.950953	
0.000645	0.000998	0.000645	0.000645	0.000645	0.000645	0.000645	0.000645	0.000645	0.000645	0.000645	0.000645	0.000645	0.002193	0.000645	0.000645	0.000645	0.000645	0.000645	0.000645	0.000645	0.000645	0.000645	0.000645	0.000645	0.000645	0.000645	0.000645	0.000645	0.000896	0.000645	0.000645	0.001022	0.000771	0.001256	0.000645	0.000645	0.004636	0.011732	0.000645	0.000645	0.000645	0.000645	0.000645	0.000645	0.000645	0.000645	0.000645	0.000645	0.950053	
0.000563	0.000993	0.000563	0.000563	0.000563	0.000563	0.000563	0.000563	0.000563	0.000563	0.000563	0.000563	0.000563	0.000784	0.000563	0.000563	0.000563	0.000563	0.000563	0.000563	0.000563	0.000563	0.000563	0.000563	0.000563	0.000563	0.000563	0.000563	0.000563	0.001009	0.000563	0.000563	0.001232	0.000786	0.001424	0.000563	0.000563	0.004232	0.012640	0.000563	0.000563	0.000563	0.000563	0.000563	0.000563	0.000563	0.000563	0.000563	0.000563	0.953835	
0.000596	0.002275	0.000596	0.000596	0.000596	0.000596	0.000596	0.000596	0.000596	0.000596	0.000596	0.000596	0.000596	0.001990	0.000596	0.000596	0.000596	0.000596	0.000596	0.000596	0.000596	0.000596	0.000596	0.000596	0.000596	0.000596	0.000596	0.000596	0.000596	0.001207	0.000596	0.000596	0.001513	0.000902	0.001388	0.000596	0.000596	0.005158	0.008315	0.000596	0.000596	0.000596	0.000596	0.000596	0.000596	0.000596	0.000596	0.000596	0.000596	0.952816	
0.000592	0.001593	0.000592	0.000592	0.000592	0.000592	0.000592	0.000592	0.000592	0.000592	0.000592	0.000592	0.000592	0.001151	0.000592	0.000592	0.000592	0.000592	0.000592	0.000592	0.000592	0.000592	0.000592	0.000592	0.000592	0.000592	0.000592	0.000592	0.000592	0.001447	0.000592	0.000592	0.001874	0.001019	0.001829	0.000592	0.000592	0.006100	0.010167	0.000592	0.000592	0.000592	0.000592	0.000592	0.000592	0.000592	0.000592	0.000592	0.000592	0.950558	
0.000554	0.001004	0.000554	0.000554	0.000554	0.000554	0.000554	0.000554	0.000554	0.000554	0.000554	0.000554	0.000554	0.000814	0.000554	0.000554	0.000554	0.000554	0.000554	0.000554	0.000554	0.000554	0.000554	0.000554	0.000554	0.000554	0.000554	0.000554	0.000554	0.007779	0.000554	0.000554	0.011392	0.004166	0.001305	0.000554	0.000554	0.003821	0.005695	0.000554	0.000554	0.000554	0.000554	0.000554	0.000554	0.000554	0.000554	0.000554	0.000554	0.941326	
0.000572	0.001702	0.000572	0.000572	0.000572	0.000572	0.000572	0.000572	0.000572	0.000572	0.000572	0.000572	0.000572	0.000775	0.000572	0.000572	0.000572	0.000572	0.000572	0.000572	0.000572	0.000572	0.000572	0.000572	0.000572	0.000572	0.000572	0.000572	0.000572	0.006792	0.000572	0.000572	0.009902	0.003682	0.000743	0.000572	0.000572	0.001456	0.005674	0.000572	0.000572	0.000572	0.000572	0.000572	0.000572	0.000572	0.000572	0.000572	0.000572	0.945808	
0.000589	0.001742	0.000589	0.000589	0.000589	0.000589	0.000589	0.000589	0.000589	0.000589	0.000589	0.000589	0.000589	0.000761	0.000589	0.000589	0.000589	0.000589	0.000589	0.000589	0.000589	0.000589	0.000589	0.000589	0.000589	0.000589	0.000589	0.000589	0.000589	0.005883	0.000589	0.000589	0.008530	0.003236	0.000868	0.000589	0.000589	0.001879	0.009722	0.000589	0.000589	0.000589	0.000589	0.000589	0.000589	0.000589	0.000589	0.000589	0.000589	0.943249	
0.000656	0.001891	0.000656	0.000656	0.000656	0.000656	0.000656	0.000656	0.000656	0.000656	0.000656	0.000656	0.000656	0.000844	0.000656	0.000656	0.000656	0.000656	0.000656	0.000656	0.000656	0.000656	0.000656	0.000656	0.000656	0.000656	0.000656	0.000656	0.000656	0.003166	0.000656	0.000656	0.004421	0.001911	0.001219	0.000656	0.000656	0.003096	0.016548	0.000656	0.000656	0.000656	0.000656	0.000656	0.000656	0.000656	0.000656	0.000656	0.000656	0.940017	
0.000621	0.003918	0.000621	0.000621	0.000621	0.000621	0.000621	0.000621	0.000621	0.000621	0.000621	0.000621	0.000621	0.001705	0.000621	0.000621	0.000621	0.000621	0.000621	0.000621	0.000621	0.000621	0.000621	0.000621	0.000621	0.000621	0.000621	0.000621	0.000621	0.004104	0.000621	0.000621	0.005846	0.002363	0.001718	0.000621	0.000621	0.006093	0.003982	0.000621	0.000621	0.000621	0.000621	0.000621	0.000621	0.000621	0.000621	0.000621	0.000621	0.944807	
0.000647	0.004471	0.000647	0.000647	0.000647	0.000647	0.000647	0.000647	0.000647	0.000647	0.000647	0.000647	0.000647	0.002051	0.000647	0.000647	0.000647	0.000647	0.000647	0.000647	0.000647	0.000647	0.000647	0.000647	0.000647	0.000647	0.000647	0.000647	0.000647	0.002156	0.000647	0.000647	0.002910	0.001401	0.000966	0.000647	0.000647	0.003329	0.004410	0.000647	0.000647	0.000647	0.000647	0.000647	0.000647	0.000647	0.000647	0.000647	0.000647	0.951779	
0.000625	0.001009	0.000625	0.000625	0.000625	0.000625	0.000625	0.000625	0.000625	0.000625	0.000625	0.000625	0.000625	0.003813	0.000625	0.000625	0.000625	0.000625	0.000625	0.000625	0.000625	0.000625	0.000625	0.000625	0.000625	0.000625	0.000625	0.000625	0.000625	0.000972	0.000625	0.000625	0.001146	0.000799	0.000835	0.000625	0.000625	0.004654	0.003812	0.000625	0.000625	0.000625	0.000625	0.000625	0.000625	0.000625	0.000625	0.000625	0.000625	0.957340	
0.000660	0.002892	0.000660	0.000660	0.000660	0.000660	0.000660	0.000660	0.000660	0.000660	0.000660	0.000660	0.000660	0.002790	0.000660	0.000660	0.000660	0.000660	0.000660	0.000660	0.000660	0.000660	0.000660	0.000660	0.000660	0.000660	0.000660	0.000660	0.000660	0.001420	0.000660	0.000660	0.001800	0.001040	0.002292	0.000660	0.000660	0.009317	0.003198	0.000660	0.000660	0.000660	0.000660	0.000660	0.000660	0.000660	0.000660	0.000660	0.000660	0.948192	
0.000668	0.005636	0.000668	0.000668	0.000668	0.000668	0.000668	0.000668	0.000668	0.000668	0.000668	0.000668	0.000668	0.002415	0.000668	0.000668	0.000668	0.000668	0.000668	0.000668	0.000668	0.000668	0.000668	0.000668	0.000668	0.000668	0.000668	0.000668	0.000668	0.001054	0.000668	0.000668	0.001246	0.000861	0.001349	0.000668	0.000668	0.005138	0.005844	0.000668	0.000668	0.000668	0.000668	0.000668	0.000668	0.000668	0.000668	0.000668	0.000668	0.949062	
