0	19	20	38	0	1	0	
0	0	0	0	0	0	0	
0	0	0	0	29	0	0	
42	4	0	14	93	30	70	
0	1	0	39	0	0	0	
0	0	0	0	0	0	102	
79	0	0	31	61	1	0	
0	0	256	1	0	0	0	
0	0	0	0	0	107	0	
0	0	0	0	0	201	0	
0	13	0	0	0	0	0	
0	0	0	142	0	0	0	
96	0	33	6	67	9	0	
0	0	0	0	0	0	0	
0	0	6	1	19	0	0	
0	0	0	0	62	0	120	
23	0	0	0	130	0	0	
0	0	0	0	27	0	0	
1	37	0	49	0	0	0	
0	0	0	0	0	0	0	
0	18	0	51	0	0	0	
0	0	0	0	0	0	0	
0	0	0	0	0	0	100	
0	0	63	0	0	0	0	
42	0	0	0	20	0	0	
0	11	136	0	0	0	0	
0	0	2	229	0	0	0	
0	0	0	0	0	0	0	
0	0	0	0	0	0	0	
0	0	0	0	0	0	0	
0	0	0	0	0	0	18	
13	0	0	0	0	72	0	
0	0	0	0	0	176	0	
0	0	0	0	47	0	0	
0	0	0	47	0	0	0	
50	0	98	0	0	0	0	
10	0	0	148	153	0	50	
0	22	63	0	0	0	0	
112	0	0	0	0	0	0	
15	0	0	0	0	0	0	
0	0	14	0	0	0	0	
0	126	0	0	0	0	0	
0	0	70	0	0	0	106	
0	0	0	5	43	25	0	
0	0	0	0	0	0	32	
0	0	0	0	0	0	0	
0	79	0	0	0	0	73	
0	10	0	0	0	1	0	
159	0	0	0	2	0	0	
0	20	0	0	0	90	0	
