0.000691	0.001511	0.000691	0.000691	0.000691	0.000691	0.000691	0.000691	0.000691	0.000691	0.000691	0.000691	0.000691	0.000920	0.000691	0.000691	0.000691	0.000691	0.000691	0.000691	0.000691	0.000691	0.000691	0.000691	0.000691	0.000691	0.000691	0.000691	0.000691	0.001065	0.000691	0.000691	0.006677	0.001114	0.000829	0.000691	0.000691	0.001432	0.004050	0.000691	0.000691	0.000691	0.000691	0.000691	0.000691	0.000691	0.000691	0.000691	0.000691	0.954066	
0.000659	0.000987	0.000659	0.000659	0.000659	0.000659	0.000659	0.000659	0.000659	0.000659	0.000659	0.000659	0.000659	0.001403	0.000659	0.000659	0.000659	0.000659	0.000659	0.000659	0.000659	0.000659	0.000659	0.000659	0.000659	0.000659	0.000659	0.000659	0.000659	0.001786	0.000659	0.000659	0.005733	0.001422	0.000914	0.000659	0.000659	0.002455	0.005561	0.000659	0.000659	0.000659	0.000659	0.000659	0.000659	0.000659	0.000659	0.000659	0.000659	0.952714	
0.000665	0.001292	0.000665	0.000665	0.000665	0.000665	0.000665	0.000665	0.000665	0.000665	0.000665	0.000665	0.000665	0.000869	0.000665	0.000665	0.000665	0.000665	0.000665	0.000665	0.000665	0.000665	0.000665	0.000665	0.000665	0.000665	0.000665	0.000665	0.000665	0.001654	0.000665	0.000665	0.006042	0.001435	0.001173	0.000665	0.000665	0.002456	0.005911	0.000665	0.000665	0.000665	0.000665	0.000665	0.000665	0.000665	0.000665	0.000665	0.000665	0.951888	
0.000549	0.000920	0.000549	0.000549	0.000549	0.000549	0.000549	0.000549	0.000549	0.000549	0.000549	0.000549	0.000549	0.000664	0.000549	0.000549	0.000549	0.000549	0.000549	0.000549	0.000549	0.000549	0.000549	0.000549	0.000549	0.000549	0.000549	0.000549	0.000549	0.000922	0.000549	0.000549	0.001801	0.001274	0.000717	0.000549	0.000549	0.015911	0.005267	0.000549	0.000549	0.000549	0.000549	0.000549	0.000549	0.000549	0.000549	0.000549	0.000549	0.949996	
0.000582	0.001071	0.000582	0.000582	0.000582	0.000582	0.000582	0.000582	0.000582	0.000582	0.000582	0.000582	0.000582	0.001987	0.000582	0.000582	0.000582	0.000582	0.000582	0.000582	0.000582	0.000582	0.000582	0.000582	0.000582	0.000582	0.000582	0.000582	0.000582	0.002230	0.000582	0.000582	0.001355	0.000828	0.001808	0.000582	0.000582	0.009487	0.002550	0.000582	0.000582	0.000582	0.000582	0.000582	0.000582	0.000582	0.000582	0.000582	0.000582	0.954839	
0.000569	0.000978	0.000569	0.000569	0.000569	0.000569	0.000569	0.000569	0.000569	0.000569	0.000569	0.000569	0.000569	0.002340	0.000569	0.000569	0.000569	0.000569	0.000569	0.000569	0.000569	0.000569	0.000569	0.000569	0.000569	0.000569	0.000569	0.000569	0.000569	0.002554	0.000569	0.000569	0.001479	0.001147	0.000945	0.000569	0.000569	0.010516	0.004442	0.000569	0.000569	0.000569	0.000569	0.000569	0.000569	0.000569	0.000569	0.000569	0.000569	0.952255	
0.000597	0.001286	0.000597	0.000597	0.000597	0.000597	0.000597	0.000597	0.000597	0.000597	0.000597	0.000597	0.000597	0.000767	0.000597	0.000597	0.000597	0.000597	0.000597	0.000597	0.000597	0.000597	0.000597	0.000597	0.000597	0.000597	0.000597	0.000597	0.000597	0.001177	0.000597	0.000597	0.001393	0.000814	0.003384	0.000597	0.000597	0.008485	0.002590	0.000597	0.000597	0.000597	0.000597	0.000597	0.000597	0.000597	0.000597	0.000597	0.000597	0.955638	
0.000623	0.001594	0.000623	0.000623	0.000623	0.000623	0.000623	0.000623	0.000623	0.000623	0.000623	0.000623	0.000623	0.000849	0.000623	0.000623	0.000623	0.000623	0.000623	0.000623	0.000623	0.000623	0.000623	0.000623	0.000623	0.000623	0.000623	0.000623	0.000623	0.001105	0.000623	0.000623	0.005646	0.005073	0.000879	0.000623	0.000623	0.001856	0.028293	0.000623	0.000623	0.000623	0.000623	0.000623	0.000623	0.000623	0.000623	0.000623	0.000623	0.929146	
0.000633	0.002616	0.000633	0.000633	0.000633	0.000633	0.000633	0.000633	0.000633	0.000633	0.000633	0.000633	0.000633	0.000979	0.000633	0.000633	0.000633	0.000633	0.000633	0.000633	0.000633	0.000633	0.000633	0.000633	0.000633	0.000633	0.000633	0.000633	0.000633	0.001169	0.000633	0.000633	0.003323	0.002927	0.002252	0.000633	0.000633	0.003562	0.016381	0.000633	0.000633	0.000633	0.000633	0.000633	0.000633	0.000633	0.000633	0.000633	0.000633	0.940831	
0.000732	0.010129	0.000732	0.000732	0.000732	0.000732	0.000732	0.000732	0.000732	0.000732	0.000732	0.000732	0.000732	0.000978	0.000732	0.000732	0.000732	0.000732	0.000732	0.000732	0.000732	0.000732	0.000732	0.000732	0.000732	0.000732	0.000732	0.000732	0.000732	0.001225	0.000732	0.000732	0.001484	0.001013	0.001436	0.000732	0.000732	0.004663	0.011817	0.000732	0.000732	0.000732	0.000732	0.000732	0.000732	0.000732	0.000732	0.000732	0.000732	0.937239	
0.000778	0.012459	0.000778	0.000778	0.000778	0.000778	0.000778	0.000778	0.000778	0.000778	0.000778	0.000778	0.000778	0.000974	0.000778	0.000778	0.000778	0.000778	0.000778	0.000778	0.000778	0.000778	0.000778	0.000778	0.000778	0.000778	0.000778	0.000778	0.000778	0.001172	0.000778	0.000778	0.001871	0.001491	0.001282	0.000778	0.000778	0.001559	0.016735	0.000778	0.000778	0.000778	0.000778	0.000778	0.000778	0.000778	0.000778	0.000778	0.000778	0.930564	
0.000726	0.010483	0.000726	0.000726	0.000726	0.000726	0.000726	0.000726	0.000726	0.000726	0.000726	0.000726	0.000726	0.000945	0.000726	0.000726	0.000726	0.000726	0.000726	0.000726	0.000726	0.000726	0.000726	0.000726	0.000726	0.000726	0.000726	0.000726	0.000726	0.001078	0.000726	0.000726	0.001274	0.000951	0.000944	0.000726	0.000726	0.006472	0.011827	0.000726	0.000726	0.000726	0.000726	0.000726	0.000726	0.000726	0.000726	0.000726	0.000726	0.936242	
0.000610	0.001127	0.000610	0.000610	0.000610	0.000610	0.000610	0.000610	0.000610	0.000610	0.000610	0.000610	0.000610	0.003746	0.000610	0.000610	0.000610	0.000610	0.000610	0.000610	0.000610	0.000610	0.000610	0.000610	0.000610	0.000610	0.000610	0.000610	0.000610	0.003913	0.000610	0.000610	0.002917	0.002505	0.000845	0.000610	0.000610	0.001448	0.012493	0.000610	0.000610	0.000610	0.000610	0.000610	0.000610	0.000610	0.000610	0.000610	0.000610	0.945985	
0.000604	0.001206	0.000604	0.000604	0.000604	0.000604	0.000604	0.000604	0.000604	0.000604	0.000604	0.000604	0.000604	0.004080	0.000604	0.000604	0.000604	0.000604	0.000604	0.000604	0.000604	0.000604	0.000604	0.000604	0.000604	0.000604	0.000604	0.000604	0.000604	0.004361	0.000604	0.000604	0.002094	0.001598	0.000856	0.000604	0.000604	0.002953	0.007174	0.000604	0.000604	0.000604	0.000604	0.000604	0.000604	0.000604	0.000604	0.000604	0.000604	0.950925	
0.000617	0.002024	0.000617	0.000617	0.000617	0.000617	0.000617	0.000617	0.000617	0.000617	0.000617	0.000617	0.000617	0.004508	0.000617	0.000617	0.000617	0.000617	0.000617	0.000617	0.000617	0.000617	0.000617	0.000617	0.000617	0.000617	0.000617	0.000617	0.000617	0.004622	0.000617	0.000617	0.001190	0.000876	0.001167	0.000617	0.000617	0.002524	0.003578	0.000617	0.000617	0.000617	0.000617	0.000617	0.000617	0.000617	0.000617	0.000617	0.000617	0.954225	
0.000615	0.000908	0.000615	0.000615	0.000615	0.000615	0.000615	0.000615	0.000615	0.000615	0.000615	0.000615	0.000615	0.000931	0.000615	0.000615	0.000615	0.000615	0.000615	0.000615	0.000615	0.000615	0.000615	0.000615	0.000615	0.000615	0.000615	0.000615	0.000615	0.004839	0.000615	0.000615	0.005875	0.001187	0.000906	0.000615	0.000615	0.005074	0.004342	0.000615	0.000615	0.000615	0.000615	0.000615	0.000615	0.000615	0.000615	0.000615	0.000615	0.950722	
0.000608	0.001104	0.000608	0.000608	0.000608	0.000608	0.000608	0.000608	0.000608	0.000608	0.000608	0.000608	0.000608	0.001761	0.000608	0.000608	0.000608	0.000608	0.000608	0.000608	0.000608	0.000608	0.000608	0.000608	0.000608	0.000608	0.000608	0.000608	0.000608	0.005364	0.000608	0.000608	0.005002	0.001178	0.000746	0.000608	0.000608	0.004809	0.004521	0.000608	0.000608	0.000608	0.000608	0.000608	0.000608	0.000608	0.000608	0.000608	0.000608	0.950579	
0.000623	0.001768	0.000623	0.000623	0.000623	0.000623	0.000623	0.000623	0.000623	0.000623	0.000623	0.000623	0.000623	0.000838	0.000623	0.000623	0.000623	0.000623	0.000623	0.000623	0.000623	0.000623	0.000623	0.000623	0.000623	0.000623	0.000623	0.000623	0.000623	0.004903	0.000623	0.000623	0.005378	0.000857	0.001138	0.000623	0.000623	0.005383	0.003175	0.000623	0.000623	0.000623	0.000623	0.000623	0.000623	0.000623	0.000623	0.000623	0.000623	0.951017	
0.000600	0.001339	0.000600	0.000600	0.000600	0.000600	0.000600	0.000600	0.000600	0.000600	0.000600	0.000600	0.000600	0.000872	0.000600	0.000600	0.000600	0.000600	0.000600	0.000600	0.000600	0.000600	0.000600	0.000600	0.000600	0.000600	0.000600	0.000600	0.000600	0.004053	0.000600	0.000600	0.004927	0.001575	0.000753	0.000600	0.000600	0.007324	0.007188	0.000600	0.000600	0.000600	0.000600	0.000600	0.000600	0.000600	0.000600	0.000600	0.000600	0.947349	
0.000626	0.001487	0.000626	0.000626	0.000626	0.000626	0.000626	0.000626	0.000626	0.000626	0.000626	0.000626	0.000626	0.000841	0.000626	0.000626	0.000626	0.000626	0.000626	0.000626	0.000626	0.000626	0.000626	0.000626	0.000626	0.000626	0.000626	0.000626	0.000626	0.002582	0.000626	0.000626	0.003174	0.001296	0.003461	0.000626	0.000626	0.003307	0.005506	0.000626	0.000626	0.000626	0.000626	0.000626	0.000626	0.000626	0.000626	0.000626	0.000626	0.952667	
0.000605	0.001590	0.000605	0.000605	0.000605	0.000605	0.000605	0.000605	0.000605	0.000605	0.000605	0.000605	0.000605	0.001047	0.000605	0.000605	0.000605	0.000605	0.000605	0.000605	0.000605	0.000605	0.000605	0.000605	0.000605	0.000605	0.000605	0.000605	0.000605	0.002035	0.000605	0.000605	0.003356	0.002164	0.001710	0.000605	0.000605	0.006619	0.010945	0.000605	0.000605	0.000605	0.000605	0.000605	0.000605	0.000605	0.000605	0.000605	0.000605	0.945738	
0.000625	0.001212	0.000625	0.000625	0.000625	0.000625	0.000625	0.000625	0.000625	0.000625	0.000625	0.000625	0.000625	0.001508	0.000625	0.000625	0.000625	0.000625	0.000625	0.000625	0.000625	0.000625	0.000625	0.000625	0.000625	0.000625	0.000625	0.000625	0.000625	0.001670	0.000625	0.000625	0.002284	0.001145	0.003300	0.000625	0.000625	0.003747	0.004333	0.000625	0.000625	0.000625	0.000625	0.000625	0.000625	0.000625	0.000625	0.000625	0.000625	0.955173	
0.000630	0.001260	0.000630	0.000630	0.000630	0.000630	0.000630	0.000630	0.000630	0.000630	0.000630	0.000630	0.000630	0.002819	0.000630	0.000630	0.000630	0.000630	0.000630	0.000630	0.000630	0.000630	0.000630	0.000630	0.000630	0.000630	0.000630	0.000630	0.000630	0.002981	0.000630	0.000630	0.001878	0.000840	0.002973	0.000630	0.000630	0.001602	0.002519	0.000630	0.000630	0.000630	0.000630	0.000630	0.000630	0.000630	0.000630	0.000630	0.000630	0.957309	
0.000639	0.001706	0.000639	0.000639	0.000639	0.000639	0.000639	0.000639	0.000639	0.000639	0.000639	0.000639	0.000639	0.000783	0.000639	0.000639	0.000639	0.000639	0.000639	0.000639	0.000639	0.000639	0.000639	0.000639	0.000639	0.000639	0.000639	0.000639	0.000639	0.001114	0.000639	0.000639	0.002981	0.002009	0.003738	0.000639	0.000639	0.002059	0.009926	0.000639	0.000639	0.000639	0.000639	0.000639	0.000639	0.000639	0.000639	0.000639	0.000639	0.949484	
