0.132227	0.002600	0.088604	0.015591	0.007642	0.003115	0.001663	0.000243	0.012855	0.006583	0.001324	0.000243	0.007556	0.000243	0.004373	0.002267	0.010704	0.088604	0.009060	0.000911	0.009506	0.187825	0.002628	0.004438	0.003404	0.000612	0.001288	0.003193	0.003626	0.000243	0.001738	0.005279	0.004185	0.002174	0.088604	0.140892	0.001659	0.000777	0.000243	0.009159	0.005479	0.104957	0.004297	0.001736	0.005629	0.003601	0.001890	0.001587	0.001496	0.001445	
0.012261	0.005723	0.004200	0.088284	0.010184	0.010806	0.003505	0.000143	0.016805	0.024771	0.006309	0.000143	0.008831	0.000143	0.015480	0.006782	0.201462	0.004200	0.014046	0.012994	0.033507	0.017916	0.029424	0.013886	0.060967	0.002245	0.001384	0.011098	0.036322	0.000143	0.005694	0.011671	0.022469	0.004715	0.004200	0.053483	0.005401	0.010423	0.000143	0.045967	0.061825	0.022043	0.016202	0.001916	0.039404	0.004133	0.004042	0.001739	0.007290	0.023274	
0.013512	0.005193	0.006781	0.092163	0.016824	0.006372	0.003188	0.000149	0.011115	0.011545	0.001922	0.000149	0.023602	0.000149	0.009099	0.002728	0.226873	0.006781	0.009114	0.014620	0.034484	0.017804	0.027248	0.009204	0.068648	0.000753	0.003499	0.006542	0.030669	0.000149	0.003388	0.006195	0.006676	0.004282	0.006781	0.062672	0.003218	0.011726	0.000149	0.042175	0.073659	0.027238	0.010826	0.004935	0.027754	0.010918	0.003674	0.004456	0.002204	0.026198	
0.006051	0.010054	0.003186	0.152490	0.077029	0.002621	0.006116	0.000149	0.236200	0.032791	0.002828	0.000149	0.004848	0.000149	0.003704	0.029614	0.009039	0.003186	0.203328	0.000717	0.007310	0.012266	0.004177	0.008315	0.002835	0.001063	0.000821	0.002688	0.006505	0.000149	0.001436	0.003413	0.009854	0.008264	0.003186	0.012752	0.001368	0.000603	0.000149	0.091256	0.004150	0.004474	0.003605	0.001108	0.009187	0.002307	0.007071	0.001012	0.003254	0.001171	
0.006319	0.004494	0.002903	0.080475	0.064008	0.003800	0.002764	0.000142	0.089514	0.052393	0.015180	0.000142	0.062798	0.000142	0.005403	0.022124	0.037400	0.002903	0.076990	0.002520	0.040106	0.025572	0.021353	0.006266	0.011399	0.005269	0.009093	0.003900	0.034315	0.000142	0.002046	0.009711	0.054802	0.003707	0.002903	0.015128	0.001946	0.002045	0.000142	0.052789	0.029623	0.006557	0.006598	0.012929	0.043503	0.028913	0.003183	0.011650	0.017572	0.004423	
0.005286	0.007118	0.002672	0.128448	0.064643	0.002607	0.004346	0.000147	0.159971	0.027525	0.003740	0.000147	0.025122	0.000147	0.003685	0.021468	0.072519	0.002672	0.137685	0.004767	0.020770	0.011685	0.012237	0.006604	0.022013	0.001372	0.003715	0.002674	0.015874	0.000147	0.001427	0.003783	0.013257	0.005858	0.002672	0.023966	0.001360	0.003843	0.000147	0.073012	0.028787	0.009273	0.004541	0.005244	0.016886	0.011615	0.005018	0.004734	0.004311	0.008462	
0.048743	0.002813	0.031753	0.080738	0.068819	0.003643	0.001766	0.000179	0.109724	0.014030	0.001783	0.000179	0.060369	0.000179	0.005162	0.014063	0.012967	0.031753	0.093960	0.000996	0.037309	0.069499	0.003416	0.005119	0.004043	0.000726	0.008778	0.003738	0.004874	0.000179	0.001983	0.004508	0.006281	0.002337	0.031753	0.053480	0.001888	0.000832	0.000179	0.044555	0.021745	0.038367	0.006120	0.012463	0.007448	0.027818	0.002020	0.011235	0.002038	0.001649	
0.009763	0.050787	0.005701	0.126909	0.008189	0.002627	0.030654	0.000150	0.015536	0.067610	0.003102	0.000150	0.008157	0.000150	0.003713	0.003710	0.130616	0.005701	0.009635	0.008478	0.015200	0.027707	0.017939	0.031877	0.039567	0.001156	0.001294	0.002695	0.021531	0.000150	0.001439	0.003599	0.010858	0.041636	0.005701	0.067572	0.001372	0.006812	0.000150	0.065383	0.040827	0.017776	0.004715	0.001784	0.020227	0.003827	0.035535	0.001621	0.003571	0.015140	
0.008343	0.084245	0.004731	0.155210	0.020038	0.002645	0.050810	0.000150	0.046157	0.106862	0.002721	0.000150	0.013529	0.000150	0.003739	0.006657	0.006709	0.004731	0.033677	0.000569	0.011617	0.033301	0.003797	0.051244	0.002132	0.001027	0.002062	0.002714	0.006014	0.000150	0.001449	0.003425	0.009507	0.069048	0.004731	0.059334	0.001381	0.000485	0.000150	0.085224	0.006035	0.006091	0.003794	0.002881	0.008731	0.006294	0.058916	0.002608	0.003130	0.000904	
0.010060	0.034611	0.006119	0.089449	0.047195	0.002067	0.020909	0.000147	0.031664	0.075861	0.012379	0.000147	0.066765	0.000147	0.002909	0.012915	0.029899	0.006119	0.024740	0.002046	0.038681	0.036146	0.017339	0.021972	0.009136	0.004317	0.009664	0.002120	0.027878	0.000147	0.001147	0.007157	0.044689	0.028383	0.006119	0.036622	0.001094	0.001667	0.000147	0.053114	0.028596	0.009696	0.004311	0.013743	0.034721	0.030737	0.024230	0.012383	0.014325	0.003566	
0.006823	0.078641	0.003404	0.141363	0.031713	0.003403	0.047433	0.000148	0.020563	0.095837	0.001616	0.000148	0.047815	0.000148	0.004829	0.002880	0.016068	0.003404	0.011998	0.001164	0.030744	0.028045	0.003578	0.048751	0.004958	0.000649	0.006958	0.003492	0.004948	0.000148	0.001842	0.003538	0.005696	0.064455	0.003404	0.055935	0.001753	0.000961	0.000148	0.073902	0.018928	0.005329	0.005581	0.009876	0.007213	0.022036	0.054998	0.008903	0.001850	0.001977	
0.006352	0.003753	0.003768	0.035667	0.020528	0.001629	0.002315	0.000137	0.042964	0.117164	0.039619	0.000137	0.012392	0.000137	0.002283	0.035589	0.010903	0.003768	0.036800	0.000824	0.009494	0.056317	0.046195	0.003700	0.003389	0.013597	0.001887	0.001670	0.079488	0.000137	0.000914	0.018504	0.142875	0.003100	0.003768	0.010281	0.000873	0.000686	0.000137	0.049247	0.006924	0.005320	0.002462	0.002638	0.101577	0.005764	0.002664	0.002388	0.045901	0.001374	
0.015545	0.023870	0.008544	0.055807	0.010344	0.005378	0.014437	0.000144	0.018107	0.110108	0.029336	0.000144	0.009296	0.000144	0.007672	0.024537	0.020661	0.008544	0.013755	0.001454	0.014991	0.058925	0.035587	0.019027	0.006343	0.010096	0.001452	0.005521	0.060309	0.000144	0.002868	0.017261	0.105680	0.019582	0.008544	0.031909	0.002725	0.001192	0.000144	0.051629	0.008877	0.011760	0.007460	0.002012	0.078760	0.004347	0.016723	0.001825	0.033980	0.002501	
0.009297	0.024663	0.003610	0.063370	0.011040	0.007158	0.014912	0.000139	0.014461	0.103696	0.026783	0.000139	0.012498	0.000139	0.010234	0.022145	0.042531	0.003610	0.010652	0.002845	0.020853	0.045783	0.035106	0.021244	0.012946	0.009222	0.001904	0.007350	0.057872	0.000139	0.003792	0.017500	0.096484	0.020231	0.003610	0.029493	0.003600	0.002303	0.000139	0.052882	0.016243	0.007825	0.010078	0.002661	0.075289	0.005814	0.017276	0.002409	0.031022	0.005009	
0.006965	0.003011	0.003592	0.038814	0.009466	0.003147	0.001868	0.000137	0.018228	0.102240	0.035102	0.000137	0.006655	0.000137	0.004467	0.029225	0.068830	0.003592	0.015485	0.004522	0.012216	0.050360	0.047470	0.004768	0.020891	0.012057	0.001068	0.003230	0.077457	0.000137	0.001704	0.017796	0.126522	0.002492	0.003592	0.022132	0.001621	0.003645	0.000137	0.045137	0.022235	0.010043	0.004855	0.001467	0.096046	0.003130	0.002145	0.001334	0.040665	0.008029	
0.045448	0.002799	0.004698	0.051376	0.008503	0.067182	0.001737	0.000128	0.010040	0.012441	0.003228	0.000128	0.009499	0.000128	0.096576	0.003638	0.011492	0.004698	0.008399	0.000853	0.123016	0.016906	0.004908	0.067808	0.003561	0.001185	0.001466	0.069019	0.007611	0.000128	0.035033	0.056694	0.011377	0.002316	0.004698	0.011287	0.033196	0.000708	0.000128	0.038029	0.006237	0.006465	0.089515	0.002040	0.050250	0.004431	0.001994	0.001849	0.003721	0.001433	
0.033410	0.003413	0.004483	0.067803	0.006431	0.046821	0.002109	0.000134	0.009427	0.011288	0.002581	0.000134	0.006235	0.000134	0.067286	0.003063	0.098986	0.004483	0.007831	0.006444	0.090125	0.014955	0.013852	0.048077	0.030000	0.000968	0.001005	0.048100	0.016752	0.000134	0.024437	0.039672	0.009010	0.002820	0.004483	0.030304	0.023157	0.005182	0.000134	0.040622	0.030964	0.013657	0.063135	0.001379	0.043501	0.002936	0.002425	0.001255	0.002971	0.011491	
0.044617	0.003959	0.004436	0.056510	0.009562	0.066409	0.002436	0.000128	0.015922	0.011110	0.002152	0.000128	0.008155	0.000128	0.095464	0.003482	0.013870	0.004436	0.013403	0.001005	0.121103	0.015300	0.003948	0.067717	0.004280	0.000818	0.001275	0.068225	0.005766	0.000128	0.034631	0.055587	0.007481	0.003267	0.004436	0.012095	0.032815	0.000830	0.000128	0.040048	0.006538	0.006359	0.088481	0.001766	0.047261	0.003814	0.002805	0.001602	0.002474	0.001707	
0.046004	0.015275	0.015191	0.079910	0.021633	0.041288	0.009261	0.000149	0.055420	0.024539	0.001498	0.000149	0.008138	0.000149	0.059321	0.007438	0.009039	0.015191	0.046480	0.000717	0.076772	0.038737	0.002666	0.049472	0.002835	0.000609	0.001290	0.042415	0.003876	0.000149	0.021564	0.034920	0.005064	0.012542	0.015191	0.034505	0.020437	0.000603	0.000149	0.050177	0.005123	0.018580	0.055051	0.001779	0.029668	0.003817	0.010719	0.001616	0.001713	0.001171	
0.022915	0.005648	0.002404	0.053491	0.060662	0.033909	0.003456	0.000134	0.013684	0.024304	0.006227	0.000134	0.098864	0.000134	0.048715	0.006360	0.011338	0.002404	0.011391	0.000849	0.109798	0.015462	0.008298	0.036636	0.003519	0.002211	0.014238	0.034835	0.013517	0.000134	0.017716	0.030583	0.022657	0.004651	0.002404	0.009406	0.016790	0.000706	0.000134	0.031858	0.032640	0.003755	0.047124	0.020283	0.037280	0.045469	0.003987	0.018268	0.007197	0.001421	
0.021450	0.006883	0.004446	0.060660	0.048381	0.026136	0.004201	0.000138	0.031437	0.038166	0.010312	0.000138	0.067654	0.000138	0.037533	0.011568	0.025904	0.004446	0.026598	0.001783	0.081143	0.024478	0.014551	0.029681	0.007923	0.003607	0.009783	0.026849	0.023326	0.000138	0.013671	0.026008	0.037250	0.005664	0.004446	0.016470	0.012959	0.001454	0.000138	0.039633	0.027683	0.007392	0.036281	0.013917	0.044025	0.031140	0.004852	0.012539	0.011931	0.003098	
0.008042	0.003140	0.004762	0.073796	0.122187	0.002040	0.001950	0.000148	0.066070	0.011639	0.001655	0.000148	0.177519	0.000148	0.002869	0.008949	0.009999	0.004762	0.056792	0.000776	0.093559	0.013356	0.002950	0.003744	0.003124	0.000661	0.025486	0.002092	0.004301	0.000148	0.001133	0.002469	0.006498	0.002599	0.004762	0.011240	0.001081	0.000651	0.000148	0.032278	0.055528	0.006408	0.006365	0.036346	0.005954	0.081594	0.002238	0.032726	0.001894	0.001279	
0.012531	0.005469	0.003469	0.071767	0.077388	0.013147	0.003351	0.000143	0.023467	0.012199	0.001777	0.000143	0.122737	0.000143	0.018848	0.004061	0.076959	0.003469	0.019837	0.005046	0.088790	0.011540	0.010498	0.016049	0.023351	0.000700	0.017656	0.013503	0.012527	0.000143	0.006912	0.011620	0.006674	0.004506	0.003469	0.025178	0.006556	0.004065	0.000143	0.032085	0.058975	0.010589	0.020578	0.025162	0.018819	0.056436	0.003864	0.022660	0.002037	0.008968	
0.011186	0.029698	0.005221	0.092220	0.084948	0.006326	0.017949	0.000148	0.038561	0.040584	0.001640	0.000148	0.128783	0.000148	0.009034	0.005471	0.010708	0.005221	0.031076	0.000822	0.076494	0.020631	0.003012	0.023331	0.003338	0.000656	0.018524	0.006495	0.004357	0.000148	0.003364	0.005997	0.006197	0.024358	0.005221	0.028106	0.003195	0.000687	0.000148	0.044409	0.041314	0.007008	0.011072	0.026400	0.008620	0.059215	0.020798	0.023774	0.001878	0.001361	
