0.021614	0.049983	0.815941	0.019250	0.047619	0.021614	0.023978	
0.026468	0.591788	0.111978	0.035969	0.031218	0.176111	0.026468	
0.057620	0.639959	0.036140	0.026594	0.176952	0.031367	0.031367	
0.678912	0.033673	0.019388	0.028912	0.043197	0.174150	0.021769	
0.344677	0.080526	0.030997	0.236186	0.045148	0.186658	0.075809	
0.340007	0.062097	0.021717	0.351883	0.038344	0.142857	0.043095	
0.353563	0.026594	0.036140	0.305830	0.100580	0.038527	0.138766	
0.021769	0.174150	0.024150	0.064626	0.050340	0.262245	0.402721	
0.155844	0.021873	0.191729	0.036227	0.024265	0.409433	0.160629	
0.063608	0.046576	0.049009	0.024678	0.044143	0.036844	0.735141	
0.033199	0.023810	0.056673	0.113011	0.030852	0.141180	0.601274	
0.285714	0.049129	0.078397	0.036934	0.019861	0.100348	0.429617	
0.030213	0.315271	0.142857	0.133662	0.030213	0.218719	0.129064	
0.072425	0.307309	0.028239	0.051495	0.056146	0.456146	0.028239	
0.108317	0.526157	0.016767	0.049631	0.030852	0.049631	0.218645	
0.035969	0.035969	0.026468	0.028843	0.817441	0.028843	0.026468	
0.024207	0.064780	0.031367	0.360723	0.468121	0.031367	0.019434	
0.059580	0.021666	0.024035	0.026405	0.820244	0.028775	0.019296	
0.223087	0.024035	0.360528	0.042993	0.265741	0.033514	0.050102	
0.059864	0.059864	0.026531	0.276531	0.140816	0.388435	0.047959	
0.209593	0.073340	0.036844	0.146333	0.129301	0.175530	0.229058	
0.111997	0.048890	0.024619	0.459085	0.073162	0.228502	0.053745	
0.038898	0.043718	0.159380	0.581067	0.024441	0.062995	0.089501	
0.069553	0.028981	0.176952	0.305830	0.136379	0.229458	0.052847	
