0	7	0	0	0	0	93	
0	0	0	51	0	0	0	
0	8	15	0	0	0	0	
91	0	0	0	0	0	0	
0	0	0	0	0	0	14	
1	0	24	0	0	0	0	
0	0	0	0	0	0	211	
1	7	0	0	0	1	176	
32	1	0	71	0	67	0	
0	0	40	0	145	183	2	
1	0	47	36	1	0	56	
0	0	25	62	71	0	0	
0	16	0	0	0	77	0	
0	0	0	0	0	0	78	
0	0	0	0	0	0	15	
0	0	10	0	3	0	0	
0	0	0	26	0	0	0	
0	0	63	0	0	0	0	
24	55	3	0	71	0	13	
0	22	0	0	0	0	0	
42	0	0	0	0	27	28	
0	0	98	0	0	0	0	
0	0	0	52	0	0	0	
92	30	0	0	0	0	21	
0	98	0	0	0	3	0	
0	22	2	0	0	0	1	
0	0	0	0	29	0	0	
32	0	0	16	0	0	0	
0	0	0	27	14	0	0	
30	0	0	92	164	0	0	
18	15	0	0	0	0	0	
0	0	0	0	0	18	0	
0	0	0	0	0	48	0	
27	0	0	0	0	0	0	
0	0	0	26	0	0	0	
0	11	0	0	0	0	0	
0	0	9	0	0	37	0	
0	0	0	0	0	0	107	
84	0	0	12	0	0	0	
1	133	0	0	0	177	16	
62	0	66	52	0	0	0	
68	0	0	0	0	0	0	
0	0	0	1	89	0	0	
0	0	1	188	0	0	1	
0	0	109	0	0	0	0	
18	12	72	0	0	0	0	
0	0	0	0	0	8	0	
77	17	59	0	0	0	0	
0	0	26	0	0	0	0	
0	76	0	0	0	0	0	
