0.013080	0.086010	0.055466	0.010758	0.006114	0.024084	0.020818	0.003714	0.039226	0.006517	0.014141	0.005629	0.002678	0.004249	0.005049	0.010402	0.009473	0.008548	0.000715	0.003686	0.001792	0.038200	0.008464	0.020502	0.017145	0.011501	0.001957	0.001129	0.006965	0.005952	0.000133	0.047940	0.008473	0.006541	0.008356	0.005913	0.000997	0.001387	0.025799	0.017825	0.032963	0.125104	0.037962	0.003558	0.063234	0.023484	0.005356	0.005729	0.130231	0.005049	
0.012083	0.058693	0.049115	0.011181	0.010437	0.037305	0.022388	0.005691	0.026791	0.010519	0.012788	0.009447	0.002234	0.003932	0.005513	0.016015	0.010355	0.012994	0.001122	0.003066	0.001665	0.051115	0.005814	0.031746	0.026535	0.015657	0.001639	0.001850	0.007823	0.009165	0.000133	0.059083	0.012393	0.004503	0.006909	0.006226	0.000846	0.002263	0.018318	0.028799	0.049790	0.085351	0.058843	0.005440	0.053562	0.025689	0.003999	0.008818	0.088847	0.005513	
0.028951	0.032514	0.041482	0.014953	0.006215	0.055174	0.022351	0.008363	0.014873	0.011222	0.028893	0.005742	0.002721	0.009295	0.005439	0.010576	0.010215	0.008691	0.000778	0.003747	0.003827	0.066046	0.003274	0.046943	0.039227	0.023829	0.001988	0.001146	0.006574	0.013507	0.000132	0.057082	0.007772	0.002549	0.004065	0.006318	0.001012	0.001523	0.010302	0.030925	0.070943	0.047255	0.087067	0.006851	0.042069	0.025338	0.002620	0.012993	0.049189	0.005439	
0.007928	0.006135	0.036774	0.007551	0.111567	0.004437	0.008889	0.000789	0.002873	0.051718	0.008046	0.097396	0.002472	0.002621	0.001810	0.155708	0.003307	0.124583	0.002600	0.003393	0.001145	0.009783	0.000728	0.003796	0.003194	0.004056	0.001814	0.018717	0.013708	0.001190	0.000147	0.095534	0.058443	0.000594	0.021312	0.002600	0.000937	0.005431	0.004721	0.036741	0.022256	0.008861	0.006923	0.003691	0.012147	0.008047	0.000709	0.001150	0.009219	0.001810	
0.059559	0.005323	0.027418	0.015492	0.046081	0.023312	0.017327	0.003614	0.002505	0.024988	0.058685	0.040567	0.004333	0.019039	0.003600	0.066832	0.006704	0.053758	0.003628	0.005990	0.007767	0.032266	0.000652	0.019848	0.016601	0.016947	0.003149	0.007806	0.020593	0.005778	0.000150	0.080150	0.042264	0.000536	0.009385	0.005020	0.001571	0.007640	0.005668	0.058728	0.061083	0.007678	0.036732	0.006984	0.021624	0.016535	0.000938	0.005562	0.007987	0.003600	
0.013821	0.006108	0.033834	0.010110	0.102235	0.005546	0.008011	0.000956	0.002862	0.047784	0.013885	0.089317	0.003293	0.004496	0.001355	0.143481	0.002441	0.114887	0.003471	0.004539	0.001901	0.009083	0.000727	0.004739	0.003982	0.005602	0.002403	0.017163	0.018492	0.001460	0.000149	0.092694	0.061423	0.000593	0.019613	0.002423	0.001216	0.007304	0.005716	0.049542	0.030346	0.008821	0.008674	0.004852	0.010187	0.005881	0.000641	0.001410	0.009177	0.001355	
0.166683	0.008898	0.021892	0.008885	0.052456	0.005290	0.007499	0.000929	0.004139	0.024760	0.163450	0.045798	0.002898	0.053107	0.001522	0.074476	0.002745	0.059743	0.000845	0.003982	0.021511	0.009417	0.001010	0.004523	0.003804	0.020122	0.002124	0.008878	0.007287	0.001408	0.000162	0.046600	0.024228	0.000814	0.011417	0.002451	0.001091	0.001632	0.003492	0.011885	0.047699	0.012874	0.008261	0.001597	0.011996	0.006620	0.000823	0.001360	0.013396	0.001522	
0.044212	0.004921	0.037810	0.014091	0.003867	0.022134	0.067651	0.003440	0.002323	0.005340	0.043488	0.004340	0.003911	0.014161	0.017093	0.008255	0.032339	0.006940	0.001555	0.005400	0.005801	0.079831	0.000615	0.018847	0.015766	0.014742	0.002847	0.000772	0.010925	0.005494	0.000153	0.139509	0.011849	0.000509	0.001458	0.018369	0.001429	0.003173	0.003159	0.028739	0.043085	0.007091	0.034871	0.004986	0.089394	0.080617	0.002943	0.005289	0.007376	0.017093	
0.051340	0.003435	0.028116	0.045704	0.017089	0.003947	0.059912	0.000727	0.001652	0.008832	0.050551	0.015738	0.015466	0.016433	0.012774	0.035644	0.024125	0.029786	0.002920	0.021530	0.006722	0.048787	0.000479	0.003381	0.002850	0.017430	0.011134	0.002982	0.030185	0.001081	0.000161	0.121439	0.026510	0.000405	0.003827	0.017972	0.005359	0.006104	0.004298	0.040911	0.033465	0.004926	0.006141	0.004577	0.071915	0.060072	0.002224	0.001046	0.005121	0.012774	
0.064321	0.006653	0.011413	0.147314	0.013715	0.007405	0.041771	0.001245	0.003117	0.007469	0.063139	0.012073	0.049834	0.020561	0.001701	0.058223	0.003085	0.050710	0.000646	0.069516	0.008388	0.011861	0.000792	0.006322	0.005307	0.044532	0.035776	0.002421	0.059879	0.001922	0.000162	0.024016	0.008737	0.000647	0.003534	0.018570	0.017032	0.001204	0.002610	0.009890	0.025648	0.009608	0.011602	0.001579	0.032297	0.007470	0.000732	0.001855	0.009996	0.001701	
0.087344	0.005278	0.010032	0.129539	0.007110	0.004943	0.041821	0.000880	0.002493	0.004244	0.085739	0.006446	0.043907	0.027884	0.002762	0.044409	0.005099	0.039179	0.001555	0.061239	0.011342	0.013576	0.000662	0.004229	0.003559	0.041674	0.031527	0.001323	0.057125	0.001326	0.000166	0.033426	0.012941	0.000547	0.002318	0.017618	0.015021	0.003158	0.003257	0.021813	0.033931	0.007605	0.007711	0.002497	0.034473	0.012499	0.000822	0.001282	0.007910	0.002762	
0.014230	0.003458	0.014583	0.158544	0.031942	0.003393	0.046804	0.000643	0.001661	0.015179	0.014049	0.027984	0.053826	0.004633	0.002248	0.086535	0.004127	0.073657	0.000913	0.075090	0.001964	0.010427	0.000480	0.002910	0.002456	0.041127	0.038637	0.005457	0.065353	0.000945	0.000160	0.039886	0.017219	0.000406	0.006388	0.020474	0.018386	0.001783	0.001989	0.012156	0.011683	0.004959	0.005267	0.001524	0.035421	0.010078	0.000645	0.000915	0.005156	0.002248	
0.012646	0.064647	0.054452	0.013320	0.005204	0.004581	0.055756	0.000808	0.029508	0.003190	0.013395	0.005281	0.004424	0.004119	0.013926	0.010516	0.026330	0.008788	0.000707	0.006119	0.001747	0.053532	0.006402	0.003918	0.003296	0.005965	0.003213	0.000988	0.008563	0.001223	0.000145	0.108343	0.007526	0.004958	0.006441	0.015380	0.001598	0.001356	0.019567	0.009891	0.011408	0.094011	0.007152	0.001982	0.099518	0.065608	0.005581	0.001181	0.097862	0.013926	
0.011150	0.058162	0.036856	0.057676	0.010357	0.005204	0.030072	0.000904	0.026557	0.006112	0.012078	0.009518	0.019468	0.003646	0.004074	0.029543	0.007608	0.025249	0.003892	0.027123	0.001558	0.018583	0.005776	0.004448	0.003739	0.016820	0.014000	0.001849	0.039723	0.001377	0.000148	0.060861	0.032493	0.004477	0.006857	0.010636	0.006710	0.008212	0.021353	0.055413	0.032063	0.084572	0.008134	0.005472	0.053471	0.018798	0.003768	0.001329	0.088035	0.004074	
0.036342	0.087534	0.046167	0.050963	0.010739	0.003814	0.019375	0.000692	0.039925	0.005587	0.036948	0.009499	0.017245	0.011652	0.001931	0.028314	0.003540	0.024080	0.000714	0.024022	0.004784	0.009701	0.008621	0.003265	0.002750	0.017201	0.012405	0.001909	0.023823	0.001035	0.000143	0.023986	0.010103	0.006664	0.009464	0.007739	0.005951	0.001374	0.026237	0.009720	0.015975	0.127317	0.005941	0.001313	0.054420	0.008635	0.004976	0.001000	0.132535	0.001931	
0.008860	0.017790	0.036851	0.018801	0.003910	0.080441	0.011293	0.012135	0.008166	0.014088	0.009062	0.003652	0.002900	0.002902	0.002416	0.007546	0.004478	0.006285	0.001659	0.003999	0.001245	0.076679	0.001838	0.068431	0.057172	0.030738	0.002114	0.000756	0.010356	0.019641	0.000125	0.044376	0.013102	0.001443	0.002321	0.003358	0.001067	0.003430	0.007037	0.053490	0.099717	0.025831	0.126980	0.010385	0.020545	0.011008	0.001391	0.018890	0.026886	0.002416	
0.007979	0.024533	0.038736	0.022250	0.006506	0.078532	0.009096	0.011848	0.011235	0.014882	0.008251	0.005824	0.004156	0.002621	0.001651	0.012124	0.003026	0.010047	0.001024	0.005753	0.001131	0.072306	0.002492	0.066807	0.055815	0.030893	0.003014	0.001187	0.009117	0.019176	0.000124	0.035738	0.009556	0.001945	0.003350	0.003020	0.001493	0.002063	0.008267	0.043717	0.093382	0.035645	0.123965	0.009369	0.020152	0.007379	0.001628	0.018443	0.037102	0.001651	
0.030391	0.006187	0.031273	0.026239	0.003912	0.085030	0.008770	0.012823	0.002885	0.014703	0.029943	0.003564	0.005224	0.009749	0.001354	0.009388	0.002458	0.007952	0.001188	0.007244	0.004007	0.076752	0.000715	0.072335	0.060432	0.036089	0.003781	0.000758	0.010890	0.020758	0.000127	0.034296	0.009381	0.000579	0.001480	0.003085	0.001858	0.002411	0.003114	0.048549	0.106567	0.008945	0.134227	0.010222	0.011158	0.005955	0.000627	0.019964	0.009307	0.001354	
0.011378	0.004568	0.027615	0.018028	0.026130	0.046579	0.015377	0.007085	0.002156	0.019730	0.011641	0.023328	0.004154	0.003714	0.002944	0.039177	0.005467	0.031654	0.005690	0.005743	0.001582	0.049726	0.000570	0.039635	0.033125	0.020171	0.003018	0.004472	0.029216	0.011425	0.000141	0.081824	0.050180	0.000471	0.005375	0.004307	0.001504	0.012094	0.007833	0.097344	0.088887	0.006583	0.073488	0.011885	0.017954	0.013455	0.000793	0.010991	0.006848	0.002944	
0.037051	0.010152	0.011998	0.010665	0.006514	0.009027	0.013611	0.001487	0.004709	0.006494	0.037505	0.006844	0.003336	0.011891	0.001984	0.011440	0.003624	0.009436	0.013972	0.004594	0.004891	0.014260	0.001131	0.007701	0.006458	0.009097	0.002438	0.001221	0.064707	0.002316	0.000162	0.111308	0.103603	0.000907	0.002347	0.003062	0.001240	0.029908	0.019005	0.200176	0.106354	0.014699	0.014163	0.018162	0.015064	0.008816	0.000957	0.002233	0.015296	0.001984	
0.028559	0.015344	0.026237	0.012552	0.032890	0.013889	0.019745	0.002207	0.007068	0.018214	0.028780	0.029417	0.003755	0.009185	0.004022	0.048172	0.007504	0.038807	0.007655	0.005182	0.003795	0.025763	0.001627	0.011835	0.009910	0.010253	0.002735	0.005609	0.037564	0.003491	0.000153	0.100568	0.067137	0.001287	0.007608	0.005245	0.001376	0.016311	0.013230	0.112304	0.069480	0.022259	0.021849	0.010992	0.027829	0.018530	0.001527	0.003362	0.023166	0.004022	
0.090930	0.035855	0.033219	0.010178	0.035336	0.003968	0.018199	0.000725	0.016406	0.017073	0.089794	0.031166	0.003390	0.029016	0.004089	0.051256	0.007630	0.041239	0.002667	0.004672	0.011792	0.017562	0.003618	0.003398	0.002863	0.012638	0.002474	0.006018	0.015894	0.001081	0.000154	0.067253	0.032020	0.002819	0.010066	0.005188	0.001253	0.005566	0.013444	0.037409	0.040850	0.052107	0.006178	0.003836	0.036880	0.018843	0.002610	0.001046	0.054239	0.004089	
0.087669	0.084244	0.043357	0.010211	0.006200	0.004797	0.008900	0.000842	0.038430	0.003891	0.087280	0.005643	0.003359	0.027974	0.001685	0.011044	0.003069	0.009120	0.002112	0.004632	0.011367	0.009640	0.008305	0.004102	0.003450	0.012586	0.002450	0.001155	0.014165	0.001276	0.000146	0.028986	0.018578	0.006422	0.008620	0.002776	0.001237	0.004380	0.026890	0.029941	0.037529	0.122527	0.007492	0.003120	0.045710	0.007454	0.004770	0.001233	0.127548	0.001685	
0.118842	0.031356	0.022660	0.008083	0.008776	0.007923	0.012580	0.001321	0.014361	0.006112	0.117314	0.008218	0.002507	0.037895	0.002521	0.013906	0.004647	0.011336	0.005893	0.003437	0.015375	0.015263	0.003186	0.006762	0.005674	0.016091	0.001842	0.001596	0.029076	0.002046	0.000160	0.062327	0.045870	0.002488	0.004925	0.003318	0.000957	0.012509	0.015855	0.084803	0.072036	0.045557	0.012421	0.008133	0.026606	0.011377	0.002144	0.001974	0.047420	0.002521	
