0.001102	0.004771	0.001905	0.002776	0.001557	0.004163	0.001466	0.000998	0.386863	0.004549	0.005214	0.001174	0.003559	0.004116	0.003027	0.004062	0.004314	0.002302	0.002398	0.006240	0.003958	0.001106	0.139404	0.001739	0.007190	0.005910	0.010034	0.004551	0.020426	0.000217	0.048197	0.003876	0.007121	0.000998	0.001427	0.055251	0.006077	0.012334	0.002928	0.000217	0.068115	0.004505	0.092554	0.004660	0.000884	0.042747	0.001348	0.004549	0.000905	0.000217	
0.012218	0.018107	0.011310	0.006859	0.005896	0.007288	0.001329	0.000896	0.128555	0.010674	0.035060	0.002253	0.045674	0.010177	0.002772	0.004924	0.003963	0.004704	0.004834	0.006136	0.047192	0.006035	0.038717	0.001582	0.094813	0.008877	0.078056	0.004643	0.104775	0.000174	0.014457	0.048036	0.013182	0.000896	0.001293	0.025745	0.015184	0.012981	0.005228	0.000174	0.032477	0.009975	0.033072	0.026332	0.004570	0.011951	0.015564	0.010674	0.009542	0.000174	
0.016723	0.024404	0.004982	0.007674	0.007285	0.015235	0.001606	0.001066	0.093862	0.005717	0.047384	0.002371	0.062712	0.006020	0.003404	0.005698	0.004888	0.004969	0.005296	0.024152	0.064080	0.002701	0.023166	0.001920	0.129983	0.009146	0.057798	0.016744	0.050558	0.000167	0.014170	0.065685	0.015786	0.001066	0.001561	0.014978	0.008662	0.038032	0.007420	0.000167	0.017154	0.011048	0.019233	0.033816	0.002068	0.007194	0.021322	0.005717	0.013044	0.000167	
0.001095	0.068855	0.006485	0.003937	0.002043	0.008524	0.024417	0.015309	0.067409	0.011539	0.050332	0.001569	0.003773	0.010325	0.054774	0.057731	0.079820	0.003265	0.003429	0.011268	0.004748	0.003475	0.007415	0.029729	0.007850	0.005884	0.032101	0.007937	0.157368	0.000130	0.005443	0.005038	0.020116	0.015309	0.023658	0.010580	0.016902	0.072652	0.005104	0.000130	0.012357	0.031169	0.013773	0.006322	0.002639	0.002356	0.001362	0.011539	0.000880	0.000130	
0.006553	0.045733	0.003112	0.003072	0.002911	0.007235	0.013724	0.008633	0.061650	0.040531	0.045570	0.001009	0.024344	0.036400	0.030693	0.032402	0.044693	0.002023	0.002165	0.011005	0.027963	0.001708	0.009352	0.016693	0.050397	0.003656	0.027633	0.007953	0.083494	0.000148	0.006073	0.027060	0.036586	0.008633	0.013299	0.014806	0.054128	0.046919	0.003537	0.000148	0.008663	0.018209	0.037845	0.013219	0.001318	0.002960	0.008332	0.040531	0.005130	0.000148	
0.008747	0.057836	0.004911	0.003073	0.003410	0.008504	0.017104	0.010743	0.062944	0.011080	0.056506	0.000910	0.032650	0.010343	0.038307	0.040136	0.055800	0.001815	0.001966	0.012184	0.034012	0.002652	0.006178	0.020815	0.067674	0.003243	0.040772	0.008332	0.113766	0.000142	0.005302	0.034946	0.017082	0.010743	0.016574	0.008424	0.016184	0.056049	0.003553	0.000142	0.009546	0.022559	0.012617	0.016518	0.002024	0.001986	0.011137	0.011080	0.006835	0.000142	
0.000788	0.061531	0.002308	0.002398	0.001288	0.031114	0.021915	0.013745	0.071616	0.004418	0.044317	0.000982	0.002620	0.003978	0.049150	0.051366	0.071618	0.001989	0.002584	0.054121	0.003003	0.001276	0.010847	0.026681	0.005353	0.003633	0.011791	0.036050	0.110034	0.000128	0.018087	0.003541	0.027016	0.013745	0.021235	0.007197	0.007231	0.122848	0.008281	0.000128	0.008625	0.034613	0.010356	0.003903	0.000989	0.003403	0.000971	0.004418	0.000641	0.000128	
0.001306	0.005005	0.024961	0.009918	0.004753	0.039173	0.001379	0.000915	0.018943	0.017523	0.006522	0.003893	0.004542	0.015656	0.002925	0.006753	0.004200	0.008314	0.009007	0.054799	0.006011	0.013205	0.005332	0.001649	0.009919	0.014951	0.119513	0.036986	0.224868	0.000142	0.016117	0.005301	0.036023	0.000915	0.001340	0.024800	0.024238	0.078884	0.013805	0.000142	0.033982	0.027903	0.017152	0.014327	0.009939	0.001728	0.001630	0.017523	0.001048	0.000142	
0.001108	0.005809	0.041802	0.002974	0.001622	0.023346	0.001757	0.001152	0.019363	0.005681	0.006120	0.001203	0.003786	0.005119	0.003774	0.004933	0.005437	0.002451	0.002635	0.016357	0.004287	0.022069	0.005421	0.002110	0.008793	0.004377	0.198412	0.009865	0.375302	0.000144	0.005647	0.004165	0.010701	0.001152	0.001707	0.030553	0.009705	0.023923	0.003931	0.000144	0.055307	0.025452	0.007878	0.006083	0.016588	0.001756	0.001376	0.005681	0.000894	0.000144	
0.001188	0.003974	0.001862	0.006746	0.003313	0.091566	0.001050	0.000706	0.042133	0.006560	0.005049	0.002659	0.004119	0.005905	0.002197	0.004780	0.003143	0.005637	0.007424	0.162299	0.004697	0.001043	0.014075	0.001251	0.008444	0.010251	0.010503	0.108109	0.019346	0.000133	0.048057	0.004519	0.060267	0.000706	0.001022	0.010072	0.008715	0.219791	0.022546	0.000133	0.008929	0.036911	0.014104	0.009728	0.000815	0.004393	0.001481	0.006560	0.000954	0.000133	
0.000938	0.006271	0.009202	0.005796	0.002833	0.081711	0.001985	0.001290	0.032474	0.003275	0.006030	0.002300	0.003176	0.002970	0.004302	0.006586	0.006213	0.004855	0.006395	0.140268	0.003475	0.004906	0.010084	0.002391	0.006683	0.008787	0.044556	0.093146	0.088120	0.000132	0.040740	0.003464	0.050528	0.001290	0.001927	0.012195	0.004865	0.191853	0.019459	0.000132	0.016346	0.036467	0.008966	0.008405	0.003712	0.003173	0.001162	0.003275	0.000759	0.000132	
0.000974	0.004986	0.002404	0.005011	0.002495	0.066727	0.001514	0.000998	0.016818	0.048606	0.007480	0.001997	0.003294	0.043267	0.003234	0.005179	0.004653	0.004188	0.005483	0.117632	0.007257	0.001331	0.004711	0.001815	0.006742	0.007505	0.012574	0.078789	0.025983	0.000138	0.033003	0.004945	0.074454	0.000998	0.001471	0.015225	0.063545	0.160903	0.016455	0.000138	0.005202	0.027998	0.041246	0.007320	0.001033	0.001535	0.001206	0.048606	0.000788	0.000138	
0.001947	0.009094	0.013220	0.003472	0.002040	0.008217	0.002585	0.001675	0.032559	0.086017	0.013967	0.001370	0.006916	0.076577	0.005619	0.006982	0.008122	0.002797	0.002901	0.006642	0.013954	0.007033	0.009170	0.003116	0.014515	0.005042	0.065460	0.005325	0.125932	0.000158	0.004710	0.009892	0.064590	0.001675	0.002509	0.031081	0.112974	0.015191	0.003436	0.000158	0.020988	0.011266	0.073563	0.007147	0.005314	0.002912	0.002444	0.086017	0.001550	0.000158	
0.004864	0.010564	0.010357	0.004805	0.003300	0.011349	0.001838	0.001210	0.065704	0.064903	0.019211	0.001766	0.017920	0.057971	0.003930	0.005637	0.005657	0.003654	0.003850	0.013963	0.023412	0.005528	0.019965	0.002204	0.037250	0.006732	0.058101	0.010196	0.097772	0.000164	0.010305	0.020717	0.052731	0.001210	0.001785	0.029190	0.085423	0.023879	0.005038	0.000164	0.022442	0.011078	0.063821	0.012982	0.004187	0.006214	0.006169	0.064903	0.003819	0.000164	
0.006759	0.011159	0.001312	0.004982	0.003809	0.021165	0.001212	0.000816	0.025267	0.082795	0.023978	0.001748	0.025097	0.073980	0.002530	0.004187	0.003617	0.003623	0.004065	0.036958	0.032142	0.000765	0.004527	0.001443	0.051901	0.006468	0.019533	0.025854	0.015483	0.000157	0.011424	0.028734	0.072399	0.000816	0.001179	0.021475	0.108330	0.053398	0.007446	0.000157	0.003712	0.010830	0.068057	0.015767	0.000613	0.001493	0.008593	0.082795	0.005292	0.000157	
0.001475	0.005762	0.001585	0.081442	0.036580	0.007027	0.001579	0.001041	0.018507	0.003723	0.006655	0.031702	0.005172	0.003399	0.003373	0.035021	0.004853	0.068896	0.070142	0.011559	0.005535	0.000902	0.004216	0.001893	0.010607	0.124180	0.009741	0.020058	0.018998	0.000144	0.004529	0.005547	0.062914	0.001041	0.001534	0.031517	0.005047	0.064634	0.069001	0.000144	0.003932	0.039457	0.005565	0.100383	0.000712	0.001388	0.001844	0.003723	0.001179	0.000144	
0.016563	0.025671	0.002370	0.030778	0.017514	0.004313	0.002123	0.001386	0.046458	0.005292	0.047967	0.011357	0.062129	0.005633	0.004578	0.015899	0.006603	0.024556	0.025018	0.006237	0.063455	0.001323	0.005423	0.002552	0.128714	0.044226	0.045207	0.008543	0.029699	0.000159	0.003505	0.065080	0.026097	0.001386	0.002061	0.014617	0.007997	0.028964	0.024841	0.000159	0.005500	0.016755	0.007566	0.061441	0.001032	0.001767	0.021119	0.005292	0.012917	0.000159	
0.001476	0.006236	0.001328	0.065744	0.029606	0.012588	0.001757	0.001155	0.063388	0.005662	0.007073	0.025602	0.005156	0.005123	0.003764	0.029315	0.005419	0.055598	0.056731	0.021640	0.005675	0.000771	0.020588	0.002108	0.010559	0.100421	0.008491	0.024341	0.017376	0.000152	0.012685	0.005594	0.056572	0.001155	0.001707	0.032451	0.007567	0.069401	0.056983	0.000152	0.011339	0.034755	0.017550	0.081396	0.000616	0.006396	0.001844	0.005662	0.001182	0.000152	
0.000887	0.005291	0.003523	0.078444	0.035113	0.008942	0.001667	0.001095	0.016509	0.004113	0.005281	0.030561	0.002954	0.003713	0.003572	0.034086	0.005144	0.066411	0.067639	0.013805	0.003316	0.001922	0.003814	0.002000	0.006060	0.119694	0.017638	0.021028	0.036453	0.000143	0.004967	0.003246	0.061846	0.001095	0.001619	0.031656	0.005631	0.066000	0.066785	0.000143	0.006194	0.039629	0.005616	0.095945	0.001477	0.001264	0.001093	0.004113	0.000721	0.000143	
0.001243	0.017767	0.014441	0.011723	0.005539	0.040136	0.005990	0.003795	0.023320	0.021621	0.015511	0.004595	0.004314	0.019296	0.013307	0.018130	0.019342	0.009849	0.010658	0.062882	0.006111	0.007666	0.003791	0.007271	0.009174	0.017701	0.069851	0.043001	0.151065	0.000137	0.017908	0.005332	0.044009	0.003795	0.005807	0.019079	0.029312	0.101991	0.016364	0.000137	0.020114	0.030035	0.019398	0.016146	0.005784	0.001254	0.001550	0.021621	0.000997	0.000137	
0.003311	0.013471	0.009360	0.013506	0.006804	0.049356	0.003538	0.002263	0.020067	0.020600	0.016218	0.005200	0.012123	0.018502	0.007787	0.013061	0.011293	0.011165	0.012202	0.082415	0.013953	0.004992	0.003013	0.004281	0.025232	0.020062	0.050276	0.056290	0.096162	0.000138	0.022936	0.013378	0.049981	0.002263	0.003431	0.015900	0.027674	0.123325	0.019655	0.000138	0.013251	0.029782	0.018096	0.021219	0.003778	0.001016	0.004192	0.020600	0.002606	0.000138	
0.001406	0.067209	0.006447	0.002291	0.001382	0.010121	0.023688	0.014854	0.060086	0.016074	0.049980	0.000915	0.004950	0.014373	0.053134	0.055392	0.077428	0.001840	0.002012	0.014143	0.006310	0.003455	0.005077	0.028841	0.010291	0.003283	0.032577	0.009625	0.154032	0.000130	0.005432	0.006382	0.022831	0.014854	0.022952	0.010057	0.022781	0.073806	0.003981	0.000130	0.011181	0.030271	0.015852	0.004791	0.002624	0.001642	0.001761	0.016074	0.001123	0.000130	
0.006968	0.043725	0.002381	0.003897	0.003370	0.023459	0.012814	0.008062	0.060044	0.021939	0.043993	0.001308	0.025926	0.019896	0.028652	0.030609	0.041719	0.002681	0.003143	0.040409	0.028066	0.001321	0.009120	0.015586	0.053664	0.004844	0.025095	0.027306	0.073356	0.000143	0.013855	0.028120	0.033194	0.008062	0.012418	0.010586	0.029832	0.084120	0.007239	0.000143	0.007605	0.023151	0.023050	0.014817	0.001027	0.002886	0.008864	0.021939	0.005451	0.000143	
0.000731	0.040919	0.016334	0.006545	0.003121	0.018974	0.014540	0.009139	0.059159	0.010299	0.030137	0.002604	0.002378	0.009203	0.032543	0.035909	0.047395	0.005511	0.005839	0.023963	0.003232	0.008662	0.011357	0.017690	0.005210	0.009982	0.077682	0.016364	0.203270	0.000138	0.010012	0.003235	0.022441	0.009139	0.014090	0.018931	0.015164	0.067364	0.008278	0.000138	0.026344	0.029513	0.015311	0.009182	0.006531	0.003566	0.000895	0.010299	0.000599	0.000138	
