0.028981	0.028981	0.816570	0.026594	0.021821	0.031367	0.045687	
0.040719	0.052596	0.335256	0.366135	0.026468	0.028843	0.149983	
0.057897	0.019527	0.374443	0.247345	0.038712	0.031518	0.230558	
0.819388	0.017007	0.045578	0.026531	0.033673	0.017007	0.040816	
0.230743	0.059722	0.033593	0.235494	0.309128	0.097727	0.033593	
0.479111	0.040431	0.028639	0.276280	0.078167	0.035714	0.061658	
0.151638	0.031071	0.049983	0.033435	0.501520	0.066532	0.165822	
0.021513	0.783866	0.030924	0.049748	0.035630	0.045042	0.033277	
0.045578	0.350340	0.250340	0.033673	0.074150	0.219388	0.026531	
0.137943	0.039663	0.044577	0.029835	0.047034	0.590032	0.110916	
0.067932	0.147186	0.056277	0.037629	0.046953	0.604063	0.039960	
0.034579	0.567586	0.029689	0.056584	0.061474	0.217953	0.032134	
0.084644	0.049515	0.082302	0.318836	0.054199	0.288391	0.122114	
0.030636	0.074925	0.161172	0.585415	0.028305	0.084249	0.035298	
0.077800	0.124748	0.044936	0.650570	0.035547	0.035547	0.030852	
0.126833	0.031367	0.048074	0.031367	0.026594	0.017047	0.718718	
0.048304	0.031518	0.081877	0.067489	0.029120	0.019527	0.722165	
0.033835	0.029050	0.107997	0.021873	0.079289	0.048189	0.679768	
0.024035	0.253893	0.306026	0.021666	0.066689	0.021666	0.306026	
0.197959	0.038435	0.057483	0.088435	0.359864	0.069388	0.188435	
0.230007	0.253930	0.057758	0.060150	0.143882	0.100820	0.153452	
0.060295	0.043508	0.041110	0.041110	0.748544	0.041110	0.024323	
0.036314	0.134635	0.057897	0.091470	0.448784	0.043508	0.187393	
0.219911	0.028981	0.191272	0.043300	0.396522	0.055234	0.064780	
