0.033435	0.109085	0.064168	0.031071	0.028707	0.028707	0.704829	
0.033593	0.057346	0.111978	0.085850	0.133356	0.206990	0.370886	
0.026468	0.064472	0.209365	0.038344	0.028843	0.195114	0.437394	
0.033673	0.817007	0.028912	0.028912	0.019388	0.040816	0.031293	
0.269841	0.130361	0.061803	0.286390	0.146910	0.061803	0.042891	
0.104111	0.427224	0.033356	0.054582	0.196092	0.153639	0.030997	
0.031144	0.201760	0.021666	0.654367	0.038253	0.028775	0.024035	
0.028843	0.043095	0.031218	0.119104	0.033593	0.727180	0.016966	
0.029050	0.064935	0.021873	0.390294	0.038619	0.423787	0.031442	
0.041710	0.092805	0.031978	0.686479	0.051442	0.046576	0.049009	
0.023866	0.136807	0.028571	0.517983	0.157983	0.115630	0.019160	
0.037024	0.037024	0.034579	0.797415	0.039469	0.017464	0.037024	
0.037110	0.041708	0.032512	0.073892	0.487685	0.170443	0.156650	
0.044831	0.143192	0.023754	0.040147	0.592840	0.131482	0.023754	
0.044518	0.023588	0.035216	0.032890	0.786379	0.053821	0.023588	
0.112513	0.076713	0.670985	0.021821	0.026594	0.062393	0.028981	
0.024265	0.033835	0.682160	0.017088	0.031442	0.177375	0.033835	
0.033835	0.086466	0.730007	0.045796	0.021873	0.029050	0.052973	
0.021666	0.336831	0.322613	0.185173	0.019296	0.066689	0.047732	
0.642689	0.021513	0.172101	0.047395	0.035630	0.028571	0.052101	
0.257555	0.094093	0.183036	0.175824	0.043613	0.190247	0.055632	
0.489501	0.101549	0.099139	0.190706	0.029260	0.070224	0.019621	
0.444255	0.024207	0.052847	0.176952	0.088646	0.174565	0.038527	
0.418002	0.184112	0.050460	0.105353	0.060007	0.143539	0.038527	
