0.026594	0.434708	0.040914	0.091033	0.353563	0.021821	0.031367	
0.052596	0.758059	0.024092	0.035969	0.033593	0.054971	0.040719	
0.036489	0.513597	0.026850	0.125645	0.099139	0.058176	0.140103	
0.506338	0.043508	0.060295	0.036314	0.139431	0.113052	0.101062	
0.553529	0.038163	0.049983	0.144546	0.031071	0.106721	0.075988	
0.646420	0.031218	0.054971	0.076349	0.059722	0.057346	0.073974	
0.467163	0.021666	0.031144	0.038253	0.381855	0.028775	0.031144	
0.083873	0.048074	0.408456	0.126833	0.124446	0.169792	0.038527	
0.029050	0.038619	0.770677	0.036227	0.033835	0.067327	0.024265	
0.068474	0.049009	0.528328	0.051442	0.194995	0.063608	0.044143	
0.061803	0.031071	0.574806	0.073624	0.189463	0.033435	0.035799	
0.159664	0.017507	0.348389	0.071429	0.176821	0.198880	0.027311	
0.037281	0.058067	0.060376	0.739360	0.028044	0.023425	0.053448	
0.051857	0.042489	0.040147	0.602208	0.030780	0.183004	0.049515	
0.051857	0.152559	0.143192	0.393777	0.063566	0.147876	0.047173	
0.053228	0.154190	0.065247	0.127747	0.029190	0.036401	0.533997	
0.077266	0.103709	0.029190	0.046016	0.029190	0.026786	0.687843	
0.038712	0.105858	0.031518	0.115450	0.177801	0.024323	0.506338	
0.036314	0.050702	0.026721	0.048304	0.489551	0.113052	0.235355	
0.086054	0.040816	0.038435	0.081293	0.033673	0.486054	0.233673	
0.048304	0.036314	0.048304	0.055498	0.113052	0.398424	0.300103	
0.546463	0.027046	0.097434	0.158114	0.087725	0.051318	0.031900	
0.567978	0.043823	0.031746	0.031746	0.038992	0.191166	0.094548	
0.331307	0.038163	0.033435	0.057075	0.187099	0.305302	0.047619	
