0.005978	0.003413	0.000163	0.141516	0.003799	0.024716	0.005780	0.047915	0.001538	0.020098	0.017862	0.019007	0.024424	0.014044	0.014533	0.000163	0.022366	0.002249	0.000798	0.000163	0.006903	0.001640	0.003930	0.014677	0.000798	0.026201	0.002583	0.037523	0.002757	0.019807	0.008468	0.002285	0.004737	0.006849	0.000867	0.003413	0.004083	0.001126	0.005730	0.001902	0.010828	0.000682	0.038425	0.012783	0.003709	0.003536	0.000163	0.009322	0.001488	0.392257	
0.052987	0.001093	0.000177	0.058562	0.010357	0.010215	0.002473	0.029005	0.004213	0.095940	0.035182	0.091182	0.016767	0.005852	0.008277	0.000177	0.010803	0.001030	0.001803	0.000177	0.002932	0.000593	0.026079	0.008409	0.001803	0.012603	0.016959	0.011327	0.011800	0.005869	0.023405	0.005267	0.035730	0.011487	0.001933	0.001093	0.035779	0.000571	0.012101	0.005056	0.055469	0.001507	0.010964	0.063740	0.001176	0.011213	0.000177	0.002759	0.006643	0.179282	
0.080762	0.000760	0.000190	0.058373	0.007907	0.012048	0.002902	0.025508	0.003793	0.069996	0.026389	0.104340	0.013845	0.006894	0.005488	0.000190	0.010210	0.001197	0.001213	0.000190	0.003445	0.000449	0.019961	0.005924	0.001213	0.012499	0.013452	0.007863	0.010209	0.003918	0.034782	0.003429	0.052356	0.013294	0.001433	0.000760	0.054508	0.000655	0.008461	0.003792	0.041826	0.001027	0.006910	0.064937	0.000812	0.008183	0.000190	0.001798	0.008624	0.181095	
0.008530	0.011276	0.000126	0.013202	0.007209	0.022099	0.005153	0.014553	0.003812	0.070511	0.064680	0.044783	0.010429	0.012549	0.047076	0.000126	0.004284	0.001993	0.001857	0.000126	0.006158	0.005194	0.016221	0.050449	0.001857	0.007298	0.010280	0.112567	0.007439	0.063586	0.008816	0.005621	0.007874	0.008612	0.001641	0.011276	0.005792	0.000988	0.011155	0.004785	0.036960	0.001543	0.131390	0.036047	0.012290	0.008779	0.000126	0.031548	0.002471	0.046862	
0.016148	0.011348	0.000127	0.006368	0.006532	0.074164	0.017064	0.021251	0.001877	0.019923	0.050842	0.025879	0.003517	0.041985	0.045435	0.000127	0.004651	0.006418	0.000637	0.000127	0.020451	0.005228	0.004530	0.048805	0.000637	0.015160	0.003059	0.113055	0.006899	0.063935	0.024574	0.002186	0.011083	0.021329	0.002542	0.011348	0.010928	0.003031	0.020224	0.001650	0.021898	0.000544	0.132229	0.016656	0.012368	0.009739	0.000127	0.031750	0.004464	0.025149	
0.014586	0.006983	0.000142	0.011495	0.008656	0.046661	0.010784	0.030324	0.007800	0.077357	0.034789	0.081169	0.021432	0.026442	0.036415	0.000142	0.006467	0.004095	0.004208	0.000142	0.012912	0.003252	0.005912	0.030334	0.004208	0.010911	0.003911	0.069243	0.009252	0.039107	0.017224	0.013012	0.015027	0.019499	0.003519	0.006983	0.009879	0.001967	0.028288	0.011022	0.029911	0.003468	0.080681	0.054923	0.007605	0.014740	0.000142	0.019422	0.005498	0.038057	
0.004307	0.013724	0.000118	0.024346	0.003292	0.049239	0.011355	0.014786	0.001644	0.016166	0.059091	0.013573	0.006020	0.027889	0.053733	0.000118	0.005543	0.004292	0.000589	0.000118	0.013603	0.006303	0.003372	0.058795	0.000589	0.013129	0.002199	0.137603	0.003048	0.077626	0.013805	0.001894	0.003465	0.011486	0.001060	0.013724	0.002942	0.002045	0.007771	0.001406	0.011277	0.000504	0.160296	0.009810	0.014961	0.004207	0.000118	0.038462	0.001598	0.072955	
0.010513	0.000970	0.000150	0.009989	0.011227	0.116545	0.026777	0.039382	0.009467	0.093195	0.009618	0.095355	0.026861	0.065955	0.017948	0.000150	0.007476	0.010040	0.005388	0.000150	0.032102	0.000523	0.005244	0.004499	0.005388	0.023661	0.003450	0.008707	0.011417	0.004886	0.032754	0.017100	0.014154	0.034274	0.004666	0.000970	0.007136	0.004715	0.038102	0.014075	0.035402	0.004436	0.009794	0.064947	0.001044	0.019185	0.000150	0.002459	0.006552	0.031051	
0.004900	0.004974	0.000140	0.005415	0.002905	0.015389	0.003629	0.009098	0.018022	0.161926	0.023393	0.166301	0.049900	0.008761	0.041910	0.000140	0.002337	0.001436	0.010304	0.000140	0.004326	0.002338	0.003200	0.021305	0.010304	0.003984	0.002106	0.048876	0.003061	0.027650	0.005750	0.031654	0.017064	0.005954	0.001090	0.004974	0.003349	0.000738	0.007884	0.026988	0.011008	0.008456	0.057050	0.113025	0.005414	0.007752	0.000140	0.013764	0.001684	0.018092	
0.007591	0.009037	0.000122	0.013916	0.003641	0.133268	0.030580	0.012127	0.002010	0.018853	0.039370	0.020801	0.005861	0.075397	0.038609	0.000122	0.003799	0.011435	0.000883	0.000122	0.036671	0.004174	0.002753	0.038655	0.000883	0.027175	0.001850	0.090145	0.003050	0.050894	0.035693	0.003346	0.005931	0.025899	0.001078	0.009037	0.005157	0.005343	0.007978	0.002214	0.010289	0.000745	0.105085	0.013894	0.009848	0.004273	0.000122	0.025248	0.001925	0.043102	
0.013006	0.007210	0.000132	0.015039	0.005310	0.103580	0.023797	0.016731	0.004617	0.049177	0.035443	0.050903	0.013174	0.058617	0.034451	0.000132	0.004599	0.008922	0.002375	0.000132	0.028530	0.003349	0.005659	0.031294	0.002375	0.022022	0.003731	0.071726	0.005168	0.040470	0.030550	0.007740	0.011403	0.023166	0.001669	0.007210	0.008811	0.004189	0.012595	0.006189	0.018721	0.001967	0.083454	0.034600	0.007853	0.007376	0.000132	0.020078	0.003086	0.047543	
0.004971	0.006879	0.000119	0.007087	0.003928	0.193896	0.044447	0.010311	0.001097	0.011651	0.030377	0.011281	0.002733	0.109672	0.030864	0.000119	0.002680	0.016583	0.000444	0.000119	0.053312	0.003192	0.002526	0.029406	0.000444	0.037427	0.001678	0.068264	0.002909	0.038589	0.049521	0.002392	0.003687	0.035751	0.001077	0.006879	0.003390	0.007718	0.008013	0.001032	0.009904	0.000385	0.079709	0.007856	0.007494	0.004081	0.000119	0.019171	0.001693	0.023121	
0.017841	0.000891	0.000139	0.006249	0.003717	0.188927	0.043326	0.009175	0.007987	0.071834	0.006215	0.085887	0.021742	0.106872	0.017124	0.000139	0.002156	0.016180	0.004432	0.000139	0.051963	0.000481	0.002649	0.003772	0.004432	0.036396	0.001906	0.007900	0.003154	0.004465	0.053372	0.014644	0.017195	0.035903	0.000989	0.000891	0.012073	0.007542	0.007102	0.011657	0.009472	0.003652	0.008996	0.056087	0.000960	0.005171	0.000139	0.002259	0.002734	0.021072	
0.008312	0.000649	0.000142	0.023976	0.007900	0.165298	0.037923	0.025526	0.005890	0.070420	0.011799	0.063141	0.019174	0.093515	0.013342	0.000142	0.006605	0.014175	0.003350	0.000142	0.045479	0.000372	0.008094	0.003631	0.003350	0.035034	0.005204	0.006023	0.007234	0.003218	0.043834	0.011137	0.009825	0.035235	0.002443	0.000649	0.005650	0.006619	0.018847	0.008691	0.027417	0.002767	0.006103	0.044763	0.000695	0.010886	0.000142	0.001569	0.003573	0.070094	
0.041209	0.001052	0.000147	0.009319	0.004090	0.212690	0.048768	0.009707	0.002700	0.024082	0.008224	0.055586	0.005957	0.120310	0.010619	0.000147	0.002553	0.018206	0.001067	0.000147	0.058492	0.000558	0.003799	0.004625	0.001067	0.041367	0.002891	0.009550	0.004125	0.005369	0.068389	0.004381	0.027297	0.042052	0.000954	0.001052	0.027829	0.008482	0.006610	0.003035	0.011218	0.000900	0.010808	0.031948	0.001135	0.003979	0.000147	0.002699	0.004769	0.033898	
0.010137	0.001597	0.000148	0.037236	0.017933	0.017118	0.004030	0.020749	0.001535	0.166379	0.074841	0.053096	0.008769	0.009742	0.009026	0.000148	0.007302	0.001590	0.000783	0.000148	0.004807	0.000807	0.057113	0.015832	0.000783	0.012828	0.035864	0.015936	0.018029	0.008688	0.008236	0.002221	0.007389	0.007575	0.002105	0.001597	0.006883	0.000814	0.010106	0.001933	0.110611	0.000667	0.017201	0.059762	0.001728	0.016463	0.000148	0.004230	0.002481	0.124856	
0.006451	0.000818	0.000144	0.017859	0.021546	0.007810	0.001898	0.014858	0.001948	0.211175	0.089330	0.062840	0.007353	0.004478	0.006994	0.000144	0.004350	0.000796	0.001089	0.000144	0.002249	0.000450	0.071699	0.014947	0.001089	0.009199	0.044937	0.007498	0.021739	0.004117	0.004503	0.003114	0.005490	0.005631	0.002299	0.000818	0.004396	0.000445	0.010054	0.002705	0.137120	0.000917	0.008070	0.073719	0.000879	0.019591	0.000144	0.002042	0.002140	0.075975	
0.008021	0.003483	0.000138	0.010093	0.019594	0.006982	0.001703	0.010472	0.001222	0.189256	0.093869	0.053251	0.003737	0.004007	0.015751	0.000138	0.002969	0.000719	0.000575	0.000138	0.002016	0.001658	0.066510	0.025492	0.000575	0.007515	0.041709	0.034071	0.019872	0.019226	0.004915	0.001533	0.005764	0.004866	0.001966	0.003483	0.005452	0.000406	0.007881	0.001378	0.126200	0.000495	0.039517	0.064650	0.003787	0.017403	0.000138	0.009564	0.001963	0.053877	
0.062189	0.005923	0.000165	0.025723	0.006890	0.012051	0.002884	0.015714	0.004201	0.067784	0.044032	0.090525	0.010639	0.006885	0.025766	0.000165	0.005530	0.001175	0.001543	0.000165	0.003428	0.002782	0.017190	0.027606	0.001543	0.007395	0.011502	0.058861	0.008840	0.033095	0.027470	0.004502	0.041145	0.011406	0.001372	0.005923	0.041978	0.000631	0.008456	0.004495	0.036818	0.001292	0.067956	0.057821	0.006446	0.007723	0.000165	0.016393	0.006935	0.088883	
0.024550	0.001363	0.000183	0.012650	0.030154	0.013654	0.003264	0.108431	0.003686	0.066301	0.022868	0.058353	0.010147	0.007799	0.009172	0.000183	0.019020	0.001327	0.001863	0.000183	0.003881	0.000719	0.015007	0.007695	0.001863	0.005592	0.009722	0.012451	0.032773	0.006991	0.013067	0.005464	0.018801	0.044688	0.013322	0.001363	0.016610	0.000711	0.110616	0.004886	0.102767	0.001557	0.014073	0.041836	0.001470	0.050642	0.000183	0.003508	0.018292	0.044301	
0.039951	0.003333	0.000172	0.004882	0.020096	0.036921	0.008579	0.068471	0.004440	0.060822	0.027206	0.074047	0.009889	0.020949	0.017515	0.000172	0.011832	0.003294	0.002042	0.000172	0.010260	0.001609	0.011964	0.015642	0.002042	0.008543	0.007989	0.032079	0.022429	0.018169	0.024822	0.006193	0.028387	0.035754	0.008602	0.003333	0.026989	0.001613	0.070753	0.005549	0.069952	0.001702	0.037382	0.048379	0.003620	0.033194	0.000172	0.009079	0.013921	0.025092	
0.014462	0.004793	0.000160	0.034450	0.016844	0.013042	0.003107	0.064033	0.005159	0.071020	0.032891	0.061364	0.017763	0.007443	0.024131	0.000160	0.014183	0.001255	0.002746	0.000160	0.003697	0.002266	0.011738	0.021884	0.002746	0.008507	0.007557	0.047841	0.017976	0.026768	0.008942	0.008237	0.013195	0.024151	0.006950	0.004793	0.009802	0.000666	0.056763	0.007138	0.059980	0.002276	0.054700	0.044060	0.005214	0.027480	0.000160	0.013216	0.009605	0.102521	
0.020704	0.001377	0.000180	0.030637	0.027911	0.034163	0.007954	0.104969	0.001592	0.045502	0.021493	0.035922	0.007250	0.019392	0.007031	0.000180	0.020271	0.003067	0.000699	0.000180	0.009508	0.000724	0.013811	0.007566	0.000699	0.012025	0.008930	0.013219	0.029946	0.007234	0.016580	0.002006	0.014712	0.044316	0.012198	0.001377	0.014016	0.001512	0.101180	0.001779	0.094135	0.000604	0.014271	0.026706	0.001485	0.045974	0.000180	0.003553	0.016583	0.092700	
0.010160	0.005726	0.000147	0.023737	0.008392	0.012091	0.002879	0.029195	0.010573	0.113520	0.034346	0.105982	0.031434	0.006899	0.034826	0.000147	0.007490	0.001162	0.005906	0.000147	0.003426	0.002683	0.009770	0.025591	0.005906	0.006578	0.006274	0.056983	0.008872	0.032046	0.007012	0.018026	0.014510	0.011505	0.002996	0.005726	0.006897	0.000615	0.023332	0.015442	0.033530	0.004859	0.065834	0.074168	0.006234	0.014063	0.000147	0.015871	0.004389	0.071959	
