0.036314	0.043508	0.031518	0.036314	0.158616	0.659815	0.033916	
0.026468	0.028843	0.076349	0.092976	0.385137	0.363760	0.026468	
0.101062	0.026721	0.364851	0.029120	0.151422	0.295307	0.031518	
0.021666	0.031144	0.019296	0.033514	0.024035	0.019296	0.851049	
0.269841	0.111449	0.057075	0.028707	0.213104	0.023978	0.295846	
0.045148	0.130054	0.035714	0.097035	0.245620	0.023922	0.422507	
0.288754	0.127997	0.101993	0.033435	0.021614	0.035799	0.390409	
0.151638	0.026342	0.026342	0.624451	0.125633	0.028707	0.016886	
0.062245	0.024150	0.024150	0.676531	0.026531	0.019388	0.167007	
0.506399	0.048772	0.034244	0.150467	0.029402	0.172259	0.058457	
0.028438	0.056541	0.037805	0.728672	0.023754	0.094011	0.030780	
0.727178	0.029617	0.032056	0.036934	0.039373	0.034495	0.100348	
0.030353	0.034972	0.021115	0.360607	0.422963	0.113494	0.016496	
0.048942	0.032738	0.030423	0.194775	0.597553	0.021164	0.074405	
0.301513	0.028571	0.045042	0.045042	0.463866	0.047395	0.068571	
0.024441	0.137694	0.641308	0.082272	0.031670	0.031670	0.050947	
0.021821	0.021821	0.797477	0.021821	0.088646	0.021821	0.026594	
0.144227	0.045906	0.417609	0.053100	0.043508	0.244947	0.050702	
0.078538	0.038253	0.457684	0.057211	0.016926	0.201760	0.149628	
0.577170	0.045255	0.187099	0.106721	0.033435	0.019250	0.031071	
0.447710	0.043404	0.282638	0.052973	0.091251	0.029050	0.052973	
0.142513	0.511188	0.019621	0.065404	0.022031	0.024441	0.214802	
0.038898	0.732874	0.048537	0.106368	0.026850	0.024441	0.022031	
0.055366	0.397471	0.024265	0.277854	0.029050	0.160629	0.055366	
