0.070247	0.004130	0.002439	0.014244	0.005686	0.010154	0.001668	0.012169	0.041936	0.032175	0.002900	0.004208	0.021459	0.048812	0.004812	0.000184	0.004672	0.047414	0.014059	0.007386	0.009943	0.000659	0.000955	0.000184	0.001532	0.001510	0.010432	0.002907	0.000955	0.004694	0.002549	0.001668	0.000564	0.102035	0.024981	0.016849	0.036655	0.007680	0.001668	0.068614	0.006178	0.003291	0.231167	0.000903	0.001515	0.005168	0.009176	0.071249	0.006221	0.017344	
0.056892	0.005949	0.003871	0.018385	0.009882	0.017920	0.002607	0.009079	0.025125	0.020586	0.015054	0.022216	0.015037	0.034142	0.025522	0.000177	0.007407	0.036428	0.023041	0.011586	0.007693	0.002711	0.001441	0.000177	0.002144	0.002687	0.019430	0.005332	0.001441	0.007565	0.004654	0.002607	0.002204	0.071359	0.019284	0.053788	0.025651	0.041225	0.002607	0.062519	0.009995	0.004607	0.161511	0.001226	0.007271	0.011560	0.003679	0.056615	0.033236	0.012874	
0.056737	0.003374	0.003758	0.021396	0.007069	0.014071	0.002533	0.006241	0.024654	0.020342	0.018648	0.027541	0.014976	0.034002	0.031646	0.000179	0.007183	0.038415	0.022482	0.007315	0.005226	0.002724	0.001403	0.000179	0.001262	0.002104	0.013510	0.004133	0.001403	0.007338	0.003613	0.002533	0.002215	0.071048	0.018038	0.053998	0.025546	0.051142	0.002533	0.062113	0.009693	0.002633	0.160839	0.000757	0.007306	0.010738	0.003404	0.056064	0.041223	0.012720	
0.014152	0.075339	0.001605	0.007022	0.046658	0.045594	0.001102	0.080515	0.007746	0.003612	0.002029	0.002942	0.000744	0.001527	0.003363	0.000135	0.003040	0.010883	0.030884	0.104369	0.070249	0.003548	0.000638	0.000135	0.026033	0.003849	0.182516	0.007764	0.000638	0.003074	0.006760	0.001102	0.002866	0.003150	0.029255	0.065429	0.001179	0.005362	0.001102	0.020077	0.004041	0.058016	0.006748	0.013947	0.009692	0.011815	0.004976	0.006680	0.004345	0.001753	
0.005422	0.053751	0.003136	0.012637	0.063325	0.089124	0.002109	0.059706	0.010730	0.005355	0.005665	0.008328	0.001192	0.002551	0.009557	0.000134	0.006041	0.017838	0.070964	0.091622	0.051867	0.000669	0.001161	0.000134	0.018494	0.013991	0.125081	0.028597	0.001161	0.006137	0.024852	0.002109	0.000562	0.005570	0.026606	0.010702	0.001947	0.015396	0.002109	0.012844	0.008112	0.041199	0.011616	0.009926	0.001631	0.021318	0.006467	0.012944	0.012425	0.005187	
0.011684	0.041928	0.001868	0.036312	0.038124	0.048220	0.001277	0.058177	0.029362	0.013128	0.015051	0.022231	0.001012	0.002135	0.025544	0.000139	0.003693	0.049618	0.054503	0.064949	0.049561	0.002612	0.000731	0.000139	0.014488	0.006700	0.102571	0.013615	0.000731	0.003597	0.011842	0.001277	0.002117	0.004496	0.018916	0.047600	0.001636	0.041285	0.001277	0.017604	0.004735	0.032372	0.009622	0.007792	0.007063	0.014077	0.017951	0.008311	0.033276	0.003052	
0.005662	0.048603	0.005069	0.010593	0.066425	0.099306	0.003381	0.055060	0.011878	0.005795	0.002399	0.003490	0.001124	0.002396	0.003993	0.000134	0.009815	0.017047	0.076723	0.088053	0.047732	0.000798	0.001822	0.000134	0.016699	0.016065	0.113350	0.032856	0.001822	0.010005	0.028551	0.003381	0.000665	0.005301	0.025631	0.013151	0.001831	0.006384	0.003381	0.017944	0.013252	0.037198	0.010880	0.008969	0.001994	0.026287	0.007166	0.018949	0.005168	0.005690	
0.038102	0.003865	0.006669	0.052137	0.013096	0.026632	0.004439	0.038081	0.063898	0.027440	0.002835	0.004127	0.000882	0.001823	0.004724	0.000150	0.013258	0.086304	0.044660	0.010988	0.030199	0.010226	0.002381	0.000150	0.001395	0.004047	0.032210	0.008154	0.002381	0.013188	0.007101	0.004439	0.008211	0.003758	0.004011	0.192515	0.001405	0.007558	0.004439	0.061596	0.017477	0.003342	0.008095	0.000814	0.028361	0.028558	0.038555	0.023275	0.006116	0.001934	
0.050384	0.010516	0.001878	0.043752	0.010258	0.012957	0.001289	0.038210	0.052046	0.022015	0.004300	0.006296	0.000695	0.001388	0.007216	0.000157	0.003839	0.070730	0.032179	0.016115	0.030942	0.013882	0.000745	0.000157	0.003714	0.001713	0.056182	0.003353	0.000745	0.003598	0.002933	0.001289	0.011137	0.002776	0.005125	0.262046	0.001080	0.011590	0.001289	0.064800	0.004731	0.008433	0.006004	0.002054	0.038588	0.026003	0.031088	0.007297	0.009365	0.001119	
0.007488	0.004649	0.001483	0.105965	0.005999	0.009521	0.001021	0.067715	0.114691	0.049947	0.016062	0.023731	0.001151	0.002461	0.027271	0.000133	0.003522	0.166197	0.065809	0.008107	0.053486	0.001288	0.000595	0.000133	0.001678	0.001474	0.013266	0.002889	0.000595	0.002834	0.002526	0.001021	0.001057	0.005043	0.003437	0.022521	0.001879	0.044085	0.001021	0.012036	0.003722	0.004342	0.011191	0.000957	0.003367	0.005177	0.070774	0.007524	0.035531	0.001627	
0.011920	0.006748	0.001557	0.106180	0.007609	0.011203	0.001069	0.078902	0.130595	0.056400	0.002172	0.003155	0.000721	0.001482	0.003609	0.000129	0.003778	0.177659	0.064943	0.011136	0.062446	0.002928	0.000618	0.000129	0.002397	0.001652	0.021969	0.003258	0.000618	0.002986	0.002847	0.001069	0.002368	0.003003	0.003807	0.053702	0.001144	0.005765	0.001069	0.018125	0.003925	0.006063	0.006556	0.001339	0.007965	0.008114	0.080928	0.006491	0.004668	0.001085	
0.004752	0.028406	0.001895	0.074679	0.020395	0.023481	0.001292	0.070273	0.075300	0.032883	0.016178	0.023904	0.000888	0.001858	0.027470	0.000133	0.004063	0.113114	0.057044	0.040924	0.057754	0.000753	0.000736	0.000133	0.009859	0.002576	0.067120	0.005151	0.000736	0.003658	0.004491	0.001292	0.000629	0.003812	0.012115	0.012235	0.001427	0.044407	0.001292	0.009749	0.004818	0.022353	0.008329	0.005320	0.001870	0.006138	0.046716	0.008057	0.035790	0.001749	
0.035475	0.003260	0.001594	0.055696	0.005396	0.008908	0.001104	0.023200	0.045098	0.023718	0.029058	0.042971	0.006921	0.015611	0.049393	0.000162	0.003190	0.077682	0.040081	0.006205	0.018496	0.004008	0.000652	0.000162	0.001218	0.001457	0.016283	0.002822	0.000652	0.003026	0.002472	0.001104	0.003239	0.032544	0.009090	0.075898	0.011749	0.079894	0.001104	0.039625	0.003968	0.002760	0.073546	0.000725	0.010930	0.009548	0.022500	0.025036	0.064376	0.006393	
0.017434	0.003072	0.001832	0.056307	0.014571	0.025874	0.001260	0.007113	0.009316	0.004508	0.054388	0.080498	0.001133	0.002385	0.092549	0.000159	0.003467	0.050499	0.057660	0.011232	0.005871	0.004163	0.000732	0.000159	0.001119	0.004896	0.016009	0.009888	0.000732	0.003506	0.008608	0.001260	0.003362	0.004947	0.004371	0.076835	0.001829	0.149790	0.001260	0.024166	0.004606	0.002353	0.010731	0.000671	0.011368	0.014262	0.004792	0.008452	0.120667	0.003337	
0.007679	0.004251	0.002350	0.068870	0.006304	0.011067	0.001600	0.010246	0.012250	0.005928	0.065086	0.096349	0.001135	0.002393	0.110777	0.000157	0.004498	0.062704	0.053546	0.007850	0.008445	0.001396	0.000907	0.000157	0.001555	0.001677	0.012514	0.003279	0.000907	0.004542	0.002869	0.001600	0.001148	0.004880	0.003348	0.024128	0.001834	0.179314	0.001600	0.013675	0.005984	0.003349	0.010778	0.000902	0.003626	0.006527	0.006864	0.010131	0.144444	0.002580	
0.005982	0.002780	0.046668	0.004808	0.004694	0.050977	0.030753	0.004698	0.004848	0.002738	0.002228	0.003231	0.001080	0.002280	0.003693	0.000147	0.090763	0.007385	0.008123	0.005433	0.003959	0.000949	0.016062	0.000147	0.001044	0.001345	0.009282	0.002608	0.016062	0.093189	0.002284	0.030753	0.000789	0.004645	0.002624	0.015784	0.001746	0.005890	0.030753	0.120114	0.123794	0.002172	0.010278	0.000625	0.002394	0.056755	0.002295	0.152303	0.004773	0.001275	
0.003986	0.002810	0.046405	0.005434	0.007867	0.056507	0.030579	0.005393	0.005638	0.002873	0.001816	0.002621	0.000749	0.001524	0.002992	0.000145	0.090261	0.008382	0.013062	0.007283	0.004503	0.000684	0.015971	0.000145	0.001042	0.002525	0.008657	0.005033	0.015971	0.092664	0.004390	0.030579	0.000576	0.003097	0.002811	0.010624	0.001179	0.004756	0.030579	0.117411	0.123098	0.002179	0.006695	0.000624	0.001652	0.057464	0.003074	0.150473	0.003859	0.001358	
0.008668	0.030514	0.029570	0.006690	0.019729	0.047311	0.019503	0.034478	0.008211	0.004571	0.002037	0.002949	0.001684	0.003666	0.003370	0.000142	0.057488	0.011452	0.015972	0.042706	0.029925	0.001153	0.010210	0.000142	0.010598	0.001948	0.073679	0.003852	0.010210	0.058997	0.003364	0.019503	0.000951	0.007569	0.013428	0.019962	0.002785	0.005369	0.019503	0.080919	0.078357	0.023534	0.016880	0.005719	0.002972	0.038030	0.004206	0.099245	0.004352	0.001926	
0.008900	0.011714	0.016052	0.067127	0.009033	0.025043	0.010606	0.056691	0.082180	0.036086	0.002621	0.003818	0.001329	0.002864	0.004370	0.000135	0.031670	0.112276	0.043361	0.017139	0.045528	0.001529	0.005580	0.000135	0.004116	0.001330	0.030617	0.002590	0.005580	0.031969	0.002267	0.010606	0.001250	0.005882	0.006078	0.027146	0.002182	0.006995	0.010606	0.048990	0.042440	0.009566	0.013101	0.002258	0.004039	0.022250	0.050403	0.054819	0.005659	0.001474	
0.016363	0.008799	0.008525	0.010084	0.070997	0.131693	0.005659	0.010438	0.006117	0.003397	0.007564	0.011135	0.001475	0.003184	0.012783	0.000146	0.016488	0.012284	0.105387	0.049336	0.008968	0.003527	0.003013	0.000146	0.002900	0.024852	0.026794	0.050892	0.003013	0.016904	0.044215	0.005659	0.002851	0.007174	0.015766	0.065079	0.002425	0.020613	0.005659	0.038899	0.022416	0.006321	0.014576	0.001615	0.009612	0.045304	0.002617	0.031033	0.016630	0.008673	
0.030090	0.029615	0.005705	0.024557	0.032889	0.048265	0.003803	0.045379	0.029790	0.013067	0.002663	0.003874	0.001089	0.002300	0.004433	0.000147	0.011154	0.040276	0.044871	0.049019	0.038364	0.007765	0.002048	0.000147	0.010246	0.006843	0.086067	0.013900	0.002048	0.011262	0.012090	0.003803	0.006241	0.004837	0.014668	0.145725	0.001762	0.007089	0.003803	0.049126	0.014919	0.022885	0.010376	0.005533	0.021476	0.026913	0.017596	0.020816	0.005738	0.002924	
0.012782	0.017351	0.002279	0.010794	0.087014	0.150364	0.001548	0.022157	0.010772	0.004987	0.003501	0.005119	0.000819	0.001692	0.005866	0.000140	0.004369	0.016087	0.124019	0.067334	0.018950	0.003101	0.000872	0.000140	0.005804	0.029277	0.045236	0.059989	0.000872	0.004419	0.052114	0.001548	0.002508	0.004177	0.020107	0.056823	0.001304	0.009414	0.001548	0.020008	0.005826	0.012851	0.007511	0.003161	0.008429	0.042790	0.006174	0.009045	0.007609	0.009398	
0.006652	0.005056	0.004247	0.008267	0.101725	0.185737	0.002842	0.007231	0.007324	0.003983	0.004106	0.006016	0.001348	0.002902	0.006897	0.000140	0.008175	0.011971	0.151234	0.063069	0.006067	0.000883	0.001545	0.000140	0.001491	0.037008	0.011084	0.075869	0.001545	0.008354	0.065905	0.002842	0.000735	0.006920	0.019771	0.014750	0.002211	0.011084	0.002842	0.016854	0.011056	0.003195	0.013261	0.000860	0.002222	0.050925	0.003637	0.016951	0.008954	0.012123	
0.029521	0.036329	0.001084	0.012003	0.051685	0.074443	0.000763	0.043149	0.013562	0.006008	0.003063	0.004467	0.000952	0.001987	0.005115	0.000147	0.002049	0.018643	0.062008	0.066679	0.037243	0.007728	0.000467	0.000147	0.012507	0.012626	0.101088	0.025780	0.000467	0.002022	0.022407	0.000763	0.006212	0.004337	0.019515	0.144982	0.001527	0.008194	0.000763	0.037164	0.002638	0.027828	0.008887	0.006739	0.021374	0.028540	0.007655	0.005572	0.006627	0.004543	
