0.000714	0.001083	0.000714	0.000714	0.000714	0.000714	0.000714	0.000714	0.000714	0.000714	0.000714	0.000714	0.000714	0.000937	0.000714	0.000714	0.000714	0.000714	0.000714	0.000714	0.000714	0.000714	0.000714	0.000714	0.000714	0.000714	0.000714	0.000714	0.000714	0.001242	0.000714	0.000714	0.007052	0.000978	0.000898	0.000714	0.000714	0.001680	0.007905	0.000714	0.000714	0.000714	0.000714	0.000714	0.000714	0.000714	0.000714	0.000714	0.000714	0.948961	
0.000612	0.001476	0.000612	0.000612	0.000612	0.000612	0.000612	0.000612	0.000612	0.000612	0.000612	0.000612	0.000612	0.000815	0.000612	0.000612	0.000612	0.000612	0.000612	0.000612	0.000612	0.000612	0.000612	0.000612	0.000612	0.000612	0.000612	0.000612	0.000612	0.002047	0.000612	0.000612	0.003229	0.001329	0.001044	0.000612	0.000612	0.001958	0.005824	0.000612	0.000612	0.000612	0.000612	0.000612	0.000612	0.000612	0.000612	0.000612	0.000612	0.957198	
0.000606	0.001010	0.000606	0.000606	0.000606	0.000606	0.000606	0.000606	0.000606	0.000606	0.000606	0.000606	0.000606	0.000749	0.000606	0.000606	0.000606	0.000606	0.000606	0.000606	0.000606	0.000606	0.000606	0.000606	0.000606	0.000606	0.000606	0.000606	0.000606	0.003465	0.000606	0.000606	0.002723	0.002035	0.000808	0.000606	0.000606	0.001576	0.004163	0.000606	0.000606	0.000606	0.000606	0.000606	0.000606	0.000606	0.000606	0.000606	0.000606	0.958643	
0.000624	0.001224	0.000624	0.000624	0.000624	0.000624	0.000624	0.000624	0.000624	0.000624	0.000624	0.000624	0.000624	0.000807	0.000624	0.000624	0.000624	0.000624	0.000624	0.000624	0.000624	0.000624	0.000624	0.000624	0.000624	0.000624	0.000624	0.000624	0.000624	0.000931	0.000624	0.000624	0.001436	0.000777	0.000924	0.000624	0.000624	0.001079	0.012629	0.000624	0.000624	0.000624	0.000624	0.000624	0.000624	0.000624	0.000624	0.000624	0.000624	0.954614	
0.000592	0.001026	0.000592	0.000592	0.000592	0.000592	0.000592	0.000592	0.000592	0.000592	0.000592	0.000592	0.000592	0.001353	0.000592	0.000592	0.000592	0.000592	0.000592	0.000592	0.000592	0.000592	0.000592	0.000592	0.000592	0.000592	0.000592	0.000592	0.000592	0.001035	0.000592	0.000592	0.001360	0.000814	0.000809	0.000592	0.000592	0.008032	0.004361	0.000592	0.000592	0.000592	0.000592	0.000592	0.000592	0.000592	0.000592	0.000592	0.000592	0.956936	
0.000606	0.002228	0.000606	0.000606	0.000606	0.000606	0.000606	0.000606	0.000606	0.000606	0.000606	0.000606	0.000606	0.000889	0.000606	0.000606	0.000606	0.000606	0.000606	0.000606	0.000606	0.000606	0.000606	0.000606	0.000606	0.000606	0.000606	0.000606	0.000606	0.001873	0.000606	0.000606	0.002387	0.001240	0.001417	0.000606	0.000606	0.002457	0.010043	0.000606	0.000606	0.000606	0.000606	0.000606	0.000606	0.000606	0.000606	0.000606	0.000606	0.952603	
0.000580	0.000979	0.000580	0.000580	0.000580	0.000580	0.000580	0.000580	0.000580	0.000580	0.000580	0.000580	0.000580	0.000861	0.000580	0.000580	0.000580	0.000580	0.000580	0.000580	0.000580	0.000580	0.000580	0.000580	0.000580	0.000580	0.000580	0.000580	0.000580	0.002552	0.000580	0.000580	0.001207	0.001566	0.000779	0.000580	0.000580	0.013674	0.004349	0.000580	0.000580	0.000580	0.000580	0.000580	0.000580	0.000580	0.000580	0.000580	0.000580	0.950257	
0.000687	0.011770	0.000687	0.000687	0.000687	0.000687	0.000687	0.000687	0.000687	0.000687	0.000687	0.000687	0.000687	0.001145	0.000687	0.000687	0.000687	0.000687	0.000687	0.000687	0.000687	0.000687	0.000687	0.000687	0.000687	0.000687	0.000687	0.000687	0.000687	0.001017	0.000687	0.000687	0.011946	0.000852	0.006229	0.000687	0.000687	0.001514	0.028923	0.000687	0.000687	0.000687	0.000687	0.000687	0.000687	0.000687	0.000687	0.000687	0.000687	0.908438	
0.000669	0.003452	0.000669	0.000669	0.000669	0.000669	0.000669	0.000669	0.000669	0.000669	0.000669	0.000669	0.000669	0.002733	0.000669	0.000669	0.000669	0.000669	0.000669	0.000669	0.000669	0.000669	0.000669	0.000669	0.000669	0.000669	0.000669	0.000669	0.000669	0.001031	0.000669	0.000669	0.004172	0.000850	0.002061	0.000669	0.000669	0.009018	0.009349	0.000669	0.000669	0.000669	0.000669	0.000669	0.000669	0.000669	0.000669	0.000669	0.000669	0.939891	
0.000742	0.001321	0.000742	0.000742	0.000742	0.000742	0.000742	0.000742	0.000742	0.000742	0.000742	0.000742	0.000742	0.005754	0.000742	0.000742	0.000742	0.000742	0.000742	0.000742	0.000742	0.000742	0.000742	0.000742	0.000742	0.000742	0.000742	0.000742	0.000742	0.001168	0.000742	0.000742	0.001574	0.000955	0.001032	0.000742	0.000742	0.002703	0.004010	0.000742	0.000742	0.000742	0.000742	0.000742	0.000742	0.000742	0.000742	0.000742	0.000742	0.951054	
0.000778	0.002633	0.000778	0.000778	0.000778	0.000778	0.000778	0.000778	0.000778	0.000778	0.000778	0.000778	0.000778	0.006593	0.000778	0.000778	0.000778	0.000778	0.000778	0.000778	0.000778	0.000778	0.000778	0.000778	0.000778	0.000778	0.000778	0.000778	0.000778	0.001106	0.000778	0.000778	0.002790	0.000942	0.001705	0.000778	0.000778	0.001787	0.006383	0.000778	0.000778	0.000778	0.000778	0.000778	0.000778	0.000778	0.000778	0.000778	0.000778	0.944149	
0.000669	0.007805	0.000669	0.000669	0.000669	0.000669	0.000669	0.000669	0.000669	0.000669	0.000669	0.000669	0.000669	0.001925	0.000669	0.000669	0.000669	0.000669	0.000669	0.000669	0.000669	0.000669	0.000669	0.000669	0.000669	0.000669	0.000669	0.000669	0.000669	0.000956	0.000669	0.000669	0.007951	0.000812	0.004237	0.000669	0.000669	0.004731	0.018962	0.000669	0.000669	0.000669	0.000669	0.000669	0.000669	0.000669	0.000669	0.000669	0.000669	0.925194	
0.000611	0.001298	0.000611	0.000611	0.000611	0.000611	0.000611	0.000611	0.000611	0.000611	0.000611	0.000611	0.000611	0.001598	0.000611	0.000611	0.000611	0.000611	0.000611	0.000611	0.000611	0.000611	0.000611	0.000611	0.000611	0.000611	0.000611	0.000611	0.000611	0.001860	0.000611	0.000611	0.002093	0.001235	0.000955	0.000611	0.000611	0.002623	0.004372	0.000611	0.000611	0.000611	0.000611	0.000611	0.000611	0.000611	0.000611	0.000611	0.000611	0.958925	
0.000582	0.001043	0.000582	0.000582	0.000582	0.000582	0.000582	0.000582	0.000582	0.000582	0.000582	0.000582	0.000582	0.001354	0.000582	0.000582	0.000582	0.000582	0.000582	0.000582	0.000582	0.000582	0.000582	0.000582	0.000582	0.000582	0.000582	0.000582	0.000582	0.001020	0.000582	0.000582	0.001339	0.000801	0.000813	0.000582	0.000582	0.001595	0.003223	0.000582	0.000582	0.000582	0.000582	0.000582	0.000582	0.000582	0.000582	0.000582	0.000582	0.964946	
0.000567	0.001902	0.000567	0.000567	0.000567	0.000567	0.000567	0.000567	0.000567	0.000567	0.000567	0.000567	0.000567	0.000884	0.000567	0.000567	0.000567	0.000567	0.000567	0.000567	0.000567	0.000567	0.000567	0.000567	0.000567	0.000567	0.000567	0.000567	0.000567	0.000949	0.000567	0.000567	0.002111	0.000758	0.001235	0.000567	0.000567	0.001076	0.004522	0.000567	0.000567	0.000567	0.000567	0.000567	0.000567	0.000567	0.000567	0.000567	0.000567	0.963307	
0.000653	0.001227	0.000653	0.000653	0.000653	0.000653	0.000653	0.000653	0.000653	0.000653	0.000653	0.000653	0.000653	0.000818	0.000653	0.000653	0.000653	0.000653	0.000653	0.000653	0.000653	0.000653	0.000653	0.000653	0.000653	0.000653	0.000653	0.000653	0.000653	0.004167	0.000653	0.000653	0.004188	0.002410	0.000940	0.000653	0.000653	0.001822	0.006838	0.000653	0.000653	0.000653	0.000653	0.000653	0.000653	0.000653	0.000653	0.000653	0.000653	0.950818	
0.000604	0.001175	0.000604	0.000604	0.000604	0.000604	0.000604	0.000604	0.000604	0.000604	0.000604	0.000604	0.000604	0.001151	0.000604	0.000604	0.000604	0.000604	0.000604	0.000604	0.000604	0.000604	0.000604	0.000604	0.000604	0.000604	0.000604	0.000604	0.000604	0.009341	0.000604	0.000604	0.001424	0.004973	0.000890	0.000604	0.000604	0.001190	0.002818	0.000604	0.000604	0.000604	0.000604	0.000604	0.000604	0.000604	0.000604	0.000604	0.000604	0.952270	
0.000697	0.001034	0.000697	0.000697	0.000697	0.000697	0.000697	0.000697	0.000697	0.000697	0.000697	0.000697	0.000697	0.001845	0.000697	0.000697	0.000697	0.000697	0.000697	0.000697	0.000697	0.000697	0.000697	0.000697	0.000697	0.000697	0.000697	0.000697	0.000697	0.003134	0.000697	0.000697	0.004836	0.001916	0.000865	0.000697	0.000697	0.001985	0.005877	0.000697	0.000697	0.000697	0.000697	0.000697	0.000697	0.000697	0.000697	0.000697	0.000697	0.949943	
0.000604	0.001070	0.000604	0.000604	0.000604	0.000604	0.000604	0.000604	0.000604	0.000604	0.000604	0.000604	0.000604	0.000906	0.000604	0.000604	0.000604	0.000604	0.000604	0.000604	0.000604	0.000604	0.000604	0.000604	0.000604	0.000604	0.000604	0.000604	0.000604	0.006334	0.000604	0.000604	0.002153	0.003469	0.000837	0.000604	0.000604	0.006759	0.003235	0.000604	0.000604	0.000604	0.000604	0.000604	0.000604	0.000604	0.000604	0.000604	0.000604	0.950453	
0.000582	0.001281	0.000582	0.000582	0.000582	0.000582	0.000582	0.000582	0.000582	0.000582	0.000582	0.000582	0.000582	0.000925	0.000582	0.000582	0.000582	0.000582	0.000582	0.000582	0.000582	0.000582	0.000582	0.000582	0.000582	0.000582	0.000582	0.000582	0.000582	0.002843	0.000582	0.000582	0.001722	0.001713	0.000932	0.000582	0.000582	0.011859	0.003862	0.000582	0.000582	0.000582	0.000582	0.000582	0.000582	0.000582	0.000582	0.000582	0.000582	0.950991	
0.000616	0.003279	0.000616	0.000616	0.000616	0.000616	0.000616	0.000616	0.000616	0.000616	0.000616	0.000616	0.000616	0.000880	0.000616	0.000616	0.000616	0.000616	0.000616	0.000616	0.000616	0.000616	0.000616	0.000616	0.000616	0.000616	0.000616	0.000616	0.000616	0.002749	0.000616	0.000616	0.003985	0.001683	0.001947	0.000616	0.000616	0.008493	0.010051	0.000616	0.000616	0.000616	0.000616	0.000616	0.000616	0.000616	0.000616	0.000616	0.000616	0.941682	
0.000585	0.001256	0.000585	0.000585	0.000585	0.000585	0.000585	0.000585	0.000585	0.000585	0.000585	0.000585	0.000585	0.001414	0.000585	0.000585	0.000585	0.000585	0.000585	0.000585	0.000585	0.000585	0.000585	0.000585	0.000585	0.000585	0.000585	0.000585	0.000585	0.000866	0.000585	0.000585	0.001470	0.000725	0.000920	0.000585	0.000585	0.019573	0.003280	0.000585	0.000585	0.000585	0.000585	0.000585	0.000585	0.000585	0.000585	0.000585	0.000585	0.946522	
0.000631	0.004772	0.000631	0.000631	0.000631	0.000631	0.000631	0.000631	0.000631	0.000631	0.000631	0.000631	0.000631	0.001366	0.000631	0.000631	0.000631	0.000631	0.000631	0.000631	0.000631	0.000631	0.000631	0.000631	0.000631	0.000631	0.000631	0.000631	0.000631	0.003574	0.000631	0.000631	0.005059	0.002102	0.002701	0.000631	0.000631	0.007049	0.011724	0.000631	0.000631	0.000631	0.000631	0.000631	0.000631	0.000631	0.000631	0.000631	0.000631	0.935791	
0.000619	0.000922	0.000619	0.000619	0.000619	0.000619	0.000619	0.000619	0.000619	0.000619	0.000619	0.000619	0.000619	0.001805	0.000619	0.000619	0.000619	0.000619	0.000619	0.000619	0.000619	0.000619	0.000619	0.000619	0.000619	0.000619	0.000619	0.000619	0.000619	0.001809	0.000619	0.000619	0.001293	0.001214	0.000771	0.000619	0.000619	0.010647	0.005229	0.000619	0.000619	0.000619	0.000619	0.000619	0.000619	0.000619	0.000619	0.000619	0.000619	0.950928	
