23
23
23
23
23
23
23
23
23
23
23
23
23
23
23
23
23
23
23
23
23
23
23
23
23
6
6
6
6
6
6
6
6
6
6
6
6
6
6
6
6
6
6
6
6
6
6
27
27
27
27
27
27
27
27
27
27
27
27
27
27
27
4
4
4
4
4
4
4
4
4
4
4
4
4
4
4
4
4
4
4
4
4
4
4
4
4
4
4
4
4
4
4
4
6
6
6
19
19
19
19
19
19
19
19
19
19
19
19
19
19
19
19
19
19
19
19
19
19
19
19
19
19
37
37
37
37
37
37
37
37
37
49
49
49
49
49
49
49
49
49
49
49
49
49
46
46
46
46
46
46
46
46
46
46
40
40
40
40
40
40
40
40
40
40
40
40
40
40
40
40
40
40
40
40
40
26
26
26
26
26
26
26
26
26
4
4
4
4
4
4
4
4
4
4
4
4
4
4
6
6
6
6
6
6
6
23
23
23
23
23
23
23
23
23
23
23
23
23
23
23
23
23
23
23
23
23
23
23
23
23
23
23
