0.025363	0.009882	0.002433	0.107820	0.001379	0.002450	0.001135	0.000710	0.001348	0.000170	0.002582	0.000170	0.019843	0.003444	0.008121	0.020995	0.001490	0.001692	0.000170	0.006147	0.001078	0.000170	0.004969	0.001146	0.000170	0.099504	0.001553	0.000170	0.005945	0.000170	0.016407	0.004330	0.047829	0.057905	0.041853	0.000170	0.023748	0.066543	0.016554	0.060464	0.037321	0.001692	0.000538	0.000170	0.130910	0.021236	0.007857	0.035213	0.050839	0.046200	
0.030920	0.010963	0.002442	0.044898	0.001690	0.002214	0.002233	0.001380	0.002815	0.000166	0.005334	0.000166	0.021566	0.005336	0.006352	0.007261	0.001454	0.003588	0.000166	0.006810	0.002208	0.000166	0.002698	0.000681	0.000166	0.170897	0.003081	0.000166	0.003213	0.000166	0.015649	0.009081	0.015413	0.018616	0.085560	0.000166	0.032072	0.075302	0.034587	0.065858	0.042988	0.003588	0.000994	0.000166	0.145517	0.011283	0.013311	0.022609	0.045392	0.020657	
0.010813	0.016165	0.002276	0.014489	0.000683	0.002191	0.000951	0.001516	0.003102	0.000174	0.002117	0.000174	0.027661	0.003699	0.002308	0.002689	0.001463	0.003956	0.000174	0.010015	0.002431	0.000174	0.002311	0.000609	0.000174	0.187440	0.003070	0.000174	0.002746	0.000174	0.008947	0.003526	0.004211	0.005029	0.082220	0.000174	0.031993	0.098665	0.018594	0.095322	0.014373	0.003956	0.001089	0.000174	0.215437	0.009555	0.005880	0.025299	0.061689	0.007951	
0.006835	0.000903	0.003473	0.086892	0.000460	0.001748	0.014212	0.001029	0.002067	0.000152	0.035304	0.000152	0.008077	0.002894	0.029817	0.003097	0.001146	0.002625	0.000152	0.000614	0.001628	0.000152	0.002294	0.000587	0.000152	0.198399	0.004212	0.000152	0.002729	0.000152	0.067883	0.060789	0.005278	0.006329	0.127843	0.000152	0.009603	0.006888	0.189075	0.006544	0.008985	0.002625	0.000750	0.000152	0.010263	0.009555	0.059828	0.003480	0.004542	0.007332	
0.040188	0.002110	0.013713	0.054168	0.002147	0.012462	0.006115	0.012825	0.027810	0.000146	0.015068	0.000146	0.063231	0.023393	0.013554	0.004455	0.008645	0.035879	0.000146	0.001355	0.021471	0.000146	0.002262	0.000576	0.000146	0.019081	0.004974	0.000146	0.002693	0.000146	0.031906	0.025887	0.008768	0.010565	0.010024	0.000146	0.109052	0.026971	0.129533	0.036842	0.055363	0.035879	0.008791	0.000146	0.026593	0.009438	0.030096	0.006780	0.010131	0.037893	
0.015084	0.001126	0.016903	0.036260	0.000809	0.016067	0.002942	0.015228	0.033063	0.000137	0.007151	0.000137	0.077973	0.025022	0.006999	0.005855	0.010947	0.042666	0.000137	0.000746	0.025517	0.000137	0.006067	0.001343	0.000137	0.086785	0.007211	0.000137	0.007273	0.000137	0.027361	0.012235	0.008131	0.009716	0.054970	0.000137	0.116455	0.011587	0.098859	0.035871	0.019125	0.042666	0.010426	0.000137	0.013451	0.026168	0.013574	0.005042	0.006372	0.037722	
0.026983	0.000690	0.016976	0.029832	0.001462	0.015960	0.002977	0.016526	0.035897	0.000135	0.007240	0.000135	0.079208	0.028174	0.006612	0.003053	0.011070	0.046327	0.000135	0.000477	0.027701	0.000135	0.002614	0.000639	0.000135	0.077396	0.007534	0.000135	0.003118	0.000135	0.018923	0.012391	0.004818	0.005767	0.050400	0.000135	0.129920	0.013851	0.104523	0.035686	0.036636	0.046327	0.011311	0.000135	0.007605	0.011018	0.015262	0.002980	0.003667	0.039232	
0.013544	0.001404	0.008469	0.136248	0.000563	0.008661	0.002934	0.001974	0.004126	0.000152	0.007106	0.000152	0.032571	0.004077	0.013180	0.030458	0.005049	0.005285	0.000152	0.000923	0.003216	0.000152	0.018531	0.003890	0.000152	0.091851	0.002479	0.000152	0.022269	0.000152	0.058285	0.012148	0.056933	0.068677	0.058180	0.000152	0.018073	0.010651	0.044927	0.014742	0.016406	0.005285	0.001394	0.000152	0.017006	0.080830	0.012883	0.026727	0.021991	0.054681	
0.029053	0.000773	0.008452	0.109445	0.001328	0.008853	0.001692	0.001689	0.003511	0.000147	0.004010	0.000147	0.032129	0.005209	0.009486	0.027297	0.005112	0.004492	0.000147	0.000532	0.002740	0.000147	0.019736	0.004131	0.000147	0.132549	0.003197	0.000147	0.023720	0.000147	0.055810	0.006811	0.047566	0.057287	0.086834	0.000147	0.020632	0.012544	0.028300	0.009946	0.036498	0.004492	0.001198	0.000147	0.008572	0.086138	0.009500	0.021696	0.016926	0.048787	
0.073420	0.000905	0.014244	0.033281	0.003326	0.015067	0.003016	0.001507	0.003120	0.000143	0.007327	0.000143	0.052164	0.008171	0.007691	0.019494	0.008475	0.003989	0.000143	0.000612	0.002438	0.000143	0.036839	0.007606	0.000143	0.047758	0.001495	0.000143	0.044302	0.000143	0.104324	0.012535	0.008850	0.009955	0.034895	0.000143	0.033594	0.027954	0.043969	0.007752	0.087445	0.003989	0.001073	0.000143	0.010401	0.161232	0.019874	0.004800	0.006621	0.023204	
0.018199	0.001433	0.014879	0.059462	0.000481	0.015949	0.001924	0.001273	0.002606	0.000144	0.004594	0.000144	0.055395	0.002922	0.007344	0.026700	0.008924	0.003325	0.000144	0.000937	0.002042	0.000144	0.039779	0.008205	0.000144	0.105678	0.002480	0.000144	0.047840	0.000144	0.106794	0.007821	0.023929	0.028192	0.068332	0.000144	0.012886	0.010290	0.029268	0.011346	0.011382	0.003325	0.000914	0.000144	0.017499	0.174134	0.008506	0.012157	0.013099	0.026455	
0.024734	0.000785	0.016558	0.055683	0.000802	0.016986	0.007008	0.002058	0.004317	0.000146	0.017300	0.000146	0.059135	0.004386	0.016032	0.021326	0.009600	0.005533	0.000146	0.000539	0.003361	0.000146	0.040647	0.008384	0.000146	0.027258	0.001314	0.000146	0.048884	0.000146	0.131502	0.029736	0.009305	0.010427	0.019925	0.000146	0.020083	0.008800	0.097507	0.008135	0.018745	0.005533	0.001450	0.000146	0.008736	0.177937	0.030502	0.004791	0.006399	0.016539	
0.031521	0.001243	0.004964	0.167699	0.001597	0.005115	0.001284	0.001395	0.002860	0.000155	0.002977	0.000155	0.019820	0.005011	0.011982	0.034353	0.003035	0.003649	0.000155	0.000825	0.002240	0.000155	0.010435	0.002246	0.000155	0.085451	0.002159	0.000155	0.012526	0.000155	0.030777	0.005023	0.075770	0.091701	0.054827	0.000155	0.020606	0.017183	0.021109	0.013943	0.046154	0.003649	0.001000	0.000155	0.014805	0.045283	0.008426	0.034804	0.026644	0.072516	
0.064724	0.003126	0.008609	0.068900	0.003123	0.009027	0.002044	0.001337	0.002738	0.000151	0.004884	0.000151	0.034699	0.007628	0.007769	0.020055	0.005159	0.003493	0.000151	0.001982	0.002145	0.000151	0.021065	0.004404	0.000151	0.081008	0.001911	0.000151	0.025319	0.000151	0.060660	0.008315	0.027683	0.033131	0.049556	0.000151	0.033124	0.039524	0.030972	0.021467	0.083431	0.003493	0.000959	0.000151	0.040206	0.091961	0.015440	0.016409	0.020015	0.037149	
0.076342	0.005778	0.008908	0.021620	0.003807	0.009058	0.001476	0.004008	0.008567	0.000151	0.003463	0.000151	0.042166	0.012975	0.003874	0.008903	0.005551	0.011021	0.000151	0.003614	0.006638	0.000151	0.014634	0.003097	0.000151	0.088279	0.002827	0.000151	0.017579	0.000151	0.042113	0.005864	0.006422	0.007463	0.047877	0.000151	0.060341	0.060339	0.034625	0.040557	0.100128	0.011021	0.002781	0.000151	0.075892	0.063727	0.014905	0.011015	0.023610	0.025776	
0.129661	0.001254	0.002105	0.039162	0.006686	0.001904	0.001931	0.001210	0.002472	0.000143	0.004614	0.000143	0.009254	0.014246	0.005548	0.006425	0.001254	0.003152	0.000143	0.000827	0.001938	0.000143	0.002264	0.000574	0.000143	0.162902	0.003566	0.000143	0.002696	0.000143	0.013366	0.007856	0.013776	0.016643	0.109450	0.000143	0.054426	0.054543	0.030477	0.009559	0.179348	0.003152	0.000871	0.000143	0.015106	0.009457	0.023422	0.007726	0.008377	0.035518	
0.125941	0.002483	0.002335	0.043982	0.006490	0.002192	0.001681	0.001214	0.002476	0.000146	0.003982	0.000146	0.011535	0.013758	0.005393	0.007886	0.001412	0.003156	0.000146	0.001584	0.001942	0.000146	0.003030	0.000733	0.000146	0.136802	0.002979	0.000146	0.003616	0.000146	0.014139	0.006763	0.016645	0.020108	0.089357	0.000146	0.054475	0.060343	0.026857	0.016825	0.174164	0.003156	0.000874	0.000146	0.031605	0.012804	0.021975	0.010770	0.013858	0.037361	
0.123184	0.001457	0.002426	0.059183	0.006363	0.002161	0.002277	0.001561	0.003234	0.000146	0.005475	0.000146	0.010798	0.014037	0.007302	0.009682	0.001444	0.004135	0.000146	0.000953	0.002526	0.000146	0.002100	0.000543	0.000146	0.125884	0.002972	0.000146	0.002498	0.000146	0.014475	0.009339	0.022238	0.026914	0.084696	0.000146	0.054947	0.053359	0.035846	0.011962	0.171231	0.004135	0.001111	0.000146	0.017793	0.008726	0.024094	0.011728	0.011598	0.042302	
0.058612	0.000959	0.003499	0.076960	0.003066	0.002065	0.012392	0.000758	0.001475	0.000152	0.030753	0.000152	0.008579	0.006843	0.026084	0.003749	0.001281	0.001860	0.000152	0.000649	0.001171	0.000152	0.003806	0.000895	0.000152	0.122803	0.002662	0.000152	0.004549	0.000152	0.063572	0.052938	0.005268	0.006285	0.081403	0.000152	0.025689	0.026233	0.163608	0.006334	0.079869	0.001860	0.000565	0.000152	0.011017	0.016191	0.058464	0.003546	0.004795	0.015523	
0.068443	0.001253	0.012248	0.023724	0.003182	0.012827	0.002692	0.002135	0.004491	0.000141	0.006519	0.000141	0.046389	0.009149	0.006432	0.014694	0.007341	0.005760	0.000141	0.000825	0.003494	0.000141	0.029301	0.006072	0.000141	0.111073	0.002908	0.000141	0.035232	0.000141	0.084115	0.011143	0.004964	0.005394	0.074304	0.000141	0.037490	0.029012	0.043124	0.010743	0.083235	0.005760	0.001500	0.000141	0.015104	0.128149	0.018207	0.003662	0.006584	0.020059	
0.047639	0.003156	0.011068	0.051846	0.002154	0.011183	0.006565	0.000821	0.001612	0.000152	0.016184	0.000152	0.040896	0.004981	0.014825	0.015566	0.006263	0.002038	0.000152	0.002000	0.001278	0.000152	0.028103	0.005837	0.000152	0.056622	0.001256	0.000152	0.033788	0.000152	0.098250	0.027807	0.008501	0.009708	0.033502	0.000152	0.022801	0.032586	0.087230	0.019320	0.055305	0.002038	0.000608	0.000152	0.040587	0.122853	0.032040	0.007993	0.014722	0.017098	
0.025538	0.000771	0.016381	0.034808	0.001368	0.015493	0.002743	0.015422	0.033486	0.000136	0.006653	0.000136	0.076003	0.026331	0.006531	0.004892	0.010660	0.043213	0.000136	0.000527	0.025844	0.000136	0.004055	0.000933	0.000136	0.085800	0.007288	0.000136	0.004852	0.000136	0.021469	0.011378	0.007904	0.009482	0.055625	0.000136	0.121299	0.013586	0.097098	0.034195	0.034341	0.043213	0.010558	0.000136	0.008684	0.017341	0.014058	0.004439	0.004912	0.039598	
0.008932	0.004546	0.017413	0.040223	0.000521	0.016649	0.001695	0.016316	0.035427	0.000146	0.004018	0.000146	0.085385	0.025861	0.004986	0.007250	0.011419	0.045718	0.000146	0.002854	0.027342	0.000146	0.004979	0.001129	0.000146	0.028586	0.006246	0.000146	0.005962	0.000146	0.019062	0.006826	0.012876	0.015494	0.008394	0.000146	0.126235	0.029685	0.086225	0.057993	0.011491	0.045718	0.011171	0.000146	0.059384	0.021363	0.007872	0.012120	0.020591	0.042731	
0.010717	0.000702	0.012447	0.043901	0.000579	0.012080	0.000980	0.010655	0.023087	0.000135	0.002248	0.000135	0.057309	0.018055	0.004089	0.009638	0.008128	0.029781	0.000135	0.000484	0.017827	0.000135	0.006522	0.001434	0.000135	0.205231	0.007846	0.000135	0.007821	0.000135	0.019798	0.003780	0.017251	0.020774	0.132312	0.000135	0.080943	0.007210	0.056359	0.025113	0.013733	0.029781	0.007307	0.000135	0.007766	0.028171	0.004783	0.008417	0.007457	0.036269	
