32
32
32
32
32
32
32
32
32
32
32
32
32
32
32
32
32
32
32
32
32
32
32
32
32
32
32
23
23
23
23
23
23
23
23
23
23
23
23
23
23
23
23
23
23
23
23
23
23
23
23
23
23
48
48
48
48
48
48
48
48
48
48
48
48
48
48
48
48
48
48
48
48
48
22
22
22
22
22
22
22
22
22
22
22
22
22
22
33
33
33
33
33
33
33
33
33
33
33
33
33
33
23
23
23
23
23
23
23
23
23
23
23
23
23
23
23
23
23
40
40
40
40
40
40
40
40
40
40
40
40
40
40
15
15
15
15
15
15
15
15
15
15
15
15
15
15
15
15
15
15
15
15
15
12
12
12
12
12
12
12
12
12
12
15
15
15
15
15
15
15
