3
3
3
3
3
3
3
3
3
3
3
3
3
3
3
3
11
11
11
11
11
11
11
11
11
11
11
11
11
11
11
11
11
11
11
11
11
11
11
11
11
11
11
11
11
11
11
11
11
11
11
11
40
40
36
36
36
36
36
36
36
36
36
36
36
36
36
11
11
11
11
11
11
11
11
11
11
22
22
22
22
22
22
22
22
22
22
22
22
22
22
22
25
25
25
25
25
25
25
25
25
25
25
25
25
25
25
25
25
25
25
25
25
25
25
25
25
25
25
5
5
5
5
5
5
5
5
5
5
5
5
5
37
37
37
37
37
37
37
37
37
37
37
37
37
37
37
37
37
37
37
37
16
16
16
16
16
16
16
16
16
16
16
16
16
16
16
16
16
16
16
16
16
16
16
0
0
0
0
0
0
0
0
0
0
0
0
0
0
0
0
0
0
0
36
36
36
36
36
36
36
36
36
36
36
36
11
11
11
11
11
11
11
11
11
11
11
11
11
11
11
11
11
11
11
11
11
11
11
11
11
11
11
11
11
11
11
11
11
11
11
11
11
11
11
11
11
