0.493387	0.001538	0.018822	0.000907	0.043646	0.031456	0.047700	0.041499	0.023294	0.076154	0.004586	0.009413	0.012713	0.015964	0.178920	
0.481162	0.007864	0.061911	0.001853	0.017769	0.027704	0.049550	0.098546	0.020376	0.091583	0.020620	0.016818	0.013569	0.038927	0.051749	
0.475204	0.013387	0.027967	0.000868	0.010761	0.022671	0.014351	0.157971	0.054289	0.128814	0.024663	0.025469	0.008899	0.026880	0.007806	
0.527268	0.000952	0.016712	0.012257	0.005413	0.078162	0.209708	0.011423	0.027734	0.010637	0.056396	0.014990	0.007977	0.015990	0.004379	
0.394875	0.002278	0.072075	0.005122	0.020590	0.041565	0.096410	0.034555	0.119904	0.030478	0.025892	0.052440	0.028020	0.070885	0.004910	
0.425622	0.003905	0.051210	0.006583	0.008772	0.057957	0.113947	0.039646	0.119093	0.034251	0.034349	0.021506	0.022992	0.051228	0.008941	
0.406905	0.001208	0.050569	0.006656	0.017866	0.054253	0.117568	0.021750	0.133686	0.021110	0.030386	0.039535	0.032386	0.058359	0.007763	
0.360053	0.004146	0.173946	0.000906	0.014993	0.021239	0.047467	0.044362	0.083554	0.039055	0.011032	0.035808	0.033906	0.116056	0.013480	
0.361779	0.001442	0.189016	0.002810	0.014956	0.027619	0.083987	0.012778	0.070950	0.012653	0.015788	0.040198	0.033293	0.123801	0.008928	
0.238389	0.003501	0.116146	0.001223	0.007117	0.053094	0.021935	0.018653	0.314336	0.017198	0.006610	0.013458	0.063628	0.117352	0.007360	
0.312148	0.002527	0.107313	0.000992	0.016221	0.042608	0.029814	0.029947	0.218810	0.032771	0.005252	0.012937	0.063364	0.096723	0.028573	
0.305927	0.002147	0.142909	0.002842	0.010675	0.044381	0.064649	0.010785	0.193661	0.010766	0.014345	0.027981	0.045169	0.115814	0.007948	
0.403776	0.006065	0.161870	0.000748	0.015140	0.014670	0.045129	0.071739	0.032704	0.060198	0.014205	0.037778	0.025167	0.101071	0.009739	
0.379351	0.004210	0.179004	0.001199	0.015335	0.018027	0.055285	0.048558	0.052159	0.041214	0.013147	0.039518	0.030842	0.114472	0.007679	
0.362237	0.002730	0.196278	0.000852	0.021469	0.011281	0.055233	0.035278	0.048183	0.031653	0.009729	0.056214	0.029538	0.127802	0.011522	
0.518179	0.003198	0.013388	0.000757	0.036063	0.020189	0.032858	0.108682	0.018674	0.104136	0.007262	0.011206	0.076647	0.011254	0.037506	
0.518882	0.002170	0.017113	0.001143	0.035830	0.019594	0.038689	0.109930	0.020563	0.100007	0.007495	0.012541	0.094907	0.013895	0.007242	
0.520239	0.001339	0.014414	0.000755	0.039334	0.017085	0.033730	0.109897	0.020459	0.101109	0.004324	0.013021	0.104405	0.012650	0.007238	
0.469625	0.001312	0.042868	0.002357	0.032987	0.034077	0.064154	0.049916	0.051876	0.063125	0.011204	0.014934	0.044152	0.034647	0.082767	
0.288955	0.001052	0.065066	0.000883	0.042934	0.018627	0.022511	0.036072	0.224173	0.037025	0.003696	0.101063	0.040577	0.097084	0.020281	
0.416809	0.004034	0.079907	0.001970	0.024645	0.026889	0.051897	0.065638	0.083368	0.061844	0.014599	0.038005	0.036315	0.065197	0.028883	
0.269740	0.000865	0.064544	0.003438	0.040320	0.026252	0.059615	0.012984	0.237519	0.013919	0.015495	0.127351	0.010200	0.105763	0.011995	
0.326701	0.005717	0.054813	0.001373	0.030745	0.021026	0.023636	0.072714	0.190623	0.061071	0.013880	0.090098	0.018719	0.082173	0.006710	
0.366647	0.001322	0.056148	0.003075	0.034596	0.028470	0.061750	0.041436	0.150220	0.040130	0.014708	0.075093	0.038470	0.073179	0.014758	
