0	9	0	75	0	0	0	
0	0	25	0	0	0	0	
0	0	0	0	0	52	0	
0	0	0	0	302	0	0	
0	0	0	115	49	0	0	
4	0	0	8	0	0	82	
0	0	0	0	29	0	0	
0	0	0	0	0	39	0	
0	0	0	1	0	0	196	
159	43	62	0	0	0	0	
60	154	0	0	0	0	0	
0	0	16	0	0	0	0	
0	0	0	0	0	25	0	
0	0	0	0	0	0	0	
0	0	46	0	0	39	0	
0	0	0	0	37	0	0	
75	0	0	0	0	0	0	
0	12	0	0	0	0	0	
0	0	0	0	0	0	108	
0	0	0	37	0	0	0	
0	1	0	87	36	0	0	
0	13	0	0	0	0	0	
0	15	0	70	0	94	0	
57	0	0	40	5	0	0	
0	0	3	0	10	0	84	
0	0	25	0	0	0	0	
0	137	0	1	0	1	1	
0	41	0	0	4	0	0	
2	0	0	50	220	1	0	
50	0	0	57	0	0	0	
0	77	0	0	0	0	0	
0	0	0	12	0	0	0	
0	115	0	0	0	0	0	
0	0	44	0	0	24	0	
51	0	239	19	0	91	1	
0	78	0	0	0	0	0	
0	0	0	132	0	0	0	
0	0	1	0	0	10	0	
0	21	0	0	0	0	0	
0	12	0	0	0	0	0	
0	0	17	0	0	0	1	
0	0	0	0	192	0	0	
0	0	0	77	0	0	0	
0	42	0	0	0	0	0	
1	0	0	0	15	0	0	
90	0	0	1	0	51	107	
0	0	0	0	0	0	0	
0	0	94	0	0	0	0	
76	0	15	0	0	0	0	
1	0	0	0	33	3	0	
