0.584079	0.000691	0.029694	0.000673	0.033448	0.014941	0.029985	0.109413	0.036775	0.098056	0.002769	0.007015	0.014884	0.021128	0.016449	
0.535168	0.003193	0.046963	0.000706	0.031218	0.016319	0.028823	0.102194	0.048536	0.086829	0.002984	0.023841	0.013030	0.055474	0.004723	
0.554692	0.001353	0.027334	0.001383	0.031228	0.022645	0.037862	0.107257	0.039942	0.100943	0.005050	0.012472	0.031436	0.022374	0.004029	
0.461059	0.003267	0.033411	0.008249	0.040784	0.015423	0.140575	0.018401	0.055486	0.013239	0.068774	0.073536	0.009250	0.055390	0.003156	
0.349403	0.006800	0.083872	0.004087	0.023917	0.034947	0.089653	0.029489	0.121994	0.017299	0.032332	0.066769	0.014715	0.119583	0.005140	
0.397486	0.006110	0.054422	0.006614	0.033499	0.009490	0.106601	0.026142	0.081736	0.015966	0.054150	0.076411	0.013700	0.109741	0.007931	
0.412424	0.000883	0.057169	0.004876	0.024610	0.084867	0.150926	0.012638	0.134775	0.012512	0.039261	0.037780	0.010165	0.013588	0.003527	
0.481696	0.001919	0.062708	0.000654	0.025249	0.028794	0.039038	0.081156	0.088846	0.071855	0.002745	0.015269	0.020608	0.052057	0.027406	
0.385564	0.003775	0.081002	0.002511	0.022070	0.022928	0.055259	0.050046	0.116501	0.044720	0.017425	0.036591	0.033125	0.092268	0.036216	
0.304002	0.001170	0.113266	0.002545	0.014080	0.032615	0.065980	0.014122	0.174818	0.019572	0.018672	0.023330	0.047879	0.085273	0.082678	
0.250801	0.001045	0.133821	0.000742	0.004816	0.047531	0.051292	0.011075	0.219481	0.017767	0.003218	0.008995	0.052988	0.097121	0.099306	
0.329786	0.000977	0.105133	0.003979	0.020890	0.006305	0.066475	0.011761	0.145539	0.017398	0.031783	0.032827	0.047920	0.088558	0.090669	
0.455180	0.001003	0.150776	0.001026	0.031617	0.008445	0.022417	0.062915	0.047696	0.061523	0.004629	0.048188	0.052830	0.030286	0.021467	
0.381328	0.004175	0.171580	0.001378	0.028233	0.006734	0.021695	0.050016	0.067210	0.044907	0.007309	0.069588	0.053620	0.079231	0.012996	
0.427756	0.000925	0.190661	0.001317	0.032555	0.023013	0.040606	0.041526	0.050529	0.041187	0.008069	0.066043	0.052837	0.016251	0.006724	
0.508918	0.001146	0.022158	0.002689	0.027604	0.006896	0.017015	0.120126	0.022440	0.133027	0.004761	0.011560	0.097546	0.019306	0.004807	
0.442011	0.003027	0.063680	0.002261	0.024394	0.006645	0.010720	0.103452	0.044168	0.113044	0.002568	0.028734	0.096453	0.053177	0.005667	
0.443995	0.000893	0.041543	0.002495	0.020653	0.031310	0.036862	0.094799	0.071813	0.109940	0.004240	0.009228	0.094842	0.022948	0.014439	
0.414243	0.001598	0.059363	0.003555	0.023901	0.005760	0.039528	0.070521	0.078758	0.081233	0.018200	0.024677	0.080621	0.057422	0.040620	
0.268437	0.010932	0.090485	0.001418	0.010882	0.026066	0.025591	0.062839	0.151657	0.048139	0.003756	0.058800	0.040709	0.193898	0.006391	
0.306335	0.008128	0.101327	0.002794	0.018823	0.016273	0.048250	0.041172	0.132758	0.029215	0.019473	0.063422	0.031723	0.157749	0.022558	
0.352490	0.006125	0.093319	0.001880	0.018361	0.055562	0.075923	0.041226	0.141697	0.027848	0.013553	0.049505	0.012459	0.106415	0.003637	
0.328703	0.006994	0.118712	0.000840	0.016205	0.049515	0.052573	0.046317	0.143119	0.031981	0.004051	0.053430	0.020750	0.122374	0.004434	
0.305341	0.003628	0.095633	0.000769	0.006197	0.117718	0.113259	0.021095	0.212936	0.015467	0.003264	0.022732	0.012370	0.064000	0.005589	
