24	0	0	13	0	0	42	
0	0	25	0	0	0	0	
0	223	0	0	0	0	0	
0	0	0	0	0	0	102	
0	0	0	0	25	0	0	
0	0	109	190	0	5	0	
0	0	65	0	0	0	0	
0	0	0	0	0	189	0	
23	0	0	0	0	0	0	
0	140	0	0	189	0	0	
88	0	2	1	79	3	0	
0	297	0	0	0	0	0	
0	40	0	0	0	0	27	
0	0	0	183	0	0	0	
0	0	97	0	0	0	32	
0	0	0	0	0	0	12	
0	0	0	0	0	0	62	
0	0	25	0	0	0	0	
11	0	0	0	0	0	0	
0	0	0	0	0	0	0	
2	0	0	82	0	0	0	
11	0	0	0	0	0	0	
0	0	0	0	74	0	0	
149	0	0	0	9	0	0	
11	0	0	0	0	0	0	
0	0	0	90	5	0	0	
0	0	0	0	57	0	0	
87	0	155	0	0	0	0	
0	1	0	0	14	9	0	
17	0	109	3	0	0	0	
0	0	0	88	0	0	21	
0	31	0	0	0	0	0	
0	0	0	0	0	0	56	
0	0	0	27	0	43	0	
0	0	0	0	0	14	1	
0	0	25	0	0	0	0	
0	0	1	0	0	8	39	
0	0	0	12	1	0	0	
49	0	0	0	0	76	0	
0	5	0	21	0	0	0	
1	0	0	0	115	60	0	
10	0	0	0	0	0	0	
132	0	131	0	0	0	0	
0	0	0	0	13	10	0	
23	0	0	0	1	0	0	
0	0	0	0	0	76	0	
0	0	0	0	0	0	69	
38	0	23	0	0	0	0	
0	0	0	0	0	14	9	
0	0	0	0	0	0	251	
