0.522053	0.006082	0.020567	0.000945	0.040903	0.038868	0.021196	0.145450	0.024331	0.129257	0.003121	0.005848	0.016027	0.014741	0.010610	
0.479523	0.004537	0.019094	0.001166	0.037840	0.043107	0.040331	0.112414	0.044026	0.107755	0.009862	0.028841	0.012614	0.031220	0.027671	
0.500190	0.004388	0.037639	0.001679	0.036677	0.027989	0.024528	0.128815	0.033993	0.110373	0.004115	0.009300	0.046074	0.026143	0.008098	
0.385674	0.005183	0.077101	0.003991	0.012829	0.045116	0.100041	0.014298	0.174670	0.022387	0.018715	0.034972	0.008285	0.065877	0.030860	
0.380597	0.003558	0.093283	0.000694	0.023437	0.037156	0.060911	0.044287	0.109634	0.048592	0.015663	0.033805	0.045249	0.072381	0.030753	
0.414390	0.002886	0.099297	0.007874	0.010158	0.023010	0.090534	0.021237	0.145729	0.014539	0.015369	0.038896	0.022464	0.080901	0.012717	
0.432671	0.004009	0.060112	0.000921	0.024368	0.066757	0.109917	0.012618	0.101104	0.047915	0.010848	0.011868	0.009206	0.038762	0.068924	
0.474444	0.000891	0.142678	0.009707	0.010759	0.016363	0.092676	0.014293	0.080458	0.012568	0.003284	0.008521	0.038141	0.080082	0.015137	
0.294996	0.005797	0.082754	0.002253	0.013719	0.031157	0.058989	0.038752	0.209695	0.025293	0.032213	0.082841	0.009339	0.104757	0.007445	
0.316407	0.006088	0.158701	0.000608	0.012346	0.034613	0.059458	0.018647	0.172543	0.017497	0.019681	0.034324	0.030983	0.106057	0.012048	
0.361379	0.008748	0.120557	0.001080	0.009106	0.053212	0.093954	0.009235	0.208875	0.018416	0.015658	0.005688	0.007470	0.065339	0.021284	
0.259458	0.004615	0.109286	0.000731	0.017359	0.024867	0.035534	0.044427	0.184620	0.028608	0.034932	0.099248	0.019863	0.130146	0.006305	
0.349532	0.002586	0.143257	0.001916	0.018971	0.030722	0.058974	0.022760	0.107593	0.027481	0.017707	0.046442	0.037313	0.107349	0.027397	
0.385043	0.001642	0.229065	0.002158	0.018819	0.015042	0.035102	0.027599	0.044392	0.026533	0.004114	0.007021	0.071145	0.120995	0.011328	
0.321831	0.001129	0.142839	0.000941	0.023388	0.027666	0.044241	0.028575	0.086753	0.033129	0.022168	0.069955	0.040633	0.124558	0.032194	
0.474288	0.000748	0.021025	0.002247	0.034143	0.013289	0.033856	0.110651	0.043025	0.091326	0.007289	0.021557	0.105043	0.027079	0.014433	
0.512108	0.001396	0.017230	0.002885	0.035103	0.013560	0.033246	0.122451	0.029743	0.100606	0.002313	0.005221	0.101458	0.013008	0.009672	
0.486254	0.000838	0.020822	0.000703	0.037618	0.027972	0.044762	0.099926	0.021613	0.097038	0.004575	0.010668	0.094388	0.018217	0.034605	
0.498279	0.001150	0.024776	0.002652	0.030898	0.068498	0.122094	0.017833	0.038798	0.062332	0.005444	0.008524	0.012287	0.018435	0.087997	
0.267021	0.001853	0.046067	0.003873	0.017202	0.014190	0.047282	0.048604	0.193765	0.025413	0.041492	0.132341	0.028659	0.123813	0.008426	
0.242445	0.002593	0.099364	0.000908	0.018310	0.023276	0.041060	0.033016	0.176942	0.022285	0.038436	0.116505	0.029168	0.138042	0.017648	
0.356463	0.002820	0.083681	0.003882	0.017428	0.023715	0.062653	0.041163	0.145205	0.031603	0.023105	0.064535	0.036638	0.091535	0.015573	
0.387548	0.001756	0.113720	0.000859	0.026833	0.017858	0.030888	0.068078	0.069143	0.057990	0.012632	0.034339	0.080089	0.083197	0.015071	
0.416787	0.001680	0.067049	0.006376	0.017009	0.032456	0.093879	0.023579	0.119702	0.028174	0.017189	0.049595	0.020647	0.072136	0.033741	
