0	0	0	12	0	0	0	
0	22	0	8	0	0	0	
2	95	0	0	39	0	0	
0	0	0	0	16	0	0	
0	0	0	1	0	0	110	
0	0	0	25	0	0	0	
0	0	0	2	0	0	127	
0	0	0	0	0	0	25	
0	1	1	0	0	226	0	
0	0	117	0	0	0	1	
0	0	0	0	22	0	0	
0	0	0	0	0	0	0	
0	0	16	0	0	0	0	
172	0	0	0	0	0	0	
93	29	2	0	0	0	2	
0	0	52	0	0	0	0	
96	0	1	0	0	0	0	
0	0	0	66	0	0	39	
0	0	0	67	0	0	0	
0	71	0	0	0	36	0	
0	106	0	0	0	0	0	
0	0	0	0	0	0	0	
0	0	78	0	0	0	0	
0	0	43	0	0	0	0	
0	0	0	0	0	58	0	
0	0	0	0	0	0	0	
0	0	0	0	0	0	0	
290	45	0	66	0	0	1	
0	0	0	27	0	0	16	
85	0	0	0	0	0	79	
0	0	0	2	0	0	83	
0	0	0	0	117	0	0	
1	0	49	0	4	241	0	
0	0	0	0	48	0	0	
1	7	104	0	0	0	0	
0	0	0	47	0	0	0	
0	81	0	0	71	0	0	
0	0	0	22	0	0	0	
3	61	0	0	0	97	0	
0	0	73	1	121	0	0	
0	0	0	47	0	80	0	
0	83	15	0	0	0	33	
0	30	17	0	0	131	0	
0	0	16	0	0	0	0	
26	0	0	80	0	0	0	
0	0	0	0	48	0	0	
0	0	0	0	140	3	0	
0	0	0	25	0	0	0	
31	0	0	0	0	0	0	
0	0	95	101	0	0	0	
