0.481252	0.001073	0.038487	0.000833	0.025414	0.042776	0.016917	0.157075	0.053417	0.125421	0.003834	0.011536	0.016649	0.019888	0.005427	
0.452881	0.002499	0.046259	0.001547	0.025940	0.025858	0.035458	0.129099	0.051106	0.105178	0.008897	0.024387	0.019054	0.053877	0.017962	
0.455443	0.002837	0.039829	0.000688	0.025288	0.029824	0.016595	0.151687	0.036840	0.126887	0.002840	0.011352	0.022506	0.057337	0.020050	
0.554670	0.001447	0.022614	0.012207	0.004125	0.040848	0.102915	0.041760	0.069743	0.008838	0.083643	0.007322	0.007501	0.031565	0.010804	
0.454696	0.001719	0.083631	0.005007	0.024467	0.019901	0.094260	0.033411	0.096895	0.023466	0.033339	0.054680	0.027069	0.037622	0.009836	
0.534046	0.001781	0.034990	0.011155	0.006923	0.035707	0.101444	0.040315	0.069286	0.009863	0.076287	0.014263	0.007937	0.041702	0.014302	
0.370355	0.000826	0.039442	0.004266	0.023836	0.042605	0.105029	0.021405	0.215208	0.009847	0.028041	0.079437	0.016981	0.038280	0.004443	
0.276964	0.008301	0.198040	0.001018	0.019442	0.009989	0.040488	0.023766	0.042129	0.019190	0.005231	0.030272	0.019672	0.223549	0.081949	
0.244334	0.007784	0.163326	0.001659	0.013848	0.034724	0.040858	0.014589	0.114292	0.010538	0.009653	0.028689	0.021165	0.217628	0.076912	
0.273772	0.001187	0.093995	0.000883	0.006950	0.130177	0.018956	0.017836	0.308499	0.017825	0.004142	0.014893	0.050167	0.052892	0.007826	
0.231269	0.004316	0.123495	0.000763	0.005301	0.108599	0.012148	0.014896	0.255155	0.015650	0.003279	0.008026	0.043888	0.133073	0.040142	
0.392645	0.000887	0.134112	0.003045	0.015995	0.075881	0.054409	0.015721	0.173445	0.009237	0.019473	0.028827	0.038554	0.032281	0.005487	
0.363733	0.004850	0.200672	0.000641	0.027645	0.010518	0.053337	0.028109	0.038833	0.024817	0.002714	0.043714	0.029058	0.126091	0.045269	
0.424451	0.002970	0.206016	0.000764	0.031977	0.009224	0.063057	0.022098	0.031166	0.024743	0.003694	0.049193	0.042946	0.065039	0.022662	
0.460075	0.001126	0.184053	0.000800	0.032708	0.021861	0.061950	0.034291	0.051376	0.034434	0.003945	0.048115	0.045922	0.015872	0.003472	
0.477138	0.004798	0.036574	0.000758	0.028976	0.006212	0.033889	0.088801	0.029519	0.121595	0.003766	0.014365	0.107258	0.034573	0.011778	
0.481300	0.003791	0.063181	0.001595	0.028291	0.010255	0.044713	0.078644	0.032899	0.097964	0.009570	0.021322	0.084445	0.031522	0.010510	
0.498916	0.004352	0.016584	0.000720	0.029085	0.009603	0.029357	0.099965	0.030316	0.135227	0.003515	0.009111	0.115692	0.013573	0.003985	
0.359557	0.007253	0.078722	0.002376	0.016031	0.023029	0.032142	0.059366	0.064659	0.070780	0.014833	0.007484	0.061856	0.148446	0.053466	
0.337583	0.004438	0.041738	0.000749	0.031395	0.008108	0.077670	0.046062	0.146161	0.059832	0.003530	0.073204	0.052726	0.090459	0.026344	
0.358855	0.005939	0.108013	0.003562	0.016369	0.024672	0.055082	0.036122	0.080892	0.034320	0.023110	0.024813	0.036022	0.142034	0.050194	
0.320864	0.001559	0.049658	0.001846	0.035124	0.014001	0.119496	0.017851	0.215318	0.012308	0.011154	0.115387	0.013061	0.060855	0.011518	
0.343338	0.001152	0.070031	0.000835	0.037569	0.013249	0.107557	0.030689	0.187734	0.024625	0.004087	0.109133	0.016361	0.046341	0.007299	
0.267729	0.003530	0.056969	0.000993	0.028734	0.027844	0.091503	0.020707	0.223225	0.020603	0.005103	0.092728	0.022415	0.108396	0.029520	
