0.000785	0.001319	0.000785	0.000785	0.000785	0.000785	0.000785	0.000785	0.000785	0.000785	0.000785	0.000785	0.000785	0.000996	0.000785	0.000785	0.000785	0.000785	0.000785	0.000785	0.000785	0.000785	0.000785	0.000785	0.000785	0.000785	0.000785	0.000785	0.000785	0.001347	0.000785	0.000785	0.001456	0.001066	0.000906	0.000785	0.000785	0.001761	0.003455	0.000785	0.000785	0.000785	0.000785	0.000785	0.000785	0.000785	0.000785	0.000785	0.000785	0.955512	
0.000705	0.002900	0.000705	0.000705	0.000705	0.000705	0.000705	0.000705	0.000705	0.000705	0.000705	0.000705	0.000705	0.000903	0.000705	0.000705	0.000705	0.000705	0.000705	0.000705	0.000705	0.000705	0.000705	0.000705	0.000705	0.000705	0.000705	0.000705	0.000705	0.002343	0.000705	0.000705	0.002123	0.001524	0.001281	0.000705	0.000705	0.002202	0.008898	0.000705	0.000705	0.000705	0.000705	0.000705	0.000705	0.000705	0.000705	0.000705	0.000705	0.948902	
0.000715	0.003001	0.000715	0.000715	0.000715	0.000715	0.000715	0.000715	0.000715	0.000715	0.000715	0.000715	0.000715	0.000916	0.000715	0.000715	0.000715	0.000715	0.000715	0.000715	0.000715	0.000715	0.000715	0.000715	0.000715	0.000715	0.000715	0.000715	0.000715	0.001096	0.000715	0.000715	0.002233	0.000906	0.001122	0.000715	0.000715	0.004035	0.003591	0.000715	0.000715	0.000715	0.000715	0.000715	0.000715	0.000715	0.000715	0.000715	0.000715	0.953779	
0.000541	0.001790	0.000541	0.000541	0.000541	0.000541	0.000541	0.000541	0.000541	0.000541	0.000541	0.000541	0.000541	0.000687	0.000541	0.000541	0.000541	0.000541	0.000541	0.000541	0.000541	0.000541	0.000541	0.000541	0.000541	0.000541	0.000541	0.000541	0.000541	0.001215	0.000541	0.000541	0.002282	0.000878	0.003233	0.000541	0.000541	0.004052	0.010317	0.000541	0.000541	0.000541	0.000541	0.000541	0.000541	0.000541	0.000541	0.000541	0.000541	0.953375	
0.000574	0.001167	0.000574	0.000574	0.000574	0.000574	0.000574	0.000574	0.000574	0.000574	0.000574	0.000574	0.000574	0.001272	0.000574	0.000574	0.000574	0.000574	0.000574	0.000574	0.000574	0.000574	0.000574	0.000574	0.000574	0.000574	0.000574	0.000574	0.000574	0.001677	0.000574	0.000574	0.004850	0.001125	0.002241	0.000574	0.000574	0.009887	0.004754	0.000574	0.000574	0.000574	0.000574	0.000574	0.000574	0.000574	0.000574	0.000574	0.000574	0.949480	
0.000576	0.002665	0.000576	0.000576	0.000576	0.000576	0.000576	0.000576	0.000576	0.000576	0.000576	0.000576	0.000576	0.001539	0.000576	0.000576	0.000576	0.000576	0.000576	0.000576	0.000576	0.000576	0.000576	0.000576	0.000576	0.000576	0.000576	0.000576	0.000576	0.001060	0.000576	0.000576	0.001265	0.000818	0.002330	0.000576	0.000576	0.001693	0.010768	0.000576	0.000576	0.000576	0.000576	0.000576	0.000576	0.000576	0.000576	0.000576	0.000576	0.954233	
0.000589	0.001009	0.000589	0.000589	0.000589	0.000589	0.000589	0.000589	0.000589	0.000589	0.000589	0.000589	0.000589	0.000951	0.000589	0.000589	0.000589	0.000589	0.000589	0.000589	0.000589	0.000589	0.000589	0.000589	0.000589	0.000589	0.000589	0.000589	0.000589	0.002236	0.000589	0.000589	0.006824	0.001413	0.001975	0.000589	0.000589	0.014118	0.003399	0.000589	0.000589	0.000589	0.000589	0.000589	0.000589	0.000589	0.000589	0.000589	0.000589	0.943911	
0.000629	0.004688	0.000629	0.000629	0.000629	0.000629	0.000629	0.000629	0.000629	0.000629	0.000629	0.000629	0.000629	0.002045	0.000629	0.000629	0.000629	0.000629	0.000629	0.000629	0.000629	0.000629	0.000629	0.000629	0.000629	0.000629	0.000629	0.000629	0.000629	0.000962	0.000629	0.000629	0.001384	0.000795	0.000801	0.000629	0.000629	0.002101	0.025630	0.000629	0.000629	0.000629	0.000629	0.000629	0.000629	0.000629	0.000629	0.000629	0.000629	0.935819	
0.000630	0.004619	0.000630	0.000630	0.000630	0.000630	0.000630	0.000630	0.000630	0.000630	0.000630	0.000630	0.000630	0.001874	0.000630	0.000630	0.000630	0.000630	0.000630	0.000630	0.000630	0.000630	0.000630	0.000630	0.000630	0.000630	0.000630	0.000630	0.000630	0.000895	0.000630	0.000630	0.001094	0.000763	0.000946	0.000630	0.000630	0.001458	0.026742	0.000630	0.000630	0.000630	0.000630	0.000630	0.000630	0.000630	0.000630	0.000630	0.000630	0.935764	
0.000582	0.001163	0.000582	0.000582	0.000582	0.000582	0.000582	0.000582	0.000582	0.000582	0.000582	0.000582	0.000582	0.004501	0.000582	0.000582	0.000582	0.000582	0.000582	0.000582	0.000582	0.000582	0.000582	0.000582	0.000582	0.000582	0.000582	0.000582	0.000582	0.001264	0.000582	0.000582	0.001589	0.000923	0.000792	0.000582	0.000582	0.002248	0.002704	0.000582	0.000582	0.000582	0.000582	0.000582	0.000582	0.000582	0.000582	0.000582	0.000582	0.960935	
0.000576	0.001502	0.000576	0.000576	0.000576	0.000576	0.000576	0.000576	0.000576	0.000576	0.000576	0.000576	0.000576	0.004526	0.000576	0.000576	0.000576	0.000576	0.000576	0.000576	0.000576	0.000576	0.000576	0.000576	0.000576	0.000576	0.000576	0.000576	0.000576	0.000942	0.000576	0.000576	0.001458	0.000759	0.000746	0.000576	0.000576	0.002323	0.005163	0.000576	0.000576	0.000576	0.000576	0.000576	0.000576	0.000576	0.000576	0.000576	0.000576	0.958979	
0.000563	0.001676	0.000563	0.000563	0.000563	0.000563	0.000563	0.000563	0.000563	0.000563	0.000563	0.000563	0.000563	0.003284	0.000563	0.000563	0.000563	0.000563	0.000563	0.000563	0.000563	0.000563	0.000563	0.000563	0.000563	0.000563	0.000563	0.000563	0.000563	0.001060	0.000563	0.000563	0.001210	0.000812	0.001691	0.000563	0.000563	0.001559	0.003728	0.000563	0.000563	0.000563	0.000563	0.000563	0.000563	0.000563	0.000563	0.000563	0.000563	0.961887	
0.000689	0.005085	0.000689	0.000689	0.000689	0.000689	0.000689	0.000689	0.000689	0.000689	0.000689	0.000689	0.000689	0.001238	0.000689	0.000689	0.000689	0.000689	0.000689	0.000689	0.000689	0.000689	0.000689	0.000689	0.000689	0.000689	0.000689	0.000689	0.000689	0.001235	0.000689	0.000689	0.001400	0.000962	0.000838	0.000689	0.000689	0.001783	0.008029	0.000689	0.000689	0.000689	0.000689	0.000689	0.000689	0.000689	0.000689	0.000689	0.000689	0.951161	
0.000623	0.004546	0.000623	0.000623	0.000623	0.000623	0.000623	0.000623	0.000623	0.000623	0.000623	0.000623	0.000623	0.001070	0.000623	0.000623	0.000623	0.000623	0.000623	0.000623	0.000623	0.000623	0.000623	0.000623	0.000623	0.000623	0.000623	0.000623	0.000623	0.001097	0.000623	0.000623	0.001327	0.000860	0.001753	0.000623	0.000623	0.001791	0.008316	0.000623	0.000623	0.000623	0.000623	0.000623	0.000623	0.000623	0.000623	0.000623	0.000623	0.953716	
0.000679	0.005886	0.000679	0.000679	0.000679	0.000679	0.000679	0.000679	0.000679	0.000679	0.000679	0.000679	0.000679	0.000909	0.000679	0.000679	0.000679	0.000679	0.000679	0.000679	0.000679	0.000679	0.000679	0.000679	0.000679	0.000679	0.000679	0.000679	0.000679	0.001045	0.000679	0.000679	0.002512	0.000862	0.000807	0.000679	0.000679	0.004806	0.002750	0.000679	0.000679	0.000679	0.000679	0.000679	0.000679	0.000679	0.000679	0.000679	0.000679	0.952591	
0.000740	0.001198	0.000740	0.000740	0.000740	0.000740	0.000740	0.000740	0.000740	0.000740	0.000740	0.000740	0.000740	0.001199	0.000740	0.000740	0.000740	0.000740	0.000740	0.000740	0.000740	0.000740	0.000740	0.000740	0.000740	0.000740	0.000740	0.000740	0.000740	0.012475	0.000740	0.000740	0.007057	0.006608	0.000818	0.000740	0.000740	0.001863	0.002372	0.000740	0.000740	0.000740	0.000740	0.000740	0.000740	0.000740	0.000740	0.000740	0.000740	0.936054	
0.000734	0.002161	0.000734	0.000734	0.000734	0.000734	0.000734	0.000734	0.000734	0.000734	0.000734	0.000734	0.000734	0.000905	0.000734	0.000734	0.000734	0.000734	0.000734	0.000734	0.000734	0.000734	0.000734	0.000734	0.000734	0.000734	0.000734	0.000734	0.000734	0.009246	0.000734	0.000734	0.005614	0.004990	0.000886	0.000734	0.000734	0.002294	0.007137	0.000734	0.000734	0.000734	0.000734	0.000734	0.000734	0.000734	0.000734	0.000734	0.000734	0.936669	
0.000744	0.001184	0.000744	0.000744	0.000744	0.000744	0.000744	0.000744	0.000744	0.000744	0.000744	0.000744	0.000744	0.000927	0.000744	0.000744	0.000744	0.000744	0.000744	0.000744	0.000744	0.000744	0.000744	0.000744	0.000744	0.000744	0.000744	0.000744	0.000744	0.012800	0.000744	0.000744	0.007600	0.006772	0.000864	0.000744	0.000744	0.002815	0.002189	0.000744	0.000744	0.000744	0.000744	0.000744	0.000744	0.000744	0.000744	0.000744	0.000744	0.934334	
0.000653	0.001010	0.000653	0.000653	0.000653	0.000653	0.000653	0.000653	0.000653	0.000653	0.000653	0.000653	0.000653	0.003141	0.000653	0.000653	0.000653	0.000653	0.000653	0.000653	0.000653	0.000653	0.000653	0.000653	0.000653	0.000653	0.000653	0.000653	0.000653	0.006463	0.000653	0.000653	0.003856	0.003558	0.000826	0.000653	0.000653	0.001399	0.002151	0.000653	0.000653	0.000653	0.000653	0.000653	0.000653	0.000653	0.000653	0.000653	0.000653	0.950840	
0.000544	0.001138	0.000544	0.000544	0.000544	0.000544	0.000544	0.000544	0.000544	0.000544	0.000544	0.000544	0.000544	0.000714	0.000544	0.000544	0.000544	0.000544	0.000544	0.000544	0.000544	0.000544	0.000544	0.000544	0.000544	0.000544	0.000544	0.000544	0.000544	0.001835	0.000544	0.000544	0.003372	0.001189	0.003205	0.000544	0.000544	0.006000	0.005839	0.000544	0.000544	0.000544	0.000544	0.000544	0.000544	0.000544	0.000544	0.000544	0.000544	0.954408	
0.000547	0.001332	0.000547	0.000547	0.000547	0.000547	0.000547	0.000547	0.000547	0.000547	0.000547	0.000547	0.000547	0.001462	0.000547	0.000547	0.000547	0.000547	0.000547	0.000547	0.000547	0.000547	0.000547	0.000547	0.000547	0.000547	0.000547	0.000547	0.000547	0.001367	0.000547	0.000547	0.002266	0.000957	0.002838	0.000547	0.000547	0.003819	0.007030	0.000547	0.000547	0.000547	0.000547	0.000547	0.000547	0.000547	0.000547	0.000547	0.000547	0.956496	
0.000589	0.001962	0.000589	0.000589	0.000589	0.000589	0.000589	0.000589	0.000589	0.000589	0.000589	0.000589	0.000589	0.000946	0.000589	0.000589	0.000589	0.000589	0.000589	0.000589	0.000589	0.000589	0.000589	0.000589	0.000589	0.000589	0.000589	0.000589	0.000589	0.000893	0.000589	0.000589	0.005834	0.000741	0.001866	0.000589	0.000589	0.013321	0.005211	0.000589	0.000589	0.000589	0.000589	0.000589	0.000589	0.000589	0.000589	0.000589	0.000589	0.945082	
0.000623	0.001134	0.000623	0.000623	0.000623	0.000623	0.000623	0.000623	0.000623	0.000623	0.000623	0.000623	0.000623	0.000795	0.000623	0.000623	0.000623	0.000623	0.000623	0.000623	0.000623	0.000623	0.000623	0.000623	0.000623	0.000623	0.000623	0.000623	0.000623	0.001260	0.000623	0.000623	0.009913	0.000942	0.001026	0.000623	0.000623	0.023050	0.002588	0.000623	0.000623	0.000623	0.000623	0.000623	0.000623	0.000623	0.000623	0.000623	0.000623	0.933750	
0.000636	0.002480	0.000636	0.000636	0.000636	0.000636	0.000636	0.000636	0.000636	0.000636	0.000636	0.000636	0.000636	0.001027	0.000636	0.000636	0.000636	0.000636	0.000636	0.000636	0.000636	0.000636	0.000636	0.000636	0.000636	0.000636	0.000636	0.000636	0.000636	0.001488	0.000636	0.000636	0.007765	0.001062	0.000767	0.000636	0.000636	0.017392	0.012377	0.000636	0.000636	0.000636	0.000636	0.000636	0.000636	0.000636	0.000636	0.000636	0.000636	0.929559	
