0	0	0	0	0	0	16	
108	0	0	2	0	0	0	
0	36	0	0	0	0	0	
0	0	24	0	0	0	48	
0	0	31	1	1	29	28	
0	31	0	0	88	0	0	
34	0	0	0	0	0	0	
20	0	0	0	0	0	0	
118	0	3	0	0	86	22	
0	0	0	50	49	0	0	
38	0	0	56	0	0	24	
0	0	0	0	0	0	28	
0	1	0	66	0	0	0	
0	5	0	0	0	85	0	
72	1	0	0	0	0	0	
67	0	37	0	0	0	0	
64	0	0	0	44	0	0	
0	0	0	0	13	0	20	
0	0	0	0	0	0	62	
0	0	0	0	189	1	0	
0	0	0	61	0	16	0	
0	17	0	0	0	0	1	
0	0	0	0	0	66	0	
0	0	0	41	0	0	0	
0	0	0	140	0	0	0	
0	0	0	0	0	0	109	
0	216	0	0	0	0	0	
4	0	0	0	86	0	45	
129	376	0	3	0	0	0	
0	0	0	0	0	0	0	
0	0	0	0	52	26	0	
0	0	0	73	0	0	0	
0	0	129	0	59	0	0	
21	0	0	0	0	0	0	
33	0	0	0	0	0	0	
0	0	60	0	0	40	0	
0	0	0	132	2	0	0	
65	0	0	0	257	0	44	
0	0	81	0	0	0	0	
0	0	0	0	0	0	0	
0	42	0	0	0	42	0	
0	0	118	0	4	0	0	
0	0	0	0	0	126	0	
0	0	0	0	1	0	111	
0	1	0	0	14	0	0	
0	0	0	0	0	25	0	
0	0	0	0	0	22	0	
0	0	1	98	0	0	0	
0	0	0	0	0	12	1	
0	0	0	0	0	0	0	
