0.536219	0.002588	0.016625	0.009491	0.035486	0.059931	0.089866	0.046202	0.024457	0.053689	0.038981	0.008498	0.009969	0.025660	0.042337	
0.476416	0.005860	0.103666	0.003637	0.023524	0.036502	0.058029	0.079556	0.024117	0.054630	0.014597	0.016865	0.037561	0.059272	0.005768	
0.455273	0.006902	0.111057	0.002455	0.023735	0.025412	0.040258	0.084821	0.043438	0.065893	0.012353	0.021685	0.047124	0.051566	0.008028	
0.447880	0.003059	0.082382	0.006292	0.025776	0.059307	0.092922	0.038513	0.063232	0.022688	0.026554	0.027018	0.013054	0.078921	0.012402	
0.437812	0.004551	0.072341	0.003592	0.019851	0.036252	0.070331	0.050517	0.093617	0.058310	0.015702	0.043066	0.023880	0.045025	0.025153	
0.437884	0.005499	0.093960	0.004211	0.023274	0.042148	0.067456	0.060134	0.080334	0.041662	0.018413	0.037696	0.027740	0.053777	0.005813	
0.397193	0.002131	0.042303	0.006759	0.029681	0.059475	0.091685	0.033261	0.162674	0.011434	0.031271	0.062694	0.015769	0.044038	0.009632	
0.325117	0.002293	0.155797	0.000605	0.017858	0.036502	0.066967	0.027810	0.099655	0.020778	0.011375	0.028526	0.037245	0.157596	0.011877	
0.359218	0.002469	0.179162	0.000792	0.007775	0.048157	0.096313	0.011215	0.044998	0.016093	0.005823	0.018862	0.013029	0.184342	0.011751	
0.270227	0.001244	0.093425	0.002598	0.036569	0.027038	0.035189	0.019752	0.206253	0.030277	0.031735	0.045950	0.054956	0.108182	0.036605	
0.266524	0.001488	0.115725	0.001605	0.029111	0.029569	0.046833	0.014535	0.193530	0.024569	0.024600	0.048151	0.047046	0.127080	0.029632	
0.229626	0.000902	0.102556	0.001011	0.033678	0.019177	0.028887	0.011252	0.235238	0.034129	0.027812	0.053766	0.058964	0.120355	0.042646	
0.439754	0.007386	0.133525	0.000824	0.013810	0.021964	0.048619	0.068510	0.041627	0.072965	0.003968	0.026609	0.036001	0.069697	0.014740	
0.433033	0.007099	0.131193	0.001561	0.018633	0.024851	0.045346	0.070265	0.048006	0.064707	0.008903	0.024402	0.040137	0.070958	0.010906	
0.416266	0.007943	0.116900	0.001047	0.023632	0.012069	0.020523	0.082424	0.083024	0.079352	0.010723	0.032292	0.055557	0.042716	0.015532	
0.518122	0.000962	0.014269	0.000712	0.034766	0.005589	0.013893	0.167964	0.022969	0.085901	0.002943	0.009009	0.106933	0.010696	0.005272	
0.497180	0.002999	0.047285	0.002844	0.030552	0.024722	0.040602	0.120835	0.035207	0.065707	0.011438	0.017234	0.069427	0.028422	0.005545	
0.504609	0.000959	0.019380	0.001189	0.029817	0.009416	0.029096	0.128910	0.029938	0.093028	0.005912	0.010313	0.083598	0.024678	0.029157	
0.496937	0.000937	0.018733	0.000998	0.005947	0.008918	0.076361	0.012354	0.029110	0.148271	0.004372	0.013784	0.009030	0.051498	0.122748	
0.283896	0.001384	0.095286	0.000636	0.021134	0.029161	0.059405	0.028096	0.209250	0.025844	0.014004	0.069336	0.043397	0.100534	0.018635	
0.326438	0.002625	0.105482	0.001485	0.027045	0.026069	0.043998	0.041890	0.151042	0.039441	0.018702	0.042231	0.051024	0.099562	0.022967	
0.265018	0.001569	0.072631	0.000775	0.014451	0.035443	0.079228	0.016609	0.273052	0.015812	0.010615	0.105884	0.026852	0.070936	0.011123	
0.345086	0.004767	0.067565	0.000881	0.013668	0.026215	0.063548	0.050079	0.215551	0.046694	0.006073	0.094916	0.031748	0.024671	0.008538	
0.337227	0.001949	0.087831	0.001167	0.007337	0.041724	0.098195	0.014235	0.179674	0.027831	0.005722	0.079563	0.010365	0.088418	0.018761	
