0.000874	0.001491	0.000874	0.000874	0.000874	0.000874	0.000874	0.000874	0.000874	0.000874	0.000874	0.000874	0.000874	0.001166	0.000874	0.000874	0.000874	0.000874	0.000874	0.000874	0.000874	0.000874	0.000874	0.000874	0.000874	0.000874	0.000874	0.000874	0.000874	0.001379	0.000874	0.000874	0.001632	0.001127	0.001009	0.000874	0.000874	0.009549	0.002542	0.000874	0.000874	0.000874	0.000874	0.000874	0.000874	0.000874	0.000874	0.000874	0.000874	0.944262	
0.000671	0.001106	0.000671	0.000671	0.000671	0.000671	0.000671	0.000671	0.000671	0.000671	0.000671	0.000671	0.000671	0.000920	0.000671	0.000671	0.000671	0.000671	0.000671	0.000671	0.000671	0.000671	0.000671	0.000671	0.000671	0.000671	0.000671	0.000671	0.000671	0.002205	0.000671	0.000671	0.002971	0.001438	0.000841	0.000671	0.000671	0.004080	0.005017	0.000671	0.000671	0.000671	0.000671	0.000671	0.000671	0.000671	0.000671	0.000671	0.000671	0.953918	
0.000698	0.001177	0.000698	0.000698	0.000698	0.000698	0.000698	0.000698	0.000698	0.000698	0.000698	0.000698	0.000698	0.001609	0.000698	0.000698	0.000698	0.000698	0.000698	0.000698	0.000698	0.000698	0.000698	0.000698	0.000698	0.000698	0.000698	0.000698	0.000698	0.002547	0.000698	0.000698	0.003471	0.001623	0.001019	0.000698	0.000698	0.007196	0.006282	0.000698	0.000698	0.000698	0.000698	0.000698	0.000698	0.000698	0.000698	0.000698	0.000698	0.946448	
0.000594	0.002403	0.000594	0.000594	0.000594	0.000594	0.000594	0.000594	0.000594	0.000594	0.000594	0.000594	0.000594	0.002977	0.000594	0.000594	0.000594	0.000594	0.000594	0.000594	0.000594	0.000594	0.000594	0.000594	0.000594	0.000594	0.000594	0.000594	0.000594	0.001064	0.000594	0.000594	0.001300	0.000829	0.001094	0.000594	0.000594	0.010307	0.003270	0.000594	0.000594	0.000594	0.000594	0.000594	0.000594	0.000594	0.000594	0.000594	0.000594	0.952408	
0.000584	0.001021	0.000584	0.000584	0.000584	0.000584	0.000584	0.000584	0.000584	0.000584	0.000584	0.000584	0.000584	0.002202	0.000584	0.000584	0.000584	0.000584	0.000584	0.000584	0.000584	0.000584	0.000584	0.000584	0.000584	0.000584	0.000584	0.000584	0.000584	0.001018	0.000584	0.000584	0.001235	0.000801	0.001289	0.000584	0.000584	0.007613	0.003782	0.000584	0.000584	0.000584	0.000584	0.000584	0.000584	0.000584	0.000584	0.000584	0.000584	0.957084	
0.000582	0.001523	0.000582	0.000582	0.000582	0.000582	0.000582	0.000582	0.000582	0.000582	0.000582	0.000582	0.000582	0.002573	0.000582	0.000582	0.000582	0.000582	0.000582	0.000582	0.000582	0.000582	0.000582	0.000582	0.000582	0.000582	0.000582	0.000582	0.000582	0.000945	0.000582	0.000582	0.001126	0.000764	0.001142	0.000582	0.000582	0.008837	0.003166	0.000582	0.000582	0.000582	0.000582	0.000582	0.000582	0.000582	0.000582	0.000582	0.000582	0.956044	
0.000580	0.000942	0.000580	0.000580	0.000580	0.000580	0.000580	0.000580	0.000580	0.000580	0.000580	0.000580	0.000580	0.003646	0.000580	0.000580	0.000580	0.000580	0.000580	0.000580	0.000580	0.000580	0.000580	0.000580	0.000580	0.000580	0.000580	0.000580	0.000580	0.000868	0.000580	0.000580	0.001012	0.000724	0.001866	0.000580	0.000580	0.013244	0.005159	0.000580	0.000580	0.000580	0.000580	0.000580	0.000580	0.000580	0.000580	0.000580	0.000580	0.948748	
0.000616	0.002197	0.000616	0.000616	0.000616	0.000616	0.000616	0.000616	0.000616	0.000616	0.000616	0.000616	0.000616	0.000920	0.000616	0.000616	0.000616	0.000616	0.000616	0.000616	0.000616	0.000616	0.000616	0.000616	0.000616	0.000616	0.000616	0.000616	0.000616	0.001901	0.000616	0.000616	0.002543	0.001258	0.001233	0.000616	0.000616	0.002720	0.005679	0.000616	0.000616	0.000616	0.000616	0.000616	0.000616	0.000616	0.000616	0.000616	0.000616	0.956297	
0.000596	0.003211	0.000596	0.000596	0.000596	0.000596	0.000596	0.000596	0.000596	0.000596	0.000596	0.000596	0.000596	0.000709	0.000596	0.000596	0.000596	0.000596	0.000596	0.000596	0.000596	0.000596	0.000596	0.000596	0.000596	0.000596	0.000596	0.000596	0.000596	0.000853	0.000596	0.000596	0.000981	0.000724	0.000903	0.000596	0.000596	0.001455	0.002159	0.000596	0.000596	0.000596	0.000596	0.000596	0.000596	0.000596	0.000596	0.000596	0.000596	0.964576	
0.000628	0.005794	0.000628	0.000628	0.000628	0.000628	0.000628	0.000628	0.000628	0.000628	0.000628	0.000628	0.000628	0.000785	0.000628	0.000628	0.000628	0.000628	0.000628	0.000628	0.000628	0.000628	0.000628	0.000628	0.000628	0.000628	0.000628	0.000628	0.000628	0.001218	0.000628	0.000628	0.001514	0.000923	0.002516	0.000628	0.000628	0.001602	0.007770	0.000628	0.000628	0.000628	0.000628	0.000628	0.000628	0.000628	0.000628	0.000628	0.000628	0.952146	
0.000621	0.004379	0.000621	0.000621	0.000621	0.000621	0.000621	0.000621	0.000621	0.000621	0.000621	0.000621	0.000621	0.000815	0.000621	0.000621	0.000621	0.000621	0.000621	0.000621	0.000621	0.000621	0.000621	0.000621	0.000621	0.000621	0.000621	0.000621	0.000621	0.000981	0.000621	0.000621	0.001161	0.000801	0.002572	0.000621	0.000621	0.002172	0.007374	0.000621	0.000621	0.000621	0.000621	0.000621	0.000621	0.000621	0.000621	0.000621	0.000621	0.954272	
0.000629	0.005894	0.000629	0.000629	0.000629	0.000629	0.000629	0.000629	0.000629	0.000629	0.000629	0.000629	0.000629	0.000801	0.000629	0.000629	0.000629	0.000629	0.000629	0.000629	0.000629	0.000629	0.000629	0.000629	0.000629	0.000629	0.000629	0.000629	0.000629	0.001075	0.000629	0.000629	0.001298	0.000852	0.002127	0.000629	0.000629	0.001642	0.006241	0.000629	0.000629	0.000629	0.000629	0.000629	0.000629	0.000629	0.000629	0.000629	0.000629	0.954293	
0.000580	0.001359	0.000580	0.000580	0.000580	0.000580	0.000580	0.000580	0.000580	0.000580	0.000580	0.000580	0.000580	0.000973	0.000580	0.000580	0.000580	0.000580	0.000580	0.000580	0.000580	0.000580	0.000580	0.000580	0.000580	0.000580	0.000580	0.000580	0.000580	0.001074	0.000580	0.000580	0.001320	0.000827	0.000961	0.000580	0.000580	0.002633	0.002955	0.000580	0.000580	0.000580	0.000580	0.000580	0.000580	0.000580	0.000580	0.000580	0.000580	0.964115	
0.000576	0.001187	0.000576	0.000576	0.000576	0.000576	0.000576	0.000576	0.000576	0.000576	0.000576	0.000576	0.000576	0.001782	0.000576	0.000576	0.000576	0.000576	0.000576	0.000576	0.000576	0.000576	0.000576	0.000576	0.000576	0.000576	0.000576	0.000576	0.000576	0.001112	0.000576	0.000576	0.001380	0.000844	0.000950	0.000576	0.000576	0.005688	0.003037	0.000576	0.000576	0.000576	0.000576	0.000576	0.000576	0.000576	0.000576	0.000576	0.000576	0.960401	
0.000573	0.001180	0.000573	0.000573	0.000573	0.000573	0.000573	0.000573	0.000573	0.000573	0.000573	0.000573	0.000573	0.001146	0.000573	0.000573	0.000573	0.000573	0.000573	0.000573	0.000573	0.000573	0.000573	0.000573	0.000573	0.000573	0.000573	0.000573	0.000573	0.001316	0.000573	0.000573	0.001687	0.000945	0.001302	0.000573	0.000573	0.003150	0.004617	0.000573	0.000573	0.000573	0.000573	0.000573	0.000573	0.000573	0.000573	0.000573	0.000573	0.961158	
0.000725	0.001237	0.000725	0.000725	0.000725	0.000725	0.000725	0.000725	0.000725	0.000725	0.000725	0.000725	0.000725	0.000935	0.000725	0.000725	0.000725	0.000725	0.000725	0.000725	0.000725	0.000725	0.000725	0.000725	0.000725	0.000725	0.000725	0.000725	0.000725	0.012530	0.000725	0.000725	0.018432	0.006627	0.001080	0.000725	0.000725	0.001839	0.031304	0.000725	0.000725	0.000725	0.000725	0.000725	0.000725	0.000725	0.000725	0.000725	0.000725	0.896309	
0.000664	0.000958	0.000664	0.000664	0.000664	0.000664	0.000664	0.000664	0.000664	0.000664	0.000664	0.000664	0.000664	0.002678	0.000664	0.000664	0.000664	0.000664	0.000664	0.000664	0.000664	0.000664	0.000664	0.000664	0.000664	0.000664	0.000664	0.000664	0.000664	0.007560	0.000664	0.000664	0.011008	0.004112	0.000775	0.000664	0.000664	0.008924	0.018237	0.000664	0.000664	0.000664	0.000664	0.000664	0.000664	0.000664	0.000664	0.000664	0.000664	0.918536	
0.000766	0.002359	0.000766	0.000766	0.000766	0.000766	0.000766	0.000766	0.000766	0.000766	0.000766	0.000766	0.000766	0.001003	0.000766	0.000766	0.000766	0.000766	0.000766	0.000766	0.000766	0.000766	0.000766	0.000766	0.000766	0.000766	0.000766	0.000766	0.000766	0.007896	0.000766	0.000766	0.011461	0.004331	0.001035	0.000766	0.000766	0.004144	0.019398	0.000766	0.000766	0.000766	0.000766	0.000766	0.000766	0.000766	0.000766	0.000766	0.000766	0.916963	
0.000736	0.009948	0.000736	0.000736	0.000736	0.000736	0.000736	0.000736	0.000736	0.000736	0.000736	0.000736	0.000736	0.000961	0.000736	0.000736	0.000736	0.000736	0.000736	0.000736	0.000736	0.000736	0.000736	0.000736	0.000736	0.000736	0.000736	0.000736	0.000736	0.004663	0.000736	0.000736	0.006626	0.002699	0.000860	0.000736	0.000736	0.001816	0.010924	0.000736	0.000736	0.000736	0.000736	0.000736	0.000736	0.000736	0.000736	0.000736	0.000736	0.931320	
0.000566	0.001543	0.000566	0.000566	0.000566	0.000566	0.000566	0.000566	0.000566	0.000566	0.000566	0.000566	0.000566	0.000720	0.000566	0.000566	0.000566	0.000566	0.000566	0.000566	0.000566	0.000566	0.000566	0.000566	0.000566	0.000566	0.000566	0.000566	0.000566	0.001429	0.000566	0.000566	0.001860	0.000998	0.002883	0.000566	0.000566	0.001474	0.009672	0.000566	0.000566	0.000566	0.000566	0.000566	0.000566	0.000566	0.000566	0.000566	0.000566	0.956203	
0.000601	0.002859	0.000601	0.000601	0.000601	0.000601	0.000601	0.000601	0.000601	0.000601	0.000601	0.000601	0.000601	0.001314	0.000601	0.000601	0.000601	0.000601	0.000601	0.000601	0.000601	0.000601	0.000601	0.000601	0.000601	0.000601	0.000601	0.000601	0.000601	0.002265	0.000601	0.000601	0.003097	0.001433	0.002377	0.000601	0.000601	0.003703	0.010089	0.000601	0.000601	0.000601	0.000601	0.000601	0.000601	0.000601	0.000601	0.000601	0.000601	0.948220	
0.000567	0.001704	0.000567	0.000567	0.000567	0.000567	0.000567	0.000567	0.000567	0.000567	0.000567	0.000567	0.000567	0.001746	0.000567	0.000567	0.000567	0.000567	0.000567	0.000567	0.000567	0.000567	0.000567	0.000567	0.000567	0.000567	0.000567	0.000567	0.000567	0.001044	0.000567	0.000567	0.001282	0.000805	0.002745	0.000567	0.000567	0.005488	0.008291	0.000567	0.000567	0.000567	0.000567	0.000567	0.000567	0.000567	0.000567	0.000567	0.000567	0.953633	
0.000580	0.001100	0.000580	0.000580	0.000580	0.000580	0.000580	0.000580	0.000580	0.000580	0.000580	0.000580	0.000580	0.003503	0.000580	0.000580	0.000580	0.000580	0.000580	0.000580	0.000580	0.000580	0.000580	0.000580	0.000580	0.000580	0.000580	0.000580	0.000580	0.001133	0.000580	0.000580	0.001409	0.000857	0.002043	0.000580	0.000580	0.012571	0.006351	0.000580	0.000580	0.000580	0.000580	0.000580	0.000580	0.000580	0.000580	0.000580	0.000580	0.947240	
0.000586	0.002390	0.000586	0.000586	0.000586	0.000586	0.000586	0.000586	0.000586	0.000586	0.000586	0.000586	0.000586	0.001181	0.000586	0.000586	0.000586	0.000586	0.000586	0.000586	0.000586	0.000586	0.000586	0.000586	0.000586	0.000586	0.000586	0.000586	0.000586	0.001055	0.000586	0.000586	0.001290	0.000820	0.001981	0.000586	0.000586	0.003394	0.005945	0.000586	0.000586	0.000586	0.000586	0.000586	0.000586	0.000586	0.000586	0.000586	0.000586	0.957930	
