33
33
33
33
33
33
33
33
33
33
33
33
33
33
33
33
33
33
49
49
49
49
49
49
49
49
49
49
49
49
49
49
49
49
49
49
49
23
23
23
23
23
23
23
23
23
23
23
23
23
23
23
23
23
23
23
47
47
47
47
47
47
47
47
47
47
47
47
47
47
47
47
47
47
47
47
47
47
47
47
47
47
47
47
47
47
47
47
47
47
47
47
47
47
47
47
47
47
47
37
37
37
37
37
37
37
37
37
37
37
37
37
37
37
37
37
37
37
29
29
29
29
29
29
29
29
25
25
25
25
25
25
25
25
25
25
25
25
25
25
25
25
25
25
30
30
30
30
30
30
30
30
30
30
30
30
30
30
30
34
34
34
34
34
34
34
34
34
34
34
34
34
34
34
34
34
34
34
34
