49
49
49
49
49
49
49
49
49
49
49
49
25
25
25
25
25
25
25
25
25
25
25
25
46
46
46
46
46
46
46
46
46
46
46
46
46
46
46
46
46
40
40
40
40
40
40
40
40
40
40
40
40
40
40
38
38
38
38
38
38
38
38
38
38
38
38
38
13
13
13
13
13
13
13
13
13
13
13
13
13
13
13
13
13
13
13
13
44
44
44
44
49
49
49
49
49
49
49
49
49
15
15
15
15
15
15
15
15
15
30
30
30
30
30
30
30
30
30
30
30
30
30
30
30
30
30
40
40
40
40
40
40
40
40
40
40
40
40
40
40
40
40
40
40
38
38
38
38
38
38
38
38
38
38
38
38
38
38
38
38
38
38
38
38
38
38
38
30
30
30
30
30
30
30
30
30
30
30
30
30
30
30
30
