0.149024	0.053100	0.098664	0.585474	0.050702	0.033916	0.029120	
0.031071	0.026342	0.026342	0.510976	0.035799	0.250929	0.118541	
0.072633	0.019621	0.024441	0.434079	0.048537	0.173838	0.226850	
0.543404	0.021873	0.074504	0.062543	0.055366	0.174983	0.067327	
0.425870	0.045255	0.203647	0.080716	0.175279	0.021614	0.047619	
0.446092	0.097035	0.028639	0.061658	0.139488	0.189016	0.038073	
0.692101	0.037983	0.035630	0.122689	0.059160	0.026218	0.026218	
0.047619	0.168186	0.101993	0.026342	0.260385	0.345491	0.049983	
0.220437	0.041012	0.052973	0.024265	0.029050	0.607997	0.024265	
0.209085	0.041609	0.345007	0.031900	0.296463	0.031900	0.044036	
0.040241	0.023810	0.636486	0.019115	0.138833	0.098927	0.042589	
0.254007	0.029617	0.254007	0.017422	0.393031	0.024739	0.027178	
0.083858	0.028174	0.032814	0.060656	0.464369	0.290355	0.039775	
0.037542	0.063123	0.035216	0.130565	0.500332	0.200332	0.032890	
0.028239	0.042193	0.030565	0.107309	0.644518	0.111960	0.035216	
0.026721	0.065091	0.021925	0.168208	0.041110	0.108256	0.568688	
0.053485	0.096963	0.026915	0.051070	0.031746	0.072809	0.667012	
0.072112	0.031442	0.091251	0.079289	0.026658	0.036227	0.663021	
0.189791	0.031518	0.244947	0.156218	0.026721	0.137033	0.213772	
0.026468	0.508653	0.026468	0.140482	0.033593	0.152358	0.111978	
0.149628	0.438727	0.050102	0.026405	0.066689	0.187542	0.080907	
0.078017	0.114424	0.277046	0.114424	0.051318	0.201803	0.162968	
0.038898	0.318417	0.120826	0.260585	0.101549	0.036489	0.123236	
0.043613	0.074863	0.288805	0.108516	0.029190	0.372940	0.082074	
