0.017129	0.031518	0.045906	0.033916	0.036314	0.798904	0.036314	
0.053615	0.317537	0.211000	0.034244	0.068143	0.198893	0.116569	
0.024559	0.310273	0.145624	0.046351	0.019716	0.411968	0.041508	
0.067167	0.033754	0.060007	0.100580	0.678145	0.028981	0.031367	
0.151280	0.255054	0.054582	0.061658	0.382412	0.033356	0.061658	
0.158237	0.163021	0.084074	0.052973	0.340055	0.139098	0.062543	
0.092101	0.037983	0.030924	0.179160	0.445042	0.080336	0.134454	
0.051318	0.126560	0.395978	0.272191	0.056172	0.051318	0.046463	
0.061474	0.034579	0.430667	0.283968	0.105484	0.056584	0.027244	
0.071780	0.032372	0.029909	0.574243	0.086559	0.113652	0.091485	
0.081918	0.023643	0.116883	0.485181	0.168165	0.060939	0.063270	
0.049491	0.184626	0.024921	0.597403	0.064233	0.024921	0.054405	
0.094581	0.025616	0.317570	0.165846	0.053202	0.312972	0.030213	
0.035714	0.134771	0.422507	0.106469	0.038073	0.224394	0.038073	
0.116452	0.225457	0.130670	0.128301	0.047732	0.287068	0.064320	
0.148312	0.107740	0.036140	0.019434	0.045687	0.033754	0.608933	
0.027046	0.070735	0.133842	0.031900	0.179958	0.053745	0.502774	
0.053356	0.070224	0.024441	0.031670	0.072633	0.176248	0.571429	
0.024150	0.021769	0.112245	0.233673	0.136054	0.138435	0.333673	
0.385681	0.215468	0.099629	0.045255	0.052347	0.023978	0.177643	
0.153820	0.201781	0.139431	0.235355	0.065091	0.019527	0.184995	
0.434395	0.033916	0.184995	0.077081	0.187393	0.029120	0.053100	
0.322380	0.223106	0.181944	0.075406	0.085092	0.085092	0.026980	
0.194995	0.029545	0.190129	0.083073	0.321515	0.124435	0.056309	
