19
19
19
19
19
19
19
19
19
19
19
19
19
44
44
44
44
44
44
44
18
18
18
18
18
18
18
18
18
18
18
18
18
18
18
18
18
18
18
18
18
18
18
18
18
18
18
18
0
0
0
0
0
19
19
19
19
19
19
19
19
19
19
19
19
19
19
19
19
19
19
19
19
44
44
44
44
44
44
44
44
44
44
44
44
44
44
44
44
44
44
44
44
44
10
10
10
10
10
10
10
10
10
10
10
10
10
10
10
10
10
10
10
10
5
5
5
5
5
5
5
5
5
13
13
13
13
13
13
13
13
13
13
13
13
13
13
41
41
41
41
41
41
41
31
31
31
31
31
31
31
31
31
31
31
31
31
31
31
31
18
18
18
18
18
18
18
18
18
18
18
18
18
18
18
18
18
18
24
24
24
24
24
31
31
31
31
31
31
31
31
31
31
31
31
31
31
31
31
31
31
31
31
31
31
31
31
31
31
31
31
31
31
31
9
9
9
9
9
9
9
9
9
27
27
27
27
27
27
27
27
27
27
27
27
27
27
27
27
27
18
18
18
18
18
18
18
18
18
18
18
18
18
18
18
18
18
18
18
18
18
18
18
18
40
40
40
40
40
40
40
40
40
40
40
40
