0.000839	0.047913	0.001478	0.016072	0.094850	0.003734	0.011977	0.100463	0.089767	0.001078	0.007940	0.006073	0.053642	0.001254	0.003055	0.000936	0.006734	0.003669	0.083321	0.014309	0.002086	0.002699	0.011076	0.008636	0.022811	0.048658	0.002824	0.042373	0.002657	0.046976	0.002824	0.033037	0.000178	0.002631	0.005589	0.000596	0.005851	0.006344	0.000178	0.008546	0.005639	0.001254	0.000987	0.160896	0.005857	0.001459	0.003606	0.008261	0.005772	0.000596	
0.002676	0.047378	0.005033	0.006484	0.050914	0.021367	0.026365	0.056177	0.035813	0.005374	0.020273	0.022584	0.021436	0.002165	0.016778	0.004681	0.025101	0.004537	0.034391	0.051447	0.011542	0.010257	0.024612	0.020462	0.016654	0.051836	0.010227	0.043379	0.003269	0.019285	0.010227	0.047940	0.000158	0.014487	0.012007	0.002653	0.016099	0.022567	0.000158	0.030570	0.020006	0.002165	0.001296	0.078328	0.014074	0.007800	0.013202	0.018155	0.012957	0.002653	
0.000673	0.040666	0.001204	0.010980	0.076343	0.025103	0.028667	0.085532	0.061112	0.006289	0.013630	0.004677	0.036537	0.002232	0.019014	0.005484	0.005183	0.003718	0.057692	0.022797	0.013552	0.003566	0.026376	0.015961	0.021109	0.038984	0.002192	0.038619	0.002689	0.032224	0.002192	0.051879	0.000167	0.016995	0.005170	0.003101	0.007917	0.010036	0.000167	0.013561	0.008908	0.002232	0.001147	0.123589	0.007710	0.009151	0.002790	0.019755	0.007629	0.003101	
0.000528	0.010202	0.000934	0.000848	0.078651	0.004564	0.168318	0.011888	0.004058	0.001291	0.050076	0.003478	0.002484	0.002071	0.003632	0.001095	0.003851	0.003318	0.005130	0.013712	0.002522	0.001736	0.154629	0.062825	0.005916	0.014180	0.001647	0.034582	0.002402	0.002709	0.001647	0.158969	0.000155	0.003237	0.004378	0.000674	0.004266	0.006058	0.000155	0.008165	0.005383	0.002071	0.000897	0.017065	0.006611	0.001744	0.002088	0.115960	0.006525	0.000674	
0.004984	0.014153	0.009514	0.001703	0.047806	0.008355	0.065705	0.024598	0.008896	0.002279	0.043622	0.043203	0.005370	0.004122	0.006889	0.001901	0.048035	0.016797	0.011066	0.016763	0.004555	0.017388	0.060957	0.045670	0.025538	0.079752	0.019481	0.021885	0.011975	0.007291	0.019481	0.078631	0.000152	0.005915	0.030983	0.001117	0.005235	0.007360	0.000152	0.009934	0.006536	0.004122	0.003946	0.035996	0.017153	0.003107	0.025192	0.045097	0.018523	0.001117	
0.003126	0.048563	0.005964	0.000694	0.039630	0.004548	0.064276	0.015813	0.003217	0.001348	0.035491	0.026670	0.001980	0.003956	0.004637	0.001087	0.029647	0.006727	0.005726	0.076367	0.002510	0.010724	0.059479	0.038604	0.010309	0.052060	0.012057	0.049762	0.004821	0.002847	0.012057	0.082025	0.000149	0.003355	0.015534	0.000667	0.023025	0.033437	0.000149	0.045326	0.029633	0.003956	0.001657	0.024093	0.021066	0.001734	0.015575	0.044241	0.019015	0.000667	
0.013202	0.007765	0.025134	0.000549	0.012450	0.005394	0.010863	0.010847	0.002384	0.001494	0.054562	0.116405	0.001485	0.002160	0.005366	0.001271	0.129454	0.006390	0.003657	0.010954	0.002966	0.045577	0.012256	0.043190	0.009845	0.142463	0.052348	0.008061	0.004583	0.002307	0.052348	0.021176	0.000153	0.003798	0.045419	0.000770	0.003409	0.004848	0.000153	0.006525	0.004312	0.002160	0.001591	0.014887	0.007332	0.002041	0.067769	0.007451	0.007706	0.000770	
0.000965	0.011992	0.002190	0.001570	0.058470	0.005856	0.025329	0.047520	0.008185	0.002007	0.038484	0.007464	0.004942	0.013989	0.004629	0.001362	0.008286	0.047897	0.017562	0.014111	0.003210	0.003360	0.022606	0.045928	0.066529	0.096116	0.003430	0.013735	0.034062	0.011912	0.003430	0.079310	0.000143	0.004921	0.049470	0.000815	0.004320	0.006046	0.000143	0.008153	0.005371	0.013989	0.010897	0.078146	0.040957	0.002202	0.004401	0.016878	0.045891	0.000815	
0.001516	0.014980	0.003650	0.001393	0.074333	0.004163	0.012218	0.076189	0.007155	0.002018	0.056734	0.012312	0.004330	0.026068	0.003492	0.001006	0.013677	0.014992	0.025358	0.020082	0.002304	0.005132	0.011228	0.063469	0.022049	0.094420	0.005611	0.014221	0.010692	0.006879	0.005611	0.115091	0.000151	0.004622	0.018810	0.000623	0.005975	0.008479	0.000151	0.011454	0.007527	0.026068	0.003509	0.129865	0.015835	0.001596	0.007224	0.008273	0.016845	0.000623	
0.000478	0.028522	0.001083	0.001893	0.043372	0.007292	0.009035	0.037037	0.010024	0.002172	0.023636	0.003156	0.006039	0.008765	0.005968	0.001665	0.003495	0.059311	0.015473	0.039350	0.003979	0.001783	0.007356	0.029827	0.082394	0.093818	0.001494	0.024718	0.042168	0.014387	0.001494	0.048196	0.000139	0.005520	0.059221	0.000981	0.011973	0.017164	0.000139	0.023244	0.015218	0.008765	0.013464	0.058442	0.054985	0.002716	0.001894	0.005505	0.060267	0.000981	
0.000622	0.009039	0.001322	0.001488	0.042290	0.013846	0.011518	0.035687	0.007756	0.003720	0.023855	0.004467	0.004683	0.007610	0.010474	0.003059	0.004953	0.075455	0.012554	0.009420	0.007495	0.002723	0.009386	0.030839	0.104690	0.107000	0.002080	0.009084	0.053634	0.015589	0.002080	0.043085	0.000136	0.009825	0.075506	0.001749	0.002967	0.004085	0.000136	0.005495	0.003634	0.007610	0.017131	0.051732	0.061848	0.005075	0.002655	0.007007	0.070158	0.001749	
0.000764	0.005813	0.001403	0.001041	0.033230	0.003311	0.016554	0.012262	0.005259	0.000966	0.017202	0.005769	0.003191	0.001985	0.002620	0.000809	0.006401	0.100478	0.006188	0.005770	0.001838	0.002527	0.013608	0.024659	0.135793	0.120967	0.002662	0.007118	0.071405	0.017847	0.002662	0.022398	0.000131	0.002387	0.100501	0.000505	0.001886	0.002570	0.000131	0.003441	0.002291	0.001985	0.022662	0.018438	0.081069	0.001277	0.003410	0.010152	0.092160	0.000505	
0.000633	0.083424	0.001287	0.003408	0.037741	0.004031	0.009750	0.037894	0.018515	0.001305	0.016423	0.004460	0.011109	0.006352	0.004597	0.000977	0.004944	0.009026	0.021525	0.122024	0.002233	0.002078	0.008904	0.018716	0.016252	0.044500	0.002085	0.070020	0.006454	0.011169	0.002085	0.050968	0.000150	0.003174	0.010311	0.000606	0.036944	0.053376	0.000150	0.072385	0.047293	0.006352	0.002169	0.061045	0.031603	0.001548	0.002657	0.006649	0.028093	0.000606	
0.000508	0.094329	0.000986	0.000581	0.023467	0.006148	0.024479	0.017258	0.002608	0.001747	0.016140	0.003390	0.001615	0.004387	0.006517	0.001424	0.003754	0.006279	0.005482	0.150775	0.003367	0.001800	0.022457	0.018996	0.009880	0.031596	0.001601	0.081008	0.004502	0.002480	0.001601	0.057456	0.000144	0.004454	0.007257	0.000850	0.045329	0.065981	0.000144	0.089494	0.058457	0.004387	0.001564	0.025579	0.035294	0.002307	0.002032	0.016829	0.030427	0.000850	
0.002811	0.087348	0.005282	0.001167	0.012913	0.009226	0.005405	0.015323	0.005910	0.002395	0.014505	0.023901	0.003585	0.001516	0.008842	0.002081	0.026568	0.010974	0.006438	0.137069	0.005019	0.009957	0.005275	0.013253	0.017336	0.053064	0.010811	0.072364	0.007836	0.004787	0.010811	0.029288	0.000144	0.006316	0.018771	0.001213	0.041301	0.060028	0.000144	0.081416	0.053184	0.001516	0.002640	0.019513	0.036160	0.003416	0.013962	0.003629	0.032375	0.001213	
0.000554	0.006564	0.000964	0.000687	0.010143	0.142378	0.008040	0.092465	0.003241	0.034681	0.006056	0.003859	0.001989	0.001005	0.105912	0.030468	0.004276	0.010256	0.003619	0.008370	0.076487	0.010993	0.007299	0.007081	0.039363	0.018953	0.001808	0.006641	0.007324	0.003282	0.001808	0.041137	0.000137	0.095373	0.011320	0.016871	0.002648	0.003726	0.000137	0.005007	0.003315	0.001005	0.003452	0.060633	0.009873	0.051385	0.002301	0.005451	0.012792	0.016871	
0.000979	0.021114	0.001779	0.001496	0.018663	0.112305	0.019320	0.079507	0.007777	0.027396	0.010567	0.007605	0.004698	0.001233	0.083872	0.024059	0.008442	0.004002	0.007951	0.028700	0.060347	0.010458	0.017843	0.011660	0.026572	0.020067	0.003492	0.020385	0.002883	0.004697	0.003492	0.049109	0.000142	0.075268	0.006443	0.013337	0.008821	0.012620	0.000142	0.017076	0.011193	0.001233	0.001832	0.058623	0.009054	0.040554	0.004482	0.013304	0.010067	0.013337	
0.001220	0.008894	0.002253	0.001634	0.015722	0.132608	0.007951	0.093801	0.008558	0.032336	0.009200	0.009757	0.005164	0.001652	0.098718	0.028387	0.010836	0.004288	0.008974	0.008416	0.071244	0.012636	0.007440	0.009329	0.030690	0.022661	0.004458	0.008629	0.003087	0.005157	0.004458	0.042634	0.000141	0.088881	0.007449	0.015725	0.002743	0.003738	0.000141	0.005023	0.003327	0.001652	0.002045	0.069169	0.005137	0.047868	0.005734	0.005468	0.007242	0.015725	
0.001011	0.007378	0.002476	0.001722	0.058276	0.061495	0.007866	0.097446	0.009017	0.015715	0.041738	0.007833	0.005441	0.019906	0.045854	0.013230	0.008695	0.004247	0.022610	0.006272	0.033077	0.007188	0.007324	0.046479	0.018168	0.063236	0.003598	0.007382	0.003059	0.006020	0.003598	0.098119	0.000148	0.042559	0.006758	0.007366	0.001924	0.002529	0.000148	0.003380	0.002257	0.019906	0.001519	0.126128	0.004549	0.022251	0.004618	0.005412	0.005707	0.007366	
0.001275	0.007054	0.002580	0.001066	0.043649	0.032846	0.029030	0.045929	0.005360	0.008350	0.029825	0.010248	0.003255	0.008085	0.024626	0.007114	0.011383	0.047949	0.010692	0.007913	0.017696	0.006224	0.026062	0.035810	0.070816	0.083930	0.004679	0.010228	0.034098	0.010257	0.004679	0.064154	0.000140	0.022572	0.050459	0.003988	0.002474	0.003421	0.000140	0.004593	0.003046	0.008085	0.011104	0.056545	0.039826	0.011924	0.006019	0.019427	0.045388	0.003988	
0.000676	0.005368	0.001655	0.000637	0.054739	0.035244	0.031973	0.061033	0.002928	0.009153	0.039036	0.004897	0.001805	0.014448	0.026340	0.007628	0.005430	0.033394	0.013063	0.007120	0.018984	0.004309	0.028905	0.046443	0.051315	0.076236	0.002277	0.009313	0.023761	0.007046	0.002277	0.091441	0.000143	0.024616	0.034374	0.004272	0.002133	0.002980	0.000143	0.003993	0.002655	0.014448	0.007859	0.081725	0.028086	0.012789	0.002908	0.021642	0.032088	0.004272	
0.007588	0.020763	0.014490	0.001000	0.029737	0.007691	0.031647	0.020248	0.004937	0.002121	0.044059	0.066412	0.003007	0.004226	0.006801	0.001758	0.073849	0.014712	0.007503	0.030234	0.004198	0.026343	0.030183	0.040871	0.021869	0.102968	0.029900	0.021942	0.010493	0.004939	0.029900	0.050048	0.000150	0.005477	0.036753	0.001038	0.009211	0.013251	0.000150	0.017929	0.011753	0.004226	0.003472	0.029399	0.017938	0.002867	0.038690	0.021660	0.018559	0.001038	
0.005781	0.008626	0.010985	0.000700	0.032982	0.021816	0.048307	0.022744	0.003266	0.005487	0.039604	0.050345	0.002008	0.002519	0.016896	0.004768	0.055979	0.025816	0.004732	0.011737	0.011778	0.021045	0.044967	0.039754	0.038880	0.091127	0.022685	0.014547	0.018379	0.005677	0.022685	0.058230	0.000147	0.014810	0.042240	0.002696	0.003650	0.005182	0.000147	0.006980	0.004606	0.002519	0.006064	0.023969	0.023193	0.007954	0.029344	0.032994	0.025959	0.002696	
0.005790	0.016038	0.011163	0.002980	0.045425	0.014457	0.026038	0.044335	0.016083	0.003874	0.041773	0.050366	0.009660	0.007402	0.011469	0.003203	0.056002	0.014130	0.020047	0.014864	0.007831	0.020570	0.024714	0.040699	0.024440	0.095180	0.022698	0.017369	0.010081	0.010715	0.022698	0.058733	0.000154	0.010224	0.030777	0.001836	0.004749	0.006480	0.000154	0.008739	0.005757	0.007402	0.003394	0.065289	0.014339	0.005307	0.029359	0.017805	0.015574	0.001836	
