0.012879	0.004848	0.009653	0.010724	0.100533	0.006125	0.134398	0.040018	0.001711	0.001389	0.003404	0.001057	0.001183	0.007766	0.008426	0.004347	0.001437	0.005371	0.000203	0.021829	0.012574	0.096642	0.005350	0.004247	0.098881	0.010289	0.033096	0.000203	0.004129	0.050562	0.005128	0.004602	0.033096	0.002335	0.001836	0.002798	0.005371	0.025121	0.009581	0.041319	0.018199	0.000203	0.000203	0.008373	0.001208	0.005815	0.018199	0.002357	0.000203	0.120776	
0.010299	0.010611	0.058172	0.004663	0.009408	0.052133	0.005781	0.004289	0.013384	0.002624	0.023399	0.002304	0.001048	0.065262	0.046775	0.009886	0.001281	0.045518	0.000152	0.189944	0.026911	0.012265	0.005088	0.003499	0.003658	0.086538	0.001321	0.000152	0.005467	0.010372	0.035809	0.009667	0.001321	0.005063	0.001646	0.021705	0.045518	0.010839	0.015532	0.001613	0.007868	0.000152	0.000152	0.018448	0.007693	0.034969	0.007868	0.019055	0.000152	0.042724	
0.008360	0.004958	0.073316	0.005633	0.010205	0.074066	0.008591	0.005666	0.018977	0.001130	0.032866	0.000903	0.000885	0.063851	0.010052	0.003706	0.001072	0.064661	0.000166	0.269005	0.016689	0.006928	0.003959	0.002553	0.005874	0.085057	0.002068	0.000166	0.002204	0.004228	0.007348	0.006041	0.002068	0.001981	0.001365	0.003240	0.064661	0.007639	0.006156	0.002544	0.009518	0.000166	0.000166	0.007071	0.001307	0.006096	0.009518	0.027039	0.000166	0.048114	
0.012321	0.051234	0.005951	0.003383	0.007554	0.002808	0.007236	0.003760	0.000819	0.001077	0.001981	0.000901	0.001215	0.007516	0.088452	0.003711	0.001494	0.002469	0.000140	0.010019	0.348098	0.006458	0.005814	0.001856	0.004600	0.009901	0.001627	0.000140	0.002162	0.004318	0.032044	0.123858	0.001627	0.001960	0.001932	0.005097	0.002469	0.120303	0.011813	0.001998	0.005687	0.000140	0.000140	0.009107	0.001971	0.009564	0.005687	0.001110	0.000140	0.064336	
0.012172	0.042151	0.042709	0.004300	0.014602	0.016057	0.004637	0.003724	0.004190	0.007674	0.007755	0.006221	0.001203	0.031203	0.066953	0.029734	0.001479	0.014031	0.000138	0.058641	0.151714	0.009567	0.005905	0.007543	0.002682	0.041614	0.000986	0.000138	0.016479	0.008175	0.037254	0.054032	0.000986	0.015368	0.001913	0.017358	0.014031	0.053199	0.015317	0.001198	0.007257	0.000138	0.000138	0.057053	0.006201	0.028524	0.007257	0.005927	0.000138	0.062334	
0.019178	0.047826	0.036713	0.003050	0.011939	0.015479	0.005278	0.002906	0.004045	0.006178	0.007896	0.004919	0.001827	0.018348	0.061210	0.023775	0.002265	0.013527	0.000140	0.056110	0.221871	0.004797	0.009015	0.005949	0.002696	0.024696	0.000992	0.000140	0.013254	0.003540	0.024135	0.078978	0.000992	0.012354	0.002952	0.005541	0.013527	0.077657	0.009401	0.001205	0.005117	0.000140	0.000140	0.046409	0.002192	0.011248	0.005117	0.005718	0.000140	0.067475	
0.043246	0.056040	0.049691	0.008496	0.026534	0.004124	0.011682	0.007544	0.001152	0.012694	0.004283	0.009948	0.003958	0.006136	0.041654	0.049065	0.004948	0.003617	0.000138	0.014727	0.152131	0.006726	0.020119	0.012891	0.005859	0.008952	0.002045	0.000138	0.027348	0.004025	0.014807	0.054180	0.002045	0.025475	0.006505	0.002750	0.003617	0.056732	0.010591	0.002522	0.014434	0.000138	0.000138	0.094225	0.001464	0.010407	0.014434	0.001587	0.000138	0.083901	
0.122698	0.004645	0.019613	0.003374	0.007828	0.017267	0.017448	0.003855	0.004499	0.001073	0.014462	0.001310	0.011017	0.055601	0.083727	0.004113	0.013837	0.015087	0.000139	0.063838	0.014614	0.020758	0.057418	0.001850	0.004903	0.073053	0.001727	0.000139	0.002161	0.018064	0.061749	0.005286	0.001727	0.001954	0.018269	0.039703	0.015087	0.016887	0.023993	0.002124	0.005672	0.000139	0.000139	0.006972	0.015006	0.079096	0.005672	0.006367	0.000139	0.033907	
0.058472	0.013471	0.005728	0.004674	0.009810	0.001929	0.013065	0.005036	0.000589	0.001250	0.004173	0.001620	0.005304	0.059390	0.122594	0.004950	0.006645	0.001700	0.000131	0.008638	0.074503	0.028016	0.027803	0.002376	0.005880	0.077686	0.002047	0.000131	0.002535	0.024676	0.089413	0.026574	0.002047	0.002288	0.008753	0.055292	0.001700	0.031717	0.034446	0.002526	0.007902	0.000131	0.000131	0.008631	0.019750	0.093930	0.007902	0.000785	0.000131	0.031129	
0.306826	0.008400	0.009937	0.005431	0.014184	0.003102	0.039207	0.006545	0.000897	0.002116	0.018577	0.001668	0.027369	0.005117	0.026582	0.007645	0.034428	0.002726	0.000144	0.010988	0.021315	0.009606	0.142349	0.003306	0.008913	0.006842	0.003067	0.000144	0.004434	0.005486	0.005389	0.007671	0.003067	0.004016	0.045520	0.002580	0.002726	0.036314	0.005748	0.003798	0.009187	0.000144	0.000144	0.014614	0.004010	0.048281	0.009187	0.001220	0.000144	0.058887	
0.329309	0.004048	0.004558	0.005508	0.009700	0.002324	0.036931	0.005539	0.000697	0.000852	0.019496	0.000708	0.029369	0.007493	0.031838	0.002718	0.036946	0.002046	0.000142	0.008266	0.015353	0.007707	0.152835	0.002291	0.005744	0.009841	0.002009	0.000142	0.001629	0.005030	0.009339	0.005550	0.002009	0.001444	0.048854	0.005454	0.002046	0.035656	0.007231	0.002476	0.009320	0.000142	0.000142	0.005154	0.005224	0.055993	0.009320	0.000935	0.000142	0.052500	
0.150514	0.027512	0.019550	0.005098	0.014228	0.003997	0.021398	0.005355	0.001121	0.004489	0.010226	0.003663	0.013486	0.017171	0.058047	0.017131	0.016946	0.003506	0.000139	0.014643	0.110646	0.011165	0.069997	0.005160	0.006000	0.022787	0.002093	0.000139	0.009572	0.008273	0.028109	0.039430	0.002093	0.008862	0.022384	0.013383	0.003506	0.052195	0.012993	0.002581	0.008622	0.000139	0.000139	0.032957	0.006194	0.042387	0.008622	0.001542	0.000139	0.059668	
0.055908	0.012292	0.016774	0.008297	0.016860	0.004886	0.015531	0.008086	0.001343	0.003543	0.005319	0.003372	0.005076	0.060677	0.108455	0.013751	0.006357	0.004281	0.000133	0.019345	0.021321	0.029509	0.026587	0.005317	0.007878	0.079592	0.002715	0.000133	0.007457	0.025252	0.084107	0.007667	0.002715	0.006856	0.008371	0.054213	0.004281	0.013822	0.035524	0.003360	0.014098	0.000133	0.000133	0.025132	0.019353	0.091883	0.014098	0.001862	0.000133	0.036213	
0.061832	0.007889	0.010360	0.005498	0.008151	0.008768	0.011084	0.005015	0.002331	0.000764	0.007347	0.001241	0.005606	0.065909	0.117652	0.003004	0.007026	0.007669	0.000133	0.033534	0.044473	0.026739	0.029386	0.002217	0.004190	0.086318	0.001485	0.000133	0.001422	0.024178	0.088784	0.015898	0.001485	0.001275	0.009256	0.056175	0.007669	0.021480	0.034954	0.001823	0.009311	0.000133	0.000133	0.004743	0.020089	0.095785	0.009311	0.003273	0.000133	0.026940	
0.063616	0.012959	0.029670	0.003930	0.007829	0.022489	0.009159	0.003469	0.005828	0.002472	0.013439	0.002383	0.005773	0.058046	0.084346	0.009560	0.007233	0.019644	0.000139	0.082762	0.046380	0.017871	0.030011	0.003162	0.002647	0.076461	0.000975	0.000139	0.005155	0.016250	0.061405	0.016580	0.000975	0.004787	0.009529	0.037959	0.019644	0.021982	0.024074	0.001184	0.006625	0.000139	0.000139	0.017577	0.013821	0.067851	0.006625	0.008266	0.000139	0.036908	
0.009356	0.005382	0.007823	0.110892	0.079863	0.002615	0.008261	0.074812	0.000794	0.003082	0.001747	0.001342	0.000980	0.004657	0.006966	0.005905	0.001190	0.002304	0.000173	0.009139	0.008507	0.006347	0.004419	0.034873	0.005566	0.006189	0.001971	0.000173	0.003426	0.003801	0.004415	0.003136	0.001971	0.003129	0.001519	0.002545	0.002304	0.004890	0.083185	0.002420	0.189561	0.000173	0.000173	0.013978	0.001082	0.005161	0.189561	0.001061	0.000173	0.077008	
0.007314	0.020721	0.036068	0.077392	0.061974	0.012249	0.004676	0.051930	0.003239	0.007832	0.005834	0.005419	0.000793	0.012537	0.008228	0.026332	0.000956	0.010711	0.000162	0.044200	0.014638	0.003903	0.003485	0.029000	0.003038	0.017071	0.001121	0.000162	0.014707	0.002532	0.005008	0.005309	0.001121	0.013708	0.001214	0.002534	0.010711	0.006285	0.058615	0.001360	0.132266	0.000162	0.000162	0.051956	0.001051	0.004862	0.132266	0.004557	0.000162	0.078468	
0.010523	0.007848	0.009570	0.094723	0.080648	0.002612	0.024010	0.068042	0.000795	0.003347	0.001801	0.001715	0.001069	0.004404	0.008416	0.007774	0.001301	0.002302	0.000175	0.009112	0.016659	0.017466	0.004869	0.030372	0.017169	0.005892	0.005840	0.000175	0.004658	0.009510	0.004622	0.006036	0.005840	0.004099	0.001665	0.002309	0.002302	0.010067	0.071299	0.007256	0.161901	0.000175	0.000175	0.017157	0.001011	0.004934	0.161901	0.001061	0.000175	0.083224	
0.014685	0.013840	0.008382	0.010422	0.090319	0.001975	0.118782	0.035918	0.000648	0.002097	0.001701	0.001606	0.001353	0.003642	0.018525	0.007163	0.001653	0.001748	0.000194	0.006737	0.062629	0.085049	0.006266	0.004742	0.087179	0.004865	0.029189	0.000194	0.005496	0.044433	0.007483	0.022393	0.029189	0.003793	0.002125	0.002095	0.001748	0.039958	0.009938	0.036438	0.017689	0.000194	0.000194	0.014057	0.000979	0.005023	0.017689	0.000842	0.000194	0.116547	
0.017319	0.049823	0.064416	0.006263	0.027872	0.004565	0.006406	0.005339	0.001258	0.016546	0.003023	0.013298	0.001650	0.033094	0.059846	0.064639	0.002045	0.004001	0.000129	0.017261	0.030101	0.014868	0.008408	0.015404	0.003651	0.044471	0.001303	0.000129	0.035777	0.012891	0.044972	0.010785	0.001303	0.033384	0.002665	0.028131	0.004001	0.012536	0.020221	0.001596	0.010622	0.000129	0.000129	0.122417	0.009965	0.045944	0.010622	0.001742	0.000129	0.072913	
0.096900	0.031095	0.040977	0.019092	0.026292	0.011150	0.013567	0.013803	0.002944	0.008664	0.010353	0.006764	0.008731	0.019951	0.037465	0.032761	0.010957	0.009749	0.000143	0.040537	0.056771	0.007779	0.045115	0.012672	0.003725	0.026859	0.001337	0.000143	0.018223	0.005985	0.020011	0.020277	0.001337	0.016981	0.014456	0.010454	0.009749	0.028683	0.020708	0.001635	0.032556	0.000143	0.000143	0.062743	0.004657	0.030097	0.032556	0.004145	0.000143	0.068021	
0.016570	0.051453	0.064065	0.012859	0.032646	0.004857	0.007277	0.009911	0.001336	0.016466	0.003110	0.013068	0.001587	0.024517	0.047569	0.063873	0.001964	0.004256	0.000133	0.018012	0.045148	0.012135	0.007957	0.017263	0.004348	0.033256	0.001538	0.000133	0.035421	0.009935	0.033208	0.016138	0.001538	0.033041	0.002556	0.019719	0.004256	0.017720	0.020860	0.001889	0.021902	0.000133	0.000133	0.121417	0.007056	0.032814	0.021902	0.001851	0.000133	0.079070	
0.011518	0.056496	0.092087	0.006997	0.035097	0.021348	0.009841	0.006799	0.005538	0.019775	0.010024	0.015534	0.001141	0.020767	0.009659	0.076959	0.001400	0.018648	0.000140	0.077370	0.013820	0.007635	0.005404	0.018270	0.006584	0.028951	0.002288	0.000140	0.042827	0.004590	0.006245	0.005004	0.002288	0.039927	0.001808	0.003266	0.018648	0.007077	0.007128	0.002825	0.011870	0.000140	0.000140	0.146294	0.001330	0.006609	0.011870	0.007852	0.000140	0.091893	
0.036433	0.053297	0.065176	0.004025	0.034293	0.001927	0.017912	0.006291	0.000590	0.017405	0.002936	0.013882	0.003341	0.020841	0.044639	0.068004	0.004173	0.001699	0.000133	0.007311	0.037304	0.018000	0.017105	0.015457	0.010926	0.028463	0.003731	0.000133	0.037829	0.012745	0.030748	0.013350	0.003731	0.035190	0.005480	0.018499	0.001699	0.018126	0.013547	0.004630	0.006790	0.000133	0.000133	0.129011	0.006830	0.033784	0.006790	0.000786	0.000133	0.084607	
