0.000632	0.029694	0.001126	0.009776	0.086828	0.004365	0.005183	0.095888	0.045113	0.001301	0.006610	0.004357	0.041901	0.004795	0.004343	0.001125	0.005389	0.017915	0.062782	0.026776	0.002604	0.002491	0.006279	0.007235	0.023946	0.074469	0.002393	0.023976	0.011166	0.022132	0.002068	0.090827	0.004680	0.003343	0.012250	0.001490	0.020436	0.017224	0.003875	0.012880	0.011939	0.004912	0.001486	0.151947	0.014479	0.002322	0.000139	0.004088	0.006359	0.000667	
0.002852	0.053662	0.005561	0.005002	0.048371	0.025203	0.005453	0.060316	0.022819	0.007035	0.007530	0.023291	0.021199	0.001558	0.017656	0.005991	0.028955	0.005390	0.031727	0.047181	0.014761	0.013238	0.005907	0.008226	0.007765	0.068843	0.004685	0.043352	0.003398	0.010561	0.010732	0.053260	0.025482	0.019147	0.012153	0.007147	0.036935	0.031246	0.006309	0.030165	0.021534	0.001552	0.001224	0.085760	0.022377	0.013091	0.000143	0.004652	0.006326	0.003276	
0.000633	0.037915	0.001129	0.009216	0.085238	0.005221	0.009712	0.093567	0.042506	0.001535	0.009859	0.004376	0.039479	0.001688	0.004034	0.001324	0.005413	0.005843	0.059150	0.034571	0.003103	0.002585	0.010943	0.010821	0.007872	0.070593	0.003955	0.030577	0.003677	0.018201	0.002076	0.091652	0.004889	0.003993	0.012387	0.001543	0.026057	0.021954	0.005112	0.015895	0.015207	0.001670	0.002744	0.138281	0.020893	0.002764	0.000137	0.006070	0.011164	0.000773	
0.000543	0.008573	0.000944	0.000632	0.139808	0.005154	0.003931	0.009072	0.002428	0.001520	0.156132	0.003571	0.002265	0.002636	0.003952	0.001311	0.004410	0.005339	0.003326	0.051923	0.003065	0.002212	0.062457	0.169935	0.007196	0.017247	0.001834	0.006923	0.003366	0.002328	0.001710	0.128875	0.004188	0.003942	0.006337	0.003457	0.005916	0.006159	0.022740	0.004762	0.003499	0.001537	0.001124	0.012273	0.005874	0.002731	0.000142	0.095342	0.004589	0.000768	
0.005059	0.046072	0.009969	0.001085	0.046905	0.007620	0.013467	0.020056	0.004512	0.002204	0.043625	0.042104	0.004201	0.002699	0.005891	0.001893	0.052369	0.008750	0.006226	0.051070	0.004507	0.020088	0.026615	0.047606	0.011803	0.075178	0.010439	0.037138	0.005485	0.004380	0.019341	0.051434	0.037536	0.005815	0.027372	0.013286	0.031645	0.027284	0.010618	0.035741	0.018461	0.002459	0.003768	0.022177	0.026617	0.004009	0.000150	0.026683	0.015505	0.001083	
0.001955	0.053006	0.003765	0.000487	0.071512	0.003927	0.016769	0.014785	0.001739	0.001185	0.077449	0.015610	0.001625	0.002175	0.003147	0.001028	0.019394	0.005783	0.002365	0.066562	0.002351	0.007598	0.042235	0.084454	0.007757	0.058101	0.007997	0.042708	0.003643	0.002293	0.007220	0.074525	0.014158	0.003013	0.022441	0.005889	0.036387	0.031220	0.016002	0.026440	0.021216	0.001659	0.004753	0.010490	0.031826	0.002099	0.000145	0.047323	0.019169	0.000618	
0.011416	0.005723	0.022673	0.000498	0.040162	0.005158	0.009575	0.010660	0.001745	0.001533	0.042730	0.096359	0.001632	0.001373	0.003832	0.001325	0.119897	0.003635	0.002368	0.016955	0.003075	0.044665	0.023407	0.046589	0.004919	0.085769	0.016641	0.004572	0.002315	0.002642	0.044165	0.042883	0.083156	0.003950	0.036910	0.029440	0.003917	0.004641	0.006630	0.045152	0.002343	0.001092	0.002722	0.009191	0.009199	0.002742	0.000158	0.026139	0.010943	0.000783	
0.000776	0.007637	0.001400	0.003266	0.037699	0.005603	0.027950	0.046903	0.014682	0.001651	0.012970	0.005482	0.013644	0.019995	0.009519	0.001424	0.006785	0.076325	0.020390	0.009856	0.003332	0.003135	0.026049	0.014409	0.101852	0.109064	0.010461	0.005951	0.047408	0.024255	0.002590	0.055286	0.005914	0.004286	0.055290	0.001929	0.005090	0.004437	0.002632	0.005174	0.003023	0.020606	0.007872	0.086210	0.024040	0.002969	0.000153	0.007975	0.033816	0.000834	
0.000600	0.010449	0.001052	0.003859	0.074554	0.003976	0.009013	0.041666	0.017464	0.001201	0.049873	0.004007	0.016227	0.016175	0.007239	0.001042	0.004951	0.060556	0.024266	0.022979	0.002381	0.002296	0.025763	0.054358	0.080787	0.080565	0.003692	0.008393	0.037624	0.021535	0.001914	0.076617	0.004294	0.003051	0.030917	0.002029	0.007168	0.006432	0.008075	0.005627	0.004230	0.016369	0.002576	0.086348	0.010521	0.002126	0.000149	0.030495	0.011888	0.000627	
0.000750	0.013159	0.001344	0.001121	0.036974	0.006165	0.007337	0.015883	0.004658	0.001809	0.032881	0.005230	0.004336	0.027365	0.011967	0.001559	0.006471	0.104176	0.006426	0.020398	0.003661	0.003078	0.017887	0.035845	0.138999	0.105328	0.003237	0.010600	0.064687	0.027021	0.002477	0.039162	0.005826	0.004713	0.044836	0.002149	0.009049	0.007896	0.005969	0.007180	0.005327	0.028088	0.002075	0.069142	0.010105	0.003261	0.000157	0.020128	0.011197	0.000908	
0.001074	0.004768	0.001988	0.002406	0.028385	0.006321	0.003347	0.025739	0.010644	0.001853	0.010949	0.007976	0.009895	0.031542	0.013313	0.001597	0.009889	0.120902	0.014763	0.007098	0.003753	0.004351	0.006446	0.011932	0.161303	0.118148	0.002225	0.003857	0.075064	0.033429	0.003735	0.030383	0.008198	0.004832	0.047570	0.002646	0.003308	0.002958	0.002106	0.005336	0.001990	0.032580	0.000953	0.096142	0.004000	0.003342	0.000159	0.006744	0.007134	0.000929	
0.000883	0.010459	0.001612	0.000619	0.040334	0.005737	0.034443	0.025575	0.002327	0.001689	0.041275	0.006384	0.002172	0.017831	0.008933	0.001456	0.007909	0.067171	0.003181	0.020282	0.003410	0.003562	0.041827	0.045285	0.089650	0.099541	0.012845	0.008172	0.041729	0.017208	0.003004	0.059088	0.006712	0.004387	0.058658	0.002614	0.006981	0.006238	0.006851	0.006589	0.004123	0.018149	0.009694	0.043126	0.030058	0.003038	0.000154	0.025250	0.040931	0.000851	
0.000924	0.090312	0.001705	0.002781	0.036088	0.011946	0.015351	0.039671	0.012456	0.003388	0.013551	0.006819	0.011576	0.001672	0.008617	0.002896	0.008453	0.005662	0.017293	0.079593	0.007028	0.004377	0.016363	0.014897	0.007797	0.075523	0.006123	0.072868	0.003567	0.006380	0.003197	0.044156	0.008481	0.009094	0.018125	0.002328	0.062067	0.052156	0.010656	0.036248	0.036145	0.001624	0.004221	0.048134	0.043802	0.006241	0.000142	0.008325	0.017560	0.001618	
0.001400	0.091777	0.002655	0.000918	0.015022	0.005469	0.035920	0.030453	0.003754	0.001609	0.006881	0.010870	0.003496	0.001626	0.004192	0.001387	0.013495	0.005665	0.005172	0.078713	0.003250	0.005584	0.029817	0.007874	0.007638	0.092213	0.013981	0.073862	0.003570	0.003006	0.005051	0.035834	0.010471	0.004182	0.039721	0.003439	0.062914	0.052859	0.009845	0.038511	0.036639	0.001627	0.010107	0.018038	0.060484	0.002896	0.000145	0.004256	0.040899	0.000811	
0.003254	0.103611	0.006361	0.000709	0.012610	0.006778	0.014634	0.017733	0.002768	0.001970	0.006076	0.026699	0.002581	0.001752	0.005124	0.001694	0.033196	0.006171	0.003798	0.088624	0.004015	0.012956	0.013188	0.006758	0.008345	0.087604	0.008731	0.083618	0.003884	0.002909	0.012293	0.019671	0.024237	0.005175	0.023395	0.008143	0.071221	0.059977	0.010893	0.050027	0.041469	0.001764	0.004108	0.015987	0.048269	0.003573	0.000147	0.003765	0.016758	0.000976	
0.000642	0.005357	0.001138	0.001059	0.013996	0.128737	0.014697	0.071563	0.004406	0.035509	0.007109	0.004385	0.004101	0.002915	0.088793	0.030151	0.005422	0.010627	0.006079	0.006454	0.075157	0.014944	0.008195	0.007802	0.017336	0.024766	0.003188	0.004293	0.006648	0.004388	0.002085	0.036142	0.032687	0.097661	0.011898	0.001511	0.003677	0.003198	0.001612	0.003929	0.002199	0.002961	0.002126	0.076646	0.007459	0.066585	0.000146	0.004395	0.017010	0.016220	
0.002647	0.008307	0.005146	0.000834	0.017354	0.110317	0.012669	0.060518	0.003349	0.030444	0.013088	0.021505	0.003120	0.001610	0.075821	0.025854	0.026731	0.005420	0.004606	0.010654	0.064413	0.020935	0.009752	0.014299	0.009931	0.032447	0.005224	0.006685	0.003418	0.002902	0.009918	0.035643	0.043112	0.083693	0.013868	0.006700	0.005714	0.005130	0.002732	0.012668	0.003384	0.001564	0.001860	0.062492	0.007785	0.057069	0.000148	0.008045	0.014555	0.013919	
0.001574	0.004881	0.003001	0.000831	0.014811	0.130517	0.010973	0.068156	0.003340	0.035999	0.010304	0.012345	0.003112	0.001472	0.089591	0.030566	0.015329	0.004973	0.004594	0.007006	0.076196	0.018764	0.006492	0.011236	0.009841	0.021042	0.002956	0.003943	0.003141	0.002693	0.005727	0.034448	0.039861	0.099011	0.008368	0.003929	0.003379	0.003057	0.002017	0.007326	0.002026	0.001442	0.001052	0.071280	0.004335	0.067505	0.000147	0.006345	0.012628	0.016443	
0.000675	0.003194	0.001211	0.006661	0.085496	0.049546	0.008743	0.087324	0.030571	0.013726	0.035728	0.004715	0.028397	0.001644	0.034256	0.011668	0.005835	0.004931	0.042526	0.012857	0.028960	0.007173	0.018118	0.038933	0.007764	0.040720	0.002765	0.002556	0.003112	0.013297	0.002233	0.094034	0.015150	0.037606	0.008684	0.002026	0.002197	0.002172	0.005399	0.003284	0.001336	0.001426	0.001747	0.119914	0.005652	0.025666	0.000140	0.021859	0.010059	0.006316	
0.001244	0.007720	0.002340	0.000709	0.016862	0.029713	0.081382	0.061964	0.002763	0.008279	0.012815	0.009510	0.002577	0.001690	0.020764	0.007047	0.011801	0.005733	0.003791	0.009390	0.017394	0.007387	0.065740	0.014826	0.008334	0.095467	0.029137	0.005544	0.003613	0.002620	0.004431	0.070787	0.014768	0.022568	0.082425	0.003123	0.004743	0.004188	0.002559	0.006789	0.002820	0.001648	0.022482	0.024524	0.064194	0.015423	0.000148	0.007879	0.092504	0.003844	
0.000766	0.011954	0.001386	0.002610	0.051798	0.029919	0.046492	0.061245	0.011649	0.008333	0.035112	0.005449	0.010827	0.002970	0.021225	0.007092	0.006746	0.010049	0.016168	0.019671	0.017513	0.005549	0.047599	0.038698	0.014095	0.071435	0.016417	0.009282	0.006289	0.007105	0.002571	0.081641	0.011358	0.022724	0.048704	0.002239	0.007925	0.006972	0.006116	0.006676	0.004668	0.002805	0.012676	0.054625	0.038801	0.015528	0.000145	0.021485	0.053030	0.003867	
0.008998	0.005889	0.017839	0.001222	0.045392	0.006931	0.015277	0.021335	0.005133	0.002019	0.041704	0.075712	0.004777	0.003072	0.005531	0.001737	0.094199	0.010227	0.007088	0.016747	0.004108	0.035396	0.027293	0.045535	0.013754	0.084691	0.015734	0.004655	0.006404	0.005340	0.034719	0.052161	0.065984	0.005293	0.038993	0.023273	0.003986	0.004472	0.006495	0.035964	0.002383	0.002860	0.004292	0.023883	0.013577	0.003656	0.000156	0.025512	0.017598	0.001003	
0.004095	0.008144	0.008037	0.000765	0.011819	0.025453	0.065015	0.051826	0.003014	0.007110	0.006686	0.033844	0.002809	0.002478	0.018092	0.006056	0.042088	0.008939	0.004138	0.008141	0.014911	0.018095	0.051081	0.007975	0.012501	0.100180	0.026890	0.006034	0.005603	0.003750	0.015564	0.055350	0.034519	0.019339	0.074525	0.010284	0.005161	0.004752	0.001764	0.017885	0.003064	0.002512	0.017957	0.024991	0.051915	0.013224	0.000152	0.004140	0.074016	0.003315	
0.007759	0.005837	0.015367	0.005036	0.053102	0.004367	0.015614	0.056379	0.022948	0.001310	0.013912	0.065166	0.021319	0.001944	0.003516	0.001135	0.081075	0.006678	0.031903	0.008729	0.002610	0.030314	0.017039	0.015297	0.008959	0.089704	0.014443	0.004607	0.004200	0.011370	0.029892	0.062913	0.056432	0.003348	0.035306	0.019720	0.003945	0.004120	0.002603	0.031230	0.002357	0.001904	0.004426	0.076639	0.013934	0.002329	0.000151	0.008549	0.017883	0.000678	
