0.028912	0.021769	0.826531	0.033673	0.033673	0.024150	0.031293	
0.060007	0.048074	0.105353	0.133992	0.043300	0.043300	0.565973	
0.022031	0.038898	0.116007	0.024441	0.072633	0.022031	0.703959	
0.057483	0.724150	0.040816	0.040816	0.028912	0.055102	0.052721	
0.683434	0.033199	0.028504	0.117706	0.026157	0.051979	0.059021	
0.235494	0.318629	0.021717	0.054971	0.209365	0.114354	0.045470	
0.263866	0.082689	0.037983	0.026218	0.021513	0.329748	0.237983	
0.021717	0.130981	0.024092	0.045470	0.111978	0.582287	0.083475	
0.045796	0.356801	0.146275	0.045796	0.024265	0.323308	0.057758	
0.034495	0.024739	0.032056	0.124739	0.046690	0.690592	0.046690	
0.028504	0.171697	0.023810	0.096579	0.028504	0.598927	0.051979	
0.029689	0.066364	0.066364	0.203283	0.037024	0.572476	0.024799	
0.035134	0.049055	0.139543	0.506132	0.058336	0.060656	0.151144	
0.028305	0.133200	0.023643	0.545788	0.100566	0.126207	0.042291	
0.054072	0.056409	0.040053	0.521362	0.044726	0.110147	0.173231	
0.060440	0.019574	0.019574	0.026786	0.538805	0.033997	0.300824	
0.024323	0.089072	0.031518	0.021925	0.657417	0.017129	0.158616	
0.072112	0.029050	0.031442	0.119959	0.497949	0.062543	0.186945	
0.078912	0.271769	0.109864	0.107483	0.145578	0.031293	0.255102	
0.066848	0.323380	0.026468	0.045470	0.166610	0.256871	0.114354	
0.085647	0.429248	0.016926	0.073798	0.147258	0.206500	0.040623	
0.450469	0.044143	0.019812	0.031978	0.090372	0.063608	0.299618	
0.232229	0.147688	0.029331	0.031746	0.246722	0.244306	0.067978	
0.447710	0.196514	0.024265	0.086466	0.072112	0.048189	0.124744	
