0.040602	0.001441	0.006748	0.052426	0.071868	0.018403	0.005504	0.003360	0.027776	0.106258	0.033737	0.001077	0.002204	0.000141	0.004543	0.007353	0.020434	0.000483	0.008292	0.022453	0.057962	0.000483	0.066153	0.044263	0.010743	0.001441	0.012466	0.001611	0.052153	0.054843	0.002504	0.007187	0.003475	0.004287	0.025441	0.004387	0.052984	0.002204	0.000939	0.000483	0.001077	0.031993	0.045352	0.003575	0.003100	0.034024	0.000141	0.005183	0.027375	0.007066	
0.053028	0.004695	0.006209	0.032688	0.076695	0.024645	0.003068	0.003879	0.045951	0.017428	0.013446	0.003420	0.002538	0.000142	0.010732	0.004077	0.005524	0.000904	0.013522	0.029044	0.070039	0.000904	0.085359	0.036863	0.009711	0.004695	0.023953	0.003425	0.034242	0.047844	0.005418	0.009269	0.007587	0.010799	0.064012	0.008671	0.068594	0.002538	0.001372	0.000904	0.003420	0.017202	0.058706	0.006778	0.001756	0.034157	0.000142	0.017805	0.008231	0.003971	
0.056138	0.002374	0.006266	0.025936	0.075717	0.025173	0.001810	0.003945	0.073407	0.013246	0.009319	0.001750	0.002581	0.000145	0.006593	0.002384	0.007351	0.000632	0.010861	0.030902	0.072726	0.000632	0.090152	0.038567	0.005290	0.002374	0.044308	0.002243	0.024444	0.050165	0.003516	0.009858	0.004902	0.006373	0.037214	0.012891	0.072990	0.002581	0.001254	0.000632	0.001750	0.009878	0.062468	0.012307	0.001064	0.056334	0.000145	0.008793	0.005254	0.002367	
0.018324	0.003851	0.014581	0.042376	0.029223	0.018631	0.003535	0.008837	0.064292	0.059045	0.067232	0.002816	0.005720	0.000154	0.012375	0.004700	0.015680	0.004423	0.031596	0.007000	0.020247	0.004423	0.037769	0.017772	0.010083	0.003851	0.047048	0.018543	0.030472	0.021562	0.029708	0.002316	0.041858	0.011705	0.068706	0.026373	0.016369	0.005720	0.002961	0.004423	0.002816	0.020160	0.014027	0.013919	0.002019	0.073432	0.000154	0.014498	0.017980	0.004690	
0.013950	0.001080	0.007081	0.037837	0.011736	0.017800	0.000982	0.004444	0.166350	0.015834	0.062038	0.000822	0.002907	0.000161	0.004560	0.001266	0.017416	0.004972	0.024742	0.003841	0.009717	0.004972	0.022867	0.007009	0.002939	0.001080	0.127037	0.020884	0.008219	0.008697	0.033466	0.001323	0.047157	0.004121	0.023405	0.048381	0.008878	0.002907	0.003218	0.004972	0.000822	0.005031	0.007619	0.035947	0.000614	0.148632	0.000161	0.003725	0.005064	0.001319	
0.026060	0.001548	0.019823	0.039948	0.037558	0.025118	0.003672	0.012412	0.045977	0.034495	0.075610	0.001158	0.008012	0.000154	0.010522	0.004885	0.009689	0.005668	0.039664	0.010476	0.028468	0.005668	0.054407	0.017951	0.008296	0.001548	0.031400	0.023906	0.032799	0.022497	0.038327	0.003413	0.054021	0.009117	0.052658	0.026670	0.024601	0.008012	0.003818	0.005668	0.001158	0.020781	0.021070	0.009953	0.002095	0.058489	0.000154	0.005564	0.010091	0.004956	
0.006039	0.001168	0.006121	0.045439	0.009285	0.008515	0.001858	0.003142	0.162431	0.087820	0.053894	0.000886	0.002072	0.000161	0.003884	0.002443	0.030111	0.002611	0.014233	0.001153	0.004615	0.002611	0.010604	0.015935	0.004319	0.001168	0.125107	0.010715	0.014544	0.018247	0.017123	0.000475	0.024096	0.003623	0.020765	0.039905	0.002511	0.002072	0.001695	0.002611	0.000886	0.010641	0.002171	0.034873	0.001098	0.154962	0.000161	0.004068	0.022729	0.002403	
0.023859	0.002527	0.021427	0.108895	0.075302	0.012304	0.011620	0.013616	0.023359	0.015339	0.012098	0.001858	0.008777	0.000137	0.013080	0.015580	0.004097	0.000809	0.024849	0.012851	0.043846	0.000809	0.056853	0.017528	0.022628	0.002527	0.012998	0.003033	0.099522	0.022523	0.004792	0.004152	0.006706	0.011638	0.069053	0.005627	0.030248	0.008777	0.000885	0.000809	0.001858	0.066766	0.025899	0.003782	0.006472	0.037294	0.000137	0.009411	0.005908	0.015134	
0.011284	0.001746	0.040047	0.070169	0.040747	0.009507	0.007441	0.025013	0.018778	0.068903	0.040046	0.001301	0.016090	0.000156	0.018952	0.009953	0.013723	0.001899	0.044318	0.005051	0.021043	0.001899	0.055086	0.017334	0.015014	0.001746	0.012610	0.007666	0.062119	0.020655	0.012225	0.001701	0.017187	0.015956	0.092390	0.009176	0.011749	0.016090	0.001357	0.001899	0.001301	0.042864	0.010074	0.003945	0.004175	0.062538	0.000156	0.006326	0.018510	0.010088	
0.005331	0.001267	0.013565	0.152389	0.071337	0.004352	0.016301	0.008004	0.019799	0.075718	0.028202	0.000948	0.005177	0.000130	0.007225	0.021877	0.015189	0.000721	0.014814	0.002547	0.025940	0.000721	0.019928	0.015577	0.029350	0.001267	0.014382	0.002677	0.134788	0.018146	0.004224	0.000893	0.005907	0.006351	0.039038	0.005709	0.005855	0.005177	0.000557	0.000721	0.000948	0.094371	0.005028	0.004150	0.009052	0.038991	0.000130	0.004543	0.019725	0.020964	
0.003034	0.003013	0.007903	0.173612	0.078356	0.003646	0.018740	0.004559	0.012047	0.058031	0.023830	0.002204	0.002967	0.000122	0.008170	0.025160	0.011224	0.000784	0.011369	0.001231	0.025886	0.000784	0.010995	0.010898	0.035161	0.003013	0.008996	0.002972	0.154578	0.012568	0.004701	0.000473	0.006584	0.007948	0.049603	0.004566	0.002748	0.002967	0.000559	0.000784	0.002204	0.108396	0.002369	0.002669	0.010394	0.024903	0.000122	0.011339	0.016827	0.023990	
0.008222	0.001374	0.009285	0.113111	0.049550	0.010702	0.011020	0.005539	0.071135	0.047874	0.046153	0.001028	0.003601	0.000140	0.005822	0.014772	0.014740	0.002881	0.019050	0.002436	0.019043	0.002881	0.018322	0.010731	0.020433	0.001374	0.054080	0.011948	0.090972	0.012627	0.019117	0.000865	0.026919	0.005278	0.032015	0.022987	0.005579	0.003601	0.001887	0.002881	0.001028	0.063522	0.004793	0.015505	0.006143	0.074726	0.000140	0.004928	0.013081	0.014160	
0.020584	0.003170	0.004535	0.124979	0.076933	0.013258	0.013382	0.002521	0.020924	0.046320	0.031561	0.002319	0.001662	0.000128	0.007138	0.017952	0.009466	0.001710	0.012317	0.010355	0.040057	0.001710	0.033601	0.019710	0.026083	0.003170	0.012152	0.006943	0.113312	0.024474	0.011080	0.003358	0.015582	0.007196	0.044454	0.008479	0.024351	0.001662	0.001371	0.001710	0.002319	0.077240	0.020852	0.003747	0.007441	0.023446	0.000128	0.011932	0.014127	0.017099	
0.008252	0.002003	0.010087	0.166561	0.082530	0.005256	0.018061	0.005962	0.009384	0.056836	0.020783	0.001477	0.003866	0.000123	0.007249	0.024246	0.010726	0.000546	0.011910	0.004335	0.032182	0.000546	0.021341	0.014464	0.033036	0.002003	0.005638	0.001944	0.150011	0.017262	0.003049	0.001453	0.004252	0.006726	0.041934	0.002923	0.010098	0.003866	0.000494	0.000546	0.001477	0.104452	0.008657	0.001708	0.010020	0.023349	0.000123	0.007416	0.015678	0.023159	
0.024758	0.001949	0.006503	0.124644	0.081269	0.013496	0.012962	0.004033	0.041623	0.019079	0.017067	0.001440	0.002632	0.000129	0.005908	0.017388	0.006423	0.001123	0.011563	0.013059	0.045763	0.001123	0.042604	0.018451	0.024179	0.001949	0.026990	0.004409	0.110759	0.023616	0.007007	0.004212	0.009834	0.005626	0.034720	0.010237	0.030752	0.002632	0.001081	0.001123	0.001440	0.074608	0.026329	0.007682	0.007210	0.038330	0.000129	0.007191	0.006368	0.016603	
0.004146	0.027806	0.003673	0.010848	0.007967	0.003925	0.001186	0.001858	0.007520	0.071753	0.025907	0.020063	0.001246	0.000154	0.051020	0.001542	0.010970	0.000967	0.027791	0.001770	0.005179	0.000967	0.008245	0.011665	0.028585	0.027806	0.006291	0.003657	0.009245	0.013540	0.005783	0.000664	0.008098	0.054119	0.323863	0.004173	0.003982	0.001246	0.000697	0.000967	0.020063	0.006558	0.003429	0.001717	0.000723	0.016675	0.000154	0.107443	0.040839	0.001514	
0.012539	0.023631	0.005637	0.005857	0.016555	0.007015	0.000643	0.002990	0.010092	0.082570	0.027305	0.017057	0.001972	0.000154	0.044229	0.000812	0.013302	0.000781	0.025684	0.006597	0.015585	0.000781	0.022897	0.019564	0.023656	0.023631	0.006149	0.002853	0.006405	0.023509	0.004491	0.002189	0.006274	0.046683	0.278974	0.003547	0.015413	0.001972	0.000709	0.000781	0.017057	0.003511	0.013209	0.001681	0.000424	0.020364	0.000154	0.091242	0.040018	0.000851	
0.004350	0.027965	0.005081	0.012340	0.006596	0.003577	0.000780	0.003172	0.036175	0.028576	0.012117	0.020178	0.002089	0.000156	0.052145	0.000995	0.005767	0.000828	0.029334	0.001899	0.004999	0.000828	0.010503	0.004555	0.028058	0.027965	0.028375	0.003052	0.005920	0.005509	0.004811	0.000706	0.006725	0.055096	0.329441	0.009257	0.004284	0.002089	0.000615	0.000828	0.020178	0.003877	0.003688	0.007721	0.000500	0.036734	0.000156	0.108055	0.030329	0.001030	
0.004309	0.002635	0.016622	0.007835	0.006852	0.003864	0.000855	0.007630	0.008289	0.321828	0.098974	0.001944	0.004950	0.000165	0.009396	0.001093	0.058177	0.000929	0.015904	0.001900	0.005185	0.000929	0.017675	0.056005	0.003975	0.002635	0.005832	0.003456	0.006465	0.063815	0.005454	0.000713	0.007628	0.008736	0.050558	0.004153	0.004275	0.004950	0.000681	0.000929	0.001944	0.006550	0.003681	0.001864	0.000546	0.064583	0.000165	0.009749	0.081480	0.001236	
0.027419	0.002270	0.023139	0.015870	0.026683	0.030907	0.001395	0.014537	0.028833	0.034718	0.100512	0.001679	0.009376	0.000159	0.013176	0.001821	0.008146	0.007755	0.050831	0.009768	0.024062	0.007755	0.058413	0.017059	0.005270	0.002270	0.018481	0.032880	0.013676	0.021335	0.052747	0.003193	0.074366	0.011586	0.066721	0.030461	0.022918	0.009376	0.005086	0.007755	0.001679	0.007565	0.019630	0.006897	0.000841	0.047508	0.000159	0.008349	0.010866	0.002105	
0.003537	0.003731	0.087932	0.013477	0.007675	0.003655	0.001346	0.056104	0.015090	0.021109	0.015197	0.002739	0.036031	0.000186	0.042413	0.001746	0.004859	0.000993	0.087733	0.001425	0.005895	0.000993	0.093433	0.004846	0.007085	0.003731	0.011334	0.003664	0.010208	0.005728	0.005776	0.000577	0.008074	0.035669	0.204681	0.005690	0.003119	0.036031	0.000715	0.000993	0.002739	0.007047	0.002696	0.003381	0.000826	0.102530	0.000186	0.013942	0.008335	0.003100	
0.019042	0.002593	0.006771	0.017197	0.008423	0.038462	0.001280	0.003992	0.037537	0.043495	0.155998	0.001910	0.002615	0.000156	0.007001	0.001667	0.010771	0.012183	0.051283	0.001807	0.005431	0.012183	0.025534	0.009021	0.005457	0.002593	0.028449	0.051966	0.010022	0.010550	0.083422	0.000677	0.117653	0.006802	0.039636	0.047963	0.004067	0.002615	0.007601	0.012183	0.001910	0.006974	0.003502	0.010640	0.000776	0.043179	0.000156	0.009611	0.013554	0.001688	
0.030538	0.001554	0.009248	0.033402	0.035010	0.036365	0.003139	0.005863	0.036753	0.012478	0.113834	0.001161	0.003812	0.000150	0.006340	0.004170	0.004879	0.009369	0.043491	0.010297	0.027238	0.009369	0.048084	0.013994	0.007508	0.001554	0.024348	0.039866	0.028359	0.017976	0.063979	0.003354	0.090220	0.005776	0.033547	0.037434	0.024182	0.003812	0.006090	0.009369	0.001161	0.017548	0.020711	0.008877	0.001799	0.037244	0.000150	0.005600	0.004889	0.004110	
0.011610	0.005917	0.016291	0.034607	0.016004	0.019741	0.002960	0.009876	0.048335	0.066038	0.087722	0.004304	0.006387	0.000157	0.016755	0.003927	0.015529	0.005998	0.040192	0.002142	0.008431	0.005998	0.028178	0.012992	0.011218	0.005917	0.036785	0.025319	0.024036	0.015121	0.040595	0.000784	0.057220	0.016200	0.095402	0.029092	0.004859	0.006387	0.003804	0.005998	0.004304	0.016863	0.004180	0.011455	0.001704	0.064507	0.000157	0.022505	0.021512	0.003983	
