0.000779	0.001030	0.000779	0.000779	0.000779	0.000779	0.000779	0.000779	0.000779	0.000779	0.000779	0.000779	0.000779	0.007014	0.000779	0.000779	0.000779	0.000779	0.000779	0.000779	0.000779	0.000779	0.000779	0.000779	0.000779	0.000779	0.000779	0.000779	0.000779	0.013250	0.000779	0.000779	0.001412	0.000939	0.000990	0.000779	0.000779	0.001834	0.001888	0.000779	0.000779	0.000779	0.000779	0.000779	0.000779	0.000779	0.000779	0.000779	0.000779	0.939704	
0.000667	0.000948	0.000667	0.000667	0.000667	0.000667	0.000667	0.000667	0.000667	0.000667	0.000667	0.000667	0.000667	0.003051	0.000667	0.000667	0.000667	0.000667	0.000667	0.000667	0.000667	0.000667	0.000667	0.000667	0.000667	0.000667	0.000667	0.000667	0.000667	0.005435	0.000667	0.000667	0.002093	0.000962	0.001142	0.000667	0.000667	0.003043	0.002253	0.000667	0.000667	0.000667	0.000667	0.000667	0.000667	0.000667	0.000667	0.000667	0.000667	0.953724	
0.000667	0.000947	0.000667	0.000667	0.000667	0.000667	0.000667	0.000667	0.000667	0.000667	0.000667	0.000667	0.000667	0.001848	0.000667	0.000667	0.000667	0.000667	0.000667	0.000667	0.000667	0.000667	0.000667	0.000667	0.000667	0.000667	0.000667	0.000667	0.000667	0.003028	0.000667	0.000667	0.007748	0.001439	0.003027	0.000667	0.000667	0.012469	0.003682	0.000667	0.000667	0.000667	0.000667	0.000667	0.000667	0.000667	0.000667	0.000667	0.000667	0.938465	
0.000605	0.000887	0.000605	0.000605	0.000605	0.000605	0.000605	0.000605	0.000605	0.000605	0.000605	0.000605	0.000605	0.000865	0.000605	0.000605	0.000605	0.000605	0.000605	0.000605	0.000605	0.000605	0.000605	0.000605	0.000605	0.000605	0.000605	0.000605	0.000605	0.001126	0.000605	0.000605	0.001141	0.000861	0.000783	0.000605	0.000605	0.001499	0.002081	0.000605	0.000605	0.000605	0.000605	0.000605	0.000605	0.000605	0.000605	0.000605	0.000605	0.965970	
0.000640	0.002897	0.000640	0.000640	0.000640	0.000640	0.000640	0.000640	0.000640	0.000640	0.000640	0.000640	0.000640	0.000940	0.000640	0.000640	0.000640	0.000640	0.000640	0.000640	0.000640	0.000640	0.000640	0.000640	0.000640	0.000640	0.000640	0.000640	0.000640	0.001239	0.000640	0.000640	0.004183	0.000936	0.001821	0.000640	0.000640	0.006546	0.007171	0.000640	0.000640	0.000640	0.000640	0.000640	0.000640	0.000640	0.000640	0.000640	0.000640	0.948018	
0.000613	0.000975	0.000613	0.000613	0.000613	0.000613	0.000613	0.000613	0.000613	0.000613	0.000613	0.000613	0.000613	0.000772	0.000613	0.000613	0.000613	0.000613	0.000613	0.000613	0.000613	0.000613	0.000613	0.000613	0.000613	0.000613	0.000613	0.000613	0.000613	0.000932	0.000613	0.000613	0.001247	0.000879	0.000824	0.000613	0.000613	0.001670	0.002318	0.000613	0.000613	0.000613	0.000613	0.000613	0.000613	0.000613	0.000613	0.000613	0.000613	0.965266	
0.000652	0.001039	0.000652	0.000652	0.000652	0.000652	0.000652	0.000652	0.000652	0.000652	0.000652	0.000652	0.000652	0.000966	0.000652	0.000652	0.000652	0.000652	0.000652	0.000652	0.000652	0.000652	0.000652	0.000652	0.000652	0.000652	0.000652	0.000652	0.000652	0.001280	0.000652	0.000652	0.011248	0.001101	0.004184	0.000652	0.000652	0.018312	0.002966	0.000652	0.000652	0.000652	0.000652	0.000652	0.000652	0.000652	0.000652	0.000652	0.000652	0.932155	
0.000633	0.004890	0.000633	0.000633	0.000633	0.000633	0.000633	0.000633	0.000633	0.000633	0.000633	0.000633	0.000633	0.000930	0.000633	0.000633	0.000633	0.000633	0.000633	0.000633	0.000633	0.000633	0.000633	0.000633	0.000633	0.000633	0.000633	0.000633	0.000633	0.001227	0.000633	0.000633	0.004832	0.000833	0.002032	0.000633	0.000633	0.007631	0.011879	0.000633	0.000633	0.000633	0.000633	0.000633	0.000633	0.000633	0.000633	0.000633	0.000633	0.939813	
0.000599	0.002285	0.000599	0.000599	0.000599	0.000599	0.000599	0.000599	0.000599	0.000599	0.000599	0.000599	0.000599	0.001897	0.000599	0.000599	0.000599	0.000599	0.000599	0.000599	0.000599	0.000599	0.000599	0.000599	0.000599	0.000599	0.000599	0.000599	0.000599	0.003194	0.000599	0.000599	0.001404	0.000803	0.000868	0.000599	0.000599	0.001941	0.005424	0.000599	0.000599	0.000599	0.000599	0.000599	0.000599	0.000599	0.000599	0.000599	0.000599	0.957606	
0.000631	0.004408	0.000631	0.000631	0.000631	0.000631	0.000631	0.000631	0.000631	0.000631	0.000631	0.000631	0.000631	0.001915	0.000631	0.000631	0.000631	0.000631	0.000631	0.000631	0.000631	0.000631	0.000631	0.000631	0.000631	0.000631	0.000631	0.000631	0.000631	0.003198	0.000631	0.000631	0.001600	0.000782	0.000954	0.000631	0.000631	0.002246	0.010525	0.000631	0.000631	0.000631	0.000631	0.000631	0.000631	0.000631	0.000631	0.000631	0.000631	0.948484	
0.000626	0.005816	0.000626	0.000626	0.000626	0.000626	0.000626	0.000626	0.000626	0.000626	0.000626	0.000626	0.000626	0.001929	0.000626	0.000626	0.000626	0.000626	0.000626	0.000626	0.000626	0.000626	0.000626	0.000626	0.000626	0.000626	0.000626	0.000626	0.000626	0.003232	0.000626	0.000626	0.001307	0.000838	0.000853	0.000626	0.000626	0.001761	0.014237	0.000626	0.000626	0.000626	0.000626	0.000626	0.000626	0.000626	0.000626	0.000626	0.000626	0.944344	
0.000611	0.006429	0.000611	0.000611	0.000611	0.000611	0.000611	0.000611	0.000611	0.000611	0.000611	0.000611	0.000611	0.000834	0.000611	0.000611	0.000611	0.000611	0.000611	0.000611	0.000611	0.000611	0.000611	0.000611	0.000611	0.000611	0.000611	0.000611	0.000611	0.001058	0.000611	0.000611	0.004206	0.000870	0.001809	0.000611	0.000611	0.006602	0.015934	0.000611	0.000611	0.000611	0.000611	0.000611	0.000611	0.000611	0.000611	0.000611	0.000611	0.937217	
0.000648	0.003086	0.000648	0.000648	0.000648	0.000648	0.000648	0.000648	0.000648	0.000648	0.000648	0.000648	0.000648	0.001362	0.000648	0.000648	0.000648	0.000648	0.000648	0.000648	0.000648	0.000648	0.000648	0.000648	0.000648	0.000648	0.000648	0.000648	0.000648	0.002076	0.000648	0.000648	0.003221	0.000832	0.001506	0.000648	0.000648	0.004936	0.007294	0.000648	0.000648	0.000648	0.000648	0.000648	0.000648	0.000648	0.000648	0.000648	0.000648	0.949100	
0.000618	0.001598	0.000618	0.000618	0.000618	0.000618	0.000618	0.000618	0.000618	0.000618	0.000618	0.000618	0.000618	0.000852	0.000618	0.000618	0.000618	0.000618	0.000618	0.000618	0.000618	0.000618	0.000618	0.000618	0.000618	0.000618	0.000618	0.000618	0.000618	0.001086	0.000618	0.000618	0.001242	0.000919	0.000826	0.000618	0.000618	0.001659	0.003971	0.000618	0.000618	0.000618	0.000618	0.000618	0.000618	0.000618	0.000618	0.000618	0.000618	0.962503	
0.000637	0.003115	0.000637	0.000637	0.000637	0.000637	0.000637	0.000637	0.000637	0.000637	0.000637	0.000637	0.000637	0.000953	0.000637	0.000637	0.000637	0.000637	0.000637	0.000637	0.000637	0.000637	0.000637	0.000637	0.000637	0.000637	0.000637	0.000637	0.000637	0.001268	0.000637	0.000637	0.004765	0.001102	0.002013	0.000637	0.000637	0.007516	0.008225	0.000637	0.000637	0.000637	0.000637	0.000637	0.000637	0.000637	0.000637	0.000637	0.000637	0.944908	
0.000584	0.000979	0.000584	0.000584	0.000584	0.000584	0.000584	0.000584	0.000584	0.000584	0.000584	0.000584	0.000584	0.000924	0.000584	0.000584	0.000584	0.000584	0.000584	0.000584	0.000584	0.000584	0.000584	0.000584	0.000584	0.000584	0.000584	0.000584	0.000584	0.001265	0.000584	0.000584	0.001758	0.004923	0.000975	0.000584	0.000584	0.002541	0.014591	0.000584	0.000584	0.000584	0.000584	0.000584	0.000584	0.000584	0.000584	0.000584	0.000584	0.948112	
0.000592	0.000903	0.000592	0.000592	0.000592	0.000592	0.000592	0.000592	0.000592	0.000592	0.000592	0.000592	0.000592	0.000932	0.000592	0.000592	0.000592	0.000592	0.000592	0.000592	0.000592	0.000592	0.000592	0.000592	0.000592	0.000592	0.000592	0.000592	0.000592	0.001273	0.000592	0.000592	0.001395	0.004058	0.000859	0.000592	0.000592	0.001930	0.011770	0.000592	0.000592	0.000592	0.000592	0.000592	0.000592	0.000592	0.000592	0.000592	0.000592	0.952624	
0.000637	0.001008	0.000637	0.000637	0.000637	0.000637	0.000637	0.000637	0.000637	0.000637	0.000637	0.000637	0.000637	0.001444	0.000637	0.000637	0.000637	0.000637	0.000637	0.000637	0.000637	0.000637	0.000637	0.000637	0.000637	0.000637	0.000637	0.000637	0.000637	0.002251	0.000637	0.000637	0.004294	0.002963	0.001856	0.000637	0.000637	0.006732	0.008545	0.000637	0.000637	0.000637	0.000637	0.000637	0.000637	0.000637	0.000637	0.000637	0.000637	0.944803	
0.000616	0.003096	0.000616	0.000616	0.000616	0.000616	0.000616	0.000616	0.000616	0.000616	0.000616	0.000616	0.000616	0.001548	0.000616	0.000616	0.000616	0.000616	0.000616	0.000616	0.000616	0.000616	0.000616	0.000616	0.000616	0.000616	0.000616	0.000616	0.000616	0.002480	0.000616	0.000616	0.001784	0.001981	0.001005	0.000616	0.000616	0.002563	0.010911	0.000616	0.000616	0.000616	0.000616	0.000616	0.000616	0.000616	0.000616	0.000616	0.000616	0.949387	
0.000632	0.006025	0.000632	0.000632	0.000632	0.000632	0.000632	0.000632	0.000632	0.000632	0.000632	0.000632	0.000632	0.000848	0.000632	0.000632	0.000632	0.000632	0.000632	0.000632	0.000632	0.000632	0.000632	0.000632	0.000632	0.000632	0.000632	0.000632	0.000632	0.001065	0.000632	0.000632	0.007127	0.001028	0.002797	0.000632	0.000632	0.011457	0.015305	0.000632	0.000632	0.000632	0.000632	0.000632	0.000632	0.000632	0.000632	0.000632	0.000632	0.928453	
0.000592	0.005884	0.000592	0.000592	0.000592	0.000592	0.000592	0.000592	0.000592	0.000592	0.000592	0.000592	0.000592	0.000792	0.000592	0.000592	0.000592	0.000592	0.000592	0.000592	0.000592	0.000592	0.000592	0.000592	0.000592	0.000592	0.000592	0.000592	0.000592	0.000991	0.000592	0.000592	0.001177	0.001432	0.000787	0.000592	0.000592	0.001567	0.016341	0.000592	0.000592	0.000592	0.000592	0.000592	0.000592	0.000592	0.000592	0.000592	0.000592	0.946758	
0.000585	0.001294	0.000585	0.000585	0.000585	0.000585	0.000585	0.000585	0.000585	0.000585	0.000585	0.000585	0.000585	0.000868	0.000585	0.000585	0.000585	0.000585	0.000585	0.000585	0.000585	0.000585	0.000585	0.000585	0.000585	0.000585	0.000585	0.000585	0.000585	0.001152	0.000585	0.000585	0.003484	0.002268	0.001551	0.000585	0.000585	0.005416	0.007409	0.000585	0.000585	0.000585	0.000585	0.000585	0.000585	0.000585	0.000585	0.000585	0.000585	0.952581	
0.000668	0.002045	0.000668	0.000668	0.000668	0.000668	0.000668	0.000668	0.000668	0.000668	0.000668	0.000668	0.000668	0.000929	0.000668	0.000668	0.000668	0.000668	0.000668	0.000668	0.000668	0.000668	0.000668	0.000668	0.000668	0.000668	0.000668	0.000668	0.000668	0.001191	0.000668	0.000668	0.011093	0.001195	0.004143	0.000668	0.000668	0.018044	0.005691	0.000668	0.000668	0.000668	0.000668	0.000668	0.000668	0.000668	0.000668	0.000668	0.000668	0.928295	
0.000604	0.001192	0.000604	0.000604	0.000604	0.000604	0.000604	0.000604	0.000604	0.000604	0.000604	0.000604	0.000604	0.001477	0.000604	0.000604	0.000604	0.000604	0.000604	0.000604	0.000604	0.000604	0.000604	0.000604	0.000604	0.000604	0.000604	0.000604	0.000604	0.002349	0.000604	0.000604	0.001878	0.001996	0.001029	0.000604	0.000604	0.002727	0.006250	0.000604	0.000604	0.000604	0.000604	0.000604	0.000604	0.000604	0.000604	0.000604	0.000604	0.956344	
