0.019481	0.021873	0.031442	0.512303	0.029050	0.335270	0.050581	
0.056807	0.045042	0.047395	0.383866	0.052101	0.179160	0.235630	
0.026786	0.036401	0.058036	0.596497	0.084478	0.103709	0.094093	
0.330485	0.024265	0.103213	0.050581	0.172591	0.029050	0.289815	
0.681941	0.059299	0.026280	0.064016	0.068733	0.047507	0.052224	
0.420007	0.125043	0.065091	0.053100	0.084275	0.170606	0.081877	
0.694454	0.019160	0.061513	0.045042	0.125042	0.030924	0.023866	
0.033754	0.040914	0.040914	0.067167	0.241391	0.224685	0.351176	
0.046239	0.058316	0.048654	0.036577	0.256384	0.075224	0.478606	
0.039373	0.112544	0.061324	0.044251	0.527178	0.188153	0.027178	
0.054199	0.040147	0.108063	0.019070	0.562395	0.131482	0.084644	
0.204785	0.034835	0.044687	0.103800	0.290992	0.194933	0.125968	
0.037454	0.028174	0.100099	0.262512	0.383162	0.102420	0.086178	
0.030423	0.053571	0.065146	0.062831	0.416997	0.298942	0.072090	
0.047395	0.028571	0.026218	0.296807	0.193277	0.362689	0.045042	
0.035969	0.021717	0.817441	0.035969	0.024092	0.031218	0.033593	
0.026594	0.067167	0.754518	0.043300	0.021821	0.048074	0.038527	
0.029120	0.029120	0.446386	0.230558	0.024323	0.021925	0.218568	
0.045362	0.076168	0.651997	0.128301	0.038253	0.024035	0.035884	
0.446895	0.135731	0.066848	0.090601	0.052596	0.031218	0.176111	
0.028639	0.752695	0.038073	0.026280	0.038073	0.049865	0.066375	
0.614424	0.034327	0.056172	0.056172	0.048890	0.027046	0.162968	
0.291510	0.176952	0.036140	0.045687	0.026594	0.389362	0.033754	
0.309524	0.055901	0.145273	0.026915	0.067978	0.051070	0.343340	
