0.510380	0.011420	0.033082	0.000755	0.029594	0.029861	0.018313	0.129595	0.044969	0.119618	0.004048	0.013042	0.020972	0.020415	0.013937	
0.448286	0.010495	0.057986	0.001495	0.024355	0.022151	0.042924	0.108537	0.045334	0.099952	0.008165	0.024960	0.019496	0.081963	0.003901	
0.487614	0.010910	0.032637	0.001013	0.028964	0.024547	0.031176	0.125139	0.046418	0.114061	0.005248	0.018321	0.021417	0.046146	0.006390	
0.479703	0.001561	0.045643	0.011643	0.005670	0.037521	0.109170	0.027281	0.067784	0.017411	0.072987	0.020705	0.014946	0.082799	0.005177	
0.439845	0.001140	0.101478	0.005868	0.019059	0.026831	0.087697	0.023962	0.093822	0.023583	0.036251	0.046097	0.033655	0.054425	0.006287	
0.482087	0.001414	0.049132	0.011441	0.006548	0.037491	0.109357	0.024495	0.071994	0.015655	0.071699	0.023142	0.014863	0.075576	0.005107	
0.448151	0.000753	0.015627	0.005032	0.028283	0.036601	0.116880	0.017486	0.194639	0.013004	0.030931	0.060991	0.009863	0.015097	0.006664	
0.379606	0.006915	0.140286	0.000792	0.021445	0.017385	0.048643	0.065089	0.053777	0.066772	0.003942	0.044076	0.036742	0.106300	0.008230	
0.273756	0.003409	0.131159	0.001328	0.012439	0.040078	0.056343	0.030041	0.127416	0.032020	0.009413	0.041144	0.038205	0.158279	0.044970	
0.277816	0.001233	0.065433	0.000819	0.013599	0.080812	0.038595	0.014578	0.240013	0.016308	0.009237	0.028132	0.028137	0.086859	0.098428	
0.244287	0.001187	0.063298	0.000726	0.009417	0.089360	0.028907	0.015455	0.247099	0.016210	0.009534	0.019172	0.030301	0.110687	0.114360	
0.378755	0.000857	0.147080	0.003314	0.013975	0.051178	0.041668	0.012681	0.121980	0.020193	0.022780	0.034290	0.044294	0.051313	0.055641	
0.439125	0.007853	0.137563	0.000693	0.025125	0.017078	0.036409	0.076898	0.036926	0.079227	0.003182	0.039939	0.036212	0.058423	0.005346	
0.351928	0.001313	0.245170	0.000572	0.021018	0.011323	0.048457	0.011329	0.052047	0.026808	0.002820	0.064968	0.065185	0.085013	0.012049	
0.413600	0.001037	0.244355	0.000975	0.024960	0.009113	0.041473	0.017233	0.035462	0.033254	0.005114	0.062714	0.069050	0.035069	0.006592	
0.473010	0.001555	0.047008	0.000753	0.038608	0.007046	0.020159	0.124136	0.025558	0.107860	0.003530	0.015899	0.091421	0.038696	0.004762	
0.489426	0.001161	0.059462	0.002436	0.034397	0.012299	0.032158	0.102319	0.032775	0.089710	0.014304	0.019560	0.080215	0.024600	0.005179	
0.487267	0.000868	0.018361	0.001004	0.040101	0.012353	0.015801	0.131563	0.037143	0.111886	0.005520	0.008465	0.094208	0.023897	0.011564	
0.367279	0.001506	0.048914	0.002672	0.019470	0.046952	0.036365	0.067609	0.119652	0.057750	0.018459	0.013571	0.055250	0.091800	0.052750	
0.248025	0.002346	0.103549	0.000853	0.020526	0.010393	0.090224	0.046074	0.112216	0.039876	0.004036	0.057755	0.049534	0.210243	0.004351	
0.316191	0.002540	0.116113	0.002144	0.016934	0.029595	0.065894	0.037839	0.109527	0.036714	0.013621	0.043266	0.043826	0.138652	0.027142	
0.342065	0.001429	0.071018	0.001786	0.027659	0.026622	0.112535	0.011274	0.194959	0.011779	0.010203	0.076011	0.019238	0.086564	0.006859	
0.395546	0.001803	0.054730	0.000799	0.035097	0.027671	0.102909	0.021286	0.204886	0.022249	0.003893	0.077147	0.018612	0.027368	0.006008	
0.277500	0.001756	0.073861	0.000765	0.021737	0.041689	0.092338	0.012323	0.213880	0.012766	0.005328	0.063747	0.022085	0.124064	0.036161	
