0	44	53	0	0	0	0	
0	0	0	0	0	0	68	
0	0	0	0	38	0	0	
0	111	0	60	0	0	0	
56	0	0	0	0	90	0	
135	0	0	0	0	0	0	
0	0	0	0	25	0	0	
0	82	0	0	0	50	36	
0	127	42	0	0	0	0	
0	51	25	0	0	0	0	
0	0	0	57	0	0	0	
0	0	0	83	0	0	0	
0	0	25	0	0	0	0	
0	0	31	1	0	0	0	
0	0	0	93	0	0	0	
0	0	0	0	0	0	0	
0	0	0	0	72	0	0	
0	202	38	4	0	0	11	
55	47	0	8	0	53	73	
99	0	0	0	0	0	70	
0	54	0	0	0	0	98	
0	0	0	0	0	15	0	
0	0	0	0	13	0	0	
0	0	0	0	26	95	0	
0	0	0	0	0	0	32	
0	0	0	0	0	40	0	
0	0	0	0	0	50	217	
26	0	0	0	0	0	43	
0	0	0	0	13	0	0	
19	0	0	0	57	0	0	
41	0	0	0	0	24	0	
0	0	0	0	25	0	0	
12	0	0	0	0	0	0	
0	0	56	0	0	0	0	
65	0	0	0	0	0	0	
0	89	3	33	0	172	0	
0	0	23	0	0	0	0	
0	0	0	141	0	0	0	
0	0	0	0	25	0	0	
0	54	51	0	86	0	3	
0	0	0	0	101	0	0	
0	0	0	0	0	0	85	
0	0	173	0	0	0	0	
0	0	0	0	0	0	16	
0	42	0	0	0	0	0	
74	1	1	0	34	0	0	
0	93	0	0	0	0	0	
0	0	32	0	119	0	1	
0	0	0	123	0	0	0	
21	0	3	0	0	0	0	
