0.045255	0.021614	0.031071	0.019250	0.023978	0.789936	0.068896	
0.033593	0.100102	0.035969	0.261622	0.047845	0.028843	0.492026	
0.026915	0.034161	0.029331	0.043823	0.043823	0.029331	0.792616	
0.794600	0.041012	0.043404	0.031442	0.031442	0.029050	0.029050	
0.319487	0.255657	0.026342	0.246201	0.031071	0.023978	0.097264	
0.316375	0.292790	0.127695	0.104111	0.056941	0.033356	0.068733	
0.456396	0.342382	0.026468	0.035969	0.050221	0.024092	0.064472	
0.035969	0.052596	0.541907	0.138107	0.040719	0.071598	0.119104	
0.130465	0.024441	0.554561	0.101549	0.024441	0.128055	0.036489	
0.041710	0.029545	0.584289	0.199861	0.031978	0.068474	0.044143	
0.040241	0.051979	0.744467	0.033199	0.021462	0.077800	0.030852	
0.079365	0.044797	0.570723	0.160847	0.039859	0.076896	0.027513	
0.053821	0.107309	0.167774	0.458472	0.021262	0.132890	0.058472	
0.025974	0.042291	0.046953	0.757909	0.044622	0.021312	0.060939	
0.077437	0.054072	0.105474	0.521362	0.030708	0.021362	0.189586	
0.019342	0.043095	0.028843	0.019342	0.841194	0.016966	0.031218	
0.021821	0.301057	0.021821	0.031367	0.563587	0.026594	0.033754	
0.093197	0.028912	0.031293	0.033673	0.447959	0.095578	0.269388	
0.223087	0.042993	0.066689	0.028775	0.282329	0.327353	0.028775	
0.071769	0.347959	0.074150	0.324150	0.038435	0.026531	0.117007	
0.048772	0.177101	0.448288	0.092356	0.082670	0.026980	0.123833	
0.116852	0.476075	0.167822	0.102288	0.078017	0.022191	0.036755	
0.058316	0.623533	0.043823	0.048654	0.055901	0.094548	0.075224	
0.258021	0.331307	0.057075	0.031071	0.083080	0.208376	0.031071	
