0.000653	0.003609	0.000653	0.000653	0.000653	0.000653	0.000653	0.000653	0.000653	0.000653	0.000653	0.000653	0.000653	0.000987	0.000653	0.000653	0.000653	0.000653	0.000653	0.000653	0.000653	0.000653	0.000653	0.000653	0.000653	0.000653	0.000653	0.000653	0.000653	0.001748	0.000653	0.000653	0.008849	0.001200	0.003385	0.000653	0.000653	0.001411	0.003086	0.000653	0.000653	0.000653	0.000653	0.000653	0.000653	0.000653	0.000653	0.000653	0.000653	0.948937	
0.000606	0.001257	0.000606	0.000606	0.000606	0.000606	0.000606	0.000606	0.000606	0.000606	0.000606	0.000606	0.000606	0.001091	0.000606	0.000606	0.000606	0.000606	0.000606	0.000606	0.000606	0.000606	0.000606	0.000606	0.000606	0.000606	0.000606	0.000606	0.000606	0.002504	0.000606	0.000606	0.008850	0.001555	0.003354	0.000606	0.000606	0.001415	0.007639	0.000606	0.000606	0.000606	0.000606	0.000606	0.000606	0.000606	0.000606	0.000606	0.000606	0.947494	
0.000619	0.002150	0.000619	0.000619	0.000619	0.000619	0.000619	0.000619	0.000619	0.000619	0.000619	0.000619	0.000619	0.001015	0.000619	0.000619	0.000619	0.000619	0.000619	0.000619	0.000619	0.000619	0.000619	0.000619	0.000619	0.000619	0.000619	0.000619	0.000619	0.001552	0.000619	0.000619	0.010268	0.001085	0.003835	0.000619	0.000619	0.001323	0.004665	0.000619	0.000619	0.000619	0.000619	0.000619	0.000619	0.000619	0.000619	0.000619	0.000619	0.948741	
0.000614	0.001042	0.000614	0.000614	0.000614	0.000614	0.000614	0.000614	0.000614	0.000614	0.000614	0.000614	0.000614	0.000816	0.000614	0.000614	0.000614	0.000614	0.000614	0.000614	0.000614	0.000614	0.000614	0.000614	0.000614	0.000614	0.000614	0.000614	0.000614	0.000931	0.000614	0.000614	0.000952	0.000772	0.000726	0.000614	0.000614	0.002048	0.020182	0.000614	0.000614	0.000614	0.000614	0.000614	0.000614	0.000614	0.000614	0.000614	0.000614	0.947366	
0.000575	0.002730	0.000575	0.000575	0.000575	0.000575	0.000575	0.000575	0.000575	0.000575	0.000575	0.000575	0.000575	0.001001	0.000575	0.000575	0.000575	0.000575	0.000575	0.000575	0.000575	0.000575	0.000575	0.000575	0.000575	0.000575	0.000575	0.000575	0.000575	0.001730	0.000575	0.000575	0.001153	0.001153	0.000768	0.000575	0.000575	0.015553	0.006210	0.000575	0.000575	0.000575	0.000575	0.000575	0.000575	0.000575	0.000575	0.000575	0.000575	0.946127	
0.000589	0.001142	0.000589	0.000589	0.000589	0.000589	0.000589	0.000589	0.000589	0.000589	0.000589	0.000589	0.000589	0.000889	0.000589	0.000589	0.000589	0.000589	0.000589	0.000589	0.000589	0.000589	0.000589	0.000589	0.000589	0.000589	0.000589	0.000589	0.000589	0.001383	0.000589	0.000589	0.003430	0.000986	0.001536	0.000589	0.000589	0.011648	0.008682	0.000589	0.000589	0.000589	0.000589	0.000589	0.000589	0.000589	0.000589	0.000589	0.000589	0.946162	
0.000597	0.000986	0.000597	0.000597	0.000597	0.000597	0.000597	0.000597	0.000597	0.000597	0.000597	0.000597	0.000597	0.000796	0.000597	0.000597	0.000597	0.000597	0.000597	0.000597	0.000597	0.000597	0.000597	0.000597	0.000597	0.000597	0.000597	0.000597	0.000597	0.000909	0.000597	0.000597	0.001256	0.000753	0.000816	0.000597	0.000597	0.018893	0.005965	0.000597	0.000597	0.000597	0.000597	0.000597	0.000597	0.000597	0.000597	0.000597	0.000597	0.945156	
0.000635	0.002528	0.000635	0.000635	0.000635	0.000635	0.000635	0.000635	0.000635	0.000635	0.000635	0.000635	0.000635	0.002671	0.000635	0.000635	0.000635	0.000635	0.000635	0.000635	0.000635	0.000635	0.000635	0.000635	0.000635	0.000635	0.000635	0.000635	0.000635	0.001978	0.000635	0.000635	0.003172	0.001306	0.001481	0.000635	0.000635	0.002131	0.006089	0.000635	0.000635	0.000635	0.000635	0.000635	0.000635	0.000635	0.000635	0.000635	0.000635	0.952605	
0.000618	0.003487	0.000618	0.000618	0.000618	0.000618	0.000618	0.000618	0.000618	0.000618	0.000618	0.000618	0.000618	0.002110	0.000618	0.000618	0.000618	0.000618	0.000618	0.000618	0.000618	0.000618	0.000618	0.000618	0.000618	0.000618	0.000618	0.000618	0.000618	0.001278	0.000618	0.000618	0.001039	0.000948	0.000759	0.000618	0.000618	0.002053	0.011073	0.000618	0.000618	0.000618	0.000618	0.000618	0.000618	0.000618	0.000618	0.000618	0.000618	0.951894	
0.000696	0.002031	0.000696	0.000696	0.000696	0.000696	0.000696	0.000696	0.000696	0.000696	0.000696	0.000696	0.000696	0.003875	0.000696	0.000696	0.000696	0.000696	0.000696	0.000696	0.000696	0.000696	0.000696	0.000696	0.000696	0.000696	0.000696	0.000696	0.000696	0.001049	0.000696	0.000696	0.001295	0.000872	0.000895	0.000696	0.000696	0.002225	0.002588	0.000696	0.000696	0.000696	0.000696	0.000696	0.000696	0.000696	0.000696	0.000696	0.000696	0.956651	
0.000693	0.001017	0.000693	0.000693	0.000693	0.000693	0.000693	0.000693	0.000693	0.000693	0.000693	0.000693	0.000693	0.003394	0.000693	0.000693	0.000693	0.000693	0.000693	0.000693	0.000693	0.000693	0.000693	0.000693	0.000693	0.000693	0.000693	0.000693	0.000693	0.001144	0.000693	0.000693	0.002002	0.000919	0.001129	0.000693	0.000693	0.001857	0.005300	0.000693	0.000693	0.000693	0.000693	0.000693	0.000693	0.000693	0.000693	0.000693	0.000693	0.954814	
0.000614	0.001670	0.000614	0.000614	0.000614	0.000614	0.000614	0.000614	0.000614	0.000614	0.000614	0.000614	0.000614	0.003639	0.000614	0.000614	0.000614	0.000614	0.000614	0.000614	0.000614	0.000614	0.000614	0.000614	0.000614	0.000614	0.000614	0.000614	0.000614	0.001107	0.000614	0.000614	0.001080	0.000860	0.000769	0.000614	0.000614	0.005504	0.004870	0.000614	0.000614	0.000614	0.000614	0.000614	0.000614	0.000614	0.000614	0.000614	0.000614	0.955340	
0.000673	0.008264	0.000673	0.000673	0.000673	0.000673	0.000673	0.000673	0.000673	0.000673	0.000673	0.000673	0.000673	0.001027	0.000673	0.000673	0.000673	0.000673	0.000673	0.000673	0.000673	0.000673	0.000673	0.000673	0.000673	0.000673	0.000673	0.000673	0.000673	0.001489	0.000673	0.000673	0.002066	0.001081	0.001137	0.000673	0.000673	0.001718	0.004971	0.000673	0.000673	0.000673	0.000673	0.000673	0.000673	0.000673	0.000673	0.000673	0.000673	0.950664	
0.000651	0.007939	0.000651	0.000651	0.000651	0.000651	0.000651	0.000651	0.000651	0.000651	0.000651	0.000651	0.000651	0.001316	0.000651	0.000651	0.000651	0.000651	0.000651	0.000651	0.000651	0.000651	0.000651	0.000651	0.000651	0.000651	0.000651	0.000651	0.000651	0.001862	0.000651	0.000651	0.001106	0.001256	0.000803	0.000651	0.000651	0.001820	0.006304	0.000651	0.000651	0.000651	0.000651	0.000651	0.000651	0.000651	0.000651	0.000651	0.000651	0.950915	
0.000627	0.006271	0.000627	0.000627	0.000627	0.000627	0.000627	0.000627	0.000627	0.000627	0.000627	0.000627	0.000627	0.001204	0.000627	0.000627	0.000627	0.000627	0.000627	0.000627	0.000627	0.000627	0.000627	0.000627	0.000627	0.000627	0.000627	0.000627	0.000627	0.002248	0.000627	0.000627	0.001526	0.001437	0.000927	0.000627	0.000627	0.005368	0.006245	0.000627	0.000627	0.000627	0.000627	0.000627	0.000627	0.000627	0.000627	0.000627	0.000627	0.949067	
0.000651	0.001839	0.000651	0.000651	0.000651	0.000651	0.000651	0.000651	0.000651	0.000651	0.000651	0.000651	0.000651	0.000827	0.000651	0.000651	0.000651	0.000651	0.000651	0.000651	0.000651	0.000651	0.000651	0.000651	0.000651	0.000651	0.000651	0.000651	0.000651	0.007701	0.000651	0.000651	0.001244	0.004176	0.000849	0.000651	0.000651	0.001286	0.014293	0.000651	0.000651	0.000651	0.000651	0.000651	0.000651	0.000651	0.000651	0.000651	0.000651	0.941078	
0.000616	0.001172	0.000616	0.000616	0.000616	0.000616	0.000616	0.000616	0.000616	0.000616	0.000616	0.000616	0.000616	0.000789	0.000616	0.000616	0.000616	0.000616	0.000616	0.000616	0.000616	0.000616	0.000616	0.000616	0.000616	0.000616	0.000616	0.000616	0.000616	0.009342	0.000616	0.000616	0.001408	0.004979	0.000880	0.000616	0.000616	0.001490	0.015650	0.000616	0.000616	0.000616	0.000616	0.000616	0.000616	0.000616	0.000616	0.000616	0.000616	0.939044	
0.000661	0.000990	0.000661	0.000661	0.000661	0.000661	0.000661	0.000661	0.000661	0.000661	0.000661	0.000661	0.000661	0.000820	0.000661	0.000661	0.000661	0.000661	0.000661	0.000661	0.000661	0.000661	0.000661	0.000661	0.000661	0.000661	0.000661	0.000661	0.000661	0.008007	0.000661	0.000661	0.001245	0.004334	0.000856	0.000661	0.000661	0.001904	0.014430	0.000661	0.000661	0.000661	0.000661	0.000661	0.000661	0.000661	0.000661	0.000661	0.000661	0.940300	
0.000789	0.001120	0.000789	0.000789	0.000789	0.000789	0.000789	0.000789	0.000789	0.000789	0.000789	0.000789	0.000789	0.001208	0.000789	0.000789	0.000789	0.000789	0.000789	0.000789	0.000789	0.000789	0.000789	0.000789	0.000789	0.000789	0.000789	0.000789	0.000789	0.004048	0.000789	0.000789	0.001377	0.002419	0.000985	0.000789	0.000789	0.002662	0.008515	0.000789	0.000789	0.000789	0.000789	0.000789	0.000789	0.000789	0.000789	0.000789	0.000789	0.945303	
0.000591	0.001146	0.000591	0.000591	0.000591	0.000591	0.000591	0.000591	0.000591	0.000591	0.000591	0.000591	0.000591	0.001634	0.000591	0.000591	0.000591	0.000591	0.000591	0.000591	0.000591	0.000591	0.000591	0.000591	0.000591	0.000591	0.000591	0.000591	0.000591	0.004620	0.000591	0.000591	0.001753	0.002605	0.000978	0.000591	0.000591	0.006830	0.010611	0.000591	0.000591	0.000591	0.000591	0.000591	0.000591	0.000591	0.000591	0.000591	0.000591	0.945595	
0.000627	0.000991	0.000627	0.000627	0.000627	0.000627	0.000627	0.000627	0.000627	0.000627	0.000627	0.000627	0.000627	0.002912	0.000627	0.000627	0.000627	0.000627	0.000627	0.000627	0.000627	0.000627	0.000627	0.000627	0.000627	0.000627	0.000627	0.000627	0.000627	0.004086	0.000627	0.000627	0.001548	0.002356	0.000934	0.000627	0.000627	0.003742	0.007531	0.000627	0.000627	0.000627	0.000627	0.000627	0.000627	0.000627	0.000627	0.000627	0.000627	0.950191	
0.000592	0.002093	0.000592	0.000592	0.000592	0.000592	0.000592	0.000592	0.000592	0.000592	0.000592	0.000592	0.000592	0.000930	0.000592	0.000592	0.000592	0.000592	0.000592	0.000592	0.000592	0.000592	0.000592	0.000592	0.000592	0.000592	0.000592	0.000592	0.000592	0.002138	0.000592	0.000592	0.003438	0.001365	0.001541	0.000592	0.000592	0.010672	0.007498	0.000592	0.000592	0.000592	0.000592	0.000592	0.000592	0.000592	0.000592	0.000592	0.000592	0.946067	
0.000600	0.000930	0.000600	0.000600	0.000600	0.000600	0.000600	0.000600	0.000600	0.000600	0.000600	0.000600	0.000600	0.001145	0.000600	0.000600	0.000600	0.000600	0.000600	0.000600	0.000600	0.000600	0.000600	0.000600	0.000600	0.000600	0.000600	0.000600	0.000600	0.000917	0.000600	0.000600	0.011243	0.000759	0.004148	0.000600	0.000600	0.004443	0.002875	0.000600	0.000600	0.000600	0.000600	0.000600	0.000600	0.000600	0.000600	0.000600	0.000600	0.948925	
0.000615	0.002190	0.000615	0.000615	0.000615	0.000615	0.000615	0.000615	0.000615	0.000615	0.000615	0.000615	0.000615	0.001092	0.000615	0.000615	0.000615	0.000615	0.000615	0.000615	0.000615	0.000615	0.000615	0.000615	0.000615	0.000615	0.000615	0.000615	0.000615	0.001363	0.000615	0.000615	0.004081	0.000989	0.001770	0.000615	0.000615	0.005357	0.009848	0.000615	0.000615	0.000615	0.000615	0.000615	0.000615	0.000615	0.000615	0.000615	0.000615	0.948095	
