0.021769	0.026531	0.021769	0.021769	0.026531	0.019388	0.862245	
0.067167	0.532561	0.021821	0.052847	0.043300	0.064780	0.217525	
0.031670	0.776248	0.022031	0.048537	0.046127	0.026850	0.048537	
0.211374	0.031518	0.031518	0.587873	0.033916	0.053100	0.050702	
0.777331	0.051979	0.028504	0.035547	0.051979	0.030852	0.023810	
0.249154	0.118822	0.185173	0.291808	0.090386	0.035884	0.028775	
0.256807	0.134454	0.336807	0.037983	0.068571	0.122689	0.042689	
0.033673	0.155102	0.517007	0.162245	0.050340	0.062245	0.019388	
0.031293	0.026531	0.217007	0.533673	0.021769	0.026531	0.143197	
0.036844	0.039277	0.693778	0.046576	0.049009	0.051442	0.083073	
0.023643	0.037629	0.552781	0.147186	0.039960	0.142524	0.056277	
0.075958	0.027178	0.702787	0.029617	0.034495	0.063763	0.066202	
0.023533	0.090819	0.271793	0.148823	0.035134	0.046735	0.383162	
0.053946	0.109890	0.149517	0.175158	0.177489	0.065601	0.268398	
0.107810	0.121829	0.163885	0.042390	0.082109	0.082109	0.399866	
0.026594	0.057620	0.091033	0.040914	0.628026	0.102966	0.052847	
0.024323	0.206578	0.026721	0.031518	0.657417	0.029120	0.024323	
0.093643	0.210868	0.021873	0.026658	0.502734	0.048189	0.096036	
0.040816	0.067007	0.040816	0.059864	0.028912	0.543197	0.219388	
0.040719	0.088225	0.252121	0.337631	0.195114	0.064472	0.021717	
0.069059	0.154367	0.144888	0.329722	0.111713	0.163846	0.026405	
0.073340	0.078206	0.056309	0.063608	0.129301	0.574557	0.024678	
0.072809	0.253968	0.217736	0.135611	0.055901	0.241891	0.022084	
0.227614	0.036227	0.017088	0.148667	0.041012	0.466849	0.062543	
