13
13
13
13
13
13
13
13
13
13
13
13
13
13
13
13
13
37
37
37
37
37
37
37
37
37
37
37
37
27
27
27
27
27
27
27
27
27
27
27
27
27
27
27
27
27
27
27
27
27
27
37
37
37
37
37
37
37
37
37
37
37
37
37
37
37
37
37
37
37
46
46
46
46
46
46
46
46
46
46
46
46
46
46
46
46
46
46
46
46
46
46
46
46
46
46
46
46
46
46
46
46
46
46
46
46
46
46
46
46
46
46
46
46
46
46
46
46
46
46
46
46
46
46
46
46
46
46
46
46
46
46
46
46
46
46
46
46
46
46
46
46
46
46
46
46
46
46
46
46
46
46
46
46
46
46
46
46
46
46
46
46
46
46
46
8
8
8
8
8
8
8
8
8
8
8
8
8
8
8
