0	0	49	51	0	0	0	
70	0	0	0	0	0	0	
0	0	0	0	0	0	38	
0	0	153	0	13	0	0	
0	9	0	0	1	134	0	
0	0	0	0	0	210	39	
0	0	0	0	0	0	25	
0	107	0	0	61	0	0	
0	0	23	0	135	0	0	
0	0	0	0	78	0	0	
0	0	32	0	0	0	0	
0	0	0	80	0	0	0	
0	0	0	15	0	0	0	
0	0	0	32	0	0	0	
2	0	86	0	0	0	0	
0	0	0	0	0	0	0	
0	0	0	0	0	0	72	
0	0	147	0	92	0	0	
108	0	0	0	73	69	0	
109	0	0	0	0	44	0	
88	1	0	0	66	0	0	
0	14	0	0	0	0	0	
0	0	0	0	0	0	13	
0	0	0	0	0	0	0	
32	0	0	0	0	0	0	
0	36	0	0	0	0	0	
140	136	0	0	0	0	0	
45	0	0	0	0	27	0	
0	0	0	0	0	0	13	
0	31	0	0	0	0	74	
0	0	0	0	0	66	0	
0	0	0	0	0	0	25	
0	0	0	0	0	12	0	
0	0	0	59	0	0	0	
45	0	0	13	0	24	0	
0	182	98	9	0	2	0	
0	0	0	26	0	0	0	
0	0	0	145	0	0	0	
0	0	0	0	0	0	25	
0	0	45	41	0	0	111	
0	0	0	0	0	0	101	
98	0	0	0	0	3	0	
0	0	0	178	0	0	0	
0	16	0	0	0	0	0	
0	0	42	0	0	0	0	
0	0	0	0	0	66	48	
1	0	0	0	93	0	0	
15	0	0	0	0	0	127	
0	0	1	113	0	0	0	
0	1	0	6	0	17	0	
