0.000625	0.000869	0.000625	0.000625	0.000625	0.000625	0.000625	0.000625	0.000625	0.000625	0.000625	0.000625	0.000625	0.000753	0.000625	0.000625	0.000625	0.000625	0.000625	0.000625	0.000625	0.000625	0.000625	0.000625	0.000625	0.000625	0.000625	0.000625	0.000625	0.001024	0.000625	0.000625	0.001223	0.000747	0.000827	0.000625	0.000625	0.001636	0.001968	0.000625	0.000625	0.000625	0.000625	0.000625	0.000625	0.000625	0.000625	0.000625	0.000625	0.965326	
0.000653	0.001238	0.000653	0.000653	0.000653	0.000653	0.000653	0.000653	0.000653	0.000653	0.000653	0.000653	0.000653	0.000876	0.000653	0.000653	0.000653	0.000653	0.000653	0.000653	0.000653	0.000653	0.000653	0.000653	0.000653	0.000653	0.000653	0.000653	0.000653	0.001116	0.000653	0.000653	0.001347	0.000946	0.001075	0.000653	0.000653	0.002761	0.006789	0.000653	0.000653	0.000653	0.000653	0.000653	0.000653	0.000653	0.000653	0.000653	0.000653	0.957069	
0.000652	0.000947	0.000652	0.000652	0.000652	0.000652	0.000652	0.000652	0.000652	0.000652	0.000652	0.000652	0.000652	0.000844	0.000652	0.000652	0.000652	0.000652	0.000652	0.000652	0.000652	0.000652	0.000652	0.000652	0.000652	0.000652	0.000652	0.000652	0.000652	0.001055	0.000652	0.000652	0.001257	0.000799	0.000839	0.000652	0.000652	0.001591	0.007117	0.000652	0.000652	0.000652	0.000652	0.000652	0.000652	0.000652	0.000652	0.000652	0.000652	0.958831	
0.000660	0.000977	0.000660	0.000660	0.000660	0.000660	0.000660	0.000660	0.000660	0.000660	0.000660	0.000660	0.000660	0.004516	0.000660	0.000660	0.000660	0.000660	0.000660	0.000660	0.000660	0.000660	0.000660	0.000660	0.000660	0.000660	0.000660	0.000660	0.000660	0.001453	0.000660	0.000660	0.001850	0.000819	0.001129	0.000660	0.000660	0.003003	0.007344	0.000660	0.000660	0.000660	0.000660	0.000660	0.000660	0.000660	0.000660	0.000660	0.000660	0.951829	
0.000679	0.001109	0.000679	0.000679	0.000679	0.000679	0.000679	0.000679	0.000679	0.000679	0.000679	0.000679	0.000679	0.000866	0.000679	0.000679	0.000679	0.000679	0.000679	0.000679	0.000679	0.000679	0.000679	0.000679	0.000679	0.000679	0.000679	0.000679	0.000679	0.001789	0.000679	0.000679	0.002345	0.000894	0.005655	0.000679	0.000679	0.025560	0.003327	0.000679	0.000679	0.000679	0.000679	0.000679	0.000679	0.000679	0.000679	0.000679	0.000679	0.930631	
0.000649	0.002188	0.000649	0.000649	0.000649	0.000649	0.000649	0.000649	0.000649	0.000649	0.000649	0.000649	0.000649	0.001964	0.000649	0.000649	0.000649	0.000649	0.000649	0.000649	0.000649	0.000649	0.000649	0.000649	0.000649	0.000649	0.000649	0.000649	0.000649	0.002076	0.000649	0.000649	0.002789	0.001419	0.002379	0.000649	0.000649	0.009299	0.007472	0.000649	0.000649	0.000649	0.000649	0.000649	0.000649	0.000649	0.000649	0.000649	0.000649	0.943785	
0.000650	0.001438	0.000650	0.000650	0.000650	0.000650	0.000650	0.000650	0.000650	0.000650	0.000650	0.000650	0.000650	0.001163	0.000650	0.000650	0.000650	0.000650	0.000650	0.000650	0.000650	0.000650	0.000650	0.000650	0.000650	0.000650	0.000650	0.000650	0.000650	0.001553	0.000650	0.000650	0.002005	0.001044	0.002561	0.000650	0.000650	0.010205	0.006271	0.000650	0.000650	0.000650	0.000650	0.000650	0.000650	0.000650	0.000650	0.000650	0.000650	0.947113	
0.000585	0.005915	0.000585	0.000585	0.000585	0.000585	0.000585	0.000585	0.000585	0.000585	0.000585	0.000585	0.000585	0.000869	0.000585	0.000585	0.000585	0.000585	0.000585	0.000585	0.000585	0.000585	0.000585	0.000585	0.000585	0.000585	0.000585	0.000585	0.000585	0.001346	0.000585	0.000585	0.001726	0.003250	0.000737	0.000585	0.000585	0.001345	0.011862	0.000585	0.000585	0.000585	0.000585	0.000585	0.000585	0.000585	0.000585	0.000585	0.000585	0.948952	
0.000612	0.003854	0.000612	0.000612	0.000612	0.000612	0.000612	0.000612	0.000612	0.000612	0.000612	0.000612	0.000612	0.002204	0.000612	0.000612	0.000612	0.000612	0.000612	0.000612	0.000612	0.000612	0.000612	0.000612	0.000612	0.000612	0.000612	0.000612	0.000612	0.000982	0.000612	0.000612	0.001168	0.002233	0.000899	0.000612	0.000612	0.002046	0.009102	0.000612	0.000612	0.000612	0.000612	0.000612	0.000612	0.000612	0.000612	0.000612	0.000612	0.952402	
0.000550	0.007452	0.000550	0.000550	0.000550	0.000550	0.000550	0.000550	0.000550	0.000550	0.000550	0.000550	0.000550	0.000809	0.000550	0.000550	0.000550	0.000550	0.000550	0.000550	0.000550	0.000550	0.000550	0.000550	0.000550	0.000550	0.000550	0.000550	0.000550	0.001331	0.000550	0.000550	0.001722	0.004001	0.000808	0.000550	0.000550	0.001841	0.012383	0.000550	0.000550	0.000550	0.000550	0.000550	0.000550	0.000550	0.000550	0.000550	0.000550	0.947111	
0.000583	0.005435	0.000583	0.000583	0.000583	0.000583	0.000583	0.000583	0.000583	0.000583	0.000583	0.000583	0.000583	0.002542	0.000583	0.000583	0.000583	0.000583	0.000583	0.000583	0.000583	0.000583	0.000583	0.000583	0.000583	0.000583	0.000583	0.000583	0.000583	0.001154	0.000583	0.000583	0.001439	0.003009	0.000782	0.000583	0.000583	0.001577	0.010954	0.000583	0.000583	0.000583	0.000583	0.000583	0.000583	0.000583	0.000583	0.000583	0.000583	0.949218	
0.000553	0.007454	0.000553	0.000553	0.000553	0.000553	0.000553	0.000553	0.000553	0.000553	0.000553	0.000553	0.000553	0.001197	0.000553	0.000553	0.000553	0.000553	0.000553	0.000553	0.000553	0.000553	0.000553	0.000553	0.000553	0.000553	0.000553	0.000553	0.000553	0.000930	0.000553	0.000553	0.001119	0.004004	0.000760	0.000553	0.000553	0.001588	0.012704	0.000553	0.000553	0.000553	0.000553	0.000553	0.000553	0.000553	0.000553	0.000553	0.000553	0.947583	
0.000604	0.003091	0.000604	0.000604	0.000604	0.000604	0.000604	0.000604	0.000604	0.000604	0.000604	0.000604	0.000604	0.001293	0.000604	0.000604	0.000604	0.000604	0.000604	0.000604	0.000604	0.000604	0.000604	0.000604	0.000604	0.000604	0.000604	0.000604	0.000604	0.001288	0.000604	0.000604	0.001630	0.001847	0.000833	0.000604	0.000604	0.001751	0.006153	0.000604	0.000604	0.000604	0.000604	0.000604	0.000604	0.000604	0.000604	0.000604	0.000604	0.957368	
0.000598	0.004039	0.000598	0.000598	0.000598	0.000598	0.000598	0.000598	0.000598	0.000598	0.000598	0.000598	0.000598	0.001291	0.000598	0.000598	0.000598	0.000598	0.000598	0.000598	0.000598	0.000598	0.000598	0.000598	0.000598	0.000598	0.000598	0.000598	0.000598	0.001731	0.000598	0.000598	0.002297	0.002319	0.000813	0.000598	0.000598	0.001670	0.008593	0.000598	0.000598	0.000598	0.000598	0.000598	0.000598	0.000598	0.000598	0.000598	0.000598	0.952711	
0.000622	0.002301	0.000622	0.000622	0.000622	0.000622	0.000622	0.000622	0.000622	0.000622	0.000622	0.000622	0.000622	0.000931	0.000622	0.000622	0.000622	0.000622	0.000622	0.000622	0.000622	0.000622	0.000622	0.000622	0.000622	0.000622	0.000622	0.000622	0.000622	0.001310	0.000622	0.000622	0.001655	0.001461	0.001310	0.000622	0.000622	0.004064	0.005703	0.000622	0.000622	0.000622	0.000622	0.000622	0.000622	0.000622	0.000622	0.000622	0.000622	0.955777	
0.000636	0.001223	0.000636	0.000636	0.000636	0.000636	0.000636	0.000636	0.000636	0.000636	0.000636	0.000636	0.000636	0.000860	0.000636	0.000636	0.000636	0.000636	0.000636	0.000636	0.000636	0.000636	0.000636	0.000636	0.000636	0.000636	0.000636	0.000636	0.000636	0.008590	0.000636	0.000636	0.012568	0.000930	0.000823	0.000636	0.000636	0.001575	0.011158	0.000636	0.000636	0.000636	0.000636	0.000636	0.000636	0.000636	0.000636	0.000636	0.000636	0.936210	
0.000644	0.000865	0.000644	0.000644	0.000644	0.000644	0.000644	0.000644	0.000644	0.000644	0.000644	0.000644	0.000644	0.000772	0.000644	0.000644	0.000644	0.000644	0.000644	0.000644	0.000644	0.000644	0.000644	0.000644	0.000644	0.000644	0.000644	0.000644	0.000644	0.009891	0.000644	0.000644	0.014515	0.000755	0.000780	0.000644	0.000644	0.001324	0.011660	0.000644	0.000644	0.000644	0.000644	0.000644	0.000644	0.000644	0.000644	0.000644	0.000644	0.933021	
0.000638	0.001173	0.000638	0.000638	0.000638	0.000638	0.000638	0.000638	0.000638	0.000638	0.000638	0.000638	0.000638	0.000845	0.000638	0.000638	0.000638	0.000638	0.000638	0.000638	0.000638	0.000638	0.000638	0.000638	0.000638	0.000638	0.000638	0.000638	0.000638	0.004878	0.000638	0.000638	0.006998	0.000905	0.000941	0.000638	0.000638	0.002155	0.008964	0.000638	0.000638	0.000638	0.000638	0.000638	0.000638	0.000638	0.000638	0.000638	0.000638	0.946993	
0.000642	0.000982	0.000642	0.000642	0.000642	0.000642	0.000642	0.000642	0.000642	0.000642	0.000642	0.000642	0.000642	0.002555	0.000642	0.000642	0.000642	0.000642	0.000642	0.000642	0.000642	0.000642	0.000642	0.000642	0.000642	0.000642	0.000642	0.000642	0.000642	0.003558	0.000642	0.000642	0.005016	0.000812	0.000994	0.000642	0.000642	0.002402	0.007205	0.000642	0.000642	0.000642	0.000642	0.000642	0.000642	0.000642	0.000642	0.000642	0.000642	0.950149	
0.000635	0.002153	0.000635	0.000635	0.000635	0.000635	0.000635	0.000635	0.000635	0.000635	0.000635	0.000635	0.000635	0.003331	0.000635	0.000635	0.000635	0.000635	0.000635	0.000635	0.000635	0.000635	0.000635	0.000635	0.000635	0.000635	0.000635	0.000635	0.000635	0.003217	0.000635	0.000635	0.004508	0.001394	0.001070	0.000635	0.000635	0.002811	0.009162	0.000635	0.000635	0.000635	0.000635	0.000635	0.000635	0.000635	0.000635	0.000635	0.000635	0.946328	
0.000643	0.001939	0.000643	0.000643	0.000643	0.000643	0.000643	0.000643	0.000643	0.000643	0.000643	0.000643	0.000643	0.003389	0.000643	0.000643	0.000643	0.000643	0.000643	0.000643	0.000643	0.000643	0.000643	0.000643	0.000643	0.000643	0.000643	0.000643	0.000643	0.002126	0.000643	0.000643	0.002868	0.001291	0.001176	0.000643	0.000643	0.003306	0.008413	0.000643	0.000643	0.000643	0.000643	0.000643	0.000643	0.000643	0.000643	0.000643	0.000643	0.949135	
0.000670	0.001042	0.000670	0.000670	0.000670	0.000670	0.000670	0.000670	0.000670	0.000670	0.000670	0.000670	0.000670	0.000928	0.000670	0.000670	0.000670	0.000670	0.000670	0.000670	0.000670	0.000670	0.000670	0.000670	0.000670	0.000670	0.000670	0.000670	0.000670	0.002410	0.000670	0.000670	0.003280	0.000856	0.003735	0.000670	0.000670	0.015995	0.005390	0.000670	0.000670	0.000670	0.000670	0.000670	0.000670	0.000670	0.000670	0.000670	0.000670	0.938912	
0.000659	0.001200	0.000659	0.000659	0.000659	0.000659	0.000659	0.000659	0.000659	0.000659	0.000659	0.000659	0.000659	0.001806	0.000659	0.000659	0.000659	0.000659	0.000659	0.000659	0.000659	0.000659	0.000659	0.000659	0.000659	0.000659	0.000659	0.000659	0.000659	0.001433	0.000659	0.000659	0.001820	0.000930	0.002452	0.000659	0.000659	0.009624	0.005995	0.000659	0.000659	0.000659	0.000659	0.000659	0.000659	0.000659	0.000659	0.000659	0.000659	0.947706	
0.000660	0.001123	0.000660	0.000660	0.000660	0.000660	0.000660	0.000660	0.000660	0.000660	0.000660	0.000660	0.000660	0.001827	0.000660	0.000660	0.000660	0.000660	0.000660	0.000660	0.000660	0.000660	0.000660	0.000660	0.000660	0.000660	0.000660	0.000660	0.000660	0.003011	0.000660	0.000660	0.004187	0.000891	0.003038	0.000660	0.000660	0.012550	0.006045	0.000660	0.000660	0.000660	0.000660	0.000660	0.000660	0.000660	0.000660	0.000660	0.000660	0.940260	
