0.037051	0.003584	0.005685	0.016862	0.004193	0.013958	0.010799	0.006872	0.050615	0.017164	0.040578	0.053295	0.000138	0.012731	0.037838	0.000138	0.013545	0.045726	0.023915	0.011197	0.002356	0.001658	0.000138	0.000138	0.001287	0.001162	0.009060	0.002041	0.000138	0.008527	0.001849	0.003521	0.000789	0.060779	0.001728	0.024400	0.016801	0.115195	0.000138	0.040780	0.011368	0.000138	0.125276	0.000772	0.003685	0.016130	0.015352	0.023027	0.104026	0.001855	
0.035216	0.007791	0.007228	0.021504	0.014851	0.029695	0.012560	0.015087	0.035328	0.013654	0.032081	0.045726	0.000143	0.010109	0.025087	0.000143	0.015759	0.026769	0.035454	0.022494	0.005066	0.003264	0.000143	0.000143	0.002693	0.004273	0.019344	0.008157	0.000143	0.010857	0.006982	0.004463	0.002882	0.048189	0.006838	0.050109	0.013395	0.091163	0.000143	0.045915	0.014485	0.000143	0.099173	0.001550	0.007426	0.018769	0.008912	0.029447	0.082356	0.006896	
0.040182	0.002990	0.010178	0.021921	0.009064	0.018914	0.008111	0.005707	0.032177	0.012169	0.038963	0.054108	0.000142	0.012301	0.019385	0.000142	0.010163	0.010016	0.028164	0.021450	0.001975	0.003049	0.000142	0.000142	0.001091	0.002906	0.007377	0.005413	0.000142	0.015318	0.004735	0.006261	0.001943	0.058691	0.004546	0.045593	0.016346	0.111127	0.000142	0.045482	0.020458	0.000142	0.120974	0.000666	0.006924	0.012095	0.003355	0.041575	0.100456	0.004690	
0.009637	0.096606	0.002574	0.012652	0.042884	0.039016	0.003750	0.188627	0.003896	0.004039	0.001270	0.006676	0.000150	0.000489	0.003617	0.000150	0.004677	0.006598	0.021323	0.038345	0.062236	0.002971	0.000150	0.000150	0.032302	0.003411	0.235491	0.006439	0.000150	0.003816	0.005558	0.001628	0.002299	0.002889	0.005404	0.067949	0.000654	0.003262	0.000150	0.015438	0.005058	0.000150	0.003517	0.017889	0.006732	0.005550	0.002200	0.010223	0.002945	0.006413	
0.003858	0.035241	0.003971	0.005311	0.071941	0.102608	0.009871	0.068733	0.020871	0.014278	0.001764	0.003419	0.000136	0.000562	0.020956	0.000136	0.012379	0.042771	0.089489	0.067288	0.022732	0.000996	0.000136	0.000136	0.011837	0.019749	0.087589	0.039768	0.000136	0.005936	0.032339	0.002474	0.013681	0.002591	0.033246	0.022256	0.000789	0.004162	0.000136	0.021281	0.007901	0.000136	0.004374	0.006592	0.002144	0.014739	0.013723	0.016448	0.003654	0.032740	
0.014587	0.048393	0.004370	0.014061	0.029588	0.033692	0.004877	0.094427	0.045648	0.025049	0.009383	0.015535	0.000141	0.002873	0.043817	0.000141	0.006096	0.081436	0.038588	0.030390	0.031200	0.002578	0.000141	0.000141	0.016225	0.004474	0.118847	0.008644	0.000141	0.006535	0.007300	0.002719	0.003047	0.013841	0.007245	0.049846	0.003829	0.025333	0.000141	0.021242	0.008701	0.000141	0.027284	0.009015	0.005828	0.007244	0.027185	0.017679	0.022675	0.007687	
0.006232	0.052198	0.010122	0.008023	0.063158	0.079546	0.002901	0.101861	0.006485	0.012493	0.001571	0.004843	0.000142	0.000567	0.006180	0.000142	0.003612	0.012722	0.067004	0.067318	0.033649	0.001778	0.000142	0.000142	0.017494	0.015002	0.128238	0.030059	0.000142	0.015234	0.024561	0.006227	0.010367	0.002788	0.025136	0.038487	0.000943	0.004061	0.000142	0.021102	0.020346	0.000142	0.004370	0.009715	0.003960	0.004281	0.003842	0.041660	0.003652	0.025221	
0.051872	0.005393	0.003089	0.071481	0.006342	0.013236	0.006807	0.010391	0.048036	0.027229	0.003778	0.033504	0.000154	0.001095	0.048280	0.000154	0.008521	0.094318	0.063184	0.009467	0.003526	0.016290	0.000154	0.000154	0.001900	0.002486	0.013964	0.003063	0.000154	0.004593	0.004303	0.001944	0.001148	0.004746	0.002584	0.249798	0.001461	0.009059	0.000154	0.052919	0.006096	0.000154	0.009513	0.001117	0.037805	0.010134	0.031596	0.012291	0.007923	0.002642	
0.048677	0.023591	0.002929	0.067254	0.012962	0.016654	0.005293	0.045950	0.031571	0.018668	0.002685	0.030908	0.000155	0.000821	0.031677	0.000155	0.006616	0.061776	0.056093	0.014548	0.015240	0.015477	0.000155	0.000155	0.007967	0.002555	0.057993	0.003292	0.000155	0.004349	0.004399	0.001846	0.001227	0.003629	0.002776	0.241862	0.001097	0.006436	0.000155	0.048304	0.005770	0.000155	0.006773	0.004465	0.035905	0.007861	0.020710	0.011627	0.005649	0.003033	
0.005699	0.020113	0.002940	0.009368	0.011805	0.017290	0.006915	0.039175	0.115454	0.062961	0.004431	0.005601	0.000133	0.000997	0.117620	0.000133	0.008662	0.233215	0.047751	0.013692	0.012994	0.001229	0.000133	0.000133	0.006793	0.001761	0.051255	0.003307	0.000133	0.004377	0.002826	0.001844	0.001218	0.004523	0.002785	0.022059	0.001336	0.008794	0.000133	0.016895	0.005815	0.000133	0.008725	0.003807	0.002691	0.010306	0.078030	0.011743	0.007266	0.003003	
0.012584	0.005295	0.001948	0.020831	0.005010	0.008393	0.003246	0.010224	0.131460	0.071042	0.003247	0.008640	0.000130	0.000551	0.134560	0.000130	0.004049	0.268092	0.057559	0.006750	0.003455	0.003852	0.000130	0.000130	0.001852	0.001352	0.015456	0.002187	0.000130	0.002880	0.002210	0.001239	0.000833	0.002218	0.001848	0.058721	0.000727	0.004863	0.000130	0.016221	0.003811	0.000130	0.004318	0.001080	0.008816	0.004804	0.089712	0.007652	0.003607	0.001900	
0.010376	0.022877	0.001846	0.011777	0.035510	0.048877	0.004592	0.044578	0.075807	0.039663	0.007121	0.010927	0.000130	0.002019	0.075744	0.000130	0.005742	0.147800	0.066783	0.032839	0.014772	0.001900	0.000130	0.000130	0.007713	0.009253	0.057710	0.018410	0.000130	0.002724	0.015136	0.001176	0.006378	0.009479	0.015402	0.033113	0.002651	0.017846	0.000130	0.015063	0.003603	0.000130	0.018894	0.004314	0.004259	0.006823	0.049207	0.007432	0.015708	0.015243	
0.035979	0.004088	0.002130	0.026488	0.004591	0.012877	0.008973	0.007858	0.067780	0.027210	0.029392	0.043744	0.000137	0.009113	0.059535	0.000137	0.011249	0.097720	0.037021	0.006737	0.002680	0.004340	0.000137	0.000137	0.001454	0.001384	0.010812	0.002189	0.000137	0.003151	0.002267	0.001353	0.000839	0.043377	0.001852	0.065816	0.011966	0.082361	0.000137	0.035815	0.004172	0.000137	0.089331	0.000864	0.009944	0.013391	0.032738	0.008380	0.074184	0.001894	
0.037259	0.003798	0.001958	0.033015	0.010304	0.021229	0.008996	0.007289	0.061260	0.025596	0.023986	0.040364	0.000139	0.007430	0.054731	0.000139	0.011277	0.092306	0.047448	0.011503	0.002494	0.006173	0.000139	0.000139	0.001359	0.003392	0.010192	0.006049	0.000139	0.002889	0.005598	0.001248	0.002159	0.035267	0.005077	0.093921	0.009752	0.066970	0.000139	0.037998	0.003821	0.000139	0.072589	0.000812	0.014218	0.013424	0.030863	0.007710	0.060287	0.005014	
0.041288	0.002883	0.001949	0.024541	0.012098	0.022461	0.007061	0.005505	0.046151	0.011992	0.038533	0.054291	0.000134	0.012099	0.033957	0.000134	0.008846	0.039734	0.038313	0.013059	0.001903	0.003568	0.000134	0.000134	0.001050	0.003935	0.007499	0.007447	0.000134	0.002878	0.006440	0.001241	0.002634	0.057748	0.006244	0.053679	0.015883	0.109445	0.000134	0.034609	0.003807	0.000134	0.119037	0.000640	0.008148	0.010525	0.013254	0.007706	0.098846	0.006134	
0.004785	0.003308	0.050283	0.004636	0.004113	0.033992	0.034957	0.006279	0.006096	0.050066	0.002668	0.004816	0.000193	0.000952	0.005404	0.000193	0.043911	0.008910	0.008155	0.071260	0.002198	0.001060	0.000193	0.000193	0.001231	0.001174	0.007940	0.002083	0.000193	0.075939	0.001820	0.030736	0.000839	0.003879	0.001772	0.014319	0.002410	0.007142	0.000193	0.115678	0.101595	0.000193	0.007729	0.000766	0.002216	0.052338	0.003076	0.206686	0.006450	0.002981	
0.003318	0.005521	0.002828	0.003781	0.005228	0.120039	0.137038	0.010566	0.005622	0.005159	0.001369	0.002914	0.000232	0.000569	0.005390	0.000232	0.172276	0.009854	0.008132	0.010019	0.003636	0.000959	0.000232	0.000232	0.001995	0.001312	0.013294	0.002338	0.000232	0.004158	0.002019	0.001815	0.000951	0.001915	0.001991	0.012763	0.000738	0.003340	0.000232	0.198436	0.005488	0.000232	0.003582	0.001204	0.001929	0.205442	0.003414	0.010961	0.003013	0.002062	
0.005354	0.003620	0.062628	0.005289	0.005165	0.011406	0.006115	0.006899	0.005803	0.061598	0.002813	0.005278	0.000182	0.000991	0.005047	0.000182	0.007644	0.008117	0.009704	0.088308	0.002395	0.001196	0.000182	0.000182	0.001328	0.001483	0.008732	0.002703	0.000182	0.094612	0.002337	0.038258	0.001043	0.004115	0.002288	0.016660	0.002767	0.007591	0.000182	0.091126	0.126597	0.000182	0.008223	0.000814	0.002548	0.009082	0.002793	0.257613	0.006857	0.003787	
0.004558	0.023183	0.013497	0.007153	0.013426	0.042052	0.034846	0.045144	0.060208	0.044195	0.002334	0.003856	0.000165	0.000593	0.061360	0.000165	0.043779	0.121717	0.030066	0.029578	0.014981	0.001243	0.000165	0.000165	0.007838	0.001970	0.057596	0.003699	0.000165	0.020326	0.003148	0.008295	0.001373	0.002492	0.003118	0.022580	0.001052	0.004477	0.000165	0.069028	0.027155	0.000165	0.004423	0.004398	0.002681	0.052186	0.040756	0.055166	0.003700	0.003618	
0.009674	0.010311	0.006738	0.012993	0.086805	0.130844	0.009939	0.020020	0.005816	0.008862	0.001715	0.007031	0.000134	0.000610	0.005435	0.000134	0.012464	0.012400	0.120769	0.084628	0.006684	0.002856	0.000134	0.000134	0.003526	0.027540	0.027123	0.055342	0.000134	0.010120	0.045162	0.004161	0.019002	0.002544	0.046257	0.044604	0.000920	0.004513	0.000134	0.029395	0.013503	0.000134	0.004869	0.002005	0.006486	0.014841	0.003301	0.028053	0.004065	0.045137	
0.009973	0.022819	0.006627	0.014150	0.055780	0.088297	0.016737	0.044451	0.028640	0.020970	0.001751	0.006993	0.000144	0.000531	0.028981	0.000144	0.021011	0.058508	0.081302	0.057136	0.014740	0.003037	0.000144	0.000144	0.007703	0.015976	0.057167	0.031888	0.000144	0.009948	0.026182	0.004097	0.010994	0.002264	0.026664	0.050395	0.000809	0.003856	0.000144	0.039116	0.013268	0.000144	0.003982	0.004315	0.006894	0.025033	0.019126	0.027268	0.003331	0.026280	
0.012611	0.023540	0.002569	0.016622	0.082462	0.118496	0.006915	0.045870	0.006638	0.005154	0.002198	0.009162	0.000133	0.000759	0.006111	0.000133	0.008661	0.013099	0.111199	0.074858	0.015199	0.003691	0.000133	0.000133	0.007935	0.024667	0.059146	0.049430	0.000133	0.003817	0.040465	0.001618	0.016981	0.003416	0.041318	0.060812	0.001014	0.005883	0.000133	0.022023	0.005064	0.000133	0.006357	0.004437	0.008436	0.010306	0.003634	0.010798	0.005300	0.040398	
0.005300	0.003603	0.002573	0.006510	0.079956	0.145789	0.037607	0.006898	0.009129	0.006475	0.002238	0.004774	0.000148	0.000772	0.008672	0.000148	0.047256	0.018359	0.111778	0.073628	0.002372	0.001312	0.000148	0.000148	0.001300	0.025978	0.010702	0.052339	0.000148	0.003814	0.042559	0.001627	0.017986	0.003188	0.043751	0.018924	0.001025	0.005888	0.000148	0.059526	0.005056	0.000148	0.006343	0.000783	0.002863	0.056337	0.005355	0.010802	0.005291	0.042528	
0.034348	0.006940	0.004734	0.047269	0.057318	0.083279	0.002926	0.013426	0.013067	0.010688	0.002117	0.022070	0.000140	0.000711	0.012777	0.000140	0.003643	0.025903	0.105526	0.056142	0.004517	0.010857	0.000140	0.000140	0.002407	0.018706	0.018328	0.036542	0.000140	0.007087	0.030821	0.002942	0.012582	0.002964	0.030552	0.166781	0.001001	0.005425	0.000140	0.036171	0.009440	0.000140	0.005809	0.001391	0.025146	0.004319	0.008140	0.019537	0.004846	0.029821	
