0.023978	0.033435	0.026342	0.031071	0.019250	0.033435	0.832489	
0.071769	0.276531	0.036054	0.031293	0.147959	0.217007	0.219388	
0.079670	0.363324	0.038805	0.029190	0.144574	0.115728	0.228709	
0.349624	0.024265	0.019481	0.033835	0.029050	0.387902	0.155844	
0.450809	0.089960	0.130054	0.033356	0.174865	0.035714	0.085243	
0.389488	0.214960	0.035714	0.066375	0.047507	0.125337	0.120620	
0.440054	0.239108	0.168186	0.031071	0.040527	0.047619	0.033435	
0.071598	0.508653	0.038344	0.287750	0.043095	0.024092	0.026468	
0.275043	0.034079	0.022031	0.282272	0.022031	0.325645	0.038898	
0.305431	0.039087	0.031823	0.305431	0.048772	0.019716	0.249741	
0.042489	0.035463	0.030780	0.503847	0.030780	0.161927	0.194714	
0.326382	0.100104	0.022245	0.207160	0.277720	0.027112	0.039277	
0.076542	0.125041	0.034972	0.041900	0.392940	0.025734	0.302870	
0.030636	0.056277	0.030636	0.163503	0.510823	0.128538	0.079587	
0.086986	0.056541	0.021412	0.070592	0.529609	0.033121	0.201740	
0.022084	0.063147	0.683920	0.022084	0.026915	0.142857	0.038992	
0.041209	0.178228	0.536401	0.026786	0.021978	0.134959	0.060440	
0.038712	0.105858	0.489551	0.021925	0.026721	0.038712	0.278520	
0.165810	0.026721	0.256937	0.113052	0.074683	0.117849	0.244947	
0.028843	0.050221	0.038344	0.337631	0.465898	0.026468	0.052596	
0.214626	0.067007	0.157483	0.231293	0.257483	0.026531	0.045578	
0.281900	0.233356	0.150832	0.107143	0.027046	0.182386	0.017337	
0.062995	0.496730	0.169019	0.173838	0.036489	0.019621	0.041308	
0.169388	0.021769	0.209864	0.081293	0.045578	0.286054	0.186054	
