0.000716	0.001228	0.000716	0.000716	0.000716	0.000716	0.000716	0.000716	0.000716	0.000716	0.000716	0.000716	0.000716	0.000972	0.000716	0.000716	0.000716	0.000716	0.000716	0.000716	0.000716	0.000716	0.000716	0.000716	0.000716	0.000716	0.000716	0.000716	0.000716	0.001144	0.000716	0.000716	0.001473	0.000930	0.000861	0.000716	0.000716	0.001652	0.001948	0.000716	0.000716	0.000716	0.000716	0.000716	0.000716	0.000716	0.000716	0.000716	0.000716	0.960437	
0.000617	0.000842	0.000617	0.000617	0.000617	0.000617	0.000617	0.000617	0.000617	0.000617	0.000617	0.000617	0.000617	0.000730	0.000617	0.000617	0.000617	0.000617	0.000617	0.000617	0.000617	0.000617	0.000617	0.000617	0.000617	0.000617	0.000617	0.000617	0.000617	0.001882	0.000617	0.000617	0.005968	0.001250	0.000861	0.000617	0.000617	0.001617	0.008719	0.000617	0.000617	0.000617	0.000617	0.000617	0.000617	0.000617	0.000617	0.000617	0.000617	0.952820	
0.000632	0.001310	0.000632	0.000632	0.000632	0.000632	0.000632	0.000632	0.000632	0.000632	0.000632	0.000632	0.000632	0.000971	0.000632	0.000632	0.000632	0.000632	0.000632	0.000632	0.000632	0.000632	0.000632	0.000632	0.000632	0.000632	0.000632	0.000632	0.000632	0.001131	0.000632	0.000632	0.005494	0.000881	0.000837	0.000632	0.000632	0.003741	0.002398	0.000632	0.000632	0.000632	0.000632	0.000632	0.000632	0.000632	0.000632	0.000632	0.000632	0.957336	
0.000622	0.001040	0.000622	0.000622	0.000622	0.000622	0.000622	0.000622	0.000622	0.000622	0.000622	0.000622	0.000622	0.000831	0.000622	0.000622	0.000622	0.000622	0.000622	0.000622	0.000622	0.000622	0.000622	0.000622	0.000622	0.000622	0.000622	0.000622	0.000622	0.001149	0.000622	0.000622	0.001487	0.000886	0.000868	0.000622	0.000622	0.018903	0.003555	0.000622	0.000622	0.000622	0.000622	0.000622	0.000622	0.000622	0.000622	0.000622	0.000622	0.945774	
0.000609	0.000957	0.000609	0.000609	0.000609	0.000609	0.000609	0.000609	0.000609	0.000609	0.000609	0.000609	0.000609	0.000783	0.000609	0.000609	0.000609	0.000609	0.000609	0.000609	0.000609	0.000609	0.000609	0.000609	0.000609	0.000609	0.000609	0.000609	0.000609	0.001191	0.000609	0.000609	0.002178	0.000900	0.001614	0.000609	0.000609	0.014868	0.005217	0.000609	0.000609	0.000609	0.000609	0.000609	0.000609	0.000609	0.000609	0.000609	0.000609	0.947315	
0.000616	0.002288	0.000616	0.000616	0.000616	0.000616	0.000616	0.000616	0.000616	0.000616	0.000616	0.000616	0.000616	0.001452	0.000616	0.000616	0.000616	0.000616	0.000616	0.000616	0.000616	0.000616	0.000616	0.000616	0.000616	0.000616	0.000616	0.000616	0.000616	0.001041	0.000616	0.000616	0.002994	0.000828	0.001116	0.000616	0.000616	0.011159	0.004842	0.000616	0.000616	0.000616	0.000616	0.000616	0.000616	0.000616	0.000616	0.000616	0.000616	0.949027	
0.000611	0.001088	0.000611	0.000611	0.000611	0.000611	0.000611	0.000611	0.000611	0.000611	0.000611	0.000611	0.000611	0.000849	0.000611	0.000611	0.000611	0.000611	0.000611	0.000611	0.000611	0.000611	0.000611	0.000611	0.000611	0.000611	0.000611	0.000611	0.000611	0.002102	0.000611	0.000611	0.001668	0.001357	0.001381	0.000611	0.000611	0.019779	0.003592	0.000611	0.000611	0.000611	0.000611	0.000611	0.000611	0.000611	0.000611	0.000611	0.000611	0.943122	
0.000615	0.004719	0.000615	0.000615	0.000615	0.000615	0.000615	0.000615	0.000615	0.000615	0.000615	0.000615	0.000615	0.002667	0.000615	0.000615	0.000615	0.000615	0.000615	0.000615	0.000615	0.000615	0.000615	0.000615	0.000615	0.000615	0.000615	0.000615	0.000615	0.001397	0.000615	0.000615	0.003584	0.001006	0.000845	0.000615	0.000615	0.002893	0.011341	0.000615	0.000615	0.000615	0.000615	0.000615	0.000615	0.000615	0.000615	0.000615	0.000615	0.946332	
0.000632	0.004850	0.000632	0.000632	0.000632	0.000632	0.000632	0.000632	0.000632	0.000632	0.000632	0.000632	0.000632	0.002741	0.000632	0.000632	0.000632	0.000632	0.000632	0.000632	0.000632	0.000632	0.000632	0.000632	0.000632	0.000632	0.000632	0.000632	0.000632	0.000866	0.000632	0.000632	0.002700	0.000749	0.000966	0.000632	0.000632	0.002005	0.010180	0.000632	0.000632	0.000632	0.000632	0.000632	0.000632	0.000632	0.000632	0.000632	0.000632	0.949019	
0.000633	0.008243	0.000633	0.000633	0.000633	0.000633	0.000633	0.000633	0.000633	0.000633	0.000633	0.000633	0.000633	0.004438	0.000633	0.000633	0.000633	0.000633	0.000633	0.000633	0.000633	0.000633	0.000633	0.000633	0.000633	0.000633	0.000633	0.000633	0.000633	0.001167	0.000633	0.000633	0.002336	0.000900	0.000868	0.000633	0.000633	0.002019	0.007495	0.000633	0.000633	0.000633	0.000633	0.000633	0.000633	0.000633	0.000633	0.000633	0.000633	0.946581	
0.000631	0.008035	0.000631	0.000631	0.000631	0.000631	0.000631	0.000631	0.000631	0.000631	0.000631	0.000631	0.000631	0.004333	0.000631	0.000631	0.000631	0.000631	0.000631	0.000631	0.000631	0.000631	0.000631	0.000631	0.000631	0.000631	0.000631	0.000631	0.000631	0.001115	0.000631	0.000631	0.002354	0.000873	0.000830	0.000631	0.000631	0.002667	0.007446	0.000631	0.000631	0.000631	0.000631	0.000631	0.000631	0.000631	0.000631	0.000631	0.000631	0.946467	
0.000616	0.005004	0.000616	0.000616	0.000616	0.000616	0.000616	0.000616	0.000616	0.000616	0.000616	0.000616	0.000616	0.002810	0.000616	0.000616	0.000616	0.000616	0.000616	0.000616	0.000616	0.000616	0.000616	0.000616	0.000616	0.000616	0.000616	0.000616	0.000616	0.000950	0.000616	0.000616	0.002060	0.000783	0.001342	0.000616	0.000616	0.008175	0.007132	0.000616	0.000616	0.000616	0.000616	0.000616	0.000616	0.000616	0.000616	0.000616	0.000616	0.946475	
0.000597	0.001060	0.000597	0.000597	0.000597	0.000597	0.000597	0.000597	0.000597	0.000597	0.000597	0.000597	0.000597	0.000829	0.000597	0.000597	0.000597	0.000597	0.000597	0.000597	0.000597	0.000597	0.000597	0.000597	0.000597	0.000597	0.000597	0.000597	0.000597	0.000947	0.000597	0.000597	0.004724	0.000772	0.000889	0.000597	0.000597	0.001363	0.017189	0.000597	0.000597	0.000597	0.000597	0.000597	0.000597	0.000597	0.000597	0.000597	0.000597	0.947750	
0.000598	0.000941	0.000598	0.000598	0.000598	0.000598	0.000598	0.000598	0.000598	0.000598	0.000598	0.000598	0.000598	0.000770	0.000598	0.000598	0.000598	0.000598	0.000598	0.000598	0.000598	0.000598	0.000598	0.000598	0.000598	0.000598	0.000598	0.000598	0.000598	0.001045	0.000598	0.000598	0.004442	0.000822	0.000879	0.000598	0.000598	0.002892	0.016691	0.000598	0.000598	0.000598	0.000598	0.000598	0.000598	0.000598	0.000598	0.000598	0.000598	0.947001	
0.000593	0.000938	0.000593	0.000593	0.000593	0.000593	0.000593	0.000593	0.000593	0.000593	0.000593	0.000593	0.000593	0.000765	0.000593	0.000593	0.000593	0.000593	0.000593	0.000593	0.000593	0.000593	0.000593	0.000593	0.000593	0.000593	0.000593	0.000593	0.000593	0.000947	0.000593	0.000593	0.004478	0.000770	0.000945	0.000593	0.000593	0.004984	0.014578	0.000593	0.000593	0.000593	0.000593	0.000593	0.000593	0.000593	0.000593	0.000593	0.000593	0.947282	
0.000669	0.000988	0.000669	0.000669	0.000669	0.000669	0.000669	0.000669	0.000669	0.000669	0.000669	0.000669	0.000669	0.000829	0.000669	0.000669	0.000669	0.000669	0.000669	0.000669	0.000669	0.000669	0.000669	0.000669	0.000669	0.000669	0.000669	0.000669	0.000669	0.011759	0.000669	0.000669	0.006680	0.006214	0.000885	0.000669	0.000669	0.001316	0.013016	0.000669	0.000669	0.000669	0.000669	0.000669	0.000669	0.000669	0.000669	0.000669	0.000669	0.930870	
0.000664	0.001048	0.000664	0.000664	0.000664	0.000664	0.000664	0.000664	0.000664	0.000664	0.000664	0.000664	0.000664	0.000856	0.000664	0.000664	0.000664	0.000664	0.000664	0.000664	0.000664	0.000664	0.000664	0.000664	0.000664	0.000664	0.000664	0.000664	0.000664	0.009760	0.000664	0.000664	0.006481	0.005212	0.000880	0.000664	0.000664	0.001739	0.010570	0.000664	0.000664	0.000664	0.000664	0.000664	0.000664	0.000664	0.000664	0.000664	0.000664	0.936241	
0.000673	0.001313	0.000673	0.000673	0.000673	0.000673	0.000673	0.000673	0.000673	0.000673	0.000673	0.000673	0.000673	0.000993	0.000673	0.000673	0.000673	0.000673	0.000673	0.000673	0.000673	0.000673	0.000673	0.000673	0.000673	0.000673	0.000673	0.000673	0.000673	0.005311	0.000673	0.000673	0.004779	0.002992	0.000862	0.000673	0.000673	0.001468	0.006682	0.000673	0.000673	0.000673	0.000673	0.000673	0.000673	0.000673	0.000673	0.000673	0.000673	0.948009	
0.000668	0.004408	0.000668	0.000668	0.000668	0.000668	0.000668	0.000668	0.000668	0.000668	0.000668	0.000668	0.000668	0.002538	0.000668	0.000668	0.000668	0.000668	0.000668	0.000668	0.000668	0.000668	0.000668	0.000668	0.000668	0.000668	0.000668	0.000668	0.000668	0.005283	0.000668	0.000668	0.003229	0.002976	0.000798	0.000668	0.000668	0.004699	0.006066	0.000668	0.000668	0.000668	0.000668	0.000668	0.000668	0.000668	0.000668	0.000668	0.000668	0.942595	
0.000613	0.001278	0.000613	0.000613	0.000613	0.000613	0.000613	0.000613	0.000613	0.000613	0.000613	0.000613	0.000613	0.000945	0.000613	0.000613	0.000613	0.000613	0.000613	0.000613	0.000613	0.000613	0.000613	0.000613	0.000613	0.000613	0.000613	0.000613	0.000613	0.001749	0.000613	0.000613	0.002016	0.001181	0.004285	0.000613	0.000613	0.002885	0.007108	0.000613	0.000613	0.000613	0.000613	0.000613	0.000613	0.000613	0.000613	0.000613	0.000613	0.953426	
0.000631	0.004332	0.000631	0.000631	0.000631	0.000631	0.000631	0.000631	0.000631	0.000631	0.000631	0.000631	0.000631	0.002482	0.000631	0.000631	0.000631	0.000631	0.000631	0.000631	0.000631	0.000631	0.000631	0.000631	0.000631	0.000631	0.000631	0.000631	0.000631	0.001791	0.000631	0.000631	0.002456	0.001211	0.002130	0.000631	0.000631	0.004759	0.004817	0.000631	0.000631	0.000631	0.000631	0.000631	0.000631	0.000631	0.000631	0.000631	0.000631	0.950157	
0.000629	0.001473	0.000629	0.000629	0.000629	0.000629	0.000629	0.000629	0.000629	0.000629	0.000629	0.000629	0.000629	0.001051	0.000629	0.000629	0.000629	0.000629	0.000629	0.000629	0.000629	0.000629	0.000629	0.000629	0.000629	0.000629	0.000629	0.000629	0.000629	0.001894	0.000629	0.000629	0.001627	0.001261	0.003975	0.000629	0.000629	0.003325	0.005979	0.000629	0.000629	0.000629	0.000629	0.000629	0.000629	0.000629	0.000629	0.000629	0.000629	0.953644	
0.000640	0.002116	0.000640	0.000640	0.000640	0.000640	0.000640	0.000640	0.000640	0.000640	0.000640	0.000640	0.000640	0.001378	0.000640	0.000640	0.000640	0.000640	0.000640	0.000640	0.000640	0.000640	0.000640	0.000640	0.000640	0.000640	0.000640	0.000640	0.000640	0.003142	0.000640	0.000640	0.004180	0.001891	0.002060	0.000640	0.000640	0.001729	0.005293	0.000640	0.000640	0.000640	0.000640	0.000640	0.000640	0.000640	0.000640	0.000640	0.000640	0.951966	
0.000629	0.000950	0.000629	0.000629	0.000629	0.000629	0.000629	0.000629	0.000629	0.000629	0.000629	0.000629	0.000629	0.000790	0.000629	0.000629	0.000629	0.000629	0.000629	0.000629	0.000629	0.000629	0.000629	0.000629	0.000629	0.000629	0.000629	0.000629	0.000629	0.001673	0.000629	0.000629	0.001617	0.001151	0.003790	0.000629	0.000629	0.004262	0.005945	0.000629	0.000629	0.000629	0.000629	0.000629	0.000629	0.000629	0.000629	0.000629	0.000629	0.954021	
