0	0	0	0	0	0	0	
0	0	0	0	146	0	7	
0	0	0	28	0	0	0	
199	0	0	0	0	54	147	
0	0	0	0	0	0	0	
15	1	0	2	37	0	0	
0	0	0	82	0	0	0	
0	0	0	0	0	144	1	
0	0	0	130	0	0	0	
0	1	0	0	10	0	0	
0	21	0	0	0	25	0	
0	0	0	0	41	0	0	
0	0	0	0	0	0	0	
0	0	0	0	0	0	91	
0	0	0	0	0	0	0	
0	235	0	2	0	0	0	
137	0	0	0	0	0	0	
0	13	1	0	0	0	0	
0	0	79	0	0	24	0	
0	0	0	0	0	0	20	
0	0	0	150	0	0	0	
169	0	11	7	15	0	0	
0	0	41	0	0	0	1	
0	0	0	0	1	0	34	
0	25	0	4	0	0	0	
1	0	0	0	240	0	0	
0	0	70	0	0	105	81	
0	1	0	0	1	0	118	
0	265	0	9	0	0	0	
0	0	0	28	0	0	0	
0	0	0	0	0	0	0	
0	1	0	0	149	0	0	
0	0	0	0	0	0	0	
0	0	0	0	0	0	0	
0	0	159	0	0	0	0	
0	0	1	89	0	0	0	
0	23	0	0	0	0	18	
0	0	0	65	0	0	17	
0	0	94	0	0	0	1	
154	2	0	0	0	0	0	
0	14	0	168	2	0	0	
0	0	0	0	0	80	0	
0	0	0	0	0	0	0	
0	0	0	0	0	0	0	
0	0	0	0	0	0	0	
0	0	182	1	228	22	0	
0	0	0	0	0	33	0	
0	0	0	0	0	51	0	
0	0	0	13	28	0	0	
0	0	0	0	38	0	0	
