0.021769	0.026531	0.033673	0.693197	0.067007	0.021769	0.136054	
0.024092	0.040719	0.116729	0.465898	0.195114	0.116729	0.040719	
0.021821	0.028981	0.207978	0.501534	0.043300	0.079100	0.117286	
0.169388	0.093197	0.224150	0.019388	0.283673	0.105102	0.105102	
0.104357	0.137454	0.154002	0.035799	0.437690	0.054711	0.075988	
0.115903	0.113544	0.118261	0.033356	0.080526	0.361186	0.177224	
0.042993	0.033514	0.033514	0.019296	0.042993	0.026405	0.801286	
0.076349	0.040719	0.033593	0.028843	0.031218	0.758059	0.031218	
0.240816	0.031293	0.017007	0.059864	0.083673	0.400340	0.167007	
0.502787	0.029617	0.024739	0.036934	0.080836	0.034495	0.290592	
0.620943	0.044831	0.051857	0.040147	0.023754	0.054199	0.164269	
0.309174	0.059174	0.029762	0.064076	0.377801	0.039566	0.120448	
0.034972	0.028044	0.023425	0.351369	0.108875	0.337512	0.115803	
0.189144	0.028305	0.051615	0.133200	0.305694	0.268398	0.023643	
0.030852	0.094232	0.026157	0.514420	0.270288	0.040241	0.023810	
0.026786	0.026786	0.683036	0.098901	0.041209	0.084478	0.038805	
0.031670	0.043718	0.752151	0.048537	0.024441	0.067814	0.031670	
0.031442	0.036227	0.672591	0.026658	0.107997	0.026658	0.098428	
0.028775	0.033514	0.388964	0.021666	0.099865	0.057211	0.370007	
0.106721	0.404593	0.258021	0.078352	0.021614	0.106721	0.023978	
0.064935	0.143882	0.167806	0.024265	0.241969	0.208476	0.148667	
0.019621	0.554561	0.190706	0.029260	0.024441	0.046127	0.135284	
0.196949	0.345007	0.126560	0.051318	0.024619	0.223648	0.031900	
0.086260	0.558814	0.038527	0.028981	0.048074	0.110126	0.129219	
