28
28
28
28
28
28
28
28
28
28
28
28
28
28
28
28
28
32
32
32
32
32
32
32
32
32
32
32
32
32
32
32
32
32
20
20
20
20
20
20
20
20
20
20
20
20
20
20
20
20
20
20
20
27
27
27
27
27
27
27
27
27
27
27
27
27
27
27
27
27
27
0
0
0
0
0
0
0
0
11
11
11
11
11
11
11
11
11
11
11
11
11
11
11
11
11
11
11
11
11
11
11
11
11
11
11
11
11
11
11
34
34
34
34
34
34
48
48
48
48
48
48
48
48
48
48
48
48
48
32
32
32
32
32
32
32
32
32
32
32
32
32
32
32
32
32
32
32
32
32
32
32
32
32
32
32
32
32
32
32
32
32
32
32
32
32
32
32
32
32
32
32
32
