0.019527	0.062693	0.779719	0.019527	0.036314	0.026721	0.055498	
0.041012	0.167806	0.289815	0.033835	0.141490	0.263500	0.062543	
0.040914	0.129219	0.408456	0.040914	0.040914	0.317763	0.021821	
0.059864	0.252721	0.033673	0.057483	0.045578	0.028912	0.521769	
0.142857	0.021362	0.028371	0.026035	0.068091	0.233979	0.479306	
0.159380	0.118417	0.067814	0.065404	0.043718	0.291910	0.253356	
0.137454	0.054711	0.045255	0.151638	0.078352	0.078352	0.454238	
0.078017	0.313454	0.061026	0.311026	0.048890	0.128988	0.058599	
0.151059	0.368763	0.050581	0.308954	0.026658	0.055366	0.038619	
0.061928	0.022519	0.081633	0.534835	0.084096	0.125968	0.089022	
0.028707	0.080716	0.137454	0.508612	0.118541	0.052347	0.073624	
0.024799	0.051694	0.024799	0.760740	0.024799	0.039469	0.073699	
0.088911	0.172827	0.065601	0.114552	0.028305	0.468864	0.060939	
0.066375	0.130054	0.028639	0.146563	0.047507	0.545148	0.035714	
0.083277	0.047732	0.028775	0.159106	0.052471	0.573798	0.054841	
0.064472	0.083475	0.024092	0.021717	0.712928	0.043095	0.050221	
0.024441	0.238898	0.034079	0.022031	0.431670	0.089501	0.159380	
0.038712	0.079479	0.211374	0.029120	0.556697	0.041110	0.043508	
0.019812	0.141467	0.401807	0.194995	0.100104	0.034411	0.107404	
0.454887	0.081681	0.041012	0.060150	0.208476	0.088859	0.064935	
0.175403	0.077081	0.024323	0.326482	0.228160	0.132237	0.036314	
0.486966	0.129301	0.029545	0.073340	0.090372	0.049009	0.141467	
0.336074	0.057897	0.045906	0.029120	0.072285	0.338472	0.120247	
0.234079	0.222031	0.070224	0.072633	0.087091	0.072633	0.241308	
