0.081293	0.590816	0.069388	0.038435	0.033673	0.019388	0.167007	
0.049983	0.458967	0.031071	0.123269	0.038163	0.269841	0.028707	
0.051318	0.476075	0.027046	0.211512	0.056172	0.155687	0.022191	
0.593197	0.062245	0.026531	0.076531	0.021769	0.193197	0.026531	
0.424865	0.089960	0.045148	0.033356	0.118261	0.104111	0.184299	
0.424803	0.077081	0.125043	0.074683	0.041110	0.170606	0.086674	
0.690645	0.113813	0.028707	0.026342	0.033435	0.031071	0.075988	
0.031071	0.026342	0.194191	0.042891	0.208376	0.380952	0.116177	
0.230007	0.019481	0.041012	0.021873	0.024265	0.629528	0.033835	
0.213939	0.027046	0.039182	0.039182	0.298890	0.029473	0.352288	
0.040241	0.019115	0.035547	0.033199	0.115359	0.192824	0.563716	
0.200348	0.027178	0.029617	0.024739	0.424739	0.029617	0.263763	
0.060797	0.030565	0.025914	0.079402	0.470100	0.295681	0.037542	
0.032890	0.132890	0.098007	0.053821	0.470100	0.191030	0.021262	
0.032890	0.125914	0.021262	0.046844	0.565449	0.100332	0.107309	
0.036314	0.098664	0.077081	0.602261	0.043508	0.115450	0.026721	
0.026658	0.036227	0.031442	0.749146	0.021873	0.107997	0.026658	
0.041012	0.043404	0.026658	0.741969	0.021873	0.045796	0.079289	
0.162181	0.169427	0.055901	0.229814	0.026915	0.258799	0.096963	
0.031218	0.059722	0.513403	0.187988	0.050221	0.135731	0.021717	
0.182803	0.028775	0.396073	0.102234	0.106974	0.154367	0.028775	
0.155687	0.063454	0.116852	0.230929	0.024619	0.143551	0.264910	
0.055901	0.188751	0.374741	0.159765	0.041408	0.024500	0.154934	
0.043095	0.104852	0.071598	0.062097	0.031218	0.378012	0.309128	
