0.000653	0.001753	0.000653	0.000653	0.000653	0.000653	0.000653	0.000653	0.000653	0.000653	0.000653	0.000653	0.000653	0.005345	0.000653	0.000653	0.000653	0.000653	0.000653	0.000653	0.000653	0.000653	0.000653	0.000653	0.000653	0.000653	0.000653	0.000653	0.000653	0.001205	0.000653	0.000653	0.001758	0.005345	0.001203	0.000653	0.000653	0.001392	0.003503	0.000653	0.000653	0.000653	0.000653	0.000653	0.000653	0.000653	0.000653	0.000653	0.000653	0.951713	
0.000665	0.001039	0.000665	0.000665	0.000665	0.000665	0.000665	0.000665	0.000665	0.000665	0.000665	0.000665	0.000665	0.004080	0.000665	0.000665	0.000665	0.000665	0.000665	0.000665	0.000665	0.000665	0.000665	0.000665	0.000665	0.000665	0.000665	0.000665	0.000665	0.002088	0.000665	0.000665	0.002659	0.004080	0.000852	0.000665	0.000665	0.001678	0.007058	0.000665	0.000665	0.000665	0.000665	0.000665	0.000665	0.000665	0.000665	0.000665	0.000665	0.949193	
0.000669	0.000915	0.000669	0.000669	0.000669	0.000669	0.000669	0.000669	0.000669	0.000669	0.000669	0.000669	0.000669	0.003808	0.000669	0.000669	0.000669	0.000669	0.000669	0.000669	0.000669	0.000669	0.000669	0.000669	0.000669	0.000669	0.000669	0.000669	0.000669	0.002013	0.000669	0.000669	0.003282	0.003808	0.000792	0.000669	0.000669	0.001630	0.006882	0.000669	0.000669	0.000669	0.000669	0.000669	0.000669	0.000669	0.000669	0.000669	0.000669	0.949434	
0.000616	0.000887	0.000616	0.000616	0.000616	0.000616	0.000616	0.000616	0.000616	0.000616	0.000616	0.000616	0.000616	0.001094	0.000616	0.000616	0.000616	0.000616	0.000616	0.000616	0.000616	0.000616	0.000616	0.000616	0.000616	0.000616	0.000616	0.000616	0.000616	0.001134	0.000616	0.000616	0.001176	0.001094	0.000752	0.000616	0.000616	0.013821	0.005809	0.000616	0.000616	0.000616	0.000616	0.000616	0.000616	0.000616	0.000616	0.000616	0.000616	0.948991	
0.000583	0.001538	0.000583	0.000583	0.000583	0.000583	0.000583	0.000583	0.000583	0.000583	0.000583	0.000583	0.000583	0.000757	0.000583	0.000583	0.000583	0.000583	0.000583	0.000583	0.000583	0.000583	0.000583	0.000583	0.000583	0.000583	0.000583	0.000583	0.000583	0.001567	0.000583	0.000583	0.002021	0.000757	0.001060	0.000583	0.000583	0.009152	0.003429	0.000583	0.000583	0.000583	0.000583	0.000583	0.000583	0.000583	0.000583	0.000583	0.000583	0.955817	
0.000615	0.002409	0.000615	0.000615	0.000615	0.000615	0.000615	0.000615	0.000615	0.000615	0.000615	0.000615	0.000615	0.000791	0.000615	0.000615	0.000615	0.000615	0.000615	0.000615	0.000615	0.000615	0.000615	0.000615	0.000615	0.000615	0.000615	0.000615	0.000615	0.001064	0.000615	0.000615	0.003122	0.000791	0.001512	0.000615	0.000615	0.008793	0.005458	0.000615	0.000615	0.000615	0.000615	0.000615	0.000615	0.000615	0.000615	0.000615	0.000615	0.950855	
0.000583	0.000981	0.000583	0.000583	0.000583	0.000583	0.000583	0.000583	0.000583	0.000583	0.000583	0.000583	0.000583	0.001162	0.000583	0.000583	0.000583	0.000583	0.000583	0.000583	0.000583	0.000583	0.000583	0.000583	0.000583	0.000583	0.000583	0.000583	0.000583	0.001159	0.000583	0.000583	0.001264	0.001162	0.000782	0.000583	0.000583	0.011167	0.002265	0.000583	0.000583	0.000583	0.000583	0.000583	0.000583	0.000583	0.000583	0.000583	0.000583	0.956163	
0.000651	0.004036	0.000651	0.000651	0.000651	0.000651	0.000651	0.000651	0.000651	0.000651	0.000651	0.000651	0.000651	0.000904	0.000651	0.000651	0.000651	0.000651	0.000651	0.000651	0.000651	0.000651	0.000651	0.000651	0.000651	0.000651	0.000651	0.000651	0.000651	0.001028	0.000651	0.000651	0.003692	0.000904	0.002344	0.000651	0.000651	0.001449	0.013624	0.000651	0.000651	0.000651	0.000651	0.000651	0.000651	0.000651	0.000651	0.000651	0.000651	0.945318	
0.000651	0.003714	0.000651	0.000651	0.000651	0.000651	0.000651	0.000651	0.000651	0.000651	0.000651	0.000651	0.000651	0.000874	0.000651	0.000651	0.000651	0.000651	0.000651	0.000651	0.000651	0.000651	0.000651	0.000651	0.000651	0.000651	0.000651	0.000651	0.000651	0.001200	0.000651	0.000651	0.002735	0.000874	0.002183	0.000651	0.000651	0.004267	0.014461	0.000651	0.000651	0.000651	0.000651	0.000651	0.000651	0.000651	0.000651	0.000651	0.000651	0.942992	
0.000587	0.007429	0.000587	0.000587	0.000587	0.000587	0.000587	0.000587	0.000587	0.000587	0.000587	0.000587	0.000587	0.000924	0.000587	0.000587	0.000587	0.000587	0.000587	0.000587	0.000587	0.000587	0.000587	0.000587	0.000587	0.000587	0.000587	0.000587	0.000587	0.001143	0.000587	0.000587	0.004518	0.000924	0.004008	0.000587	0.000587	0.005743	0.002430	0.000587	0.000587	0.000587	0.000587	0.000587	0.000587	0.000587	0.000587	0.000587	0.000587	0.948821	
0.000588	0.008197	0.000588	0.000588	0.000588	0.000588	0.000588	0.000588	0.000588	0.000588	0.000588	0.000588	0.000588	0.000760	0.000588	0.000588	0.000588	0.000588	0.000588	0.000588	0.000588	0.000588	0.000588	0.000588	0.000588	0.000588	0.000588	0.000588	0.000588	0.001026	0.000588	0.000588	0.004756	0.000760	0.004393	0.000588	0.000588	0.003623	0.004034	0.000588	0.000588	0.000588	0.000588	0.000588	0.000588	0.000588	0.000588	0.000588	0.000588	0.948336	
0.000597	0.005942	0.000597	0.000597	0.000597	0.000597	0.000597	0.000597	0.000597	0.000597	0.000597	0.000597	0.000597	0.000841	0.000597	0.000597	0.000597	0.000597	0.000597	0.000597	0.000597	0.000597	0.000597	0.000597	0.000597	0.000597	0.000597	0.000597	0.000597	0.001055	0.000597	0.000597	0.004297	0.000841	0.003269	0.000597	0.000597	0.006722	0.003153	0.000597	0.000597	0.000597	0.000597	0.000597	0.000597	0.000597	0.000597	0.000597	0.000597	0.949410	
0.000666	0.002333	0.000666	0.000666	0.000666	0.000666	0.000666	0.000666	0.000666	0.000666	0.000666	0.000666	0.000666	0.000868	0.000666	0.000666	0.000666	0.000666	0.000666	0.000666	0.000666	0.000666	0.000666	0.000666	0.000666	0.000666	0.000666	0.000666	0.000666	0.001568	0.000666	0.000666	0.005227	0.000868	0.001499	0.000666	0.000666	0.001333	0.011574	0.000666	0.000666	0.000666	0.000666	0.000666	0.000666	0.000666	0.000666	0.000666	0.000666	0.947431	
0.000673	0.001372	0.000673	0.000673	0.000673	0.000673	0.000673	0.000673	0.000673	0.000673	0.000673	0.000673	0.000673	0.000844	0.000673	0.000673	0.000673	0.000673	0.000673	0.000673	0.000673	0.000673	0.000673	0.000673	0.000673	0.000673	0.000673	0.000673	0.000673	0.001007	0.000673	0.000673	0.005769	0.000844	0.001023	0.000673	0.000673	0.001452	0.010371	0.000673	0.000673	0.000673	0.000673	0.000673	0.000673	0.000673	0.000673	0.000673	0.000673	0.949705	
0.000652	0.001154	0.000652	0.000652	0.000652	0.000652	0.000652	0.000652	0.000652	0.000652	0.000652	0.000652	0.000652	0.000856	0.000652	0.000652	0.000652	0.000652	0.000652	0.000652	0.000652	0.000652	0.000652	0.000652	0.000652	0.000652	0.000652	0.000652	0.000652	0.001662	0.000652	0.000652	0.005642	0.000856	0.000903	0.000652	0.000652	0.002543	0.007364	0.000652	0.000652	0.000652	0.000652	0.000652	0.000652	0.000652	0.000652	0.000652	0.000652	0.952308	
0.000683	0.002260	0.000683	0.000683	0.000683	0.000683	0.000683	0.000683	0.000683	0.000683	0.000683	0.000683	0.000683	0.000859	0.000683	0.000683	0.000683	0.000683	0.000683	0.000683	0.000683	0.000683	0.000683	0.000683	0.000683	0.000683	0.000683	0.000683	0.000683	0.011053	0.000683	0.000683	0.006935	0.000859	0.001472	0.000683	0.000683	0.001427	0.017079	0.000683	0.000683	0.000683	0.000683	0.000683	0.000683	0.000683	0.000683	0.000683	0.000683	0.930046	
0.000696	0.000938	0.000696	0.000696	0.000696	0.000696	0.000696	0.000696	0.000696	0.000696	0.000696	0.000696	0.000696	0.000981	0.000696	0.000696	0.000696	0.000696	0.000696	0.000696	0.000696	0.000696	0.000696	0.000696	0.000696	0.000696	0.000696	0.000696	0.000696	0.011152	0.000696	0.000696	0.006209	0.000981	0.000817	0.000696	0.000696	0.001523	0.019445	0.000696	0.000696	0.000696	0.000696	0.000696	0.000696	0.000696	0.000696	0.000696	0.000696	0.929424	
0.000676	0.001160	0.000676	0.000676	0.000676	0.000676	0.000676	0.000676	0.000676	0.000676	0.000676	0.000676	0.000676	0.000900	0.000676	0.000676	0.000676	0.000676	0.000676	0.000676	0.000676	0.000676	0.000676	0.000676	0.000676	0.000676	0.000676	0.000676	0.000676	0.009840	0.000676	0.000676	0.005681	0.000900	0.000918	0.000676	0.000676	0.004582	0.015653	0.000676	0.000676	0.000676	0.000676	0.000676	0.000676	0.000676	0.000676	0.000676	0.000676	0.932670	
0.000636	0.002070	0.000636	0.000636	0.000636	0.000636	0.000636	0.000636	0.000636	0.000636	0.000636	0.000636	0.000636	0.000811	0.000636	0.000636	0.000636	0.000636	0.000636	0.000636	0.000636	0.000636	0.000636	0.000636	0.000636	0.000636	0.000636	0.000636	0.000636	0.004534	0.000636	0.000636	0.003530	0.000811	0.001353	0.000636	0.000636	0.011703	0.008369	0.000636	0.000636	0.000636	0.000636	0.000636	0.000636	0.000636	0.000636	0.000636	0.000636	0.940725	
0.000586	0.001069	0.000586	0.000586	0.000586	0.000586	0.000586	0.000586	0.000586	0.000586	0.000586	0.000586	0.000586	0.000856	0.000586	0.000586	0.000586	0.000586	0.000586	0.000586	0.000586	0.000586	0.000586	0.000586	0.000586	0.000586	0.000586	0.000586	0.000586	0.002462	0.000586	0.000586	0.001897	0.000856	0.000828	0.000586	0.000586	0.005006	0.006440	0.000586	0.000586	0.000586	0.000586	0.000586	0.000586	0.000586	0.000586	0.000586	0.000586	0.956551	
0.000604	0.002002	0.000604	0.000604	0.000604	0.000604	0.000604	0.000604	0.000604	0.000604	0.000604	0.000604	0.000604	0.001242	0.000604	0.000604	0.000604	0.000604	0.000604	0.000604	0.000604	0.000604	0.000604	0.000604	0.000604	0.000604	0.000604	0.000604	0.000604	0.001329	0.000604	0.000604	0.001896	0.001242	0.001303	0.000604	0.000604	0.007772	0.006033	0.000604	0.000604	0.000604	0.000604	0.000604	0.000604	0.000604	0.000604	0.000604	0.000604	0.952402	
0.000578	0.001013	0.000578	0.000578	0.000578	0.000578	0.000578	0.000578	0.000578	0.000578	0.000578	0.000578	0.000578	0.000708	0.000578	0.000578	0.000578	0.000578	0.000578	0.000578	0.000578	0.000578	0.000578	0.000578	0.000578	0.000578	0.000578	0.000578	0.000578	0.000859	0.000578	0.000578	0.001217	0.000708	0.000796	0.000578	0.000578	0.008087	0.004573	0.000578	0.000578	0.000578	0.000578	0.000578	0.000578	0.000578	0.000578	0.000578	0.000578	0.958325	
0.000600	0.002085	0.000600	0.000600	0.000600	0.000600	0.000600	0.000600	0.000600	0.000600	0.000600	0.000600	0.000600	0.002135	0.000600	0.000600	0.000600	0.000600	0.000600	0.000600	0.000600	0.000600	0.000600	0.000600	0.000600	0.000600	0.000600	0.000600	0.000600	0.001810	0.000600	0.000600	0.002507	0.002135	0.001343	0.000600	0.000600	0.003714	0.003753	0.000600	0.000600	0.000600	0.000600	0.000600	0.000600	0.000600	0.000600	0.000600	0.000600	0.955908	
0.000608	0.001065	0.000608	0.000608	0.000608	0.000608	0.000608	0.000608	0.000608	0.000608	0.000608	0.000608	0.000608	0.000800	0.000608	0.000608	0.000608	0.000608	0.000608	0.000608	0.000608	0.000608	0.000608	0.000608	0.000608	0.000608	0.000608	0.000608	0.000608	0.000988	0.000608	0.000608	0.001208	0.000800	0.000837	0.000608	0.000608	0.007614	0.008840	0.000608	0.000608	0.000608	0.000608	0.000608	0.000608	0.000608	0.000608	0.000608	0.000608	0.952915	
