0.000601	0.001057	0.000601	0.000601	0.000601	0.000601	0.000601	0.000601	0.000601	0.000601	0.000601	0.000601	0.000601	0.001003	0.000601	0.000601	0.000601	0.000601	0.000601	0.000601	0.000601	0.000601	0.000601	0.000601	0.000601	0.000601	0.000601	0.000601	0.000601	0.001057	0.000601	0.000601	0.011606	0.001487	0.000829	0.000601	0.000601	0.004246	0.001761	0.000601	0.000601	0.000601	0.000601	0.000601	0.000601	0.000601	0.000601	0.000601	0.000601	0.952307	
0.000593	0.002174	0.000593	0.000593	0.000593	0.000593	0.000593	0.000593	0.000593	0.000593	0.000593	0.000593	0.000593	0.001040	0.000593	0.000593	0.000593	0.000593	0.000593	0.000593	0.000593	0.000593	0.000593	0.000593	0.000593	0.000593	0.000593	0.000593	0.000593	0.002174	0.000593	0.000593	0.009541	0.000796	0.001384	0.000593	0.000593	0.001843	0.004645	0.000593	0.000593	0.000593	0.000593	0.000593	0.000593	0.000593	0.000593	0.000593	0.000593	0.952071	
0.000628	0.001713	0.000628	0.000628	0.000628	0.000628	0.000628	0.000628	0.000628	0.000628	0.000628	0.000628	0.000628	0.001133	0.000628	0.000628	0.000628	0.000628	0.000628	0.000628	0.000628	0.000628	0.000628	0.000628	0.000628	0.000628	0.000628	0.000628	0.000628	0.001713	0.000628	0.000628	0.009374	0.002240	0.001171	0.000628	0.000628	0.007198	0.003666	0.000628	0.000628	0.000628	0.000628	0.000628	0.000628	0.000628	0.000628	0.000628	0.000628	0.946029	
0.000571	0.001969	0.000571	0.000571	0.000571	0.000571	0.000571	0.000571	0.000571	0.000571	0.000571	0.000571	0.000571	0.000825	0.000571	0.000571	0.000571	0.000571	0.000571	0.000571	0.000571	0.000571	0.000571	0.000571	0.000571	0.000571	0.000571	0.000571	0.000571	0.001969	0.000571	0.000571	0.001321	0.001683	0.001270	0.000571	0.000571	0.007402	0.008867	0.000571	0.000571	0.000571	0.000571	0.000571	0.000571	0.000571	0.000571	0.000571	0.000571	0.951293	
0.000592	0.001178	0.000592	0.000592	0.000592	0.000592	0.000592	0.000592	0.000592	0.000592	0.000592	0.000592	0.000592	0.001578	0.000592	0.000592	0.000592	0.000592	0.000592	0.000592	0.000592	0.000592	0.000592	0.000592	0.000592	0.000592	0.000592	0.000592	0.000592	0.001178	0.000592	0.000592	0.001443	0.001937	0.000885	0.000592	0.000592	0.008704	0.007279	0.000592	0.000592	0.000592	0.000592	0.000592	0.000592	0.000592	0.000592	0.000592	0.000592	0.951545	
0.000592	0.001536	0.000592	0.000592	0.000592	0.000592	0.000592	0.000592	0.000592	0.000592	0.000592	0.000592	0.000592	0.002120	0.000592	0.000592	0.000592	0.000592	0.000592	0.000592	0.000592	0.000592	0.000592	0.000592	0.000592	0.000592	0.000592	0.000592	0.000592	0.001536	0.000592	0.000592	0.001263	0.000908	0.001064	0.000592	0.000592	0.004634	0.008606	0.000592	0.000592	0.000592	0.000592	0.000592	0.000592	0.000592	0.000592	0.000592	0.000592	0.954052	
0.000662	0.001042	0.000662	0.000662	0.000662	0.000662	0.000662	0.000662	0.000662	0.000662	0.000662	0.000662	0.000662	0.001083	0.000662	0.000662	0.000662	0.000662	0.000662	0.000662	0.000662	0.000662	0.000662	0.000662	0.000662	0.000662	0.000662	0.000662	0.000662	0.001042	0.000662	0.000662	0.001205	0.004556	0.000852	0.000662	0.000662	0.017449	0.005433	0.000662	0.000662	0.000662	0.000662	0.000662	0.000662	0.000662	0.000662	0.000662	0.000662	0.940177	
0.000620	0.001247	0.000620	0.000620	0.000620	0.000620	0.000620	0.000620	0.000620	0.000620	0.000620	0.000620	0.000620	0.001294	0.000620	0.000620	0.000620	0.000620	0.000620	0.000620	0.000620	0.000620	0.000620	0.000620	0.000620	0.000620	0.000620	0.000620	0.000620	0.001247	0.000620	0.000620	0.003232	0.001210	0.000933	0.000620	0.000620	0.003125	0.007332	0.000620	0.000620	0.000620	0.000620	0.000620	0.000620	0.000620	0.000620	0.000620	0.000620	0.954980	
0.000631	0.000990	0.000631	0.000631	0.000631	0.000631	0.000631	0.000631	0.000631	0.000631	0.000631	0.000631	0.000631	0.000965	0.000631	0.000631	0.000631	0.000631	0.000631	0.000631	0.000631	0.000631	0.000631	0.000631	0.000631	0.000631	0.000631	0.000631	0.000631	0.000990	0.000631	0.000631	0.000955	0.001834	0.000810	0.000631	0.000631	0.005751	0.005661	0.000631	0.000631	0.000631	0.000631	0.000631	0.000631	0.000631	0.000631	0.000631	0.000631	0.956172	
0.000639	0.001207	0.000639	0.000639	0.000639	0.000639	0.000639	0.000639	0.000639	0.000639	0.000639	0.000639	0.000639	0.001881	0.000639	0.000639	0.000639	0.000639	0.000639	0.000639	0.000639	0.000639	0.000639	0.000639	0.000639	0.000639	0.000639	0.000639	0.000639	0.001207	0.000639	0.000639	0.000961	0.001426	0.000923	0.000639	0.000639	0.003922	0.010452	0.000639	0.000639	0.000639	0.000639	0.000639	0.000639	0.000639	0.000639	0.000639	0.000639	0.951836	
0.000590	0.001238	0.000590	0.000590	0.000590	0.000590	0.000590	0.000590	0.000590	0.000590	0.000590	0.000590	0.000590	0.000934	0.000590	0.000590	0.000590	0.000590	0.000590	0.000590	0.000590	0.000590	0.000590	0.000590	0.000590	0.000590	0.000590	0.000590	0.000590	0.001238	0.000590	0.000590	0.001090	0.000862	0.000914	0.000590	0.000590	0.002102	0.009986	0.000590	0.000590	0.000590	0.000590	0.000590	0.000590	0.000590	0.000590	0.000590	0.000590	0.957467	
0.000604	0.000963	0.000604	0.000604	0.000604	0.000604	0.000604	0.000604	0.000604	0.000604	0.000604	0.000604	0.000604	0.001117	0.000604	0.000604	0.000604	0.000604	0.000604	0.000604	0.000604	0.000604	0.000604	0.000604	0.000604	0.000604	0.000604	0.000604	0.000604	0.000963	0.000604	0.000604	0.001566	0.002205	0.000783	0.000604	0.000604	0.007939	0.009598	0.000604	0.000604	0.000604	0.000604	0.000604	0.000604	0.000604	0.000604	0.000604	0.000604	0.950112	
0.000598	0.001679	0.000598	0.000598	0.000598	0.000598	0.000598	0.000598	0.000598	0.000598	0.000598	0.000598	0.000598	0.000940	0.000598	0.000598	0.000598	0.000598	0.000598	0.000598	0.000598	0.000598	0.000598	0.000598	0.000598	0.000598	0.000598	0.000598	0.000598	0.001679	0.000598	0.000598	0.004386	0.001332	0.001138	0.000598	0.000598	0.003633	0.009493	0.000598	0.000598	0.000598	0.000598	0.000598	0.000598	0.000598	0.000598	0.000598	0.000598	0.951197	
0.000586	0.001334	0.000586	0.000586	0.000586	0.000586	0.000586	0.000586	0.000586	0.000586	0.000586	0.000586	0.000586	0.000929	0.000586	0.000586	0.000586	0.000586	0.000586	0.000586	0.000586	0.000586	0.000586	0.000586	0.000586	0.000586	0.000586	0.000586	0.000586	0.001334	0.000586	0.000586	0.004278	0.000786	0.000960	0.000586	0.000586	0.001581	0.008724	0.000586	0.000586	0.000586	0.000586	0.000586	0.000586	0.000586	0.000586	0.000586	0.000586	0.956054	
0.000603	0.001051	0.000603	0.000603	0.000603	0.000603	0.000603	0.000603	0.000603	0.000603	0.000603	0.000603	0.000603	0.001195	0.000603	0.000603	0.000603	0.000603	0.000603	0.000603	0.000603	0.000603	0.000603	0.000603	0.000603	0.000603	0.000603	0.000603	0.000603	0.001051	0.000603	0.000603	0.005749	0.001710	0.000827	0.000603	0.000603	0.005358	0.007638	0.000603	0.000603	0.000603	0.000603	0.000603	0.000603	0.000603	0.000603	0.000603	0.000603	0.950685	
0.000712	0.012559	0.000712	0.000712	0.000712	0.000712	0.000712	0.000712	0.000712	0.000712	0.000712	0.000712	0.000712	0.000988	0.000712	0.000712	0.000712	0.000712	0.000712	0.000712	0.000712	0.000712	0.000712	0.000712	0.000712	0.000712	0.000712	0.000712	0.000712	0.012559	0.000712	0.000712	0.001105	0.000916	0.006636	0.000712	0.000712	0.001638	0.019283	0.000712	0.000712	0.000712	0.000712	0.000712	0.000712	0.000712	0.000712	0.000712	0.000712	0.915108	
0.000736	0.010184	0.000736	0.000736	0.000736	0.000736	0.000736	0.000736	0.000736	0.000736	0.000736	0.000736	0.000736	0.001560	0.000736	0.000736	0.000736	0.000736	0.000736	0.000736	0.000736	0.000736	0.000736	0.000736	0.000736	0.000736	0.000736	0.000736	0.000736	0.010184	0.000736	0.000736	0.001287	0.001951	0.005460	0.000736	0.000736	0.005728	0.015526	0.000736	0.000736	0.000736	0.000736	0.000736	0.000736	0.000736	0.000736	0.000736	0.000736	0.917929	
0.000682	0.008700	0.000682	0.000682	0.000682	0.000682	0.000682	0.000682	0.000682	0.000682	0.000682	0.000682	0.000682	0.000961	0.000682	0.000682	0.000682	0.000682	0.000682	0.000682	0.000682	0.000682	0.000682	0.000682	0.000682	0.000682	0.000682	0.000682	0.000682	0.008700	0.000682	0.000682	0.002138	0.000944	0.004691	0.000682	0.000682	0.001908	0.013343	0.000682	0.000682	0.000682	0.000682	0.000682	0.000682	0.000682	0.000682	0.000682	0.000682	0.930653	
0.000684	0.001410	0.000684	0.000684	0.000684	0.000684	0.000684	0.000684	0.000684	0.000684	0.000684	0.000684	0.000684	0.000885	0.000684	0.000684	0.000684	0.000684	0.000684	0.000684	0.000684	0.000684	0.000684	0.000684	0.000684	0.000684	0.000684	0.000684	0.000684	0.001410	0.000684	0.000684	0.001385	0.003785	0.001047	0.000684	0.000684	0.013333	0.002569	0.000684	0.000684	0.000684	0.000684	0.000684	0.000684	0.000684	0.000684	0.000684	0.000684	0.946129	
0.000596	0.001705	0.000596	0.000596	0.000596	0.000596	0.000596	0.000596	0.000596	0.000596	0.000596	0.000596	0.000596	0.001839	0.000596	0.000596	0.000596	0.000596	0.000596	0.000596	0.000596	0.000596	0.000596	0.000596	0.000596	0.000596	0.000596	0.000596	0.000596	0.001705	0.000596	0.000596	0.003358	0.000818	0.001150	0.000596	0.000596	0.003482	0.007557	0.000596	0.000596	0.000596	0.000596	0.000596	0.000596	0.000596	0.000596	0.000596	0.000596	0.953954	
0.000910	0.003113	0.000910	0.000910	0.000910	0.000910	0.000910	0.000910	0.000910	0.000910	0.000910	0.000910	0.000910	0.007702	0.000910	0.000910	0.000910	0.000910	0.000910	0.000910	0.000910	0.000910	0.000910	0.000910	0.000910	0.000910	0.000910	0.000910	0.000910	0.003113	0.000910	0.000910	0.001263	0.001368	0.002011	0.000910	0.000910	0.002909	0.005084	0.000910	0.000910	0.000910	0.000910	0.000910	0.000910	0.000910	0.000910	0.000910	0.000910	0.936127	
0.000575	0.001881	0.000575	0.000575	0.000575	0.000575	0.000575	0.000575	0.000575	0.000575	0.000575	0.000575	0.000575	0.000882	0.000575	0.000575	0.000575	0.000575	0.000575	0.000575	0.000575	0.000575	0.000575	0.000575	0.000575	0.000575	0.000575	0.000575	0.000575	0.001881	0.000575	0.000575	0.001055	0.001623	0.001228	0.000575	0.000575	0.007197	0.008138	0.000575	0.000575	0.000575	0.000575	0.000575	0.000575	0.000575	0.000575	0.000575	0.000575	0.952544	
0.000671	0.001127	0.000671	0.000671	0.000671	0.000671	0.000671	0.000671	0.000671	0.000671	0.000671	0.000671	0.000671	0.003697	0.000671	0.000671	0.000671	0.000671	0.000671	0.000671	0.000671	0.000671	0.000671	0.000671	0.000671	0.000671	0.000671	0.000671	0.000671	0.001127	0.000671	0.000671	0.002084	0.000895	0.000899	0.000671	0.000671	0.003389	0.007160	0.000671	0.000671	0.000671	0.000671	0.000671	0.000671	0.000671	0.000671	0.000671	0.000671	0.952131	
0.000604	0.001194	0.000604	0.000604	0.000604	0.000604	0.000604	0.000604	0.000604	0.000604	0.000604	0.000604	0.000604	0.001078	0.000604	0.000604	0.000604	0.000604	0.000604	0.000604	0.000604	0.000604	0.000604	0.000604	0.000604	0.000604	0.000604	0.000604	0.000604	0.001194	0.000604	0.000604	0.001074	0.001392	0.000899	0.000604	0.000604	0.005342	0.005084	0.000604	0.000604	0.000604	0.000604	0.000604	0.000604	0.000604	0.000604	0.000604	0.000604	0.957969	
