0	0	0	0	0	189	0	
36	0	0	80	0	0	0	
81	26	16	0	0	35	1	
0	33	0	0	68	0	0	
0	23	0	47	82	0	0	
0	33	0	0	0	0	0	
0	0	0	0	0	0	103	
0	0	0	0	68	0	0	
30	50	0	0	0	23	0	
0	0	0	14	26	0	0	
0	0	54	0	0	84	0	
0	0	0	23	0	0	0	
0	19	0	0	0	21	0	
0	22	96	0	0	0	0	
115	0	46	0	0	50	0	
0	0	0	126	0	0	0	
0	0	0	0	0	13	0	
0	24	0	0	0	0	31	
0	0	0	59	0	21	0	
0	67	41	72	0	0	0	
166	0	0	0	0	0	0	
0	0	0	0	0	13	92	
0	0	0	0	0	54	0	
0	62	0	0	0	0	0	
0	0	0	0	0	0	45	
0	45	60	0	0	0	0	
0	0	0	0	0	0	25	
0	0	28	1	0	0	0	
0	0	0	76	0	0	0	
0	0	0	0	0	14	64	
125	0	26	1	0	0	0	
86	0	0	0	0	0	0	
0	0	0	0	0	0	25	
0	0	0	52	0	0	0	
0	0	0	0	0	49	0	
0	0	120	0	0	0	0	
0	14	0	0	0	0	0	
81	0	0	0	0	46	2	
0	0	7	0	51	0	0	
18	0	0	0	71	0	0	
0	0	0	1	76	0	0	
0	0	49	0	0	82	0	
0	28	0	0	0	0	0	
0	0	0	135	0	0	2	
0	0	0	0	1	27	0	
1	0	88	0	0	66	0	
0	0	0	0	122	0	0	
0	30	0	0	0	0	0	
0	0	85	0	0	0	0	
76	44	0	35	0	74	116	
