0	0	0	0	0	25	0	
0	0	0	32	0	0	0	
0	0	0	12	0	0	0	
0	0	0	0	0	60	231	
14	0	0	0	0	0	0	
0	0	31	0	0	0	0	
0	0	0	0	108	0	0	
0	0	0	0	0	109	0	
0	0	0	0	109	1	0	
0	0	22	0	0	0	0	
0	0	26	0	0	0	0	
0	6	2	0	0	1	0	
0	0	0	0	0	0	0	
0	0	0	0	0	0	76	
0	0	118	0	19	0	0	
0	270	0	0	0	0	0	
0	0	0	0	0	0	133	
0	0	10	0	1	0	0	
32	0	0	0	0	56	0	
0	0	0	20	0	0	0	
0	0	0	0	119	0	0	
0	0	0	78	0	0	62	
0	0	0	0	0	18	0	
0	20	0	1	0	0	0	
31	0	0	0	0	0	0	
0	0	176	0	0	0	0	
80	0	0	0	0	169	93	
0	0	0	43	3	0	0	
0	186	0	0	0	0	0	
7	0	0	0	43	0	1	
43	0	0	0	0	0	0	
0	0	0	103	0	0	0	
95	0	35	0	0	0	0	
0	0	0	160	0	0	0	
164	0	0	0	0	0	0	
0	0	0	0	36	0	0	
2	0	36	0	0	0	0	
1	0	0	0	86	0	23	
44	0	0	0	0	0	0	
0	0	3	1	0	0	148	
0	0	0	85	73	0	0	
0	0	0	0	0	88	0	
0	0	102	0	0	0	0	
0	0	0	0	0	0	0	
0	139	32	1	62	0	0	
89	4	72	110	0	53	0	
0	0	0	0	0	27	0	
1	0	0	0	0	56	2	
0	0	19	0	16	0	0	
0	0	46	0	0	0	0	
