0.000783	0.001090	0.000783	0.000783	0.000783	0.000783	0.000783	0.000783	0.000783	0.000783	0.000783	0.000783	0.000783	0.001068	0.000783	0.000783	0.000783	0.000783	0.000783	0.000783	0.000783	0.000783	0.000783	0.000783	0.000783	0.000783	0.000783	0.000783	0.000783	0.001068	0.000783	0.000783	0.001636	0.000926	0.001030	0.000783	0.000783	0.002016	0.001940	0.000783	0.000783	0.000783	0.000783	0.000783	0.000783	0.000783	0.000783	0.000783	0.000783	0.957106	
0.000691	0.001284	0.000691	0.000691	0.000691	0.000691	0.000691	0.000691	0.000691	0.000691	0.000691	0.000691	0.000691	0.001204	0.000691	0.000691	0.000691	0.000691	0.000691	0.000691	0.000691	0.000691	0.000691	0.000691	0.000691	0.000691	0.000691	0.000691	0.000691	0.001158	0.000691	0.000691	0.002229	0.000924	0.000977	0.000691	0.000691	0.002121	0.003941	0.000691	0.000691	0.000691	0.000691	0.000691	0.000691	0.000691	0.000691	0.000691	0.000691	0.957844	
0.000748	0.001255	0.000748	0.000748	0.000748	0.000748	0.000748	0.000748	0.000748	0.000748	0.000748	0.000748	0.000748	0.001168	0.000748	0.000748	0.000748	0.000748	0.000748	0.000748	0.000748	0.000748	0.000748	0.000748	0.000748	0.000748	0.000748	0.000748	0.000748	0.001397	0.000748	0.000748	0.002006	0.001072	0.001016	0.000748	0.000748	0.002088	0.003145	0.000748	0.000748	0.000748	0.000748	0.000748	0.000748	0.000748	0.000748	0.000748	0.000748	0.956180	
0.000555	0.000777	0.000555	0.000555	0.000555	0.000555	0.000555	0.000555	0.000555	0.000555	0.000555	0.000555	0.000555	0.000728	0.000555	0.000555	0.000555	0.000555	0.000555	0.000555	0.000555	0.000555	0.000555	0.000555	0.000555	0.000555	0.000555	0.000555	0.000555	0.000816	0.000555	0.000555	0.001074	0.000686	0.000728	0.000555	0.000555	0.001419	0.005937	0.000555	0.000555	0.000555	0.000555	0.000555	0.000555	0.000555	0.000555	0.000555	0.000555	0.965063	
0.000699	0.000916	0.000699	0.000699	0.000699	0.000699	0.000699	0.000699	0.000699	0.000699	0.000699	0.000699	0.000699	0.000850	0.000699	0.000699	0.000699	0.000699	0.000699	0.000699	0.000699	0.000699	0.000699	0.000699	0.000699	0.000699	0.000699	0.000699	0.000699	0.001334	0.000699	0.000699	0.001152	0.001017	0.002500	0.000699	0.000699	0.009706	0.002276	0.000699	0.000699	0.000699	0.000699	0.000699	0.000699	0.000699	0.000699	0.000699	0.000699	0.951589	
0.000635	0.000918	0.000635	0.000635	0.000635	0.000635	0.000635	0.000635	0.000635	0.000635	0.000635	0.000635	0.000635	0.000824	0.000635	0.000635	0.000635	0.000635	0.000635	0.000635	0.000635	0.000635	0.000635	0.000635	0.000635	0.000635	0.000635	0.000635	0.000635	0.001984	0.000635	0.000635	0.001202	0.001310	0.000936	0.000635	0.000635	0.002139	0.004519	0.000635	0.000635	0.000635	0.000635	0.000635	0.000635	0.000635	0.000635	0.000635	0.000635	0.960125	
0.000675	0.001069	0.000675	0.000675	0.000675	0.000675	0.000675	0.000675	0.000675	0.000675	0.000675	0.000675	0.000675	0.001748	0.000675	0.000675	0.000675	0.000675	0.000675	0.000675	0.000675	0.000675	0.000675	0.000675	0.000675	0.000675	0.000675	0.000675	0.000675	0.001088	0.000675	0.000675	0.003892	0.000882	0.003305	0.000675	0.000675	0.013823	0.003979	0.000675	0.000675	0.000675	0.000675	0.000675	0.000675	0.000675	0.000675	0.000675	0.000675	0.942519	
0.000559	0.006157	0.000559	0.000559	0.000559	0.000559	0.000559	0.000559	0.000559	0.000559	0.000559	0.000559	0.000559	0.001574	0.000559	0.000559	0.000559	0.000559	0.000559	0.000559	0.000559	0.000559	0.000559	0.000559	0.000559	0.000559	0.000559	0.000559	0.000559	0.000869	0.000559	0.000559	0.003606	0.000714	0.000768	0.000559	0.000559	0.001604	0.012451	0.000559	0.000559	0.000559	0.000559	0.000559	0.000559	0.000559	0.000559	0.000559	0.000559	0.949356	
0.000525	0.006747	0.000525	0.000525	0.000525	0.000525	0.000525	0.000525	0.000525	0.000525	0.000525	0.000525	0.000525	0.000775	0.000525	0.000525	0.000525	0.000525	0.000525	0.000525	0.000525	0.000525	0.000525	0.000525	0.000525	0.000525	0.000525	0.000525	0.000525	0.000814	0.000525	0.000525	0.001277	0.000669	0.000966	0.000525	0.000525	0.002732	0.014074	0.000525	0.000525	0.000525	0.000525	0.000525	0.000525	0.000525	0.000525	0.000525	0.000525	0.950434	
0.000625	0.004579	0.000625	0.000625	0.000625	0.000625	0.000625	0.000625	0.000625	0.000625	0.000625	0.000625	0.000625	0.003640	0.000625	0.000625	0.000625	0.000625	0.000625	0.000625	0.000625	0.000625	0.000625	0.000625	0.000625	0.000625	0.000625	0.000625	0.000625	0.001181	0.000625	0.000625	0.009670	0.000903	0.000937	0.000625	0.000625	0.002183	0.009512	0.000625	0.000625	0.000625	0.000625	0.000625	0.000625	0.000625	0.000625	0.000625	0.000625	0.941774	
0.000687	0.003090	0.000687	0.000687	0.000687	0.000687	0.000687	0.000687	0.000687	0.000687	0.000687	0.000687	0.000687	0.005455	0.000687	0.000687	0.000687	0.000687	0.000687	0.000687	0.000687	0.000687	0.000687	0.000687	0.000687	0.000687	0.000687	0.000687	0.000687	0.001044	0.000687	0.000687	0.014991	0.000865	0.000875	0.000687	0.000687	0.001627	0.006219	0.000687	0.000687	0.000687	0.000687	0.000687	0.000687	0.000687	0.000687	0.000687	0.000687	0.937682	
0.000568	0.004156	0.000568	0.000568	0.000568	0.000568	0.000568	0.000568	0.000568	0.000568	0.000568	0.000568	0.000568	0.000783	0.000568	0.000568	0.000568	0.000568	0.000568	0.000568	0.000568	0.000568	0.000568	0.000568	0.000568	0.000568	0.000568	0.000568	0.000568	0.000939	0.000568	0.000568	0.001212	0.000754	0.000841	0.000568	0.000568	0.001930	0.009536	0.000568	0.000568	0.000568	0.000568	0.000568	0.000568	0.000568	0.000568	0.000568	0.000568	0.956554	
0.000525	0.007235	0.000525	0.000525	0.000525	0.000525	0.000525	0.000525	0.000525	0.000525	0.000525	0.000525	0.000525	0.000801	0.000525	0.000525	0.000525	0.000525	0.000525	0.000525	0.000525	0.000525	0.000525	0.000525	0.000525	0.000525	0.000525	0.000525	0.000525	0.000926	0.000525	0.000525	0.001354	0.000726	0.000765	0.000525	0.000525	0.001724	0.014733	0.000525	0.000525	0.000525	0.000525	0.000525	0.000525	0.000525	0.000525	0.000525	0.000525	0.950205	
0.000535	0.005765	0.000535	0.000535	0.000535	0.000535	0.000535	0.000535	0.000535	0.000535	0.000535	0.000535	0.000535	0.000722	0.000535	0.000535	0.000535	0.000535	0.000535	0.000535	0.000535	0.000535	0.000535	0.000535	0.000535	0.000535	0.000535	0.000535	0.000535	0.002751	0.000535	0.000535	0.001097	0.001643	0.000722	0.000535	0.000535	0.001471	0.014433	0.000535	0.000535	0.000535	0.000535	0.000535	0.000535	0.000535	0.000535	0.000535	0.000535	0.949455	
0.000571	0.004839	0.000571	0.000571	0.000571	0.000571	0.000571	0.000571	0.000571	0.000571	0.000571	0.000571	0.000571	0.000816	0.000571	0.000571	0.000571	0.000571	0.000571	0.000571	0.000571	0.000571	0.000571	0.000571	0.000571	0.000571	0.000571	0.000571	0.000571	0.001996	0.000571	0.000571	0.001306	0.001284	0.000853	0.000571	0.000571	0.001982	0.011471	0.000571	0.000571	0.000571	0.000571	0.000571	0.000571	0.000571	0.000571	0.000571	0.000571	0.952029	
0.000559	0.000847	0.000559	0.000559	0.000559	0.000559	0.000559	0.000559	0.000559	0.000559	0.000559	0.000559	0.000559	0.000694	0.000559	0.000559	0.000559	0.000559	0.000559	0.000559	0.000559	0.000559	0.000559	0.000559	0.000559	0.000559	0.000559	0.000559	0.000559	0.009408	0.000559	0.000559	0.000966	0.004983	0.000789	0.000559	0.000559	0.001711	0.014705	0.000559	0.000559	0.000559	0.000559	0.000559	0.000559	0.000559	0.000559	0.000559	0.000559	0.942991	
0.000564	0.000764	0.000564	0.000564	0.000564	0.000564	0.000564	0.000564	0.000564	0.000564	0.000564	0.000564	0.000564	0.000737	0.000564	0.000564	0.000564	0.000564	0.000564	0.000564	0.000564	0.000564	0.000564	0.000564	0.000564	0.000564	0.000564	0.000564	0.000564	0.009675	0.000564	0.000564	0.001083	0.005120	0.000775	0.000564	0.000564	0.001619	0.014799	0.000564	0.000564	0.000564	0.000564	0.000564	0.000564	0.000564	0.000564	0.000564	0.000564	0.942308	
0.000593	0.000861	0.000593	0.000593	0.000593	0.000593	0.000593	0.000593	0.000593	0.000593	0.000593	0.000593	0.000593	0.001396	0.000593	0.000593	0.000593	0.000593	0.000593	0.000593	0.000593	0.000593	0.000593	0.000593	0.000593	0.000593	0.000593	0.000593	0.000593	0.007649	0.000593	0.000593	0.003000	0.004121	0.000844	0.000593	0.000593	0.001844	0.012162	0.000593	0.000593	0.000593	0.000593	0.000593	0.000593	0.000593	0.000593	0.000593	0.000593	0.943792	
0.000614	0.000813	0.000614	0.000614	0.000614	0.000614	0.000614	0.000614	0.000614	0.000614	0.000614	0.000614	0.000614	0.002572	0.000614	0.000614	0.000614	0.000614	0.000614	0.000614	0.000614	0.000614	0.000614	0.000614	0.000614	0.000614	0.000614	0.000614	0.000614	0.001104	0.000614	0.000614	0.006490	0.000859	0.000805	0.000614	0.000614	0.001568	0.005043	0.000614	0.000614	0.000614	0.000614	0.000614	0.000614	0.000614	0.000614	0.000614	0.000614	0.955580	
0.000647	0.000932	0.000647	0.000647	0.000647	0.000647	0.000647	0.000647	0.000647	0.000647	0.000647	0.000647	0.000647	0.002001	0.000647	0.000647	0.000647	0.000647	0.000647	0.000647	0.000647	0.000647	0.000647	0.000647	0.000647	0.000647	0.000647	0.000647	0.000647	0.003283	0.000647	0.000647	0.004708	0.001965	0.000969	0.000647	0.000647	0.002255	0.006020	0.000647	0.000647	0.000647	0.000647	0.000647	0.000647	0.000647	0.000647	0.000647	0.000647	0.951339	
0.000694	0.001027	0.000694	0.000694	0.000694	0.000694	0.000694	0.000694	0.000694	0.000694	0.000694	0.000694	0.000694	0.004827	0.000694	0.000694	0.000694	0.000694	0.000694	0.000694	0.000694	0.000694	0.000694	0.000694	0.000694	0.000694	0.000694	0.000694	0.000694	0.002512	0.000694	0.000694	0.013092	0.001603	0.001020	0.000694	0.000694	0.002325	0.004975	0.000694	0.000694	0.000694	0.000694	0.000694	0.000694	0.000694	0.000694	0.000694	0.000694	0.940164	
0.000758	0.001071	0.000758	0.000758	0.000758	0.000758	0.000758	0.000758	0.000758	0.000758	0.000758	0.000758	0.000758	0.001029	0.000758	0.000758	0.000758	0.000758	0.000758	0.000758	0.000758	0.000758	0.000758	0.000758	0.000758	0.000758	0.000758	0.000758	0.000758	0.001335	0.000758	0.000758	0.001570	0.001047	0.007091	0.000758	0.000758	0.032422	0.002405	0.000758	0.000758	0.000758	0.000758	0.000758	0.000758	0.000758	0.000758	0.000758	0.000758	0.920942	
0.000704	0.000926	0.000704	0.000704	0.000704	0.000704	0.000704	0.000704	0.000704	0.000704	0.000704	0.000704	0.000704	0.001446	0.000704	0.000704	0.000704	0.000704	0.000704	0.000704	0.000704	0.000704	0.000704	0.000704	0.000704	0.000704	0.000704	0.000704	0.000704	0.003366	0.000704	0.000704	0.002929	0.002035	0.003870	0.000704	0.000704	0.016534	0.005257	0.000704	0.000704	0.000704	0.000704	0.000704	0.000704	0.000704	0.000704	0.000704	0.000704	0.934759	
0.000678	0.000966	0.000678	0.000678	0.000678	0.000678	0.000678	0.000678	0.000678	0.000678	0.000678	0.000678	0.000678	0.001950	0.000678	0.000678	0.000678	0.000678	0.000678	0.000678	0.000678	0.000678	0.000678	0.000678	0.000678	0.000678	0.000678	0.000678	0.000678	0.001868	0.000678	0.000678	0.004493	0.001273	0.003029	0.000678	0.000678	0.012435	0.004407	0.000678	0.000678	0.000678	0.000678	0.000678	0.000678	0.000678	0.000678	0.000678	0.000678	0.941793	
