0.000636	0.001134	0.000636	0.000636	0.000636	0.000636	0.000636	0.000636	0.000636	0.000636	0.000636	0.000636	0.000636	0.001148	0.000636	0.000636	0.000636	0.000636	0.000636	0.000636	0.000636	0.000636	0.000636	0.000636	0.000636	0.000636	0.000636	0.000636	0.000636	0.001281	0.000636	0.000636	0.001603	0.000958	0.001671	0.000636	0.000636	0.003195	0.002357	0.000636	0.000636	0.000636	0.000636	0.000636	0.000636	0.000636	0.000636	0.000636	0.000636	0.960559	
0.000610	0.001028	0.000610	0.000610	0.000610	0.000610	0.000610	0.000610	0.000610	0.000610	0.000610	0.000610	0.000610	0.000803	0.000610	0.000610	0.000610	0.000610	0.000610	0.000610	0.000610	0.000610	0.000610	0.000610	0.000610	0.000610	0.000610	0.000610	0.000610	0.002622	0.000610	0.000610	0.003628	0.001616	0.001097	0.000610	0.000610	0.001576	0.004456	0.000610	0.000610	0.000610	0.000610	0.000610	0.000610	0.000610	0.000610	0.000610	0.000610	0.958169	
0.000604	0.001262	0.000604	0.000604	0.000604	0.000604	0.000604	0.000604	0.000604	0.000604	0.000604	0.000604	0.000604	0.000770	0.000604	0.000604	0.000604	0.000604	0.000604	0.000604	0.000604	0.000604	0.000604	0.000604	0.000604	0.000604	0.000604	0.000604	0.000604	0.003409	0.000604	0.000604	0.004811	0.002006	0.000808	0.000604	0.000604	0.001435	0.004857	0.000604	0.000604	0.000604	0.000604	0.000604	0.000604	0.000604	0.000604	0.000604	0.000604	0.955881	
0.000605	0.000960	0.000605	0.000605	0.000605	0.000605	0.000605	0.000605	0.000605	0.000605	0.000605	0.000605	0.000605	0.003897	0.000605	0.000605	0.000605	0.000605	0.000605	0.000605	0.000605	0.000605	0.000605	0.000605	0.000605	0.000605	0.000605	0.000605	0.000605	0.001152	0.000605	0.000605	0.001425	0.000878	0.000899	0.000605	0.000605	0.017063	0.004505	0.000605	0.000605	0.000605	0.000605	0.000605	0.000605	0.000605	0.000605	0.000605	0.000605	0.944417	
0.000643	0.001826	0.000643	0.000643	0.000643	0.000643	0.000643	0.000643	0.000643	0.000643	0.000643	0.000643	0.000643	0.003918	0.000643	0.000643	0.000643	0.000643	0.000643	0.000643	0.000643	0.000643	0.000643	0.000643	0.000643	0.000643	0.000643	0.000643	0.000643	0.001402	0.000643	0.000643	0.001782	0.001023	0.001682	0.000643	0.000643	0.017016	0.004417	0.000643	0.000643	0.000643	0.000643	0.000643	0.000643	0.000643	0.000643	0.000643	0.000643	0.940569	
0.000626	0.001531	0.000626	0.000626	0.000626	0.000626	0.000626	0.000626	0.000626	0.000626	0.000626	0.000626	0.000626	0.003193	0.000626	0.000626	0.000626	0.000626	0.000626	0.000626	0.000626	0.000626	0.000626	0.000626	0.000626	0.000626	0.000626	0.000626	0.000626	0.001165	0.000626	0.000626	0.001435	0.000896	0.001070	0.000626	0.000626	0.013461	0.005493	0.000626	0.000626	0.000626	0.000626	0.000626	0.000626	0.000626	0.000626	0.000626	0.000626	0.946088	
0.000657	0.001675	0.000657	0.000657	0.000657	0.000657	0.000657	0.000657	0.000657	0.000657	0.000657	0.000657	0.000657	0.003806	0.000657	0.000657	0.000657	0.000657	0.000657	0.000657	0.000657	0.000657	0.000657	0.000657	0.000657	0.000657	0.000657	0.000657	0.000657	0.001007	0.000657	0.000657	0.001181	0.000832	0.002112	0.000657	0.000657	0.016403	0.004134	0.000657	0.000657	0.000657	0.000657	0.000657	0.000657	0.000657	0.000657	0.000657	0.000657	0.941911	
0.000639	0.003256	0.000639	0.000639	0.000639	0.000639	0.000639	0.000639	0.000639	0.000639	0.000639	0.000639	0.000639	0.000894	0.000639	0.000639	0.000639	0.000639	0.000639	0.000639	0.000639	0.000639	0.000639	0.000639	0.000639	0.000639	0.000639	0.000639	0.000639	0.001088	0.000639	0.000639	0.001312	0.000863	0.002066	0.000639	0.000639	0.001914	0.011263	0.000639	0.000639	0.000639	0.000639	0.000639	0.000639	0.000639	0.000639	0.000639	0.000639	0.951157	
0.000738	0.000999	0.000738	0.000738	0.000738	0.000738	0.000738	0.000738	0.000738	0.000738	0.000738	0.000738	0.000738	0.001099	0.000738	0.000738	0.000738	0.000738	0.000738	0.000738	0.000738	0.000738	0.000738	0.000738	0.000738	0.000738	0.000738	0.000738	0.000738	0.000966	0.000738	0.000738	0.001080	0.000852	0.005190	0.000738	0.000738	0.002543	0.005333	0.000738	0.000738	0.000738	0.000738	0.000738	0.000738	0.000738	0.000738	0.000738	0.000738	0.951687	
0.000613	0.004756	0.000613	0.000613	0.000613	0.000613	0.000613	0.000613	0.000613	0.000613	0.000613	0.000613	0.000613	0.002283	0.000613	0.000613	0.000613	0.000613	0.000613	0.000613	0.000613	0.000613	0.000613	0.000613	0.000613	0.000613	0.000613	0.000613	0.000613	0.001329	0.000613	0.000613	0.001687	0.000971	0.001795	0.000613	0.000613	0.008967	0.013353	0.000613	0.000613	0.000613	0.000613	0.000613	0.000613	0.000613	0.000613	0.000613	0.000613	0.939744	
0.000620	0.003853	0.000620	0.000620	0.000620	0.000620	0.000620	0.000620	0.000620	0.000620	0.000620	0.000620	0.000620	0.002093	0.000620	0.000620	0.000620	0.000620	0.000620	0.000620	0.000620	0.000620	0.000620	0.000620	0.000620	0.000620	0.000620	0.000620	0.000620	0.001377	0.000620	0.000620	0.001756	0.000999	0.001942	0.000620	0.000620	0.007983	0.011233	0.000620	0.000620	0.000620	0.000620	0.000620	0.000620	0.000620	0.000620	0.000620	0.000620	0.943349	
0.000579	0.007110	0.000579	0.000579	0.000579	0.000579	0.000579	0.000579	0.000579	0.000579	0.000579	0.000579	0.000579	0.001145	0.000579	0.000579	0.000579	0.000579	0.000579	0.000579	0.000579	0.000579	0.000579	0.000579	0.000579	0.000579	0.000579	0.000579	0.000579	0.000876	0.000579	0.000579	0.001025	0.000727	0.001767	0.000579	0.000579	0.003410	0.020432	0.000579	0.000579	0.000579	0.000579	0.000579	0.000579	0.000579	0.000579	0.000579	0.000579	0.939776	
0.000594	0.004655	0.000594	0.000594	0.000594	0.000594	0.000594	0.000594	0.000594	0.000594	0.000594	0.000594	0.000594	0.000857	0.000594	0.000594	0.000594	0.000594	0.000594	0.000594	0.000594	0.000594	0.000594	0.000594	0.000594	0.000594	0.000594	0.000594	0.000594	0.001466	0.000594	0.000594	0.001903	0.001030	0.001879	0.000594	0.000594	0.001912	0.015436	0.000594	0.000594	0.000594	0.000594	0.000594	0.000594	0.000594	0.000594	0.000594	0.000594	0.946525	
0.000580	0.004971	0.000580	0.000580	0.000580	0.000580	0.000580	0.000580	0.000580	0.000580	0.000580	0.000580	0.000580	0.000801	0.000580	0.000580	0.000580	0.000580	0.000580	0.000580	0.000580	0.000580	0.000580	0.000580	0.000580	0.000580	0.000580	0.000580	0.000580	0.001734	0.000580	0.000580	0.002312	0.001157	0.000866	0.000580	0.000580	0.001683	0.015563	0.000580	0.000580	0.000580	0.000580	0.000580	0.000580	0.000580	0.000580	0.000580	0.000580	0.947130	
0.000541	0.006130	0.000541	0.000541	0.000541	0.000541	0.000541	0.000541	0.000541	0.000541	0.000541	0.000541	0.000541	0.000805	0.000541	0.000541	0.000541	0.000541	0.000541	0.000541	0.000541	0.000541	0.000541	0.000541	0.000541	0.000541	0.000541	0.000541	0.000541	0.001010	0.000541	0.000541	0.001245	0.000776	0.000718	0.000541	0.000541	0.001859	0.018505	0.000541	0.000541	0.000541	0.000541	0.000541	0.000541	0.000541	0.000541	0.000541	0.000541	0.946774	
0.000629	0.000867	0.000629	0.000629	0.000629	0.000629	0.000629	0.000629	0.000629	0.000629	0.000629	0.000629	0.000629	0.000886	0.000629	0.000629	0.000629	0.000629	0.000629	0.000629	0.000629	0.000629	0.000629	0.000629	0.000629	0.000629	0.000629	0.000629	0.000629	0.006485	0.000629	0.000629	0.009413	0.003557	0.000834	0.000629	0.000629	0.001913	0.003608	0.000629	0.000629	0.000629	0.000629	0.000629	0.000629	0.000629	0.000629	0.000629	0.000629	0.946662	
0.000622	0.000953	0.000622	0.000622	0.000622	0.000622	0.000622	0.000622	0.000622	0.000622	0.000622	0.000622	0.000622	0.001042	0.000622	0.000622	0.000622	0.000622	0.000622	0.000622	0.000622	0.000622	0.000622	0.000622	0.000622	0.000622	0.000622	0.000622	0.000622	0.007469	0.000622	0.000622	0.010892	0.004045	0.000804	0.000622	0.000622	0.002721	0.004543	0.000622	0.000622	0.000622	0.000622	0.000622	0.000622	0.000622	0.000622	0.000622	0.000622	0.942013	
0.000653	0.000985	0.000653	0.000653	0.000653	0.000653	0.000653	0.000653	0.000653	0.000653	0.000653	0.000653	0.000653	0.001238	0.000653	0.000653	0.000653	0.000653	0.000653	0.000653	0.000653	0.000653	0.000653	0.000653	0.000653	0.000653	0.000653	0.000653	0.000653	0.009940	0.000653	0.000653	0.014583	0.005297	0.000902	0.000653	0.000653	0.003579	0.002478	0.000653	0.000653	0.000653	0.000653	0.000653	0.000653	0.000653	0.000653	0.000653	0.000653	0.934219	
0.000701	0.000915	0.000701	0.000701	0.000701	0.000701	0.000701	0.000701	0.000701	0.000701	0.000701	0.000701	0.000701	0.001212	0.000701	0.000701	0.000701	0.000701	0.000701	0.000701	0.000701	0.000701	0.000701	0.000701	0.000701	0.000701	0.000701	0.000701	0.000701	0.004926	0.000701	0.000701	0.007038	0.002813	0.003214	0.000701	0.000701	0.003259	0.003207	0.000701	0.000701	0.000701	0.000701	0.000701	0.000701	0.000701	0.000701	0.000701	0.000701	0.944694	
0.000689	0.001088	0.000689	0.000689	0.000689	0.000689	0.000689	0.000689	0.000689	0.000689	0.000689	0.000689	0.000689	0.000884	0.000689	0.000689	0.000689	0.000689	0.000689	0.000689	0.000689	0.000689	0.000689	0.000689	0.000689	0.000689	0.000689	0.000689	0.000689	0.002182	0.000689	0.000689	0.002929	0.001436	0.000937	0.000689	0.000689	0.001665	0.003855	0.000689	0.000689	0.000689	0.000689	0.000689	0.000689	0.000689	0.000689	0.000689	0.000689	0.956766	
0.000701	0.001883	0.000701	0.000701	0.000701	0.000701	0.000701	0.000701	0.000701	0.000701	0.000701	0.000701	0.000701	0.001042	0.000701	0.000701	0.000701	0.000701	0.000701	0.000701	0.000701	0.000701	0.000701	0.000701	0.000701	0.000701	0.000701	0.000701	0.000701	0.001869	0.000701	0.000701	0.002453	0.001285	0.001938	0.000701	0.000701	0.002406	0.005462	0.000701	0.000701	0.000701	0.000701	0.000701	0.000701	0.000701	0.000701	0.000701	0.000701	0.952933	
0.000662	0.001070	0.000662	0.000662	0.000662	0.000662	0.000662	0.000662	0.000662	0.000662	0.000662	0.000662	0.000662	0.001878	0.000662	0.000662	0.000662	0.000662	0.000662	0.000662	0.000662	0.000662	0.000662	0.000662	0.000662	0.000662	0.000662	0.000662	0.000662	0.001217	0.000662	0.000662	0.001494	0.000939	0.000983	0.000662	0.000662	0.006741	0.003821	0.000662	0.000662	0.000662	0.000662	0.000662	0.000662	0.000662	0.000662	0.000662	0.000662	0.954726	
0.000682	0.001394	0.000682	0.000682	0.000682	0.000682	0.000682	0.000682	0.000682	0.000682	0.000682	0.000682	0.000682	0.001061	0.000682	0.000682	0.000682	0.000682	0.000682	0.000682	0.000682	0.000682	0.000682	0.000682	0.000682	0.000682	0.000682	0.000682	0.000682	0.002486	0.000682	0.000682	0.003388	0.001584	0.001023	0.000682	0.000682	0.002575	0.003175	0.000682	0.000682	0.000682	0.000682	0.000682	0.000682	0.000682	0.000682	0.000682	0.000682	0.955357	
0.000621	0.000907	0.000621	0.000621	0.000621	0.000621	0.000621	0.000621	0.000621	0.000621	0.000621	0.000621	0.000621	0.002035	0.000621	0.000621	0.000621	0.000621	0.000621	0.000621	0.000621	0.000621	0.000621	0.000621	0.000621	0.000621	0.000621	0.000621	0.000621	0.001267	0.000621	0.000621	0.001589	0.000944	0.000939	0.000621	0.000621	0.007693	0.004906	0.000621	0.000621	0.000621	0.000621	0.000621	0.000621	0.000621	0.000621	0.000621	0.000621	0.954254	
