0.002622	0.005442	0.003917	0.006089	0.001761	0.149066	0.004336	0.013927	0.011451	0.011046	0.006068	0.062174	0.006859	0.001076	0.001812	0.001722	0.006298	0.008649	0.161704	0.003075	0.003407	0.002717	0.000611	0.004485	0.154752	0.005824	0.004343	0.003567	0.003607	0.001381	0.000244	0.062174	0.001136	0.005214	0.002111	0.000744	0.000244	0.008346	0.007093	0.000918	0.001289	0.004776	0.000918	0.000565	0.001071	0.001178	0.001208	0.000947	0.241328	0.004705	
0.007088	0.065849	0.009603	0.015433	0.028610	0.037457	0.009547	0.065823	0.024165	0.179311	0.009056	0.010794	0.093892	0.002060	0.003624	0.005227	0.060536	0.017637	0.027882	0.004078	0.008110	0.005595	0.000754	0.006169	0.055493	0.018947	0.007742	0.005537	0.004551	0.002023	0.000161	0.010794	0.001395	0.040664	0.004284	0.003356	0.000161	0.028741	0.012458	0.012805	0.002470	0.011812	0.012805	0.000680	0.001471	0.002057	0.002074	0.001969	0.041552	0.015699	
0.003688	0.087310	0.004479	0.008314	0.040760	0.026101	0.006014	0.078763	0.012313	0.252280	0.009040	0.003924	0.132539	0.000919	0.001563	0.002078	0.084966	0.010121	0.009989	0.004541	0.003937	0.002407	0.000703	0.006703	0.021203	0.007320	0.005003	0.005165	0.001779	0.001844	0.000150	0.003924	0.001533	0.049120	0.001833	0.003871	0.000150	0.023790	0.010434	0.018199	0.001092	0.005492	0.018199	0.000634	0.001403	0.001410	0.001242	0.000979	0.014841	0.005942	
0.005380	0.004963	0.003804	0.006434	0.001649	0.004622	0.006020	0.204320	0.074867	0.010933	0.072487	0.001744	0.012280	0.002494	0.004787	0.002158	0.080821	0.008951	0.004335	0.072744	0.007118	0.007405	0.000678	0.094521	0.010097	0.004339	0.052760	0.005087	0.001015	0.001883	0.000131	0.001744	0.023009	0.005802	0.005674	0.001366	0.000131	0.010205	0.142342	0.000806	0.003235	0.004663	0.000806	0.000610	0.004175	0.011581	0.002452	0.000835	0.006409	0.003331	
0.048315	0.012723	0.015413	0.011296	0.003753	0.006711	0.008451	0.023188	0.208649	0.028304	0.010509	0.002274	0.015572	0.023670	0.047030	0.002428	0.011794	0.049064	0.005667	0.003378	0.012831	0.072802	0.001012	0.005684	0.018377	0.010526	0.071374	0.007864	0.002015	0.003828	0.000162	0.002274	0.001176	0.027358	0.055957	0.011621	0.000162	0.051409	0.008490	0.001758	0.031408	0.018982	0.001758	0.000906	0.001941	0.002756	0.018867	0.003083	0.008382	0.007048	
0.023447	0.021496	0.005319	0.031663	0.005150	0.006922	0.019121	0.098517	0.094689	0.033039	0.033460	0.002107	0.022307	0.009166	0.017454	0.011477	0.038010	0.034065	0.005258	0.025961	0.005798	0.027061	0.001186	0.035076	0.069437	0.038470	0.041962	0.009568	0.008998	0.003677	0.000146	0.002107	0.008279	0.019186	0.020750	0.004684	0.000146	0.021385	0.060606	0.002370	0.011684	0.006529	0.002370	0.001056	0.003221	0.004751	0.007779	0.001137	0.007778	0.034176	
0.019091	0.021667	0.007658	0.050382	0.009175	0.009388	0.046247	0.048445	0.088370	0.058796	0.064869	0.002434	0.056493	0.009183	0.018135	0.001614	0.030015	0.045264	0.006115	0.011029	0.006895	0.028784	0.006513	0.024511	0.014343	0.006394	0.033562	0.057870	0.001282	0.019681	0.000143	0.002434	0.003573	0.021013	0.021562	0.005180	0.000143	0.039601	0.022551	0.004157	0.012138	0.009417	0.004157	0.005717	0.012932	0.002823	0.013367	0.001582	0.009061	0.004240	
0.005853	0.022445	0.003495	0.085911	0.007879	0.008473	0.074857	0.049825	0.018942	0.049224	0.092896	0.002269	0.066425	0.001461	0.002382	0.006371	0.025827	0.051181	0.005703	0.009832	0.003418	0.004833	0.009887	0.028474	0.042419	0.022107	0.009565	0.088534	0.005093	0.029450	0.000133	0.002269	0.003189	0.015550	0.002810	0.001314	0.000133	0.032623	0.024699	0.003575	0.001632	0.004282	0.003575	0.008668	0.019431	0.002059	0.010744	0.000776	0.008450	0.019058	
0.005422	0.006934	0.002916	0.045333	0.001418	0.030280	0.039153	0.106493	0.040755	0.009054	0.075296	0.012521	0.027230	0.001839	0.003262	0.004618	0.040498	0.029251	0.032403	0.035503	0.004353	0.005581	0.005065	0.053659	0.053326	0.014499	0.027021	0.044690	0.003779	0.014969	0.000150	0.012521	0.011289	0.006613	0.003855	0.000997	0.000150	0.018278	0.072636	0.000714	0.002225	0.003563	0.000714	0.004451	0.011126	0.005860	0.006251	0.000680	0.048309	0.012497	
0.004887	0.009647	0.008538	0.108384	0.001939	0.005700	0.097536	0.021711	0.018010	0.014602	0.116599	0.002142	0.061679	0.001433	0.002438	0.004668	0.007088	0.065234	0.005377	0.003249	0.007188	0.005358	0.013374	0.025670	0.032962	0.017767	0.005504	0.120165	0.003798	0.039920	0.000129	0.002142	0.001112	0.011445	0.002878	0.000829	0.000129	0.046904	0.010395	0.000933	0.001668	0.010506	0.000933	0.011718	0.025920	0.001762	0.014254	0.001739	0.007966	0.014069	
0.004653	0.010188	0.005527	0.078485	0.002482	0.005735	0.069659	0.078702	0.029915	0.016762	0.101545	0.002063	0.047949	0.001305	0.002178	0.004976	0.030429	0.047419	0.005169	0.024098	0.005864	0.004453	0.009349	0.045975	0.032409	0.017043	0.018258	0.083677	0.003813	0.027835	0.000130	0.002063	0.007681	0.009783	0.002568	0.000813	0.000130	0.032569	0.050971	0.001175	0.001495	0.006790	0.001175	0.008196	0.018976	0.004488	0.010129	0.001163	0.007655	0.014135	
0.003581	0.008298	0.010406	0.093718	0.002331	0.017109	0.086612	0.027901	0.022639	0.017710	0.109927	0.006848	0.058347	0.001436	0.002622	0.001911	0.011630	0.058127	0.017633	0.006788	0.008913	0.005495	0.012229	0.028351	0.027399	0.008471	0.007996	0.109722	0.001723	0.036473	0.000137	0.006848	0.002233	0.011428	0.003096	0.000912	0.000137	0.047386	0.014644	0.001112	0.001794	0.012809	0.001112	0.010718	0.023839	0.002559	0.013176	0.002103	0.026260	0.005353	
0.016350	0.028385	0.003165	0.066952	0.002136	0.031204	0.036823	0.061061	0.015041	0.013521	0.017333	0.012791	0.012585	0.002135	0.002368	0.026342	0.009323	0.042368	0.033088	0.005041	0.002889	0.003749	0.001534	0.008676	0.183356	0.089576	0.006494	0.012604	0.021503	0.004333	0.000161	0.012791	0.001699	0.017908	0.002789	0.000851	0.000161	0.010063	0.034026	0.001039	0.001633	0.003868	0.001039	0.001363	0.003022	0.001312	0.002375	0.000736	0.049326	0.081113	
0.018686	0.033017	0.010551	0.071859	0.001998	0.007587	0.037641	0.071341	0.022160	0.015664	0.014258	0.002933	0.010454	0.002413	0.002688	0.030120	0.009749	0.048482	0.007412	0.005658	0.008971	0.004197	0.001077	0.008758	0.182290	0.103742	0.007373	0.008592	0.024164	0.003002	0.000145	0.002933	0.001882	0.023863	0.003173	0.000905	0.000145	0.021015	0.038774	0.000969	0.001841	0.012986	0.000969	0.000961	0.002178	0.002415	0.002046	0.002138	0.010996	0.092832	
0.016017	0.040076	0.006124	0.065565	0.009236	0.011447	0.039659	0.063146	0.023422	0.058559	0.024936	0.003286	0.039530	0.002826	0.004041	0.022179	0.022265	0.043900	0.008332	0.003980	0.005253	0.006473	0.002538	0.008971	0.137053	0.076111	0.008312	0.021827	0.017842	0.007416	0.000146	0.003286	0.001354	0.026020	0.004783	0.001831	0.000146	0.020662	0.028120	0.004186	0.002743	0.007523	0.004186	0.002239	0.004939	0.001550	0.004022	0.001290	0.012369	0.068286	
0.003724	0.033200	0.081296	0.015189	0.007238	0.006575	0.012280	0.053833	0.070837	0.075864	0.016653	0.001592	0.029940	0.001349	0.002420	0.002276	0.019119	0.046115	0.003928	0.004747	0.066871	0.003847	0.001558	0.008379	0.016108	0.021957	0.006411	0.013001	0.001850	0.004451	0.000139	0.001592	0.001591	0.055652	0.002855	0.001274	0.000139	0.137584	0.011039	0.003294	0.001660	0.100290	0.003294	0.001381	0.003078	0.012057	0.002427	0.015680	0.005797	0.006569	
0.003369	0.026329	0.097804	0.005451	0.002788	0.007227	0.004178	0.054173	0.084854	0.054912	0.009167	0.002641	0.011768	0.001477	0.002744	0.001255	0.011686	0.047945	0.006659	0.006000	0.080462	0.004221	0.000553	0.008357	0.012228	0.021346	0.007676	0.003880	0.001057	0.001440	0.000140	0.002641	0.001987	0.059461	0.003240	0.000981	0.000140	0.160263	0.012505	0.001317	0.001876	0.120661	0.001317	0.000502	0.001181	0.014530	0.001545	0.018842	0.009874	0.003347	
0.005916	0.043983	0.064308	0.015239	0.012967	0.011908	0.009745	0.055788	0.060097	0.104479	0.008612	0.002827	0.044840	0.001775	0.003098	0.004795	0.028313	0.039819	0.007140	0.002772	0.052848	0.004802	0.000829	0.004641	0.033987	0.027483	0.006161	0.006353	0.003932	0.002270	0.000144	0.002827	0.000972	0.053808	0.003661	0.001916	0.000144	0.110952	0.009563	0.005843	0.002113	0.079326	0.005843	0.000743	0.001579	0.009414	0.001954	0.012431	0.010590	0.014451	
0.005350	0.018779	0.039818	0.014216	0.003921	0.030060	0.010655	0.094404	0.061452	0.038992	0.032698	0.011997	0.018541	0.001985	0.003610	0.003573	0.035083	0.028655	0.031028	0.025815	0.034051	0.005626	0.001152	0.034818	0.046290	0.017818	0.021425	0.009191	0.003031	0.003228	0.000155	0.011997	0.008240	0.029348	0.004268	0.001291	0.000155	0.069325	0.052933	0.001829	0.002458	0.049101	0.001829	0.001027	0.003141	0.009507	0.002468	0.007750	0.046253	0.009663	
0.008367	0.016389	0.014695	0.033897	0.004276	0.005719	0.027208	0.126234	0.060940	0.031403	0.062338	0.001747	0.028836	0.002979	0.005477	0.005870	0.049885	0.029718	0.004339	0.038934	0.014188	0.008780	0.003158	0.055008	0.034958	0.020650	0.032469	0.027535	0.004355	0.009332	0.000135	0.001747	0.012359	0.017452	0.006494	0.001752	0.000135	0.034872	0.080463	0.001975	0.003696	0.018103	0.001975	0.002780	0.007587	0.007995	0.005193	0.002923	0.006412	0.016267	
0.005476	0.022997	0.016433	0.025163	0.008734	0.008819	0.022375	0.128090	0.057116	0.059574	0.060597	0.002267	0.042285	0.002258	0.004257	0.002505	0.058680	0.024762	0.005693	0.038965	0.015613	0.006868	0.002965	0.054733	0.016531	0.009507	0.030687	0.025781	0.001682	0.008723	0.000136	0.002267	0.012369	0.021328	0.005042	0.001833	0.000136	0.038202	0.077381	0.003957	0.002883	0.020248	0.003957	0.002612	0.007214	0.008241	0.004536	0.003256	0.008433	0.005831	
0.033180	0.027161	0.026471	0.008741	0.009751	0.009390	0.006418	0.042401	0.155387	0.069680	0.010757	0.002345	0.034012	0.016094	0.031907	0.002121	0.025983	0.041283	0.005862	0.005910	0.022027	0.049370	0.000761	0.008548	0.016724	0.011367	0.050653	0.005637	0.001743	0.002726	0.000156	0.002345	0.001969	0.035744	0.037955	0.008515	0.000156	0.063205	0.013109	0.004420	0.021323	0.032630	0.004420	0.000685	0.001564	0.004662	0.012856	0.005195	0.008676	0.006004	
0.025171	0.028888	0.007558	0.031618	0.011703	0.011447	0.026366	0.054937	0.108153	0.074310	0.037503	0.002860	0.051273	0.011678	0.022971	0.003819	0.034719	0.038989	0.007214	0.010669	0.006795	0.035868	0.003354	0.018902	0.027934	0.013673	0.040466	0.029189	0.003066	0.010306	0.000150	0.002860	0.003464	0.025847	0.027317	0.006546	0.000150	0.035242	0.023902	0.005285	0.015364	0.009292	0.005285	0.002954	0.006791	0.002760	0.012048	0.001569	0.010697	0.011076	
0.029004	0.015686	0.023597	0.013132	0.003562	0.010963	0.008493	0.070413	0.140933	0.030396	0.022159	0.004078	0.014852	0.013574	0.026720	0.004511	0.027195	0.038380	0.010384	0.018580	0.020367	0.041337	0.000703	0.024773	0.033644	0.018382	0.050981	0.005133	0.003577	0.002435	0.000154	0.004078	0.005959	0.026869	0.031780	0.006763	0.000154	0.053631	0.039826	0.001669	0.017865	0.029084	0.001669	0.000635	0.001976	0.006173	0.010824	0.004643	0.015429	0.012877	
