0	0	1	0	76	0	0	
0	0	0	0	0	0	0	
0	0	0	0	24	0	0	
0	81	6	0	0	0	0	
0	0	0	35	21	0	14	
0	0	0	26	0	0	0	
3	1	0	34	130	0	0	
0	0	0	0	122	0	66	
70	0	0	0	41	86	0	
29	0	0	141	0	206	0	
129	0	0	0	14	0	0	
58	0	17	36	1	0	54	
0	0	0	0	0	90	0	
0	0	0	0	79	0	0	
16	0	0	0	0	0	29	
0	0	0	12	0	0	0	
50	0	0	1	0	0	0	
0	0	0	62	0	0	0	
1	67	43	0	2	0	54	
0	0	0	0	0	0	0	
0	40	0	0	40	5	0	
0	0	0	128	0	0	0	
53	0	0	0	0	0	0	
122	0	0	0	0	0	15	
0	0	0	0	0	0	98	
0	0	0	0	0	0	27	
0	1	27	0	0	0	0	
22	0	32	0	0	0	0	
0	0	43	0	1	0	0	
123	0	147	0	2	0	0	
0	0	0	0	0	0	0	
0	0	0	0	0	16	0	
0	0	0	31	0	18	21	
0	17	4	0	0	3	0	
0	0	0	28	0	0	0	
0	0	0	0	3	0	46	
0	0	0	29	0	15	0	
0	0	0	0	122	0	0	
42	0	0	0	55	0	0	
0	0	0	1	0	265	41	
0	0	135	49	0	0	0	
0	73	0	0	0	0	0	
0	0	88	0	0	0	0	
0	221	0	0	0	0	29	
0	0	0	104	0	0	6	
0	0	0	87	0	0	16	
0	0	0	0	0	0	0	
0	67	0	0	0	0	0	
0	0	0	25	0	0	0	
0	0	0	0	0	0	72	
