0.005541	0.001231	0.001201	0.220392	0.060392	0.008969	0.001128	0.001332	0.005541	0.128000	0.002136	0.042337	0.002133	0.001843	0.000224	0.006736	0.080260	0.001875	0.007778	0.000224	0.019084	0.000224	0.000224	0.000224	0.004167	0.000224	0.003116	0.008303	0.003092	0.047833	0.006161	0.004422	0.011455	0.003590	0.000224	0.057232	0.000224	0.001026	0.007973	0.000224	0.007794	0.004969	0.001063	0.009289	0.002308	0.094873	0.010658	0.004428	0.092730	0.013596	
0.020990	0.001324	0.004824	0.083314	0.027120	0.040342	0.005203	0.001439	0.020990	0.048424	0.007657	0.019854	0.009362	0.007970	0.000172	0.025668	0.038257	0.007275	0.008815	0.000172	0.078609	0.000172	0.000172	0.000172	0.005108	0.000172	0.014097	0.045474	0.011400	0.028994	0.012934	0.007223	0.056347	0.010108	0.000172	0.021700	0.000172	0.004670	0.029480	0.000172	0.019723	0.016497	0.004103	0.043310	0.011635	0.054650	0.010531	0.004839	0.068483	0.059712	
0.010604	0.002216	0.001944	0.090002	0.026578	0.025564	0.011766	0.002420	0.010604	0.052306	0.003923	0.025398	0.006301	0.005372	0.000172	0.012949	0.043462	0.003299	0.015497	0.000172	0.066225	0.000172	0.000172	0.000172	0.008308	0.000172	0.009458	0.108397	0.005799	0.033500	0.010892	0.008553	0.074666	0.008468	0.000172	0.023432	0.000172	0.010918	0.014933	0.000172	0.013489	0.038201	0.002823	0.016600	0.027523	0.050624	0.019272	0.007678	0.052052	0.036434	
0.004078	0.003591	0.018387	0.005446	0.002445	0.021918	0.001927	0.003936	0.004078	0.003218	0.001554	0.017301	0.005981	0.005095	0.000137	0.004964	0.019202	0.014904	0.026038	0.000137	0.056792	0.000137	0.000137	0.000137	0.013615	0.000137	0.008991	0.009165	0.002263	0.008105	0.042677	0.024011	0.122559	0.009154	0.000137	0.001512	0.000137	0.001033	0.085362	0.000137	0.067727	0.003290	0.002684	0.169364	0.002583	0.015244	0.014312	0.010768	0.133949	0.029545	
0.018935	0.005856	0.011562	0.014949	0.008332	0.014262	0.002163	0.006427	0.018935	0.008736	0.006901	0.029550	0.002031	0.001745	0.000145	0.023157	0.048309	0.012134	0.042980	0.000145	0.036570	0.000145	0.000145	0.000145	0.021962	0.000145	0.003003	0.014242	0.010278	0.023000	0.046392	0.027686	0.082952	0.012688	0.000145	0.003978	0.000145	0.001544	0.064955	0.000145	0.064983	0.005126	0.001136	0.106018	0.003980	0.010398	0.023680	0.026580	0.103201	0.027379	
0.007163	0.003332	0.007356	0.010514	0.004497	0.057166	0.002814	0.003651	0.007163	0.006161	0.002665	0.016982	0.015825	0.013448	0.000139	0.008741	0.049472	0.006899	0.024083	0.000139	0.130863	0.000139	0.000139	0.000139	0.013221	0.000139	0.023905	0.022200	0.003927	0.017801	0.035225	0.016065	0.060152	0.024199	0.000139	0.002826	0.000139	0.002330	0.039162	0.000139	0.050174	0.007820	0.006974	0.067054	0.005853	0.039099	0.014508	0.023224	0.070573	0.073661	
0.003679	0.001278	0.015279	0.006668	0.002681	0.005237	0.005421	0.001393	0.003679	0.003926	0.001409	0.006774	0.001196	0.001035	0.000134	0.004476	0.072155	0.012434	0.008716	0.000134	0.017921	0.000134	0.000134	0.000134	0.004547	0.000134	0.001743	0.043356	0.002046	0.025037	0.060577	0.013834	0.122714	0.018826	0.000134	0.001826	0.000134	0.004426	0.067999	0.000134	0.094990	0.015059	0.000896	0.140568	0.011073	0.005167	0.008240	0.036312	0.135085	0.009113	
0.007914	0.000932	0.000909	0.008646	0.004165	0.117101	0.001221	0.001012	0.007914	0.005076	0.002934	0.005347	0.033086	0.028094	0.000139	0.009662	0.040432	0.002044	0.006091	0.000139	0.249162	0.000139	0.000139	0.000139	0.005151	0.000139	0.050059	0.009985	0.004332	0.012119	0.014464	0.003446	0.011273	0.035611	0.000139	0.002341	0.000139	0.001116	0.008446	0.000139	0.019937	0.003602	0.014231	0.007281	0.002657	0.076516	0.004225	0.013736	0.019729	0.146754	
0.003369	0.001508	0.001468	0.010659	0.003680	0.060067	0.001345	0.001645	0.003369	0.006242	0.001297	0.008413	0.017105	0.014534	0.000135	0.004095	0.129305	0.001710	0.010434	0.000135	0.133348	0.000135	0.000135	0.000135	0.006381	0.000135	0.025847	0.010942	0.001879	0.036603	0.060761	0.005858	0.016814	0.045599	0.000135	0.002860	0.000135	0.001208	0.009735	0.000135	0.085783	0.003946	0.007870	0.012493	0.002925	0.041997	0.006585	0.061867	0.061832	0.075410	
0.037331	0.000954	0.001639	0.006880	0.010302	0.019715	0.001958	0.001035	0.037331	0.004051	0.013511	0.005171	0.001451	0.001252	0.000139	0.045688	0.159486	0.007567	0.006251	0.000139	0.017333	0.000139	0.000139	0.000139	0.003315	0.000139	0.002126	0.016601	0.020197	0.056856	0.078085	0.003987	0.021515	0.041330	0.000139	0.001884	0.000139	0.001773	0.020890	0.000139	0.111616	0.005862	0.001398	0.014054	0.004324	0.005810	0.004799	0.080207	0.080005	0.043209	
0.026563	0.000992	0.000831	0.007905	0.008156	0.027042	0.006035	0.001078	0.026563	0.004646	0.009639	0.005668	0.004832	0.004120	0.000138	0.032501	0.137786	0.005127	0.006548	0.000138	0.046671	0.000138	0.000138	0.000138	0.003670	0.000138	0.007250	0.055281	0.014389	0.050574	0.065673	0.003613	0.038429	0.038354	0.000138	0.002149	0.000138	0.005613	0.013855	0.000138	0.093221	0.019175	0.002727	0.006562	0.014064	0.013711	0.008134	0.068449	0.064502	0.046667	
0.004502	0.002479	0.011756	0.006859	0.002917	0.007166	0.001735	0.002713	0.004502	0.004037	0.001704	0.012332	0.001658	0.001427	0.000134	0.005483	0.114457	0.009850	0.017721	0.000134	0.021904	0.000134	0.000134	0.000134	0.009137	0.000134	0.002443	0.010220	0.002489	0.034251	0.075810	0.015854	0.082009	0.029985	0.000134	0.001875	0.000134	0.001135	0.055228	0.000134	0.112617	0.003663	0.001281	0.107901	0.002790	0.006268	0.010165	0.058651	0.127921	0.011901	
0.059612	0.000995	0.001373	0.020383	0.018934	0.068076	0.001593	0.001079	0.059612	0.011894	0.021532	0.007584	0.012854	0.010929	0.000154	0.072973	0.047653	0.011117	0.006461	0.000154	0.101238	0.000154	0.000154	0.000154	0.004119	0.000154	0.019396	0.013165	0.032221	0.033844	0.020391	0.003915	0.016131	0.020567	0.000154	0.005392	0.000154	0.001446	0.027846	0.000154	0.028651	0.004810	0.005704	0.011460	0.003472	0.036555	0.004994	0.019211	0.036777	0.112654	
0.104770	0.001574	0.001191	0.005994	0.025230	0.059726	0.001795	0.001715	0.104770	0.003546	0.037772	0.007850	0.005153	0.004397	0.000159	0.128279	0.013630	0.018588	0.010768	0.000159	0.047531	0.000159	0.000159	0.000159	0.005837	0.000159	0.007726	0.015095	0.056579	0.038406	0.008122	0.005837	0.015844	0.007034	0.000159	0.001670	0.000159	0.001642	0.043492	0.000159	0.010026	0.005349	0.002322	0.009729	0.003991	0.013603	0.006980	0.006291	0.023988	0.124722	
0.069652	0.002534	0.008689	0.008482	0.018002	0.034721	0.002119	0.002772	0.069652	0.004986	0.025141	0.012808	0.002022	0.001738	0.000153	0.085270	0.015795	0.018463	0.018009	0.000153	0.026483	0.000153	0.000153	0.000153	0.009313	0.000153	0.002984	0.014984	0.037636	0.028744	0.023321	0.014037	0.063810	0.004916	0.000153	0.002309	0.000153	0.001625	0.064821	0.000153	0.035250	0.005329	0.001000	0.079312	0.004006	0.007708	0.010752	0.008364	0.073878	0.077187	
0.017296	0.001023	0.004013	0.023222	0.010181	0.020410	0.021126	0.001111	0.017296	0.013538	0.006312	0.008878	0.004004	0.003419	0.000146	0.021150	0.015876	0.006024	0.006726	0.000146	0.056029	0.000146	0.000146	0.000146	0.003714	0.000146	0.005991	0.195703	0.009396	0.028047	0.010976	0.005721	0.138096	0.005250	0.000146	0.006121	0.000146	0.019563	0.024206	0.000146	0.016843	0.067618	0.001813	0.036001	0.049426	0.018157	0.020091	0.004289	0.040473	0.033559	
0.006907	0.001725	0.003349	0.006097	0.003255	0.017937	0.025861	0.001884	0.006907	0.003596	0.002571	0.009466	0.004497	0.003836	0.000137	0.008429	0.010347	0.003760	0.012050	0.000137	0.067262	0.000137	0.000137	0.000137	0.006437	0.000137	0.006743	0.240572	0.003788	0.025236	0.010597	0.007820	0.160041	0.005670	0.000137	0.001680	0.000137	0.024010	0.018974	0.000137	0.014749	0.082893	0.002016	0.029925	0.060751	0.012230	0.026022	0.004860	0.028644	0.025372	
0.004433	0.001583	0.002655	0.011966	0.004272	0.005589	0.029334	0.001728	0.004433	0.007003	0.001683	0.009906	0.001213	0.001050	0.000138	0.005398	0.013717	0.002807	0.010975	0.000138	0.046290	0.000138	0.000138	0.000138	0.005694	0.000138	0.001767	0.273504	0.002455	0.028967	0.010485	0.006869	0.174646	0.003455	0.000138	0.003201	0.000138	0.027281	0.014802	0.000138	0.014356	0.094274	0.000636	0.023471	0.069037	0.007374	0.028314	0.006069	0.026993	0.009068	
0.004037	0.000783	0.002557	0.009266	0.003457	0.012643	0.015357	0.000848	0.004037	0.005434	0.001537	0.005240	0.003298	0.002818	0.000134	0.004915	0.109041	0.002664	0.005006	0.000134	0.044064	0.000134	0.000134	0.000134	0.002794	0.000134	0.004928	0.142196	0.002239	0.043086	0.054821	0.003982	0.099241	0.029686	0.000134	0.002498	0.000134	0.014239	0.013016	0.000134	0.079127	0.049081	0.001946	0.022605	0.035934	0.010884	0.014466	0.053761	0.063362	0.017900	
0.007848	0.016030	0.001319	0.006649	0.003618	0.014474	0.007848	0.017618	0.007848	0.003920	0.002915	0.076161	0.003391	0.002899	0.000145	0.009579	0.027446	0.002351	0.119279	0.000145	0.088189	0.000145	0.000145	0.000145	0.060703	0.000145	0.005063	0.072051	0.004300	0.020132	0.031040	0.057282	0.053471	0.009125	0.000145	0.001829	0.000145	0.007285	0.034151	0.000145	0.020166	0.024937	0.001630	0.011030	0.019043	0.009997	0.067339	0.025794	0.021349	0.021594	
0.007582	0.004862	0.009227	0.011263	0.004792	0.029435	0.004619	0.005334	0.007582	0.006595	0.002816	0.024356	0.007749	0.006596	0.000140	0.009255	0.051737	0.008416	0.035556	0.000140	0.078182	0.000140	0.000140	0.000140	0.018545	0.000140	0.011668	0.038356	0.004154	0.021113	0.042493	0.022686	0.081840	0.018368	0.000140	0.003020	0.000140	0.003935	0.049579	0.000140	0.059417	0.013384	0.003570	0.084397	0.009998	0.021539	0.021735	0.027035	0.085790	0.040162	
0.008036	0.021618	0.001070	0.004839	0.003177	0.008554	0.004400	0.023765	0.008036	0.002870	0.002984	0.101991	0.001658	0.001429	0.000148	0.009809	0.013577	0.002190	0.161169	0.000148	0.090564	0.000148	0.000148	0.000148	0.081824	0.000148	0.002435	0.039721	0.004403	0.015195	0.030742	0.076951	0.034406	0.004371	0.000148	0.001363	0.000148	0.004077	0.042304	0.000148	0.010762	0.013802	0.000839	0.008694	0.011185	0.005414	0.086159	0.024139	0.013744	0.014399	
0.018050	0.006383	0.001630	0.013403	0.007720	0.053642	0.003667	0.007007	0.018050	0.007839	0.006582	0.031833	0.013534	0.011505	0.000144	0.022074	0.059179	0.004311	0.046938	0.000144	0.126042	0.000144	0.000144	0.000144	0.024664	0.000144	0.020431	0.032623	0.009802	0.025986	0.033239	0.023239	0.030605	0.024636	0.000144	0.003577	0.000144	0.003369	0.023432	0.000144	0.038740	0.011435	0.006048	0.013925	0.008634	0.035209	0.027169	0.030675	0.037335	0.074538	
0.005137	0.017332	0.001476	0.010646	0.004080	0.022669	0.001071	0.019051	0.005137	0.006240	0.001941	0.082728	0.006082	0.005183	0.000147	0.006258	0.047764	0.002015	0.129037	0.000147	0.105025	0.000147	0.000147	0.000147	0.065811	0.000147	0.009139	0.008265	0.002838	0.020035	0.041307	0.062001	0.018161	0.016095	0.000147	0.002865	0.000147	0.000953	0.036101	0.000147	0.032938	0.003033	0.002853	0.012475	0.003050	0.017588	0.067254	0.036032	0.030689	0.030329	
