0.000764	0.001182	0.000764	0.000764	0.000764	0.000764	0.000764	0.000764	0.000764	0.000764	0.000764	0.000764	0.000764	0.007505	0.000764	0.000764	0.000764	0.000764	0.000764	0.000764	0.000764	0.000764	0.000764	0.000764	0.000764	0.000764	0.000764	0.000764	0.000764	0.001118	0.000764	0.000764	0.001327	0.000941	0.000862	0.000764	0.000764	0.001377	0.002059	0.000764	0.000764	0.000764	0.000764	0.000764	0.000764	0.000764	0.000764	0.000764	0.000764	0.952294	
0.000567	0.001063	0.000567	0.000567	0.000567	0.000567	0.000567	0.000567	0.000567	0.000567	0.000567	0.000567	0.000567	0.000719	0.000567	0.000567	0.000567	0.000567	0.000567	0.000567	0.000567	0.000567	0.000567	0.000567	0.000567	0.000567	0.000567	0.000567	0.000567	0.001560	0.000567	0.000567	0.001808	0.001063	0.001114	0.000567	0.000567	0.002015	0.002965	0.000567	0.000567	0.000567	0.000567	0.000567	0.000567	0.000567	0.000567	0.000567	0.000567	0.964445	
0.000556	0.001014	0.000556	0.000556	0.000556	0.000556	0.000556	0.000556	0.000556	0.000556	0.000556	0.000556	0.000556	0.000951	0.000556	0.000556	0.000556	0.000556	0.000556	0.000556	0.000556	0.000556	0.000556	0.000556	0.000556	0.000556	0.000556	0.000556	0.000556	0.000816	0.000556	0.000556	0.001045	0.000686	0.000703	0.000556	0.000556	0.001626	0.002228	0.000556	0.000556	0.000556	0.000556	0.000556	0.000556	0.000556	0.000556	0.000556	0.000556	0.968132	
0.000638	0.001022	0.000638	0.000638	0.000638	0.000638	0.000638	0.000638	0.000638	0.000638	0.000638	0.000638	0.000638	0.000960	0.000638	0.000638	0.000638	0.000638	0.000638	0.000638	0.000638	0.000638	0.000638	0.000638	0.000638	0.000638	0.000638	0.000638	0.000638	0.001154	0.000638	0.000638	0.001346	0.000896	0.000822	0.000638	0.000638	0.025596	0.021437	0.000638	0.000638	0.000638	0.000638	0.000638	0.000638	0.000638	0.000638	0.000638	0.000638	0.920602	
0.000598	0.001053	0.000598	0.000598	0.000598	0.000598	0.000598	0.000598	0.000598	0.000598	0.000598	0.000598	0.000598	0.000786	0.000598	0.000598	0.000598	0.000598	0.000598	0.000598	0.000598	0.000598	0.000598	0.000598	0.000598	0.000598	0.000598	0.000598	0.000598	0.001046	0.000598	0.000598	0.001273	0.000822	0.001779	0.000598	0.000598	0.013152	0.011547	0.000598	0.000598	0.000598	0.000598	0.000598	0.000598	0.000598	0.000598	0.000598	0.000598	0.944018	
0.000603	0.001323	0.000603	0.000603	0.000603	0.000603	0.000603	0.000603	0.000603	0.000603	0.000603	0.000603	0.000603	0.000867	0.000603	0.000603	0.000603	0.000603	0.000603	0.000603	0.000603	0.000603	0.000603	0.000603	0.000603	0.000603	0.000603	0.000603	0.000603	0.001053	0.000603	0.000603	0.001413	0.000828	0.001705	0.000603	0.000603	0.013141	0.011939	0.000603	0.000603	0.000603	0.000603	0.000603	0.000603	0.000603	0.000603	0.000603	0.000603	0.943013	
0.000616	0.002208	0.000616	0.000616	0.000616	0.000616	0.000616	0.000616	0.000616	0.000616	0.000616	0.000616	0.000616	0.000862	0.000616	0.000616	0.000616	0.000616	0.000616	0.000616	0.000616	0.000616	0.000616	0.000616	0.000616	0.000616	0.000616	0.000616	0.000616	0.002474	0.000616	0.000616	0.003270	0.001545	0.002318	0.000616	0.000616	0.011242	0.012435	0.000616	0.000616	0.000616	0.000616	0.000616	0.000616	0.000616	0.000616	0.000616	0.000616	0.938398	
0.000658	0.005425	0.000658	0.000658	0.000658	0.000658	0.000658	0.000658	0.000658	0.000658	0.000658	0.000658	0.000658	0.000998	0.000658	0.000658	0.000658	0.000658	0.000658	0.000658	0.000658	0.000658	0.000658	0.000658	0.000658	0.000658	0.000658	0.000658	0.000658	0.001206	0.000658	0.000658	0.003590	0.000932	0.000769	0.000658	0.000658	0.002185	0.009305	0.000658	0.000658	0.000658	0.000658	0.000658	0.000658	0.000658	0.000658	0.000658	0.000658	0.948611	
0.000643	0.001370	0.000643	0.000643	0.000643	0.000643	0.000643	0.000643	0.000643	0.000643	0.000643	0.000643	0.000643	0.001870	0.000643	0.000643	0.000643	0.000643	0.000643	0.000643	0.000643	0.000643	0.000643	0.000643	0.000643	0.000643	0.000643	0.000643	0.000643	0.001097	0.000643	0.000643	0.001461	0.000870	0.000828	0.000643	0.000643	0.003930	0.004590	0.000643	0.000643	0.000643	0.000643	0.000643	0.000643	0.000643	0.000643	0.000643	0.000643	0.957626	
0.000741	0.011006	0.000741	0.000741	0.000741	0.000741	0.000741	0.000741	0.000741	0.000741	0.000741	0.000741	0.000741	0.001608	0.000741	0.000741	0.000741	0.000741	0.000741	0.000741	0.000741	0.000741	0.000741	0.000741	0.000741	0.000741	0.000741	0.000741	0.000741	0.001172	0.000741	0.000741	0.006304	0.000957	0.000992	0.000741	0.000741	0.002617	0.017854	0.000741	0.000741	0.000741	0.000741	0.000741	0.000741	0.000741	0.000741	0.000741	0.000741	0.927090	
0.000675	0.006925	0.000675	0.000675	0.000675	0.000675	0.000675	0.000675	0.000675	0.000675	0.000675	0.000675	0.000675	0.001378	0.000675	0.000675	0.000675	0.000675	0.000675	0.000675	0.000675	0.000675	0.000675	0.000675	0.000675	0.000675	0.000675	0.000675	0.000675	0.001057	0.000675	0.000675	0.004182	0.000866	0.001848	0.000675	0.000675	0.002849	0.011980	0.000675	0.000675	0.000675	0.000675	0.000675	0.000675	0.000675	0.000675	0.000675	0.000675	0.941238	
0.000697	0.007153	0.000697	0.000697	0.000697	0.000697	0.000697	0.000697	0.000697	0.000697	0.000697	0.000697	0.000697	0.001160	0.000697	0.000697	0.000697	0.000697	0.000697	0.000697	0.000697	0.000697	0.000697	0.000697	0.000697	0.000697	0.000697	0.000697	0.000697	0.001290	0.000697	0.000697	0.004518	0.000994	0.000873	0.000697	0.000697	0.008535	0.016946	0.000697	0.000697	0.000697	0.000697	0.000697	0.000697	0.000697	0.000697	0.000697	0.000697	0.929938	
0.000631	0.002375	0.000631	0.000631	0.000631	0.000631	0.000631	0.000631	0.000631	0.000631	0.000631	0.000631	0.000631	0.002249	0.000631	0.000631	0.000631	0.000631	0.000631	0.000631	0.000631	0.000631	0.000631	0.000631	0.000631	0.000631	0.000631	0.000631	0.000631	0.000980	0.000631	0.000631	0.001852	0.000806	0.000835	0.000631	0.000631	0.001681	0.004262	0.000631	0.000631	0.000631	0.000631	0.000631	0.000631	0.000631	0.000631	0.000631	0.000631	0.959082	
0.000594	0.001343	0.000594	0.000594	0.000594	0.000594	0.000594	0.000594	0.000594	0.000594	0.000594	0.000594	0.000594	0.000799	0.000594	0.000594	0.000594	0.000594	0.000594	0.000594	0.000594	0.000594	0.000594	0.000594	0.000594	0.000594	0.000594	0.000594	0.000594	0.001007	0.000594	0.000594	0.001381	0.000800	0.000751	0.000594	0.000594	0.003961	0.004617	0.000594	0.000594	0.000594	0.000594	0.000594	0.000594	0.000594	0.000594	0.000594	0.000594	0.960989	
0.000592	0.002628	0.000592	0.000592	0.000592	0.000592	0.000592	0.000592	0.000592	0.000592	0.000592	0.000592	0.000592	0.000796	0.000592	0.000592	0.000592	0.000592	0.000592	0.000592	0.000592	0.000592	0.000592	0.000592	0.000592	0.000592	0.000592	0.000592	0.000592	0.000940	0.000592	0.000592	0.001958	0.000766	0.000831	0.000592	0.000592	0.004010	0.006553	0.000592	0.000592	0.000592	0.000592	0.000592	0.000592	0.000592	0.000592	0.000592	0.000592	0.957243	
0.000666	0.001086	0.000666	0.000666	0.000666	0.000666	0.000666	0.000666	0.000666	0.000666	0.000666	0.000666	0.000666	0.001043	0.000666	0.000666	0.000666	0.000666	0.000666	0.000666	0.000666	0.000666	0.000666	0.000666	0.000666	0.000666	0.000666	0.000666	0.000666	0.011319	0.000666	0.000666	0.011529	0.005993	0.000898	0.000666	0.000666	0.001811	0.007539	0.000666	0.000666	0.000666	0.000666	0.000666	0.000666	0.000666	0.000666	0.000666	0.000666	0.931484	
0.000634	0.001054	0.000634	0.000634	0.000634	0.000634	0.000634	0.000634	0.000634	0.000634	0.000634	0.000634	0.000634	0.000861	0.000634	0.000634	0.000634	0.000634	0.000634	0.000634	0.000634	0.000634	0.000634	0.000634	0.000634	0.000634	0.000634	0.000634	0.000634	0.009088	0.000634	0.000634	0.009298	0.004861	0.001509	0.000634	0.000634	0.001477	0.006166	0.000634	0.000634	0.000634	0.000634	0.000634	0.000634	0.000634	0.000634	0.000634	0.000634	0.939683	
0.000673	0.001017	0.000673	0.000673	0.000673	0.000673	0.000673	0.000673	0.000673	0.000673	0.000673	0.000673	0.000673	0.001571	0.000673	0.000673	0.000673	0.000673	0.000673	0.000673	0.000673	0.000673	0.000673	0.000673	0.000673	0.000673	0.000673	0.000673	0.000673	0.010570	0.000673	0.000673	0.010742	0.005621	0.000917	0.000673	0.000673	0.001589	0.006870	0.000673	0.000673	0.000673	0.000673	0.000673	0.000673	0.000673	0.000673	0.000673	0.000673	0.933510	
0.000708	0.001127	0.000708	0.000708	0.000708	0.000708	0.000708	0.000708	0.000708	0.000708	0.000708	0.000708	0.000708	0.004312	0.000708	0.000708	0.000708	0.000708	0.000708	0.000708	0.000708	0.000708	0.000708	0.000708	0.000708	0.000708	0.000708	0.000708	0.000708	0.003639	0.000708	0.000708	0.003848	0.002174	0.000903	0.000708	0.000708	0.006907	0.007761	0.000708	0.000708	0.000708	0.000708	0.000708	0.000708	0.000708	0.000708	0.000708	0.000708	0.940297	
0.000583	0.001085	0.000583	0.000583	0.000583	0.000583	0.000583	0.000583	0.000583	0.000583	0.000583	0.000583	0.000583	0.000756	0.000583	0.000583	0.000583	0.000583	0.000583	0.000583	0.000583	0.000583	0.000583	0.000583	0.000583	0.000583	0.000583	0.000583	0.000583	0.002685	0.000583	0.000583	0.002936	0.001634	0.002842	0.000583	0.000583	0.003350	0.004600	0.000583	0.000583	0.000583	0.000583	0.000583	0.000583	0.000583	0.000583	0.000583	0.000583	0.956195	
0.000665	0.006142	0.000665	0.000665	0.000665	0.000665	0.000665	0.000665	0.000665	0.000665	0.000665	0.000665	0.000665	0.000859	0.000665	0.000665	0.000665	0.000665	0.000665	0.000665	0.000665	0.000665	0.000665	0.000665	0.000665	0.000665	0.000665	0.000665	0.000665	0.002332	0.000665	0.000665	0.005070	0.001498	0.001385	0.000665	0.000665	0.003305	0.011824	0.000665	0.000665	0.000665	0.000665	0.000665	0.000665	0.000665	0.000665	0.000665	0.000665	0.940305	
0.000560	0.001105	0.000560	0.000560	0.000560	0.000560	0.000560	0.000560	0.000560	0.000560	0.000560	0.000560	0.000560	0.000754	0.000560	0.000560	0.000560	0.000560	0.000560	0.000560	0.000560	0.000560	0.000560	0.000560	0.000560	0.000560	0.000560	0.000560	0.000560	0.000988	0.000560	0.000560	0.001261	0.000774	0.003745	0.000560	0.000560	0.004204	0.004507	0.000560	0.000560	0.000560	0.000560	0.000560	0.000560	0.000560	0.000560	0.000560	0.000560	0.959693	
0.000559	0.001523	0.000559	0.000559	0.000559	0.000559	0.000559	0.000559	0.000559	0.000559	0.000559	0.000559	0.000559	0.000790	0.000559	0.000559	0.000559	0.000559	0.000559	0.000559	0.000559	0.000559	0.000559	0.000559	0.000559	0.000559	0.000559	0.000559	0.000559	0.001504	0.000559	0.000559	0.001986	0.001032	0.003457	0.000559	0.000559	0.001801	0.003471	0.000559	0.000559	0.000559	0.000559	0.000559	0.000559	0.000559	0.000559	0.000559	0.000559	0.961506	
0.000592	0.001160	0.000592	0.000592	0.000592	0.000592	0.000592	0.000592	0.000592	0.000592	0.000592	0.000592	0.000592	0.001860	0.000592	0.000592	0.000592	0.000592	0.000592	0.000592	0.000592	0.000592	0.000592	0.000592	0.000592	0.000592	0.000592	0.000592	0.000592	0.001041	0.000592	0.000592	0.001325	0.000816	0.003331	0.000592	0.000592	0.002033	0.002822	0.000592	0.000592	0.000592	0.000592	0.000592	0.000592	0.000592	0.000592	0.000592	0.000592	0.961348	
