0.000873	0.001140	0.000873	0.000873	0.000873	0.000873	0.000873	0.000873	0.000873	0.000873	0.000873	0.000873	0.000873	0.001030	0.000873	0.000873	0.000873	0.000873	0.000873	0.000873	0.000873	0.000873	0.000873	0.000873	0.000873	0.000873	0.000873	0.000873	0.000873	0.001251	0.000873	0.000873	0.008896	0.001062	0.001151	0.000873	0.000873	0.001532	0.002199	0.000873	0.000873	0.000873	0.000873	0.000873	0.000873	0.000873	0.000873	0.000873	0.000873	0.945947	
0.000630	0.003531	0.000630	0.000630	0.000630	0.000630	0.000630	0.000630	0.000630	0.000630	0.000630	0.000630	0.000630	0.000849	0.000630	0.000630	0.000630	0.000630	0.000630	0.000630	0.000630	0.000630	0.000630	0.000630	0.000630	0.000630	0.000630	0.000630	0.000630	0.001449	0.000630	0.000630	0.001559	0.001040	0.002818	0.000630	0.000630	0.002238	0.003053	0.000630	0.000630	0.000630	0.000630	0.000630	0.000630	0.000630	0.000630	0.000630	0.000630	0.957614	
0.000673	0.001251	0.000673	0.000673	0.000673	0.000673	0.000673	0.000673	0.000673	0.000673	0.000673	0.000673	0.000673	0.000819	0.000673	0.000673	0.000673	0.000673	0.000673	0.000673	0.000673	0.000673	0.000673	0.000673	0.000673	0.000673	0.000673	0.000673	0.000673	0.001243	0.000673	0.000673	0.001387	0.000958	0.005972	0.000673	0.000673	0.001557	0.002290	0.000673	0.000673	0.000673	0.000673	0.000673	0.000673	0.000673	0.000673	0.000673	0.000673	0.956930	
0.000618	0.001109	0.000618	0.000618	0.000618	0.000618	0.000618	0.000618	0.000618	0.000618	0.000618	0.000618	0.000618	0.000776	0.000618	0.000618	0.000618	0.000618	0.000618	0.000618	0.000618	0.000618	0.000618	0.000618	0.000618	0.000618	0.000618	0.000618	0.000618	0.001030	0.000618	0.000618	0.001420	0.000824	0.000832	0.000618	0.000618	0.024728	0.006690	0.000618	0.000618	0.000618	0.000618	0.000618	0.000618	0.000618	0.000618	0.000618	0.000618	0.937250	
0.000606	0.003223	0.000606	0.000606	0.000606	0.000606	0.000606	0.000606	0.000606	0.000606	0.000606	0.000606	0.000606	0.001049	0.000606	0.000606	0.000606	0.000606	0.000606	0.000606	0.000606	0.000606	0.000606	0.000606	0.000606	0.000606	0.000606	0.000606	0.000606	0.001170	0.000606	0.000606	0.002420	0.000888	0.001078	0.000606	0.000606	0.010490	0.005203	0.000606	0.000606	0.000606	0.000606	0.000606	0.000606	0.000606	0.000606	0.000606	0.000606	0.949642	
0.000604	0.001661	0.000604	0.000604	0.000604	0.000604	0.000604	0.000604	0.000604	0.000604	0.000604	0.000604	0.000604	0.001725	0.000604	0.000604	0.000604	0.000604	0.000604	0.000604	0.000604	0.000604	0.000604	0.000604	0.000604	0.000604	0.000604	0.000604	0.000604	0.000989	0.000604	0.000604	0.001849	0.000797	0.001960	0.000604	0.000604	0.011267	0.007800	0.000604	0.000604	0.000604	0.000604	0.000604	0.000604	0.000604	0.000604	0.000604	0.000604	0.947186	
0.000611	0.002472	0.000611	0.000611	0.000611	0.000611	0.000611	0.000611	0.000611	0.000611	0.000611	0.000611	0.000611	0.000901	0.000611	0.000611	0.000611	0.000611	0.000611	0.000611	0.000611	0.000611	0.000611	0.000611	0.000611	0.000611	0.000611	0.000611	0.000611	0.001211	0.000611	0.000611	0.002916	0.000911	0.000760	0.000611	0.000611	0.016373	0.005824	0.000611	0.000611	0.000611	0.000611	0.000611	0.000611	0.000611	0.000611	0.000611	0.000611	0.943585	
0.000567	0.002515	0.000567	0.000567	0.000567	0.000567	0.000567	0.000567	0.000567	0.000567	0.000567	0.000567	0.000567	0.003094	0.000567	0.000567	0.000567	0.000567	0.000567	0.000567	0.000567	0.000567	0.000567	0.000567	0.000567	0.000567	0.000567	0.000567	0.000567	0.000885	0.000567	0.000567	0.001253	0.000726	0.001107	0.000567	0.000567	0.001594	0.011357	0.000567	0.000567	0.000567	0.000567	0.000567	0.000567	0.000567	0.000567	0.000567	0.000567	0.954225	
0.000578	0.001218	0.000578	0.000578	0.000578	0.000578	0.000578	0.000578	0.000578	0.000578	0.000578	0.000578	0.000578	0.003885	0.000578	0.000578	0.000578	0.000578	0.000578	0.000578	0.000578	0.000578	0.000578	0.000578	0.000578	0.000578	0.000578	0.000578	0.000578	0.000805	0.000578	0.000578	0.002051	0.000691	0.000712	0.000578	0.000578	0.003092	0.014652	0.000578	0.000578	0.000578	0.000578	0.000578	0.000578	0.000578	0.000578	0.000578	0.000578	0.949214	
0.000579	0.001211	0.000579	0.000579	0.000579	0.000579	0.000579	0.000579	0.000579	0.000579	0.000579	0.000579	0.000579	0.003944	0.000579	0.000579	0.000579	0.000579	0.000579	0.000579	0.000579	0.000579	0.000579	0.000579	0.000579	0.000579	0.000579	0.000579	0.000579	0.000969	0.000579	0.000579	0.002184	0.000774	0.000816	0.000579	0.000579	0.001854	0.014877	0.000579	0.000579	0.000579	0.000579	0.000579	0.000579	0.000579	0.000579	0.000579	0.000579	0.949623	
0.000577	0.001184	0.000577	0.000577	0.000577	0.000577	0.000577	0.000577	0.000577	0.000577	0.000577	0.000577	0.000577	0.003922	0.000577	0.000577	0.000577	0.000577	0.000577	0.000577	0.000577	0.000577	0.000577	0.000577	0.000577	0.000577	0.000577	0.000577	0.000577	0.000890	0.000577	0.000577	0.002137	0.000734	0.000805	0.000577	0.000577	0.002520	0.014816	0.000577	0.000577	0.000577	0.000577	0.000577	0.000577	0.000577	0.000577	0.000577	0.000577	0.949331	
0.000576	0.001670	0.000576	0.000576	0.000576	0.000576	0.000576	0.000576	0.000576	0.000576	0.000576	0.000576	0.000576	0.003430	0.000576	0.000576	0.000576	0.000576	0.000576	0.000576	0.000576	0.000576	0.000576	0.000576	0.000576	0.000576	0.000576	0.000576	0.000576	0.001063	0.000576	0.000576	0.001785	0.000819	0.000745	0.000576	0.000576	0.003792	0.013367	0.000576	0.000576	0.000576	0.000576	0.000576	0.000576	0.000576	0.000576	0.000576	0.000576	0.949731	
0.000645	0.003361	0.000645	0.000645	0.000645	0.000645	0.000645	0.000645	0.000645	0.000645	0.000645	0.000645	0.000645	0.001556	0.000645	0.000645	0.000645	0.000645	0.000645	0.000645	0.000645	0.000645	0.000645	0.000645	0.000645	0.000645	0.000645	0.000645	0.000645	0.001135	0.000645	0.000645	0.002893	0.000890	0.001390	0.000645	0.000645	0.001852	0.005268	0.000645	0.000645	0.000645	0.000645	0.000645	0.000645	0.000645	0.000645	0.000645	0.000645	0.955230	
0.000602	0.005143	0.000602	0.000602	0.000602	0.000602	0.000602	0.000602	0.000602	0.000602	0.000602	0.000602	0.000602	0.000851	0.000602	0.000602	0.000602	0.000602	0.000602	0.000602	0.000602	0.000602	0.000602	0.000602	0.000602	0.000602	0.000602	0.000602	0.000602	0.001772	0.000602	0.000602	0.001557	0.001187	0.000828	0.000602	0.000602	0.001607	0.003554	0.000602	0.000602	0.000602	0.000602	0.000602	0.000602	0.000602	0.000602	0.000602	0.000602	0.958819	
0.000612	0.003575	0.000612	0.000612	0.000612	0.000612	0.000612	0.000612	0.000612	0.000612	0.000612	0.000612	0.000612	0.001370	0.000612	0.000612	0.000612	0.000612	0.000612	0.000612	0.000612	0.000612	0.000612	0.000612	0.000612	0.000612	0.000612	0.000612	0.000612	0.001048	0.000612	0.000612	0.001343	0.000830	0.002138	0.000612	0.000612	0.002336	0.004645	0.000612	0.000612	0.000612	0.000612	0.000612	0.000612	0.000612	0.000612	0.000612	0.000612	0.957635	
0.000657	0.001077	0.000657	0.000657	0.000657	0.000657	0.000657	0.000657	0.000657	0.000657	0.000657	0.000657	0.000657	0.000803	0.000657	0.000657	0.000657	0.000657	0.000657	0.000657	0.000657	0.000657	0.000657	0.000657	0.000657	0.000657	0.000657	0.000657	0.000657	0.011257	0.000657	0.000657	0.006568	0.005957	0.000838	0.000657	0.000657	0.001609	0.017329	0.000657	0.000657	0.000657	0.000657	0.000657	0.000657	0.000657	0.000657	0.000657	0.000657	0.927626	
0.000661	0.001028	0.000661	0.000661	0.000661	0.000661	0.000661	0.000661	0.000661	0.000661	0.000661	0.000661	0.000661	0.000771	0.000661	0.000661	0.000661	0.000661	0.000661	0.000661	0.000661	0.000661	0.000661	0.000661	0.000661	0.000661	0.000661	0.000661	0.000661	0.008925	0.000661	0.000661	0.005219	0.004793	0.002314	0.000661	0.000661	0.001399	0.013645	0.000661	0.000661	0.000661	0.000661	0.000661	0.000661	0.000661	0.000661	0.000661	0.000661	0.934800	
0.000689	0.001067	0.000689	0.000689	0.000689	0.000689	0.000689	0.000689	0.000689	0.000689	0.000689	0.000689	0.000689	0.000823	0.000689	0.000689	0.000689	0.000689	0.000689	0.000689	0.000689	0.000689	0.000689	0.000689	0.000689	0.000689	0.000689	0.000689	0.000689	0.009393	0.000689	0.000689	0.006742	0.005041	0.000919	0.000689	0.000689	0.002433	0.014627	0.000689	0.000689	0.000689	0.000689	0.000689	0.000689	0.000689	0.000689	0.000689	0.000689	0.930697	
0.000725	0.001171	0.000725	0.000725	0.000725	0.000725	0.000725	0.000725	0.000725	0.000725	0.000725	0.000725	0.000725	0.001074	0.000725	0.000725	0.000725	0.000725	0.000725	0.000725	0.000725	0.000725	0.000725	0.000725	0.000725	0.000725	0.000725	0.000725	0.000725	0.004315	0.000725	0.000725	0.006059	0.002520	0.000890	0.000725	0.000725	0.007165	0.008793	0.000725	0.000725	0.000725	0.000725	0.000725	0.000725	0.000725	0.000725	0.000725	0.000725	0.938291	
0.000602	0.005085	0.000602	0.000602	0.000602	0.000602	0.000602	0.000602	0.000602	0.000602	0.000602	0.000602	0.000602	0.000819	0.000602	0.000602	0.000602	0.000602	0.000602	0.000602	0.000602	0.000602	0.000602	0.000602	0.000602	0.000602	0.000602	0.000602	0.000602	0.001200	0.000602	0.000602	0.004064	0.000901	0.000978	0.000602	0.000602	0.002350	0.002719	0.000602	0.000602	0.000602	0.000602	0.000602	0.000602	0.000602	0.000602	0.000602	0.000602	0.957222	
0.000595	0.002112	0.000595	0.000595	0.000595	0.000595	0.000595	0.000595	0.000595	0.000595	0.000595	0.000595	0.000595	0.002468	0.000595	0.000595	0.000595	0.000595	0.000595	0.000595	0.000595	0.000595	0.000595	0.000595	0.000595	0.000595	0.000595	0.000595	0.000595	0.001811	0.000595	0.000595	0.002522	0.001203	0.002057	0.000595	0.000595	0.001492	0.010089	0.000595	0.000595	0.000595	0.000595	0.000595	0.000595	0.000595	0.000595	0.000595	0.000595	0.951832	
0.000597	0.004000	0.000597	0.000597	0.000597	0.000597	0.000597	0.000597	0.000597	0.000597	0.000597	0.000597	0.000597	0.001299	0.000597	0.000597	0.000597	0.000597	0.000597	0.000597	0.000597	0.000597	0.000597	0.000597	0.000597	0.000597	0.000597	0.000597	0.000597	0.001946	0.000597	0.000597	0.004529	0.001271	0.001049	0.000597	0.000597	0.003129	0.005936	0.000597	0.000597	0.000597	0.000597	0.000597	0.000597	0.000597	0.000597	0.000597	0.000597	0.952373	
0.000649	0.003464	0.000649	0.000649	0.000649	0.000649	0.000649	0.000649	0.000649	0.000649	0.000649	0.000649	0.000649	0.000760	0.000649	0.000649	0.000649	0.000649	0.000649	0.000649	0.000649	0.000649	0.000649	0.000649	0.000649	0.000649	0.000649	0.000649	0.000649	0.001098	0.000649	0.000649	0.004355	0.000874	0.002852	0.000649	0.000649	0.002059	0.002051	0.000649	0.000649	0.000649	0.000649	0.000649	0.000649	0.000649	0.000649	0.000649	0.000649	0.955883	
0.000652	0.003641	0.000652	0.000652	0.000652	0.000652	0.000652	0.000652	0.000652	0.000652	0.000652	0.000652	0.000652	0.000750	0.000652	0.000652	0.000652	0.000652	0.000652	0.000652	0.000652	0.000652	0.000652	0.000652	0.000652	0.000652	0.000652	0.000652	0.000652	0.001497	0.000652	0.000652	0.005396	0.001075	0.000898	0.000652	0.000652	0.006717	0.003521	0.000652	0.000652	0.000652	0.000652	0.000652	0.000652	0.000652	0.000652	0.000652	0.000652	0.949758	
