0	0	0	0	0	74	9	
0	0	0	0	0	0	0	
0	0	0	0	0	26	0	
54	0	0	0	47	0	0	
0	22	0	0	1	0	4	
0	0	0	0	0	27	0	
0	0	0	155	0	32	0	
0	0	0	104	0	41	50	
0	185	0	0	0	0	0	
0	0	0	0	0	0	0	
1	0	1	113	0	36	0	
0	0	0	197	0	26	0	
0	0	65	0	0	0	25	
0	1	0	0	0	77	0	
10	15	0	0	0	10	19	
0	0	0	0	0	0	0	
0	100	0	0	0	0	0	
0	0	80	0	0	0	0	
81	0	10	0	0	0	102	
0	0	0	0	0	0	0	
111	1	0	0	0	48	0	
0	0	204	0	0	0	0	
12	0	0	20	0	0	0	
6	98	0	1	0	1	37	
0	0	0	0	0	0	55	
0	0	35	0	0	0	16	
13	2	0	0	0	0	0	
0	0	0	0	33	0	0	
0	0	0	0	48	0	0	
20	152	68	38	131	0	0	
0	0	0	0	0	0	0	
0	0	11	0	0	0	0	
0	0	55	0	0	0	23	
35	4	0	0	0	0	0	
0	0	65	0	0	0	0	
0	0	0	1	0	34	34	
0	0	54	0	0	0	0	
0	0	0	0	0	134	0	
46	38	0	0	0	0	0	
70	0	0	0	0	0	124	
0	0	0	0	188	0	0	
84	0	1	0	0	0	0	
0	0	0	89	0	0	0	
43	0	44	125	0	0	0	
0	0	131	0	0	0	0	
0	70	0	0	0	0	23	
1	24	0	0	0	84	0	
0	0	0	0	0	0	0	
0	0	24	0	1	0	1	
0	0	0	0	0	0	93	
