0.000709	0.000922	0.000709	0.000709	0.000709	0.000709	0.000709	0.000709	0.000709	0.000709	0.000709	0.000709	0.000709	0.000815	0.000709	0.000709	0.000709	0.000709	0.000709	0.000709	0.000709	0.000709	0.000709	0.000709	0.000709	0.000709	0.000709	0.000709	0.000709	0.001086	0.000709	0.000709	0.006765	0.000872	0.000872	0.000709	0.000709	0.001480	0.001735	0.000709	0.000709	0.000709	0.000709	0.000709	0.000709	0.000709	0.000709	0.000709	0.000709	0.956374	
0.000643	0.001125	0.000643	0.000643	0.000643	0.000643	0.000643	0.000643	0.000643	0.000643	0.000643	0.000643	0.000643	0.000884	0.000643	0.000643	0.000643	0.000643	0.000643	0.000643	0.000643	0.000643	0.000643	0.000643	0.000643	0.000643	0.000643	0.000643	0.000643	0.001123	0.000643	0.000643	0.001680	0.001110	0.001110	0.000643	0.000643	0.001143	0.006231	0.000643	0.000643	0.000643	0.000643	0.000643	0.000643	0.000643	0.000643	0.000643	0.000643	0.959232	
0.000639	0.000886	0.000639	0.000639	0.000639	0.000639	0.000639	0.000639	0.000639	0.000639	0.000639	0.000639	0.000639	0.000762	0.000639	0.000639	0.000639	0.000639	0.000639	0.000639	0.000639	0.000639	0.000639	0.000639	0.000639	0.000639	0.000639	0.000639	0.000639	0.001023	0.000639	0.000639	0.001590	0.000877	0.000877	0.000639	0.000639	0.001871	0.004752	0.000639	0.000639	0.000639	0.000639	0.000639	0.000639	0.000639	0.000639	0.000639	0.000639	0.961174	
0.000730	0.000974	0.000730	0.000730	0.000730	0.000730	0.000730	0.000730	0.000730	0.000730	0.000730	0.000730	0.000730	0.000852	0.000730	0.000730	0.000730	0.000730	0.000730	0.000730	0.000730	0.000730	0.000730	0.000730	0.000730	0.000730	0.000730	0.000730	0.000730	0.001041	0.000730	0.000730	0.001252	0.006891	0.006891	0.000730	0.000730	0.001287	0.013981	0.000730	0.000730	0.000730	0.000730	0.000730	0.000730	0.000730	0.000730	0.000730	0.000730	0.936896	
0.000586	0.000974	0.000586	0.000586	0.000586	0.000586	0.000586	0.000586	0.000586	0.000586	0.000586	0.000586	0.000586	0.000780	0.000586	0.000586	0.000586	0.000586	0.000586	0.000586	0.000586	0.000586	0.000586	0.000586	0.000586	0.000586	0.000586	0.000586	0.000586	0.001396	0.000586	0.000586	0.001587	0.002336	0.002336	0.000586	0.000586	0.010600	0.006620	0.000586	0.000586	0.000586	0.000586	0.000586	0.000586	0.000586	0.000586	0.000586	0.000586	0.949338	
0.000662	0.002357	0.000662	0.000662	0.000662	0.000662	0.000662	0.000662	0.000662	0.000662	0.000662	0.000662	0.000662	0.001510	0.000662	0.000662	0.000662	0.000662	0.000662	0.000662	0.000662	0.000662	0.000662	0.000662	0.000662	0.000662	0.000662	0.000662	0.000662	0.001172	0.000662	0.000662	0.001313	0.004105	0.004105	0.000662	0.000662	0.003876	0.012514	0.000662	0.000662	0.000662	0.000662	0.000662	0.000662	0.000662	0.000662	0.000662	0.000662	0.941897	
0.000586	0.001423	0.000586	0.000586	0.000586	0.000586	0.000586	0.000586	0.000586	0.000586	0.000586	0.000586	0.000586	0.001005	0.000586	0.000586	0.000586	0.000586	0.000586	0.000586	0.000586	0.000586	0.000586	0.000586	0.000586	0.000586	0.000586	0.000586	0.000586	0.000895	0.000586	0.000586	0.002313	0.001638	0.001638	0.000586	0.000586	0.011706	0.004828	0.000586	0.000586	0.000586	0.000586	0.000586	0.000586	0.000586	0.000586	0.000586	0.000586	0.950515	
0.000645	0.006002	0.000645	0.000645	0.000645	0.000645	0.000645	0.000645	0.000645	0.000645	0.000645	0.000645	0.000645	0.003324	0.000645	0.000645	0.000645	0.000645	0.000645	0.000645	0.000645	0.000645	0.000645	0.000645	0.000645	0.000645	0.000645	0.000645	0.000645	0.001157	0.000645	0.000645	0.002436	0.001306	0.001306	0.000645	0.000645	0.001525	0.014884	0.000645	0.000645	0.000645	0.000645	0.000645	0.000645	0.000645	0.000645	0.000645	0.000645	0.941600	
0.000644	0.006968	0.000644	0.000644	0.000644	0.000644	0.000644	0.000644	0.000644	0.000644	0.000644	0.000644	0.000644	0.003806	0.000644	0.000644	0.000644	0.000644	0.000644	0.000644	0.000644	0.000644	0.000644	0.000644	0.000644	0.000644	0.000644	0.000644	0.000644	0.001059	0.000644	0.000644	0.001271	0.000844	0.000844	0.000644	0.000644	0.001369	0.014026	0.000644	0.000644	0.000644	0.000644	0.000644	0.000644	0.000644	0.000644	0.000644	0.000644	0.943407	
0.000649	0.006958	0.000649	0.000649	0.000649	0.000649	0.000649	0.000649	0.000649	0.000649	0.000649	0.000649	0.000649	0.003804	0.000649	0.000649	0.000649	0.000649	0.000649	0.000649	0.000649	0.000649	0.000649	0.000649	0.000649	0.000649	0.000649	0.000649	0.000649	0.001141	0.000649	0.000649	0.003008	0.000890	0.000890	0.000649	0.000649	0.002171	0.014451	0.000649	0.000649	0.000649	0.000649	0.000649	0.000649	0.000649	0.000649	0.000649	0.000649	0.940077	
0.000665	0.007018	0.000665	0.000665	0.000665	0.000665	0.000665	0.000665	0.000665	0.000665	0.000665	0.000665	0.000665	0.003842	0.000665	0.000665	0.000665	0.000665	0.000665	0.000665	0.000665	0.000665	0.000665	0.000665	0.000665	0.000665	0.000665	0.000665	0.000665	0.001073	0.000665	0.000665	0.003148	0.001109	0.001109	0.000665	0.000665	0.001160	0.014532	0.000665	0.000665	0.000665	0.000665	0.000665	0.000665	0.000665	0.000665	0.000665	0.000665	0.939729	
0.000622	0.006824	0.000622	0.000622	0.000622	0.000622	0.000622	0.000622	0.000622	0.000622	0.000622	0.000622	0.000622	0.003723	0.000622	0.000622	0.000622	0.000622	0.000622	0.000622	0.000622	0.000622	0.000622	0.000622	0.000622	0.000622	0.000622	0.000622	0.000622	0.001045	0.000622	0.000622	0.001546	0.000973	0.000973	0.000622	0.000622	0.001698	0.016956	0.000622	0.000622	0.000622	0.000622	0.000622	0.000622	0.000622	0.000622	0.000622	0.000622	0.940743	
0.000598	0.001040	0.000598	0.000598	0.000598	0.000598	0.000598	0.000598	0.000598	0.000598	0.000598	0.000598	0.000598	0.000819	0.000598	0.000598	0.000598	0.000598	0.000598	0.000598	0.000598	0.000598	0.000598	0.000598	0.000598	0.000598	0.000598	0.000598	0.000598	0.001431	0.000598	0.000598	0.001739	0.000792	0.000792	0.000598	0.000598	0.004134	0.007288	0.000598	0.000598	0.000598	0.000598	0.000598	0.000598	0.000598	0.000598	0.000598	0.000598	0.957443	
0.000604	0.002568	0.000604	0.000604	0.000604	0.000604	0.000604	0.000604	0.000604	0.000604	0.000604	0.000604	0.000604	0.001586	0.000604	0.000604	0.000604	0.000604	0.000604	0.000604	0.000604	0.000604	0.000604	0.000604	0.000604	0.000604	0.000604	0.000604	0.000604	0.001173	0.000604	0.000604	0.001498	0.000903	0.000903	0.000604	0.000604	0.002219	0.011497	0.000604	0.000604	0.000604	0.000604	0.000604	0.000604	0.000604	0.000604	0.000604	0.000604	0.952909	
0.000609	0.003246	0.000609	0.000609	0.000609	0.000609	0.000609	0.000609	0.000609	0.000609	0.000609	0.000609	0.000609	0.001928	0.000609	0.000609	0.000609	0.000609	0.000609	0.000609	0.000609	0.000609	0.000609	0.000609	0.000609	0.000609	0.000609	0.000609	0.000609	0.001046	0.000609	0.000609	0.001541	0.000891	0.000891	0.000609	0.000609	0.001796	0.012439	0.000609	0.000609	0.000609	0.000609	0.000609	0.000609	0.000609	0.000609	0.000609	0.000609	0.951247	
0.000692	0.000998	0.000692	0.000692	0.000692	0.000692	0.000692	0.000692	0.000692	0.000692	0.000692	0.000692	0.000692	0.000845	0.000692	0.000692	0.000692	0.000692	0.000692	0.000692	0.000692	0.000692	0.000692	0.000692	0.000692	0.000692	0.000692	0.000692	0.000692	0.009934	0.000692	0.000692	0.010568	0.001074	0.001074	0.000692	0.000692	0.001475	0.003040	0.000692	0.000692	0.000692	0.000692	0.000692	0.000692	0.000692	0.000692	0.000692	0.000692	0.942635	
0.000699	0.000975	0.000699	0.000699	0.000699	0.000699	0.000699	0.000699	0.000699	0.000699	0.000699	0.000699	0.000699	0.000837	0.000699	0.000699	0.000699	0.000699	0.000699	0.000699	0.000699	0.000699	0.000699	0.000699	0.000699	0.000699	0.000699	0.000699	0.000699	0.010159	0.000699	0.000699	0.010477	0.001441	0.001441	0.000699	0.000699	0.001260	0.003290	0.000699	0.000699	0.000699	0.000699	0.000699	0.000699	0.000699	0.000699	0.000699	0.000699	0.941459	
0.000691	0.001117	0.000691	0.000691	0.000691	0.000691	0.000691	0.000691	0.000691	0.000691	0.000691	0.000691	0.000691	0.000904	0.000691	0.000691	0.000691	0.000691	0.000691	0.000691	0.000691	0.000691	0.000691	0.000691	0.000691	0.000691	0.000691	0.000691	0.000691	0.008864	0.000691	0.000691	0.009425	0.000910	0.000910	0.000691	0.000691	0.001360	0.002341	0.000691	0.000691	0.000691	0.000691	0.000691	0.000691	0.000691	0.000691	0.000691	0.000691	0.945835	
0.000682	0.001938	0.000682	0.000682	0.000682	0.000682	0.000682	0.000682	0.000682	0.000682	0.000682	0.000682	0.000682	0.001310	0.000682	0.000682	0.000682	0.000682	0.000682	0.000682	0.000682	0.000682	0.000682	0.000682	0.000682	0.000682	0.000682	0.000682	0.000682	0.006069	0.000682	0.000682	0.008164	0.000898	0.000898	0.000682	0.000682	0.002655	0.003903	0.000682	0.000682	0.000682	0.000682	0.000682	0.000682	0.000682	0.000682	0.000682	0.000682	0.946218	
0.000581	0.001334	0.000581	0.000581	0.000581	0.000581	0.000581	0.000581	0.000581	0.000581	0.000581	0.000581	0.000581	0.000958	0.000581	0.000581	0.000581	0.000581	0.000581	0.000581	0.000581	0.000581	0.000581	0.000581	0.000581	0.000581	0.000581	0.000581	0.000581	0.003920	0.000581	0.000581	0.004183	0.001157	0.001157	0.000581	0.000581	0.011726	0.003653	0.000581	0.000581	0.000581	0.000581	0.000581	0.000581	0.000581	0.000581	0.000581	0.000581	0.948073	
0.000614	0.001334	0.000614	0.000614	0.000614	0.000614	0.000614	0.000614	0.000614	0.000614	0.000614	0.000614	0.000614	0.000974	0.000614	0.000614	0.000614	0.000614	0.000614	0.000614	0.000614	0.000614	0.000614	0.000614	0.000614	0.000614	0.000614	0.000614	0.000614	0.004275	0.000614	0.000614	0.004762	0.001793	0.001793	0.000614	0.000614	0.009031	0.004987	0.000614	0.000614	0.000614	0.000614	0.000614	0.000614	0.000614	0.000614	0.000614	0.000614	0.945857	
0.000547	0.001127	0.000547	0.000547	0.000547	0.000547	0.000547	0.000547	0.000547	0.000547	0.000547	0.000547	0.000547	0.000837	0.000547	0.000547	0.000547	0.000547	0.000547	0.000547	0.000547	0.000547	0.000547	0.000547	0.000547	0.000547	0.000547	0.000547	0.000547	0.001791	0.000547	0.000547	0.001952	0.000984	0.000984	0.000547	0.000547	0.014213	0.003389	0.000547	0.000547	0.000547	0.000547	0.000547	0.000547	0.000547	0.000547	0.000547	0.000547	0.952300	
0.000612	0.001340	0.000612	0.000612	0.000612	0.000612	0.000612	0.000612	0.000612	0.000612	0.000612	0.000612	0.000612	0.000976	0.000612	0.000612	0.000612	0.000612	0.000612	0.000612	0.000612	0.000612	0.000612	0.000612	0.000612	0.000612	0.000612	0.000612	0.000612	0.001542	0.000612	0.000612	0.001912	0.003031	0.003031	0.000612	0.000612	0.009848	0.007351	0.000612	0.000612	0.000612	0.000612	0.000612	0.000612	0.000612	0.000612	0.000612	0.000612	0.945871	
0.000568	0.000842	0.000568	0.000568	0.000568	0.000568	0.000568	0.000568	0.000568	0.000568	0.000568	0.000568	0.000568	0.000705	0.000568	0.000568	0.000568	0.000568	0.000568	0.000568	0.000568	0.000568	0.000568	0.000568	0.000568	0.000568	0.000568	0.000568	0.000568	0.001289	0.000568	0.000568	0.002058	0.000929	0.000929	0.000568	0.000568	0.012564	0.002365	0.000568	0.000568	0.000568	0.000568	0.000568	0.000568	0.000568	0.000568	0.000568	0.000568	0.955047	
