26	0	0	0	0	0	0	
0	0	0	68	0	93	0	
0	40	0	0	25	46	0	
81	0	0	0	54	0	1	
11	3	0	0	0	0	34	
0	0	0	0	0	0	18	
0	0	43	0	0	0	0	
0	0	0	0	12	0	20	
22	8	1	16	0	0	0	
0	0	0	0	37	0	0	
0	0	0	0	81	0	0	
78	0	118	4	0	0	158	
0	0	0	0	0	0	0	
0	0	0	280	0	0	0	
37	0	0	0	0	66	0	
0	0	0	0	15	0	0	
75	45	51	0	140	1	9	
0	0	1	0	0	44	0	
0	0	0	106	0	0	0	
0	39	0	0	0	0	104	
0	111	12	0	59	0	0	
0	0	0	0	13	0	0	
24	21	0	0	0	11	0	
0	0	75	0	0	1	0	
124	0	0	2	0	0	33	
0	0	198	26	0	36	0	
0	18	0	0	0	0	0	
0	0	0	0	0	0	0	
0	0	0	0	0	0	0	
0	75	0	0	1	0	0	
0	1	0	0	0	0	171	
0	0	9	0	0	0	0	
0	0	48	0	0	0	0	
0	0	0	0	13	0	0	
0	0	0	0	15	0	0	
0	0	0	0	0	33	0	
87	0	0	0	0	0	0	
34	0	42	15	0	22	0	
0	0	22	0	0	0	0	
0	31	0	65	0	0	0	
0	0	103	41	31	99	1	
0	40	12	0	0	97	0	
30	0	0	0	0	0	94	
0	0	0	0	81	0	0	
0	0	0	0	13	0	0	
0	1	20	0	89	0	16	
0	0	0	53	0	2	0	
65	0	0	0	0	6	0	
0	0	0	0	0	0	0	
0	100	70	0	51	28	11	
