46
46
46
46
46
46
46
46
46
46
46
46
46
46
46
7
7
7
7
7
7
7
7
7
7
7
7
45
45
45
45
45
45
45
45
45
45
45
45
45
45
45
45
45
45
45
45
28
28
28
28
28
28
28
44
44
44
44
44
44
44
44
44
44
44
44
44
44
44
44
44
44
44
44
43
43
43
43
43
43
43
43
43
43
43
43
43
43
43
43
43
43
43
43
43
4
4
4
4
4
4
4
4
37
37
37
37
37
37
37
37
37
37
37
37
37
37
37
37
37
37
37
37
37
37
37
37
17
17
17
17
17
17
17
17
17
17
17
17
17
17
17
17
17
17
12
12
12
12
12
12
12
12
12
12
12
12
12
12
12
12
12
12
12
12
12
12
12
12
12
38
38
38
38
38
38
38
38
38
38
38
38
38
38
38
38
38
38
38
38
38
38
38
38
38
38
43
43
43
43
43
43
43
43
43
43
43
43
43
43
43
43
43
43
43
43
43
4
4
4
4
23
23
23
23
23
23
23
23
23
23
23
23
23
23
23
23
23
23
23
23
23
23
23
23
23
23
23
23
23
23
23
