0.001735	0.000853	0.001481	0.206084	0.065067	0.003614	0.002419	0.000853	0.023769	0.112327	0.006369	0.021614	0.001127	0.002064	0.008759	0.007206	0.028468	0.011472	0.006478	0.009097	0.020952	0.056166	0.000927	0.013328	0.003011	0.028574	0.003408	0.003578	0.001564	0.015710	0.013848	0.008972	0.018006	0.002116	0.009305	0.049867	0.000183	0.002196	0.004241	0.003324	0.020801	0.005849	0.000927	0.001152	0.007414	0.056652	0.000629	0.090784	0.023245	0.012420	
0.002175	0.001099	0.001806	0.083975	0.032791	0.023374	0.001868	0.001099	0.018211	0.045516	0.001889	0.011778	0.001358	0.016146	0.031108	0.029616	0.010143	0.003685	0.008613	0.007066	0.173631	0.025936	0.001202	0.027079	0.004108	0.011646	0.027562	0.026368	0.009505	0.006474	0.009440	0.009257	0.017648	0.000704	0.008746	0.020257	0.000165	0.001697	0.027619	0.013357	0.012134	0.004478	0.001202	0.000903	0.005670	0.066200	0.000787	0.037975	0.018263	0.096669	
0.003133	0.002956	0.001732	0.165756	0.052723	0.004448	0.001435	0.002956	0.013528	0.090229	0.002293	0.027337	0.001308	0.008469	0.007125	0.007665	0.011656	0.005310	0.018791	0.005410	0.090378	0.051821	0.003265	0.015657	0.011902	0.022977	0.014390	0.015045	0.001898	0.008728	0.009583	0.025827	0.020196	0.000840	0.009684	0.040075	0.000180	0.001309	0.005229	0.003171	0.012613	0.003359	0.003265	0.000724	0.004238	0.064463	0.002031	0.072733	0.009682	0.040476	
0.022626	0.001160	0.024262	0.008986	0.003654	0.003025	0.001418	0.001160	0.016614	0.004821	0.002015	0.005371	0.017689	0.007743	0.006162	0.003773	0.047448	0.003946	0.052880	0.004839	0.089893	0.007071	0.001271	0.179558	0.004382	0.001340	0.013160	0.012903	0.001313	0.006132	0.105578	0.009899	0.110682	0.000740	0.002951	0.002225	0.000160	0.001292	0.003550	0.002417	0.121676	0.003347	0.001271	0.000705	0.004227	0.023514	0.000826	0.004569	0.008041	0.035718	
0.013054	0.005849	0.010861	0.012856	0.010480	0.022020	0.004567	0.005849	0.047854	0.007048	0.006926	0.026619	0.007940	0.001396	0.033159	0.026995	0.046340	0.015001	0.053071	0.009683	0.017053	0.027279	0.006483	0.093086	0.024217	0.001896	0.002287	0.005320	0.008951	0.014233	0.054814	0.053924	0.081715	0.002267	0.001074	0.003205	0.000149	0.004125	0.026020	0.014269	0.067922	0.011342	0.006483	0.002064	0.014435	0.007567	0.003949	0.008513	0.034914	0.032876	
0.014853	0.002605	0.014825	0.006105	0.009553	0.026187	0.001499	0.002605	0.016252	0.003278	0.005157	0.011568	0.010823	0.006181	0.037493	0.031981	0.045327	0.010242	0.042592	0.008652	0.070056	0.011233	0.002878	0.124379	0.010509	0.000944	0.010487	0.011203	0.010630	0.009025	0.069411	0.024249	0.075183	0.001716	0.002328	0.001537	0.000152	0.001365	0.030949	0.014613	0.083086	0.003565	0.002878	0.000736	0.004508	0.019322	0.001788	0.004226	0.031009	0.058259	
0.019301	0.005210	0.018125	0.008684	0.004032	0.004401	0.005729	0.005210	0.060974	0.004781	0.004601	0.023394	0.013224	0.001197	0.009375	0.005450	0.048375	0.010558	0.063662	0.006474	0.017170	0.025533	0.005772	0.135709	0.021509	0.001324	0.001942	0.004641	0.001862	0.013252	0.082784	0.047152	0.116109	0.001542	0.000840	0.002203	0.000152	0.005172	0.005178	0.005726	0.097852	0.014280	0.005772	0.002569	0.018184	0.005326	0.003524	0.006601	0.017671	0.009889	
0.001258	0.001010	0.000841	0.009563	0.004455	0.005822	0.000867	0.001010	0.007803	0.004794	0.015871	0.004758	0.000651	0.024880	0.017931	0.007186	0.067795	0.028427	0.006364	0.028508	0.268040	0.005969	0.001106	0.008890	0.003800	0.001322	0.042548	0.040379	0.002429	0.019889	0.023761	0.015049	0.008842	0.005059	0.008448	0.002205	0.000144	0.000795	0.006861	0.003555	0.039900	0.001975	0.001106	0.000457	0.002481	0.071377	0.000722	0.004398	0.057182	0.111519	
0.002780	0.000807	0.002635	0.009171	0.005781	0.010349	0.001128	0.000807	0.010852	0.004798	0.025349	0.003881	0.001954	0.013527	0.030135	0.012709	0.110849	0.045117	0.008779	0.038103	0.145827	0.005646	0.000881	0.024895	0.002965	0.001317	0.023091	0.022028	0.004247	0.031596	0.043902	0.017646	0.017180	0.008016	0.004795	0.002202	0.000137	0.001029	0.012217	0.006087	0.070590	0.002648	0.000881	0.000567	0.003342	0.039934	0.000584	0.004690	0.092157	0.069392	
0.003585	0.002622	0.002407	0.008896	0.004354	0.005341	0.002221	0.002622	0.022350	0.004868	0.037242	0.011994	0.001785	0.002041	0.031649	0.006605	0.160820	0.067098	0.018578	0.050933	0.021554	0.012976	0.002899	0.020427	0.010659	0.001328	0.003407	0.004588	0.002226	0.046881	0.058579	0.039310	0.026392	0.011726	0.001103	0.002228	0.000128	0.002012	0.006294	0.004117	0.097040	0.005431	0.002899	0.001035	0.006897	0.007807	0.001791	0.005076	0.130442	0.014737	
0.001870	0.001443	0.001243	0.021937	0.008325	0.005186	0.004968	0.001443	0.050900	0.011918	0.031327	0.007900	0.000940	0.004951	0.027451	0.006593	0.133879	0.056029	0.009661	0.043752	0.052633	0.015604	0.001589	0.011688	0.005669	0.003116	0.008393	0.008605	0.002166	0.043032	0.045822	0.026087	0.031127	0.009880	0.002576	0.005354	0.000132	0.004484	0.006110	0.005684	0.077674	0.012383	0.001589	0.002227	0.015768	0.019112	0.001006	0.011973	0.110016	0.026788	
0.008839	0.002908	0.008016	0.006751	0.008680	0.022358	0.001240	0.002908	0.012738	0.003716	0.022897	0.013037	0.005868	0.001422	0.044121	0.027326	0.109278	0.041824	0.031077	0.031324	0.016534	0.012169	0.003216	0.072051	0.011833	0.001044	0.002339	0.003740	0.009080	0.029236	0.063669	0.035188	0.046156	0.007250	0.000823	0.001724	0.000138	0.001129	0.026423	0.012451	0.091083	0.002928	0.003216	0.000616	0.003699	0.006157	0.001985	0.004318	0.090022	0.033457	
0.001379	0.000988	0.000990	0.038629	0.027903	0.054476	0.000935	0.000988	0.008483	0.020958	0.008656	0.007299	0.000761	0.008173	0.075423	0.066929	0.037498	0.015632	0.006493	0.013961	0.087235	0.013321	0.001081	0.039815	0.003688	0.005418	0.013903	0.013509	0.022013	0.012219	0.014902	0.011497	0.009671	0.002808	0.004309	0.009369	0.000150	0.000857	0.064414	0.029109	0.023904	0.002139	0.001081	0.000490	0.002689	0.033969	0.000709	0.019098	0.057878	0.102199	
0.002268	0.000927	0.002000	0.012029	0.024145	0.069612	0.003290	0.000927	0.033340	0.006585	0.009538	0.004691	0.001494	0.001882	0.095446	0.085025	0.042920	0.017173	0.008179	0.013363	0.019564	0.009428	0.001014	0.056356	0.003457	0.001773	0.003125	0.003375	0.028100	0.015152	0.020415	0.011427	0.024929	0.003078	0.001191	0.002996	0.000142	0.002975	0.082320	0.038460	0.030909	0.008116	0.001014	0.001506	0.010319	0.010467	0.000665	0.009290	0.068870	0.094737	
0.004180	0.002865	0.002922	0.007899	0.025397	0.078287	0.002245	0.002865	0.022481	0.004325	0.001832	0.012916	0.002166	0.002491	0.101453	0.095546	0.011812	0.004489	0.020824	0.003098	0.026392	0.013478	0.003167	0.068584	0.011624	0.001205	0.004165	0.005424	0.031594	0.004849	0.014216	0.025081	0.029137	0.000674	0.001218	0.001998	0.000147	0.002035	0.092581	0.042382	0.017540	0.005461	0.003167	0.001056	0.006929	0.011439	0.001959	0.007317	0.046913	0.108175	
0.001671	0.001162	0.001203	0.056864	0.022162	0.015380	0.018930	0.001162	0.196888	0.030968	0.001098	0.009728	0.000915	0.004264	0.020335	0.019504	0.005897	0.002338	0.007904	0.002611	0.045037	0.040057	0.001275	0.017715	0.004431	0.007950	0.007205	0.007328	0.006278	0.022968	0.005908	0.009601	0.095654	0.000444	0.003812	0.013802	0.000147	0.017052	0.018167	0.019405	0.007483	0.047731	0.001275	0.008287	0.060879	0.026219	0.000824	0.034049	0.011404	0.036632	
0.001270	0.000608	0.001094	0.014592	0.005652	0.003865	0.027228	0.000608	0.283851	0.007903	0.001471	0.003519	0.000832	0.005671	0.005847	0.004881	0.007360	0.002739	0.004670	0.003527	0.060350	0.037741	0.000661	0.009628	0.002135	0.002101	0.009625	0.009295	0.001636	0.031103	0.005991	0.004960	0.132825	0.000552	0.002504	0.003576	0.000134	0.024519	0.004548	0.018347	0.007895	0.068773	0.000661	0.011875	0.087739	0.019234	0.000450	0.019110	0.006688	0.028152	
0.002492	0.001267	0.002035	0.010875	0.004458	0.003571	0.029569	0.001267	0.308499	0.005959	0.001335	0.006134	0.001516	0.001498	0.005424	0.004474	0.008331	0.002829	0.010218	0.002151	0.015519	0.041831	0.001393	0.016441	0.004923	0.001607	0.002474	0.002958	0.001516	0.033427	0.009841	0.010770	0.149619	0.000508	0.001014	0.002713	0.000132	0.026625	0.004200	0.019598	0.012168	0.074706	0.001393	0.012888	0.095312	0.006718	0.000889	0.018642	0.006069	0.010208	
0.002296	0.001200	0.001860	0.010425	0.003982	0.002717	0.010821	0.001200	0.112226	0.005563	0.020097	0.005765	0.001390	0.009272	0.016829	0.003421	0.087386	0.036018	0.009490	0.029778	0.099577	0.018926	0.001318	0.014612	0.004635	0.001508	0.015800	0.015413	0.001173	0.035671	0.033713	0.018759	0.060564	0.006372	0.003483	0.002539	0.000134	0.009752	0.003189	0.007900	0.054697	0.027207	0.001318	0.004765	0.034688	0.028160	0.000844	0.009545	0.070111	0.041892	
0.010261	0.015962	0.001610	0.025487	0.009077	0.003838	0.006346	0.015962	0.065192	0.013926	0.004208	0.072689	0.001212	0.001607	0.007643	0.004996	0.019698	0.015241	0.091721	0.006061	0.016370	0.065688	0.017719	0.015075	0.066909	0.003638	0.002647	0.011275	0.001635	0.012407	0.011711	0.142553	0.078478	0.001419	0.001665	0.006254	0.000151	0.005726	0.004512	0.005801	0.016630	0.015845	0.017719	0.002835	0.020182	0.010619	0.010691	0.014162	0.016031	0.010918	
0.005489	0.003040	0.004253	0.024754	0.013970	0.021446	0.006578	0.003040	0.068062	0.013471	0.014039	0.015213	0.003132	0.004270	0.036873	0.026460	0.065639	0.026200	0.024433	0.020140	0.046112	0.023436	0.003362	0.043888	0.012376	0.003517	0.007218	0.008385	0.008716	0.024558	0.035943	0.032265	0.055651	0.004485	0.002482	0.006048	0.000143	0.005935	0.025343	0.015176	0.052268	0.016446	0.003362	0.002932	0.020951	0.018493	0.002074	0.014554	0.059083	0.044295	
0.013095	0.016471	0.004418	0.008382	0.003469	0.003055	0.001248	0.016471	0.012178	0.004483	0.001900	0.073384	0.003255	0.008039	0.005226	0.003801	0.014513	0.011403	0.100041	0.004771	0.086835	0.056920	0.018284	0.035188	0.069046	0.001250	0.013671	0.021891	0.001322	0.004000	0.020663	0.145989	0.067733	0.000700	0.003018	0.002072	0.000154	0.001138	0.003585	0.002331	0.024928	0.002924	0.018284	0.000628	0.003689	0.024198	0.011032	0.004223	0.007675	0.037026	
0.009086	0.011013	0.003340	0.007483	0.008766	0.021996	0.005332	0.011013	0.054845	0.004051	0.003586	0.049080	0.002469	0.004944	0.030562	0.026891	0.019913	0.011670	0.067352	0.006174	0.053058	0.043761	0.012220	0.038230	0.046023	0.001136	0.008369	0.013891	0.008941	0.010249	0.018299	0.098303	0.067584	0.001223	0.001986	0.001877	0.000148	0.004814	0.025993	0.014716	0.023623	0.013282	0.012220	0.002395	0.016911	0.016085	0.007391	0.006479	0.023425	0.047801	
0.008636	0.012165	0.002140	0.009644	0.004043	0.003593	0.010705	0.012165	0.110939	0.005215	0.002538	0.054399	0.001596	0.005578	0.006246	0.004478	0.013524	0.010391	0.071483	0.004937	0.059563	0.054523	0.013501	0.018327	0.050893	0.001429	0.009458	0.015553	0.001533	0.014688	0.011803	0.108079	0.090921	0.000894	0.002277	0.002392	0.000146	0.009649	0.004224	0.008289	0.015373	0.026896	0.013501	0.004722	0.034288	0.017714	0.008159	0.009242	0.010176	0.027369	
