0.547323	0.001591	0.049394	0.004787	0.037937	0.070494	0.024835	0.043382	0.041691	0.079304	0.007872	0.013162	0.014400	0.032142	0.031687	
0.535383	0.005119	0.022513	0.002838	0.032670	0.032862	0.029481	0.102044	0.046646	0.078838	0.004502	0.018958	0.053072	0.027981	0.007093	
0.510754	0.007300	0.023339	0.002916	0.028011	0.032490	0.039858	0.140797	0.022724	0.096840	0.006163	0.014816	0.053042	0.013816	0.007135	
0.515126	0.001770	0.077489	0.003594	0.036324	0.026457	0.115494	0.013378	0.042344	0.027148	0.024763	0.048140	0.039561	0.012484	0.015928	
0.306855	0.005152	0.091376	0.002693	0.021704	0.010362	0.130821	0.072023	0.125511	0.041065	0.024384	0.069633	0.029140	0.061688	0.007593	
0.355055	0.005397	0.092968	0.003011	0.024174	0.009522	0.143161	0.073913	0.084567	0.041664	0.027795	0.064269	0.033125	0.035888	0.005490	
0.368682	0.002121	0.104445	0.004428	0.025723	0.047963	0.161016	0.007864	0.068071	0.035813	0.032769	0.066050	0.007556	0.019600	0.047899	
0.376773	0.002272	0.131603	0.002358	0.019999	0.031159	0.042031	0.037570	0.110236	0.044456	0.019317	0.028029	0.035505	0.098036	0.020656	
0.387134	0.001141	0.129225	0.002379	0.023499	0.028157	0.047618	0.014996	0.124875	0.031141	0.019605	0.035451	0.034748	0.101932	0.018099	
0.249314	0.001199	0.204388	0.001241	0.007897	0.022695	0.019162	0.016660	0.174469	0.028073	0.024093	0.026953	0.033008	0.169326	0.021524	
0.307040	0.000813	0.157820	0.001780	0.009918	0.049253	0.013614	0.011011	0.146667	0.043529	0.017993	0.022404	0.031557	0.136181	0.050418	
0.234890	0.001177	0.219640	0.001558	0.011045	0.008969	0.054537	0.009100	0.176050	0.013847	0.030894	0.040159	0.027644	0.163830	0.006660	
0.419286	0.002795	0.109844	0.002583	0.024477	0.025671	0.065631	0.042456	0.086031	0.042105	0.020429	0.034078	0.040650	0.068433	0.015532	
0.357432	0.004903	0.118748	0.001971	0.017364	0.016970	0.052419	0.084726	0.101313	0.056577	0.018678	0.029902	0.044340	0.087729	0.006928	
0.362945	0.009367	0.065074	0.002190	0.014162	0.015270	0.101773	0.156506	0.042718	0.086705	0.018946	0.037197	0.053306	0.021293	0.012549	
0.722289	0.001123	0.013846	0.000676	0.040964	0.006171	0.013371	0.015623	0.018992	0.016961	0.004988	0.013997	0.113899	0.012596	0.004504	
0.620294	0.004742	0.011718	0.001277	0.032066	0.016203	0.021244	0.086649	0.017705	0.058172	0.004092	0.012170	0.094077	0.011455	0.008135	
0.458408	0.009035	0.015986	0.001207	0.013232	0.031375	0.037158	0.161433	0.024054	0.101914	0.004763	0.013254	0.080147	0.014433	0.033601	
0.427236	0.000830	0.042993	0.003191	0.010268	0.120848	0.017437	0.008794	0.059934	0.089933	0.005634	0.012034	0.027246	0.038850	0.134772	
0.263259	0.001130	0.064966	0.001474	0.025341	0.015400	0.034240	0.021577	0.276115	0.023264	0.003349	0.075573	0.025290	0.163996	0.005026	
0.248819	0.004198	0.093476	0.001651	0.013069	0.025633	0.060256	0.067871	0.186976	0.051208	0.013077	0.056533	0.031063	0.120072	0.026099	
0.302806	0.000857	0.064359	0.002348	0.029578	0.025180	0.034226	0.020850	0.247649	0.031455	0.004135	0.068354	0.015469	0.147596	0.005137	
0.399679	0.005153	0.069037	0.002567	0.022006	0.031445	0.055309	0.092006	0.089117	0.070061	0.012508	0.033038	0.040055	0.059953	0.018066	
0.332419	0.001403	0.066032	0.002968	0.026644	0.042850	0.054201	0.024295	0.186604	0.044508	0.009020	0.059246	0.013790	0.107516	0.028505	
