0	0	11	0	0	0	0	
0	0	0	0	0	99	25	
0	0	22	0	0	0	0	
0	0	0	0	0	0	11	
142	17	0	0	0	0	49	
0	0	0	77	0	0	0	
116	0	0	0	0	0	0	
0	0	0	53	0	0	125	
0	0	0	0	0	0	49	
0	0	0	35	0	0	0	
0	0	0	0	133	0	0	
0	1	91	0	0	0	0	
0	0	0	0	0	0	52	
0	29	0	0	0	0	0	
0	0	0	78	0	0	0	
0	0	0	28	0	0	0	
5	0	100	0	0	23	0	
2	105	0	0	0	0	0	
0	8	0	0	0	0	70	
0	4	0	0	0	124	0	
0	0	0	51	30	0	1	
0	0	27	16	0	0	0	
18	0	32	0	65	0	0	
0	0	0	0	157	0	0	
0	156	0	0	0	0	0	
0	83	81	0	85	0	32	
1	0	43	0	0	0	0	
0	1	0	0	0	84	22	
0	66	0	0	0	0	0	
0	46	0	0	0	0	1	
0	0	49	0	45	0	47	
193	0	0	0	84	0	0	
0	0	70	34	0	0	2	
0	0	0	104	0	0	0	
0	48	58	0	47	0	0	
0	0	62	4	0	12	0	
0	0	0	0	1	61	0	
0	0	0	0	0	84	0	
30	3	0	15	0	8	0	
0	0	35	0	0	40	0	
0	0	0	0	0	62	0	
0	29	0	0	0	0	0	
0	0	0	0	25	0	0	
0	33	0	55	0	0	154	
0	0	0	0	69	46	0	
0	0	0	62	0	0	0	
0	0	0	0	0	11	0	
33	0	22	0	0	11	0	
152	0	0	0	0	0	0	
0	0	0	15	0	0	0	
