0	62	24	0	0	0	16	
0	0	0	0	0	16	0	
0	0	51	0	0	0	0	
0	28	0	0	0	0	0	
0	0	37	0	15	0	0	
0	186	0	109	2	2	19	
0	0	25	0	0	0	0	
0	0	0	0	86	108	0	
1	0	0	130	0	0	1	
0	0	0	0	0	0	46	
0	93	0	0	0	1	0	
0	67	0	0	0	0	0	
0	0	0	0	104	0	0	
127	0	0	0	0	0	0	
0	0	3	0	65	0	0	
0	19	0	0	132	0	0	
82	0	0	0	0	0	65	
0	0	0	0	0	0	123	
0	0	0	0	1	0	12	
0	0	75	0	0	0	0	
13	0	0	0	0	0	0	
0	0	0	0	12	0	0	
8	0	0	116	0	0	0	
0	0	0	0	0	16	0	
0	0	65	0	0	0	0	
0	0	109	0	0	0	0	
0	0	0	0	0	14	0	
84	0	2	0	52	0	0	
0	0	0	63	0	0	0	
0	0	0	0	0	99	0	
0	0	0	0	0	14	0	
0	25	0	50	0	34	145	
0	42	0	0	0	0	0	
0	0	0	0	0	30	0	
0	0	0	0	159	0	0	
0	0	0	0	0	0	48	
0	0	1	0	98	0	0	
0	108	0	0	0	0	81	
0	0	52	136	0	0	0	
0	0	119	0	0	46	23	
0	0	0	0	0	0	48	
0	0	0	63	0	0	0	
94	0	0	0	0	0	0	
0	0	0	0	27	0	0	
15	0	0	0	0	0	0	
0	0	0	5	38	0	0	
191	48	25	0	0	32	0	
0	0	0	0	0	125	121	
0	0	0	0	0	0	46	
0	0	30	0	0	0	0	
