2	2	0	23	73	0	0	
0	0	0	0	0	0	0	
0	0	0	0	0	0	0	
47	0	0	0	0	44	0	
0	0	31	23	0	0	0	
0	0	22	0	4	0	0	
0	41	0	0	116	8	0	
0	0	0	23	162	0	0	
80	0	0	0	32	20	79	
0	80	91	0	0	0	186	
0	84	2	41	0	0	0	
0	188	0	0	1	4	0	
0	0	0	0	0	0	88	
0	0	0	0	82	0	0	
0	0	0	34	1	0	1	
0	0	13	0	0	0	0	
65	0	0	1	0	0	0	
0	0	63	0	0	0	0	
0	0	35	29	86	25	0	
0	0	6	15	0	0	0	
0	0	1	0	27	83	0	
0	4	122	0	1	0	1	
0	54	0	0	0	0	0	
0	0	0	27	0	111	0	
0	0	0	142	0	0	0	
0	0	0	9	0	0	16	
0	0	13	0	15	0	0	
45	0	0	0	0	0	0	
44	0	0	0	0	0	0	
238	0	26	0	0	0	2	
0	0	0	10	0	13	0	
0	0	0	0	0	0	16	
0	19	0	0	0	0	24	
0	0	0	0	0	27	0	
0	27	0	0	0	0	0	
0	0	0	32	0	0	0	
0	32	0	0	0	0	13	
0	0	0	0	121	0	0	
21	0	0	0	4	69	0	
0	0	0	59	0	23	251	
101	0	57	1	0	27	0	
0	0	0	0	0	65	0	
42	0	28	14	1	0	0	
0	99	0	66	0	0	0	
0	0	87	0	0	0	14	
0	0	44	0	2	55	0	
0	0	0	0	0	0	9	
0	0	0	0	1	113	0	
0	0	26	0	0	0	0	
0	0	0	42	0	0	0	
