0.000844	0.001224	0.000844	0.000844	0.000844	0.000844	0.000844	0.000844	0.000844	0.000844	0.000844	0.000844	0.000844	0.001106	0.000844	0.000844	0.000844	0.000844	0.000844	0.000844	0.000844	0.000844	0.000844	0.000844	0.000844	0.000844	0.000844	0.000844	0.000844	0.001179	0.000844	0.000844	0.001369	0.001011	0.008220	0.000844	0.000844	0.001650	0.002311	0.000844	0.000844	0.000844	0.000844	0.000844	0.000844	0.000844	0.000844	0.000844	0.000844	0.947328	
0.000625	0.001344	0.000625	0.000625	0.000625	0.000625	0.000625	0.000625	0.000625	0.000625	0.000625	0.000625	0.000625	0.001076	0.000625	0.000625	0.000625	0.000625	0.000625	0.000625	0.000625	0.000625	0.000625	0.000625	0.000625	0.000625	0.000625	0.000625	0.000625	0.001466	0.000625	0.000625	0.001826	0.001046	0.002563	0.000625	0.000625	0.002151	0.003150	0.000625	0.000625	0.000625	0.000625	0.000625	0.000625	0.000625	0.000625	0.000625	0.000625	0.959745	
0.000644	0.001094	0.000644	0.000644	0.000644	0.000644	0.000644	0.000644	0.000644	0.000644	0.000644	0.000644	0.000644	0.001133	0.000644	0.000644	0.000644	0.000644	0.000644	0.000644	0.000644	0.000644	0.000644	0.000644	0.000644	0.000644	0.000644	0.000644	0.000644	0.002623	0.000644	0.000644	0.002848	0.001634	0.003302	0.000644	0.000644	0.001381	0.002772	0.000644	0.000644	0.000644	0.000644	0.000644	0.000644	0.000644	0.000644	0.000644	0.000644	0.956816	
0.000709	0.001020	0.000709	0.000709	0.000709	0.000709	0.000709	0.000709	0.000709	0.000709	0.000709	0.000709	0.000709	0.006871	0.000709	0.000709	0.000709	0.000709	0.000709	0.000709	0.000709	0.000709	0.000709	0.000709	0.000709	0.000709	0.000709	0.000709	0.000709	0.001043	0.000709	0.000709	0.001199	0.000876	0.000883	0.000709	0.000709	0.001441	0.013990	0.000709	0.000709	0.000709	0.000709	0.000709	0.000709	0.000709	0.000709	0.000709	0.000709	0.943587	
0.000629	0.001685	0.000629	0.000629	0.000629	0.000629	0.000629	0.000629	0.000629	0.000629	0.000629	0.000629	0.000629	0.002094	0.000629	0.000629	0.000629	0.000629	0.000629	0.000629	0.000629	0.000629	0.000629	0.000629	0.000629	0.000629	0.000629	0.000629	0.000629	0.000918	0.000629	0.000629	0.001446	0.000773	0.001035	0.000629	0.000629	0.011292	0.007788	0.000629	0.000629	0.000629	0.000629	0.000629	0.000629	0.000629	0.000629	0.000629	0.000629	0.947196	
0.000648	0.002791	0.000648	0.000648	0.000648	0.000648	0.000648	0.000648	0.000648	0.000648	0.000648	0.000648	0.000648	0.003490	0.000648	0.000648	0.000648	0.000648	0.000648	0.000648	0.000648	0.000648	0.000648	0.000648	0.000648	0.000648	0.000648	0.000648	0.000648	0.001509	0.000648	0.000648	0.002580	0.001078	0.000969	0.000648	0.000648	0.002530	0.009596	0.000648	0.000648	0.000648	0.000648	0.000648	0.000648	0.000648	0.000648	0.000648	0.000648	0.948892	
0.000614	0.001058	0.000614	0.000614	0.000614	0.000614	0.000614	0.000614	0.000614	0.000614	0.000614	0.000614	0.000614	0.001833	0.000614	0.000614	0.000614	0.000614	0.000614	0.000614	0.000614	0.000614	0.000614	0.000614	0.000614	0.000614	0.000614	0.000614	0.000614	0.002500	0.000614	0.000614	0.002721	0.001557	0.001018	0.000614	0.000614	0.014665	0.007340	0.000614	0.000614	0.000614	0.000614	0.000614	0.000614	0.000614	0.000614	0.000614	0.000614	0.942138	
0.000703	0.011632	0.000703	0.000703	0.000703	0.000703	0.000703	0.000703	0.000703	0.000703	0.000703	0.000703	0.000703	0.000978	0.000703	0.000703	0.000703	0.000703	0.000703	0.000703	0.000703	0.000703	0.000703	0.000703	0.000703	0.000703	0.000703	0.000703	0.000703	0.000946	0.000703	0.000703	0.006410	0.000824	0.001042	0.000703	0.000703	0.001569	0.013775	0.000703	0.000703	0.000703	0.000703	0.000703	0.000703	0.000703	0.000703	0.000703	0.000703	0.934000	
0.000692	0.003010	0.000692	0.000692	0.000692	0.000692	0.000692	0.000692	0.000692	0.000692	0.000692	0.000692	0.000692	0.001160	0.000692	0.000692	0.000692	0.000692	0.000692	0.000692	0.000692	0.000692	0.000692	0.000692	0.000692	0.000692	0.000692	0.000692	0.000692	0.000893	0.000692	0.000692	0.002052	0.000793	0.001992	0.000692	0.000692	0.003732	0.012591	0.000692	0.000692	0.000692	0.000692	0.000692	0.000692	0.000692	0.000692	0.000692	0.000692	0.945414	
0.000661	0.001294	0.000661	0.000661	0.000661	0.000661	0.000661	0.000661	0.000661	0.000661	0.000661	0.000661	0.000661	0.001919	0.000661	0.000661	0.000661	0.000661	0.000661	0.000661	0.000661	0.000661	0.000661	0.000661	0.000661	0.000661	0.000661	0.000661	0.000661	0.001929	0.000661	0.000661	0.002245	0.001295	0.000904	0.000661	0.000661	0.002520	0.015138	0.000661	0.000661	0.000661	0.000661	0.000661	0.000661	0.000661	0.000661	0.000661	0.000661	0.945637	
0.000685	0.001891	0.000685	0.000685	0.000685	0.000685	0.000685	0.000685	0.000685	0.000685	0.000685	0.000685	0.000685	0.001297	0.000685	0.000685	0.000685	0.000685	0.000685	0.000685	0.000685	0.000685	0.000685	0.000685	0.000685	0.000685	0.000685	0.000685	0.000685	0.000991	0.000685	0.000685	0.001594	0.000838	0.000938	0.000685	0.000685	0.002182	0.017827	0.000685	0.000685	0.000685	0.000685	0.000685	0.000685	0.000685	0.000685	0.000685	0.000685	0.944371	
0.000683	0.008687	0.000683	0.000683	0.000683	0.000683	0.000683	0.000683	0.000683	0.000683	0.000683	0.000683	0.000683	0.000951	0.000683	0.000683	0.000683	0.000683	0.000683	0.000683	0.000683	0.000683	0.000683	0.000683	0.000683	0.000683	0.000683	0.000683	0.000683	0.000981	0.000683	0.000683	0.004982	0.000832	0.000948	0.000683	0.000683	0.004176	0.013318	0.000683	0.000683	0.000683	0.000683	0.000683	0.000683	0.000683	0.000683	0.000683	0.000683	0.937115	
0.000610	0.001048	0.000610	0.000610	0.000610	0.000610	0.000610	0.000610	0.000610	0.000610	0.000610	0.000610	0.000610	0.001188	0.000610	0.000610	0.000610	0.000610	0.000610	0.000610	0.000610	0.000610	0.000610	0.000610	0.000610	0.000610	0.000610	0.000610	0.000610	0.001370	0.000610	0.000610	0.001589	0.000990	0.001656	0.000610	0.000610	0.001965	0.005721	0.000610	0.000610	0.000610	0.000610	0.000610	0.000610	0.000610	0.000610	0.000610	0.000610	0.959483	
0.000553	0.000893	0.000553	0.000553	0.000553	0.000553	0.000553	0.000553	0.000553	0.000553	0.000553	0.000553	0.000553	0.000896	0.000553	0.000553	0.000553	0.000553	0.000553	0.000553	0.000553	0.000553	0.000553	0.000553	0.000553	0.000553	0.000553	0.000553	0.000553	0.001143	0.000553	0.000553	0.001313	0.000848	0.000724	0.000553	0.000553	0.002626	0.003554	0.000553	0.000553	0.000553	0.000553	0.000553	0.000553	0.000553	0.000553	0.000553	0.000553	0.965316	
0.000557	0.001663	0.000557	0.000557	0.000557	0.000557	0.000557	0.000557	0.000557	0.000557	0.000557	0.000557	0.000557	0.000796	0.000557	0.000557	0.000557	0.000557	0.000557	0.000557	0.000557	0.000557	0.000557	0.000557	0.000557	0.000557	0.000557	0.000557	0.000557	0.000906	0.000557	0.000557	0.001459	0.000732	0.000852	0.000557	0.000557	0.001558	0.003026	0.000557	0.000557	0.000557	0.000557	0.000557	0.000557	0.000557	0.000557	0.000557	0.000557	0.966169	
0.000529	0.001215	0.000529	0.000529	0.000529	0.000529	0.000529	0.000529	0.000529	0.000529	0.000529	0.000529	0.000529	0.001396	0.000529	0.000529	0.000529	0.000529	0.000529	0.000529	0.000529	0.000529	0.000529	0.000529	0.000529	0.000529	0.000529	0.000529	0.000529	0.007272	0.000529	0.000529	0.007615	0.003900	0.000787	0.000529	0.000529	0.001190	0.003533	0.000529	0.000529	0.000529	0.000529	0.000529	0.000529	0.000529	0.000529	0.000529	0.000529	0.951422	
0.000511	0.000927	0.000511	0.000511	0.000511	0.000511	0.000511	0.000511	0.000511	0.000511	0.000511	0.000511	0.000511	0.000965	0.000511	0.000511	0.000511	0.000511	0.000511	0.000511	0.000511	0.000511	0.000511	0.000511	0.000511	0.000511	0.000511	0.000511	0.000511	0.007775	0.000511	0.000511	0.007983	0.004143	0.000749	0.000511	0.000511	0.001248	0.002585	0.000511	0.000511	0.000511	0.000511	0.000511	0.000511	0.000511	0.000511	0.000511	0.000511	0.952695	
0.000550	0.000965	0.000550	0.000550	0.000550	0.000550	0.000550	0.000550	0.000550	0.000550	0.000550	0.000550	0.000550	0.000795	0.000550	0.000550	0.000550	0.000550	0.000550	0.000550	0.000550	0.000550	0.000550	0.000550	0.000550	0.000550	0.000550	0.000550	0.000550	0.006866	0.000550	0.000550	0.007073	0.003708	0.001557	0.000550	0.000550	0.003170	0.002778	0.000550	0.000550	0.000550	0.000550	0.000550	0.000550	0.000550	0.000550	0.000550	0.000550	0.950554	
0.000624	0.001037	0.000624	0.000624	0.000624	0.000624	0.000624	0.000624	0.000624	0.000624	0.000624	0.000624	0.000624	0.000902	0.000624	0.000624	0.000624	0.000624	0.000624	0.000624	0.000624	0.000624	0.000624	0.000624	0.000624	0.000624	0.000624	0.000624	0.000624	0.004110	0.000624	0.000624	0.004317	0.002367	0.001754	0.000624	0.000624	0.001644	0.009342	0.000624	0.000624	0.000624	0.000624	0.000624	0.000624	0.000624	0.000624	0.000624	0.000624	0.948951	
0.000614	0.001368	0.000614	0.000614	0.000614	0.000614	0.000614	0.000614	0.000614	0.000614	0.000614	0.000614	0.000614	0.001652	0.000614	0.000614	0.000614	0.000614	0.000614	0.000614	0.000614	0.000614	0.000614	0.000614	0.000614	0.000614	0.000614	0.000614	0.000614	0.002469	0.000614	0.000614	0.002846	0.001542	0.001234	0.000614	0.000614	0.012313	0.006726	0.000614	0.000614	0.000614	0.000614	0.000614	0.000614	0.000614	0.000614	0.000614	0.000614	0.944656	
0.000632	0.003262	0.000632	0.000632	0.000632	0.000632	0.000632	0.000632	0.000632	0.000632	0.000632	0.000632	0.000632	0.001672	0.000632	0.000632	0.000632	0.000632	0.000632	0.000632	0.000632	0.000632	0.000632	0.000632	0.000632	0.000632	0.000632	0.000632	0.000632	0.002845	0.000632	0.000632	0.004160	0.001738	0.001189	0.000632	0.000632	0.005198	0.009225	0.000632	0.000632	0.000632	0.000632	0.000632	0.000632	0.000632	0.000632	0.000632	0.000632	0.944809	
0.000611	0.001027	0.000611	0.000611	0.000611	0.000611	0.000611	0.000611	0.000611	0.000611	0.000611	0.000611	0.000611	0.000891	0.000611	0.000611	0.000611	0.000611	0.000611	0.000611	0.000611	0.000611	0.000611	0.000611	0.000611	0.000611	0.000611	0.000611	0.000611	0.000947	0.000611	0.000611	0.001155	0.000779	0.000764	0.000611	0.000611	0.024093	0.007085	0.000611	0.000611	0.000611	0.000611	0.000611	0.000611	0.000611	0.000611	0.000611	0.000611	0.938213	
0.000634	0.005828	0.000634	0.000634	0.000634	0.000634	0.000634	0.000634	0.000634	0.000634	0.000634	0.000634	0.000634	0.000795	0.000634	0.000634	0.000634	0.000634	0.000634	0.000634	0.000634	0.000634	0.000634	0.000634	0.000634	0.000634	0.000634	0.000634	0.000634	0.002745	0.000634	0.000634	0.005342	0.001690	0.001243	0.000634	0.000634	0.007542	0.008439	0.000634	0.000634	0.000634	0.000634	0.000634	0.000634	0.000634	0.000634	0.000634	0.000634	0.940365	
0.000653	0.001306	0.000653	0.000653	0.000653	0.000653	0.000653	0.000653	0.000653	0.000653	0.000653	0.000653	0.000653	0.002472	0.000653	0.000653	0.000653	0.000653	0.000653	0.000653	0.000653	0.000653	0.000653	0.000653	0.000653	0.000653	0.000653	0.000653	0.000653	0.001364	0.000653	0.000653	0.001690	0.001009	0.001210	0.000653	0.000653	0.013248	0.009740	0.000653	0.000653	0.000653	0.000653	0.000653	0.000653	0.000653	0.000653	0.000653	0.000653	0.941172	
