0.004685	0.000158	0.000158	0.010498	0.004119	0.006510	0.011918	0.052182	0.010174	0.017063	0.007653	0.117545	0.030524	0.004745	0.021511	0.000158	0.003007	0.017749	0.044919	0.000158	0.015333	0.042271	0.002894	0.021417	0.055081	0.025032	0.001088	0.004922	0.007521	0.047797	0.000158	0.000822	0.036213	0.001949	0.020011	0.040649	0.015499	0.007010	0.004426	0.062733	0.024731	0.004055	0.027220	0.018568	0.037458	0.013878	0.002873	0.004565	0.007678	0.080712	
0.005554	0.000163	0.000163	0.004876	0.005576	0.002230	0.015847	0.070665	0.014813	0.011183	0.010030	0.157888	0.029400	0.005632	0.029083	0.000163	0.004579	0.003592	0.061619	0.000163	0.007894	0.008327	0.003351	0.030054	0.074492	0.021967	0.001497	0.001713	0.002559	0.021241	0.000163	0.001116	0.028380	0.002252	0.004012	0.054631	0.003137	0.008334	0.006571	0.085539	0.009631	0.004315	0.024024	0.015016	0.007394	0.019430	0.003818	0.005123	0.001621	0.109178	
0.014172	0.000160	0.000160	0.014241	0.005017	0.006823	0.014339	0.057325	0.024481	0.026683	0.019944	0.129819	0.022619	0.014371	0.024418	0.000160	0.006508	0.002762	0.040978	0.000160	0.010318	0.006074	0.007556	0.029100	0.057493	0.016885	0.000626	0.005157	0.007883	0.035273	0.000160	0.000493	0.021764	0.004995	0.002948	0.046628	0.002315	0.021391	0.006575	0.060834	0.025206	0.011168	0.028472	0.037292	0.005398	0.018855	0.007556	0.010980	0.001216	0.084249	
0.015237	0.000139	0.000139	0.020011	0.006527	0.009443	0.017509	0.023925	0.103829	0.060849	0.057659	0.030781	0.003407	0.015400	0.012135	0.000139	0.036336	0.002071	0.014280	0.000139	0.011246	0.004293	0.016094	0.074279	0.006302	0.002791	0.001022	0.007117	0.010924	0.117000	0.000139	0.000769	0.003944	0.010639	0.002097	0.011256	0.001652	0.022938	0.033291	0.014333	0.035446	0.015958	0.019968	0.050984	0.003818	0.047144	0.020122	0.014418	0.000881	0.009178	
0.004362	0.000139	0.000139	0.019707	0.009915	0.012530	0.026096	0.030535	0.103694	0.059322	0.049999	0.023266	0.003627	0.004382	0.011358	0.000139	0.038445	0.002117	0.037717	0.000139	0.009192	0.004234	0.011202	0.078677	0.006939	0.002947	0.002989	0.009432	0.014501	0.129406	0.000139	0.002175	0.004131	0.007459	0.002069	0.006791	0.001631	0.006478	0.038917	0.033086	0.049551	0.006455	0.026172	0.020079	0.003766	0.049790	0.017269	0.005912	0.000870	0.010113	
0.003073	0.000130	0.000130	0.011793	0.002079	0.002378	0.005426	0.012960	0.139558	0.065076	0.071868	0.027528	0.002639	0.002900	0.012810	0.000130	0.052390	0.002456	0.006996	0.000130	0.003878	0.005621	0.020742	0.105557	0.003337	0.002319	0.000548	0.001816	0.002736	0.143115	0.000130	0.000428	0.003513	0.013711	0.002719	0.003609	0.002130	0.004268	0.046341	0.007128	0.008951	0.018629	0.005379	0.054044	0.004993	0.066718	0.022482	0.016761	0.001111	0.004833	
0.003764	0.000159	0.000159	0.079459	0.002774	0.057952	0.007204	0.008015	0.014192	0.104744	0.009195	0.008741	0.001983	0.003802	0.002337	0.000159	0.004729	0.003354	0.007998	0.000159	0.004433	0.004701	0.003213	0.009856	0.002126	0.001787	0.000724	0.043504	0.067147	0.146060	0.000159	0.000563	0.002729	0.002162	0.002300	0.003160	0.001814	0.005602	0.005220	0.007306	0.212439	0.004019	0.113644	0.013014	0.004182	0.006332	0.003261	0.003650	0.000970	0.003045	
0.005651	0.000144	0.000144	0.011311	0.016916	0.004615	0.045034	0.041257	0.022579	0.024310	0.016922	0.028349	0.021055	0.005640	0.004758	0.000144	0.007405	0.031929	0.062994	0.000144	0.032848	0.076620	0.007749	0.016472	0.006522	0.020418	0.005174	0.003498	0.005327	0.075970	0.000144	0.003737	0.034499	0.005118	0.036197	0.007058	0.028003	0.008354	0.016152	0.052759	0.023690	0.011204	0.010584	0.043745	0.067880	0.010544	0.004974	0.010162	0.013801	0.009498	
0.004876	0.000147	0.000147	0.023704	0.013826	0.003257	0.036679	0.032365	0.011187	0.045664	0.027440	0.055097	0.014928	0.004441	0.002847	0.000147	0.003356	0.022963	0.050807	0.000147	0.024827	0.055051	0.023934	0.007684	0.004094	0.014533	0.004263	0.002479	0.003752	0.049202	0.000147	0.003087	0.024601	0.015646	0.026030	0.004824	0.020147	0.006562	0.010875	0.041962	0.017409	0.041613	0.007279	0.126061	0.048776	0.004973	0.002910	0.037370	0.009951	0.005936	
0.003792	0.000147	0.000147	0.030126	0.006953	0.015029	0.018718	0.021122	0.016938	0.049634	0.019442	0.039727	0.018517	0.003597	0.004557	0.000147	0.005764	0.027121	0.027568	0.000147	0.022440	0.064440	0.013225	0.013509	0.007662	0.017765	0.002093	0.011309	0.017396	0.087918	0.000147	0.001537	0.029747	0.008680	0.030457	0.006945	0.023568	0.005300	0.008779	0.025461	0.057379	0.021587	0.031238	0.070581	0.057092	0.008656	0.003613	0.019484	0.011628	0.011169	
0.005732	0.000148	0.000148	0.032588	0.009150	0.015039	0.024477	0.021843	0.008696	0.051350	0.018965	0.036138	0.017096	0.005515	0.002366	0.000148	0.002241	0.027589	0.031332	0.000148	0.024899	0.065567	0.015458	0.005153	0.003041	0.016807	0.002658	0.011316	0.017407	0.079563	0.000148	0.001941	0.028682	0.010124	0.030988	0.004566	0.023979	0.008166	0.006807	0.026118	0.058219	0.026827	0.030024	0.086217	0.058091	0.003385	0.002816	0.024103	0.011830	0.004391	
0.004333	0.000137	0.000137	0.017489	0.004216	0.007539	0.011389	0.014242	0.077061	0.051311	0.043246	0.023375	0.013602	0.004225	0.007641	0.000137	0.028434	0.021685	0.013506	0.000137	0.017639	0.051744	0.014575	0.057451	0.002678	0.013348	0.001145	0.005689	0.008717	0.121490	0.000137	0.000857	0.022733	0.009625	0.024466	0.003738	0.018937	0.006245	0.026666	0.011919	0.028661	0.016022	0.015282	0.053436	0.045846	0.036371	0.013113	0.014414	0.009353	0.003864	
0.003145	0.000140	0.000140	0.007479	0.002858	0.002811	0.008460	0.011137	0.011291	0.015903	0.009914	0.021343	0.036014	0.003113	0.003479	0.000140	0.003750	0.057685	0.011435	0.000140	0.038735	0.138895	0.005338	0.009042	0.006075	0.035420	0.000791	0.002143	0.003236	0.100739	0.000140	0.000605	0.060594	0.003535	0.065553	0.005620	0.050686	0.004581	0.004533	0.011981	0.010846	0.008176	0.006944	0.042729	0.123038	0.005821	0.002622	0.007440	0.024917	0.008845	
0.008589	0.000144	0.000144	0.004686	0.030068	0.002673	0.079360	0.067889	0.049097	0.020987	0.024760	0.016749	0.010363	0.008765	0.006228	0.000144	0.016714	0.015229	0.108724	0.000144	0.032279	0.036418	0.004777	0.034374	0.003990	0.009979	0.009210	0.002041	0.003075	0.070824	0.000144	0.006620	0.016713	0.003211	0.017244	0.006679	0.013358	0.013024	0.032026	0.087468	0.022352	0.002604	0.006113	0.015220	0.032272	0.021869	0.009843	0.002412	0.006621	0.005785	
0.005747	0.000144	0.000144	0.012091	0.016056	0.007721	0.042680	0.044713	0.045611	0.030272	0.023375	0.031637	0.016649	0.005834	0.008612	0.000144	0.016100	0.021113	0.062856	0.000144	0.025605	0.050342	0.005419	0.035388	0.011908	0.015472	0.004879	0.005827	0.008926	0.089264	0.000144	0.003526	0.025220	0.003627	0.023809	0.010915	0.018431	0.008645	0.023138	0.055334	0.034629	0.003968	0.018089	0.019858	0.044605	0.022510	0.008603	0.003767	0.009108	0.017398	
0.098980	0.000152	0.000152	0.006366	0.026473	0.003119	0.072377	0.067415	0.061457	0.011920	0.053545	0.010828	0.002308	0.101357	0.015097	0.000152	0.003035	0.002332	0.009074	0.000152	0.057593	0.005251	0.003389	0.006628	0.002656	0.002058	0.000782	0.002377	0.003591	0.017448	0.000152	0.000602	0.003136	0.002268	0.002556	0.047020	0.002009	0.151350	0.003872	0.008418	0.011909	0.004932	0.006620	0.052115	0.004668	0.005470	0.035475	0.004477	0.001062	0.003825	
0.081526	0.000150	0.000150	0.005151	0.026277	0.002414	0.071391	0.068179	0.064235	0.014145	0.050206	0.017671	0.003468	0.083480	0.014875	0.000150	0.007641	0.002304	0.026720	0.000150	0.050571	0.005225	0.003971	0.016742	0.005837	0.002899	0.002119	0.001848	0.002775	0.027692	0.000150	0.001557	0.004184	0.002661	0.002543	0.041278	0.001999	0.124642	0.010455	0.023883	0.011247	0.004353	0.006092	0.043805	0.004645	0.011652	0.031331	0.004011	0.001057	0.008490	
0.042094	0.000156	0.000156	0.016106	0.017824	0.006123	0.048299	0.061131	0.032303	0.028473	0.033181	0.071074	0.010640	0.042903	0.015733	0.000156	0.003685	0.002550	0.043661	0.000156	0.029531	0.005607	0.010343	0.014293	0.025138	0.008142	0.002554	0.004631	0.007073	0.026151	0.000156	0.001869	0.010780	0.006800	0.002725	0.036700	0.002141	0.064020	0.007848	0.046825	0.025419	0.017155	0.018482	0.064770	0.004984	0.009706	0.016023	0.015806	0.001129	0.036797	
0.028836	0.000157	0.000157	0.039572	0.016674	0.028675	0.044686	0.048306	0.025297	0.053430	0.019383	0.032379	0.006298	0.029511	0.009724	0.000157	0.003703	0.002888	0.044452	0.000157	0.023514	0.005183	0.002258	0.011052	0.013577	0.004956	0.003232	0.021546	0.033212	0.077186	0.000157	0.002353	0.006749	0.001536	0.002527	0.022637	0.001988	0.044011	0.009168	0.041686	0.108901	0.002670	0.059476	0.018885	0.004609	0.007447	0.011513	0.002633	0.001055	0.019840	
0.023570	0.000151	0.000151	0.011693	0.035373	0.005112	0.093599	0.081797	0.030238	0.023346	0.024183	0.032067	0.005056	0.024009	0.007260	0.000151	0.006499	0.004205	0.116924	0.000151	0.034724	0.009665	0.007241	0.014851	0.007227	0.004349	0.009747	0.003872	0.005901	0.033607	0.000151	0.007005	0.006519	0.004787	0.004636	0.015739	0.003617	0.035794	0.024173	0.095528	0.032011	0.010610	0.011734	0.039829	0.008578	0.009748	0.010801	0.009642	0.001850	0.010529	
0.031318	0.000145	0.000145	0.018223	0.017443	0.011116	0.046708	0.045833	0.071346	0.042599	0.042707	0.021240	0.004777	0.031992	0.010715	0.000145	0.020641	0.004917	0.040182	0.000145	0.026485	0.011061	0.008200	0.042667	0.005547	0.004237	0.003279	0.008373	0.012861	0.084534	0.000145	0.002384	0.006546	0.005453	0.005291	0.018123	0.004122	0.047724	0.023996	0.034329	0.044763	0.007348	0.023028	0.033820	0.009814	0.027391	0.019289	0.006690	0.002095	0.008068	
0.005957	0.000150	0.000150	0.038956	0.010816	0.003480	0.028461	0.027050	0.012074	0.074553	0.044642	0.090655	0.003785	0.005123	0.003374	0.000150	0.003586	0.003301	0.039340	0.000150	0.010920	0.007573	0.041845	0.008437	0.005148	0.003286	0.003233	0.002647	0.004010	0.021119	0.000150	0.002352	0.004944	0.027311	0.003650	0.005865	0.002854	0.007579	0.009080	0.033466	0.016737	0.073603	0.007991	0.210017	0.006725	0.005463	0.003236	0.066054	0.001476	0.007480	
0.006372	0.000142	0.000142	0.027822	0.006025	0.006901	0.015910	0.020653	0.073953	0.070031	0.054714	0.056111	0.003558	0.005996	0.008799	0.000142	0.026892	0.002403	0.020866	0.000142	0.007536	0.005229	0.027641	0.055328	0.006088	0.002963	0.001598	0.005211	0.007976	0.087478	0.000142	0.001182	0.004268	0.018130	0.002540	0.006914	0.001995	0.008888	0.026192	0.019406	0.026954	0.039961	0.014939	0.115235	0.004647	0.035070	0.013080	0.035923	0.001050	0.008863	
0.006616	0.000152	0.000152	0.030896	0.026577	0.009777	0.069883	0.058900	0.011511	0.053005	0.026169	0.054143	0.003046	0.006268	0.003019	0.000152	0.003008	0.002839	0.097750	0.000152	0.021247	0.006109	0.022020	0.006982	0.004100	0.002652	0.008276	0.007371	0.011309	0.033036	0.000152	0.005955	0.003978	0.014400	0.002960	0.005642	0.002322	0.009289	0.018300	0.078888	0.046977	0.038304	0.020018	0.110764	0.005428	0.004554	0.003386	0.034406	0.001216	0.005942	
