0	0	0	0	0	0	125	
0	0	46	0	94	0	0	
0	0	0	0	95	1	0	
144	0	0	4	0	0	0	
27	1	0	0	0	0	0	
44	0	0	27	62	0	0	
0	0	0	0	0	56	0	
0	0	2	0	39	0	0	
1	0	0	29	0	0	0	
0	0	0	0	0	0	169	
0	0	0	0	0	0	20	
0	0	1	0	104	0	0	
30	20	0	0	0	0	0	
0	104	0	0	1	0	0	
23	110	0	0	0	0	0	
0	0	11	0	17	0	2	
0	0	0	164	0	0	0	
52	48	0	0	0	0	0	
0	0	464	0	0	4	0	
0	0	181	0	0	0	0	
0	0	0	0	0	93	0	
2	0	1	0	174	0	0	
0	0	0	0	0	0	18	
151	48	0	6	0	0	0	
0	0	0	0	1	0	129	
0	0	16	0	0	0	0	
0	0	0	105	0	0	0	
0	0	0	0	0	0	0	
0	0	14	0	0	0	0	
0	0	0	4	0	44	0	
0	0	0	1	40	0	0	
0	0	0	51	0	0	0	
1	0	0	184	0	0	0	
0	0	0	0	0	0	0	
0	0	0	0	0	0	40	
0	0	0	0	0	0	0	
0	0	0	0	0	0	0	
56	0	2	0	0	0	0	
0	0	0	0	0	315	1	
0	1	0	125	0	0	0	
0	0	0	0	0	0	173	
0	70	0	0	0	0	0	
0	58	0	66	0	0	0	
0	28	0	0	0	0	0	
0	0	0	0	0	40	0	
0	0	13	0	1	0	0	
0	0	0	0	2	0	52	
0	0	0	0	0	0	0	
164	0	0	0	0	0	0	
0	0	0	0	0	122	0	
