0.058036	0.043613	0.058036	0.041209	0.041209	0.033997	0.723901	
0.026342	0.057075	0.047619	0.234380	0.220196	0.075988	0.338399	
0.064780	0.055234	0.026594	0.079100	0.102966	0.098193	0.573133	
0.033673	0.819388	0.024150	0.040816	0.021769	0.021769	0.038435	
0.319584	0.213950	0.026157	0.042589	0.293763	0.040241	0.063716	
0.170955	0.374746	0.052471	0.130670	0.206500	0.031144	0.033514	
0.163458	0.234380	0.047619	0.023978	0.480243	0.019250	0.031071	
0.100340	0.076531	0.476531	0.059864	0.109864	0.045578	0.131293	
0.140103	0.224441	0.328055	0.038898	0.036489	0.024441	0.207573	
0.073162	0.114424	0.480929	0.167822	0.024619	0.061026	0.078017	
0.051736	0.051736	0.722296	0.026035	0.030708	0.093792	0.023698	
0.171498	0.193503	0.376877	0.183723	0.024799	0.024799	0.024799	
0.084842	0.054326	0.054326	0.540241	0.040241	0.044936	0.181087	
0.165834	0.056277	0.049284	0.513154	0.168165	0.023643	0.023643	
0.131482	0.028438	0.070592	0.595182	0.101037	0.030780	0.042489	
0.031593	0.065247	0.067651	0.019574	0.021978	0.745536	0.048420	
0.021925	0.038712	0.026721	0.045906	0.165810	0.655019	0.045906	
0.024441	0.041308	0.022031	0.026850	0.034079	0.773838	0.077453	
0.097959	0.226531	0.043197	0.021769	0.036054	0.476531	0.097959	
0.642689	0.061513	0.028571	0.030924	0.023866	0.169748	0.042689	
0.282329	0.170955	0.166215	0.031144	0.061950	0.197021	0.090386	
0.132874	0.171429	0.099139	0.070224	0.414802	0.055766	0.055766	
0.203736	0.031823	0.046351	0.157731	0.462816	0.063300	0.034244	
0.127997	0.132725	0.101993	0.057075	0.295846	0.054711	0.229652	
