0.000650	0.001022	0.000650	0.000650	0.000650	0.000650	0.000650	0.000650	0.000650	0.000650	0.000650	0.000650	0.000650	0.000836	0.000650	0.000650	0.000650	0.000650	0.000650	0.000650	0.000650	0.000650	0.000650	0.000650	0.000650	0.000650	0.000650	0.000650	0.000650	0.001258	0.000650	0.000650	0.002650	0.000954	0.001108	0.000650	0.000650	0.002880	0.009235	0.000650	0.000650	0.000650	0.000650	0.000650	0.000650	0.000650	0.000650	0.000650	0.000650	0.953425	
0.000640	0.001039	0.000640	0.000640	0.000640	0.000640	0.000640	0.000640	0.000640	0.000640	0.000640	0.000640	0.000640	0.000839	0.000640	0.000640	0.000640	0.000640	0.000640	0.000640	0.000640	0.000640	0.000640	0.000640	0.000640	0.000640	0.000640	0.000640	0.000640	0.001546	0.000640	0.000640	0.001828	0.001093	0.000940	0.000640	0.000640	0.002575	0.010419	0.000640	0.000640	0.000640	0.000640	0.000640	0.000640	0.000640	0.000640	0.000640	0.000640	0.953472	
0.000650	0.001168	0.000650	0.000650	0.000650	0.000650	0.000650	0.000650	0.000650	0.000650	0.000650	0.000650	0.000650	0.000909	0.000650	0.000650	0.000650	0.000650	0.000650	0.000650	0.000650	0.000650	0.000650	0.000650	0.000650	0.000650	0.000650	0.000650	0.000650	0.001416	0.000650	0.000650	0.002248	0.001033	0.001256	0.000650	0.000650	0.002251	0.009035	0.000650	0.000650	0.000650	0.000650	0.000650	0.000650	0.000650	0.000650	0.000650	0.000650	0.954046	
0.000615	0.001329	0.000615	0.000615	0.000615	0.000615	0.000615	0.000615	0.000615	0.000615	0.000615	0.000615	0.000615	0.000972	0.000615	0.000615	0.000615	0.000615	0.000615	0.000615	0.000615	0.000615	0.000615	0.000615	0.000615	0.000615	0.000615	0.000615	0.000615	0.002790	0.000615	0.000615	0.003745	0.001703	0.002479	0.000615	0.000615	0.009600	0.004017	0.000615	0.000615	0.000615	0.000615	0.000615	0.000615	0.000615	0.000615	0.000615	0.000615	0.948136	
0.000656	0.000884	0.000656	0.000656	0.000656	0.000656	0.000656	0.000656	0.000656	0.000656	0.000656	0.000656	0.000656	0.000770	0.000656	0.000656	0.000656	0.000656	0.000656	0.000656	0.000656	0.000656	0.000656	0.000656	0.000656	0.000656	0.000656	0.000656	0.000656	0.000933	0.000656	0.000656	0.003175	0.000795	0.002634	0.000656	0.000656	0.008948	0.002131	0.000656	0.000656	0.000656	0.000656	0.000656	0.000656	0.000656	0.000656	0.000656	0.000656	0.952831	
0.000646	0.001074	0.000646	0.000646	0.000646	0.000646	0.000646	0.000646	0.000646	0.000646	0.000646	0.000646	0.000646	0.000860	0.000646	0.000646	0.000646	0.000646	0.000646	0.000646	0.000646	0.000646	0.000646	0.000646	0.000646	0.000646	0.000646	0.000646	0.000646	0.001152	0.000646	0.000646	0.003192	0.000899	0.002046	0.000646	0.000646	0.010803	0.002958	0.000646	0.000646	0.000646	0.000646	0.000646	0.000646	0.000646	0.000646	0.000646	0.000646	0.950530	
0.000610	0.001118	0.000610	0.000610	0.000610	0.000610	0.000610	0.000610	0.000610	0.000610	0.000610	0.000610	0.000610	0.000864	0.000610	0.000610	0.000610	0.000610	0.000610	0.000610	0.000610	0.000610	0.000610	0.000610	0.000610	0.000610	0.000610	0.000610	0.000610	0.000863	0.000610	0.000610	0.005808	0.000736	0.000799	0.000610	0.000610	0.024671	0.002226	0.000610	0.000610	0.000610	0.000610	0.000610	0.000610	0.000610	0.000610	0.000610	0.000610	0.937925	
0.000601	0.005081	0.000601	0.000601	0.000601	0.000601	0.000601	0.000601	0.000601	0.000601	0.000601	0.000601	0.000601	0.002841	0.000601	0.000601	0.000601	0.000601	0.000601	0.000601	0.000601	0.000601	0.000601	0.000601	0.000601	0.000601	0.000601	0.000601	0.000601	0.003068	0.000601	0.000601	0.003410	0.001834	0.000867	0.000601	0.000601	0.005211	0.013833	0.000601	0.000601	0.000601	0.000601	0.000601	0.000601	0.000601	0.000601	0.000601	0.000601	0.939230	
0.000626	0.006290	0.000626	0.000626	0.000626	0.000626	0.000626	0.000626	0.000626	0.000626	0.000626	0.000626	0.000626	0.003458	0.000626	0.000626	0.000626	0.000626	0.000626	0.000626	0.000626	0.000626	0.000626	0.000626	0.000626	0.000626	0.000626	0.000626	0.000626	0.001341	0.000626	0.000626	0.002109	0.000984	0.002042	0.000626	0.000626	0.001866	0.015460	0.000626	0.000626	0.000626	0.000626	0.000626	0.000626	0.000626	0.000626	0.000626	0.000626	0.940796	
0.000610	0.008119	0.000610	0.000610	0.000610	0.000610	0.000610	0.000610	0.000610	0.000610	0.000610	0.000610	0.000610	0.004364	0.000610	0.000610	0.000610	0.000610	0.000610	0.000610	0.000610	0.000610	0.000610	0.000610	0.000610	0.000610	0.000610	0.000610	0.000610	0.001101	0.000610	0.000610	0.001835	0.000855	0.000949	0.000610	0.000610	0.003906	0.020230	0.000610	0.000610	0.000610	0.000610	0.000610	0.000610	0.000610	0.000610	0.000610	0.000610	0.933643	
0.000601	0.008661	0.000601	0.000601	0.000601	0.000601	0.000601	0.000601	0.000601	0.000601	0.000601	0.000601	0.000601	0.004631	0.000601	0.000601	0.000601	0.000601	0.000601	0.000601	0.000601	0.000601	0.000601	0.000601	0.000601	0.000601	0.000601	0.000601	0.000601	0.001074	0.000601	0.000601	0.001884	0.000838	0.000959	0.000601	0.000601	0.004969	0.021295	0.000601	0.000601	0.000601	0.000601	0.000601	0.000601	0.000601	0.000601	0.000601	0.000601	0.931040	
0.000632	0.005237	0.000632	0.000632	0.000632	0.000632	0.000632	0.000632	0.000632	0.000632	0.000632	0.000632	0.000632	0.002935	0.000632	0.000632	0.000632	0.000632	0.000632	0.000632	0.000632	0.000632	0.000632	0.000632	0.000632	0.000632	0.000632	0.000632	0.000632	0.001228	0.000632	0.000632	0.002190	0.000930	0.001053	0.000632	0.000632	0.005767	0.012825	0.000632	0.000632	0.000632	0.000632	0.000632	0.000632	0.000632	0.000632	0.000632	0.000632	0.941919	
0.000703	0.001253	0.000703	0.000703	0.000703	0.000703	0.000703	0.000703	0.000703	0.000703	0.000703	0.000703	0.000703	0.000978	0.000703	0.000703	0.000703	0.000703	0.000703	0.000703	0.000703	0.000703	0.000703	0.000703	0.000703	0.000703	0.000703	0.000703	0.000703	0.000974	0.000703	0.000703	0.006723	0.000838	0.000918	0.000703	0.000703	0.002165	0.002517	0.000703	0.000703	0.000703	0.000703	0.000703	0.000703	0.000703	0.000703	0.000703	0.000703	0.954815	
0.000673	0.002101	0.000673	0.000673	0.000673	0.000673	0.000673	0.000673	0.000673	0.000673	0.000673	0.000673	0.000673	0.001387	0.000673	0.000673	0.000673	0.000673	0.000673	0.000673	0.000673	0.000673	0.000673	0.000673	0.000673	0.000673	0.000673	0.000673	0.000673	0.001748	0.000673	0.000673	0.004430	0.001210	0.001314	0.000673	0.000673	0.001999	0.005204	0.000673	0.000673	0.000673	0.000673	0.000673	0.000673	0.000673	0.000673	0.000673	0.000673	0.953028	
0.000669	0.002280	0.000669	0.000669	0.000669	0.000669	0.000669	0.000669	0.000669	0.000669	0.000669	0.000669	0.000669	0.001474	0.000669	0.000669	0.000669	0.000669	0.000669	0.000669	0.000669	0.000669	0.000669	0.000669	0.000669	0.000669	0.000669	0.000669	0.000669	0.001510	0.000669	0.000669	0.004458	0.001089	0.000994	0.000669	0.000669	0.003413	0.006150	0.000669	0.000669	0.000669	0.000669	0.000669	0.000669	0.000669	0.000669	0.000669	0.000669	0.951219	
0.000595	0.000970	0.000595	0.000595	0.000595	0.000595	0.000595	0.000595	0.000595	0.000595	0.000595	0.000595	0.000595	0.000783	0.000595	0.000595	0.000595	0.000595	0.000595	0.000595	0.000595	0.000595	0.000595	0.000595	0.000595	0.000595	0.000595	0.000595	0.000595	0.005734	0.000595	0.000595	0.003900	0.003165	0.000851	0.000595	0.000595	0.001545	0.007661	0.000595	0.000595	0.000595	0.000595	0.000595	0.000595	0.000595	0.000595	0.000595	0.000595	0.951005	
0.000577	0.000951	0.000577	0.000577	0.000577	0.000577	0.000577	0.000577	0.000577	0.000577	0.000577	0.000577	0.000577	0.000764	0.000577	0.000577	0.000577	0.000577	0.000577	0.000577	0.000577	0.000577	0.000577	0.000577	0.000577	0.000577	0.000577	0.000577	0.000577	0.006983	0.000577	0.000577	0.004352	0.003780	0.001070	0.000577	0.000577	0.001595	0.006828	0.000577	0.000577	0.000577	0.000577	0.000577	0.000577	0.000577	0.000577	0.000577	0.000577	0.950009	
0.000616	0.001127	0.000616	0.000616	0.000616	0.000616	0.000616	0.000616	0.000616	0.000616	0.000616	0.000616	0.000616	0.000872	0.000616	0.000616	0.000616	0.000616	0.000616	0.000616	0.000616	0.000616	0.000616	0.000616	0.000616	0.000616	0.000616	0.000616	0.000616	0.003853	0.000616	0.000616	0.003810	0.002234	0.001167	0.000616	0.000616	0.003478	0.007419	0.000616	0.000616	0.000616	0.000616	0.000616	0.000616	0.000616	0.000616	0.000616	0.000616	0.950781	
0.000564	0.001338	0.000564	0.000564	0.000564	0.000564	0.000564	0.000564	0.000564	0.000564	0.000564	0.000564	0.000564	0.000951	0.000564	0.000564	0.000564	0.000564	0.000564	0.000564	0.000564	0.000564	0.000564	0.000564	0.000564	0.000564	0.000564	0.000564	0.000564	0.007137	0.000564	0.000564	0.005155	0.003851	0.000709	0.000564	0.000564	0.006202	0.006194	0.000564	0.000564	0.000564	0.000564	0.000564	0.000564	0.000564	0.000564	0.000564	0.000564	0.945330	
0.000647	0.000989	0.000647	0.000647	0.000647	0.000647	0.000647	0.000647	0.000647	0.000647	0.000647	0.000647	0.000647	0.000818	0.000647	0.000647	0.000647	0.000647	0.000647	0.000647	0.000647	0.000647	0.000647	0.000647	0.000647	0.000647	0.000647	0.000647	0.000647	0.003532	0.000647	0.000647	0.002661	0.002090	0.000853	0.000647	0.000647	0.001940	0.004547	0.000647	0.000647	0.000647	0.000647	0.000647	0.000647	0.000647	0.000647	0.000647	0.000647	0.956058	
0.000632	0.001684	0.000632	0.000632	0.000632	0.000632	0.000632	0.000632	0.000632	0.000632	0.000632	0.000632	0.000632	0.001158	0.000632	0.000632	0.000632	0.000632	0.000632	0.000632	0.000632	0.000632	0.000632	0.000632	0.000632	0.000632	0.000632	0.000632	0.000632	0.004262	0.000632	0.000632	0.002918	0.002447	0.000824	0.000632	0.000632	0.001932	0.005451	0.000632	0.000632	0.000632	0.000632	0.000632	0.000632	0.000632	0.000632	0.000632	0.000632	0.953393	
0.000663	0.001127	0.000663	0.000663	0.000663	0.000663	0.000663	0.000663	0.000663	0.000663	0.000663	0.000663	0.000663	0.000895	0.000663	0.000663	0.000663	0.000663	0.000663	0.000663	0.000663	0.000663	0.000663	0.000663	0.000663	0.000663	0.000663	0.000663	0.000663	0.000871	0.000663	0.000663	0.001685	0.000767	0.004977	0.000663	0.000663	0.001546	0.002589	0.000663	0.000663	0.000663	0.000663	0.000663	0.000663	0.000663	0.000663	0.000663	0.000663	0.958341	
0.000665	0.000927	0.000665	0.000665	0.000665	0.000665	0.000665	0.000665	0.000665	0.000665	0.000665	0.000665	0.000665	0.000796	0.000665	0.000665	0.000665	0.000665	0.000665	0.000665	0.000665	0.000665	0.000665	0.000665	0.000665	0.000665	0.000665	0.000665	0.000665	0.001153	0.000665	0.000665	0.002614	0.000909	0.002213	0.000665	0.000665	0.006548	0.002381	0.000665	0.000665	0.000665	0.000665	0.000665	0.000665	0.000665	0.000665	0.000665	0.000665	0.955188	
0.000616	0.001823	0.000616	0.000616	0.000616	0.000616	0.000616	0.000616	0.000616	0.000616	0.000616	0.000616	0.000616	0.001219	0.000616	0.000616	0.000616	0.000616	0.000616	0.000616	0.000616	0.000616	0.000616	0.000616	0.000616	0.000616	0.000616	0.000616	0.000616	0.003357	0.000616	0.000616	0.003058	0.001986	0.002936	0.000616	0.000616	0.004590	0.005466	0.000616	0.000616	0.000616	0.000616	0.000616	0.000616	0.000616	0.000616	0.000616	0.000616	0.950311	
