0.004730	0.004118	0.009090	0.006647	0.006814	0.004763	0.178414	0.003993	0.008361	0.002451	0.003912	0.000524	0.004002	0.006094	0.010059	0.003912	0.000674	0.046027	0.001778	0.020567	0.007996	0.181774	0.003414	0.007409	0.074454	0.003275	0.041451	0.000947	0.002410	0.117358	0.007540	0.003869	0.041451	0.001347	0.001748	0.002403	0.000893	0.005452	0.003434	0.005084	0.004551	0.003391	0.000918	0.004652	0.001122	0.004226	0.007007	0.002411	0.002152	0.128929	
0.005152	0.005714	0.027881	0.016440	0.024035	0.020260	0.005535	0.004231	0.036107	0.002930	0.029501	0.000522	0.014851	0.077666	0.061604	0.006303	0.000674	0.028771	0.002605	0.107176	0.009772	0.005700	0.004299	0.022646	0.002392	0.073200	0.001395	0.017802	0.003587	0.003689	0.044328	0.004680	0.001395	0.001935	0.001860	0.051221	0.017128	0.006470	0.003630	0.005446	0.004831	0.025290	0.017757	0.007072	0.001168	0.065844	0.007474	0.009899	0.039535	0.060600	
0.003903	0.004824	0.061770	0.035458	0.010526	0.051283	0.006203	0.005982	0.091543	0.003501	0.004690	0.000468	0.036349	0.042858	0.010568	0.006570	0.000576	0.071202	0.002330	0.217581	0.007547	0.006363	0.002857	0.055411	0.002692	0.006651	0.001578	0.001767	0.003188	0.004141	0.007631	0.003651	0.001578	0.001745	0.001457	0.004747	0.001673	0.004990	0.005130	0.007634	0.006835	0.004028	0.001728	0.006230	0.000943	0.006956	0.010586	0.024960	0.003895	0.133224	
0.003803	0.046704	0.018685	0.004698	0.006483	0.002753	0.006070	0.003149	0.004814	0.002251	0.010438	0.000414	0.002463	0.006337	0.144573	0.005651	0.000523	0.005022	0.002078	0.018166	0.206996	0.006228	0.002761	0.003848	0.002609	0.005195	0.001511	0.001376	0.002854	0.004037	0.104962	0.097547	0.001511	0.001549	0.001391	0.003715	0.001298	0.107316	0.002706	0.004052	0.003592	0.003517	0.001341	0.005606	0.000885	0.005654	0.005541	0.001406	0.003091	0.110830	
0.012717	0.039400	0.033555	0.007617	0.022190	0.005614	0.008672	0.004203	0.009927	0.008303	0.020685	0.001218	0.005587	0.030365	0.086887	0.031778	0.001463	0.009501	0.013996	0.035058	0.091603	0.008995	0.009255	0.012323	0.003694	0.030831	0.002114	0.007739	0.019538	0.005748	0.063763	0.043209	0.002114	0.010216	0.004442	0.021728	0.007225	0.050556	0.003605	0.006034	0.004800	0.015876	0.007487	0.039190	0.002704	0.030798	0.007430	0.002793	0.017404	0.078052	
0.029637	0.043233	0.049857	0.013214	0.024167	0.010594	0.004966	0.007144	0.018827	0.012068	0.020222	0.002437	0.011217	0.013125	0.058600	0.044104	0.003249	0.015465	0.019489	0.048306	0.072450	0.005444	0.020959	0.020065	0.002154	0.006969	0.001261	0.002003	0.027227	0.003314	0.042270	0.034193	0.001261	0.014213	0.010234	0.005280	0.001598	0.045403	0.006115	0.010052	0.008174	0.016828	0.001651	0.054660	0.006159	0.014753	0.012703	0.005211	0.005809	0.091669	
0.006938	0.064727	0.048044	0.005129	0.025141	0.002138	0.006587	0.003951	0.003714	0.014639	0.008573	0.001084	0.002438	0.004181	0.084359	0.062267	0.000853	0.004298	0.027611	0.013110	0.118864	0.006796	0.004950	0.014807	0.002825	0.003274	0.001630	0.001362	0.038600	0.004377	0.064719	0.056046	0.001630	0.020118	0.002464	0.002413	0.000836	0.062950	0.003390	0.006459	0.004512	0.004469	0.000862	0.077562	0.001524	0.004880	0.006980	0.001107	0.002279	0.087531	
0.075820	0.006724	0.030216	0.006661	0.017270	0.005495	0.008728	0.003145	0.009719	0.002494	0.058441	0.005158	0.013375	0.046925	0.058369	0.005880	0.008100	0.009355	0.002596	0.038156	0.014561	0.009883	0.053841	0.007019	0.003714	0.051382	0.002123	0.012188	0.003581	0.005783	0.034309	0.006928	0.002123	0.001925	0.026026	0.036868	0.011714	0.028452	0.002702	0.004077	0.003588	0.053418	0.012143	0.007074	0.015569	0.067286	0.005537	0.002733	0.032702	0.068125	
0.089305	0.017819	0.032390	0.002950	0.006053	0.001542	0.030708	0.002080	0.002646	0.002080	0.051839	0.006051	0.012291	0.007473	0.064588	0.006070	0.009526	0.008844	0.002615	0.010064	0.066878	0.032447	0.062970	0.003035	0.012877	0.009224	0.007216	0.001953	0.003605	0.020236	0.037582	0.031567	0.007216	0.001940	0.030644	0.007601	0.001845	0.059029	0.001795	0.002729	0.002365	0.046995	0.001908	0.007114	0.018325	0.034151	0.003621	0.000820	0.011094	0.104284	
0.118710	0.008172	0.040502	0.006037	0.009644	0.003444	0.025850	0.004055	0.006047	0.003309	0.066328	0.008002	0.017321	0.010433	0.035177	0.007955	0.012621	0.010359	0.003554	0.017273	0.014919	0.027886	0.083686	0.005434	0.010852	0.011633	0.006091	0.002411	0.004920	0.017042	0.013101	0.007099	0.006091	0.002623	0.040703	0.009651	0.002270	0.040488	0.003480	0.005278	0.004631	0.062266	0.002349	0.009763	0.024322	0.044851	0.007165	0.001742	0.014393	0.098065	
0.112660	0.011363	0.036199	0.003588	0.005841	0.001811	0.026920	0.002569	0.003128	0.001844	0.063068	0.007570	0.015405	0.006977	0.050996	0.003916	0.011983	0.008370	0.001704	0.010300	0.042545	0.028896	0.079404	0.002872	0.011297	0.008881	0.006338	0.001741	0.002331	0.017745	0.024995	0.020108	0.006338	0.001277	0.038633	0.007654	0.001656	0.052994	0.002212	0.003298	0.002927	0.058423	0.001713	0.004552	0.023087	0.040666	0.004499	0.000949	0.012508	0.103250	
0.091921	0.013254	0.034892	0.004528	0.014458	0.001902	0.017371	0.003265	0.003294	0.003872	0.059576	0.006269	0.012885	0.025949	0.053106	0.012125	0.009796	0.006375	0.005410	0.016952	0.026317	0.018898	0.064992	0.004566	0.007316	0.030400	0.004124	0.007098	0.007521	0.011466	0.029249	0.012464	0.004124	0.003971	0.031535	0.022418	0.006757	0.038934	0.002805	0.004382	0.003726	0.054858	0.007002	0.015003	0.018854	0.053535	0.005752	0.000991	0.022589	0.081153	
0.025962	0.011246	0.019776	0.005138	0.025118	0.003120	0.034296	0.002799	0.005469	0.004401	0.040080	0.001962	0.005484	0.064557	0.062395	0.015428	0.002858	0.011795	0.006920	0.034777	0.006599	0.035268	0.018940	0.006699	0.014371	0.072858	0.008046	0.017693	0.009632	0.022594	0.043338	0.003181	0.008046	0.005071	0.008974	0.051241	0.016947	0.010590	0.002408	0.003873	0.003190	0.035461	0.017569	0.019248	0.005406	0.071618	0.004911	0.001585	0.040773	0.050292	
0.008126	0.004487	0.008444	0.013010	0.038218	0.002990	0.006981	0.010489	0.005243	0.005141	0.041356	0.000691	0.003275	0.089767	0.081945	0.004506	0.000972	0.005552	0.002030	0.043057	0.007820	0.007213	0.006634	0.004090	0.002985	0.101854	0.001716	0.024681	0.002790	0.004634	0.058574	0.003752	0.001716	0.001512	0.002866	0.071262	0.023771	0.006286	0.008965	0.013334	0.012012	0.035649	0.024646	0.005484	0.001761	0.091910	0.018714	0.001517	0.055047	0.020525	
0.011690	0.015316	0.030786	0.011908	0.026970	0.013488	0.007531	0.003628	0.024003	0.005738	0.031622	0.001064	0.010938	0.069482	0.061008	0.020532	0.001357	0.019983	0.009052	0.077688	0.011368	0.007819	0.008867	0.018415	0.003220	0.069546	0.001852	0.017001	0.012616	0.004999	0.044166	0.005428	0.001852	0.006622	0.004092	0.048750	0.016243	0.009094	0.003115	0.005037	0.004140	0.027384	0.016839	0.025253	0.002497	0.064540	0.006396	0.006613	0.038027	0.054423	
0.004271	0.005098	0.009223	0.093229	0.118010	0.003840	0.007146	0.091076	0.006735	0.037506	0.004062	0.000483	0.004577	0.006559	0.007791	0.006189	0.000598	0.006727	0.002796	0.017138	0.005616	0.007329	0.003093	0.005323	0.003074	0.004563	0.001781	0.001255	0.003848	0.004754	0.005650	0.002732	0.001781	0.002079	0.001570	0.003287	0.001170	0.004097	0.077707	0.115284	0.104445	0.003558	0.001207	0.007579	0.001003	0.005230	0.163269	0.001947	0.002796	0.019919	
0.003833	0.027930	0.033084	0.067083	0.094613	0.006145	0.004504	0.063596	0.010861	0.034106	0.003956	0.000737	0.005723	0.008535	0.008261	0.041804	0.000545	0.009287	0.018686	0.027263	0.005635	0.004633	0.002785	0.014969	0.001969	0.004898	0.001164	0.001622	0.026097	0.003015	0.008420	0.002738	0.001164	0.013633	0.001415	0.003514	0.001245	0.003985	0.054267	0.081399	0.072926	0.003444	0.001285	0.052373	0.000908	0.005398	0.113974	0.003061	0.002943	0.034571	
0.003390	0.005136	0.026160	0.065200	0.070044	0.020030	0.022079	0.053731	0.035674	0.022192	0.003834	0.000415	0.015203	0.018345	0.012658	0.004404	0.000513	0.032118	0.001767	0.085476	0.012810	0.022526	0.002475	0.022160	0.009301	0.004565	0.005245	0.001248	0.002404	0.014574	0.009168	0.006125	0.005245	0.001333	0.001275	0.003280	0.001182	0.007548	0.045855	0.067995	0.061607	0.003125	0.001219	0.004662	0.000830	0.004973	0.096261	0.009801	0.002741	0.070101	
0.012330	0.013917	0.011570	0.033927	0.042989	0.002622	0.079726	0.032490	0.004553	0.013834	0.009338	0.001002	0.003874	0.004535	0.040908	0.004457	0.001450	0.021192	0.001928	0.012834	0.053191	0.081359	0.008756	0.004306	0.033318	0.003406	0.018586	0.000925	0.002632	0.052471	0.028885	0.025138	0.018586	0.001449	0.004330	0.002582	0.000868	0.030742	0.027737	0.041141	0.037243	0.007180	0.000893	0.005125	0.002650	0.006564	0.058156	0.001359	0.002731	0.088214	
0.012774	0.042518	0.045008	0.007927	0.037811	0.003506	0.011366	0.005568	0.006162	0.015280	0.024841	0.001467	0.004145	0.044528	0.048065	0.061752	0.001466	0.007227	0.027610	0.029876	0.013934	0.011740	0.009452	0.016302	0.004815	0.049037	0.002736	0.012379	0.038599	0.007518	0.037528	0.006633	0.002736	0.020117	0.004460	0.034441	0.011460	0.010709	0.004769	0.008504	0.006366	0.021554	0.011880	0.077561	0.002714	0.046823	0.009881	0.001770	0.027137	0.047550	
0.065667	0.021850	0.046993	0.015442	0.026320	0.010094	0.006175	0.009527	0.017935	0.010075	0.042831	0.004692	0.015407	0.025891	0.035385	0.029878	0.007040	0.015054	0.013272	0.049134	0.013599	0.007149	0.046453	0.016721	0.002656	0.022908	0.001539	0.005564	0.018524	0.004108	0.020445	0.006479	0.001539	0.009691	0.022559	0.016861	0.005140	0.025154	0.008147	0.012728	0.010907	0.039569	0.005325	0.037145	0.013506	0.039285	0.016980	0.004967	0.016792	0.078898	
0.029112	0.056301	0.054201	0.010421	0.034960	0.002026	0.007271	0.009270	0.003514	0.018126	0.019957	0.002596	0.005210	0.007917	0.050730	0.068452	0.003188	0.004298	0.030519	0.012453	0.059319	0.007784	0.020598	0.016017	0.003110	0.008140	0.001789	0.002484	0.042672	0.004827	0.038268	0.028006	0.001789	0.022233	0.010050	0.006089	0.001867	0.038517	0.007927	0.013344	0.010613	0.016931	0.001931	0.085758	0.006047	0.015631	0.016522	0.001053	0.006397	0.073764	
0.008437	0.061894	0.070798	0.009230	0.034255	0.011008	0.025614	0.002933	0.019562	0.020810	0.006813	0.001449	0.008795	0.012695	0.013839	0.093044	0.001024	0.020614	0.041516	0.048550	0.011151	0.026194	0.006030	0.030704	0.010761	0.005706	0.006046	0.002205	0.058062	0.016891	0.015450	0.005331	0.006046	0.030235	0.002986	0.004134	0.001407	0.008086	0.002524	0.005925	0.003342	0.005967	0.001453	0.116724	0.001841	0.007454	0.005142	0.005415	0.003687	0.080220	
0.014960	0.050782	0.043551	0.008995	0.029168	0.001835	0.036169	0.007969	0.003165	0.015035	0.012435	0.001575	0.003291	0.006769	0.055291	0.056306	0.001707	0.010454	0.025070	0.011453	0.070250	0.037031	0.010629	0.013600	0.015156	0.006697	0.008486	0.002111	0.035039	0.023828	0.042398	0.033159	0.008486	0.018273	0.005215	0.004906	0.001604	0.040219	0.006819	0.011398	0.009119	0.009496	0.001658	0.070385	0.003169	0.010230	0.014180	0.000966	0.004661	0.084854	
