0.000140	0.060492	0.001690	0.001221	0.046034	0.010848	0.013708	0.041411	0.000140	0.003393	0.009678	0.003832	0.041379	0.010463	0.007184	0.003087	0.006910	0.024747	0.034201	0.065323	0.009178	0.003200	0.008388	0.009678	0.041066	0.075726	0.002363	0.034854	0.015318	0.011869	0.006361	0.060653	0.006841	0.000140	0.017299	0.002989	0.027554	0.041379	0.004056	0.043884	0.033647	0.010463	0.001133	0.086705	0.024559	0.000140	0.014477	0.010400	0.006709	0.003087	
0.000150	0.075203	0.005845	0.000958	0.029537	0.008157	0.037569	0.021676	0.000150	0.003230	0.037089	0.003545	0.051444	0.005108	0.005633	0.002354	0.006071	0.005868	0.030283	0.080795	0.006908	0.002677	0.016160	0.037089	0.011077	0.030497	0.002194	0.046815	0.003677	0.002876	0.024241	0.069732	0.008486	0.000150	0.007711	0.002281	0.034393	0.051444	0.002031	0.052806	0.041826	0.005108	0.001063	0.043163	0.021105	0.000150	0.027648	0.028893	0.004776	0.002354	
0.000145	0.041840	0.001632	0.004240	0.040495	0.040716	0.042173	0.050547	0.000145	0.011843	0.007471	0.003540	0.028629	0.007901	0.026625	0.011312	0.011444	0.007988	0.024641	0.053600	0.034389	0.007750	0.017695	0.007471	0.022734	0.040041	0.002189	0.029618	0.004983	0.003883	0.004923	0.085206	0.004774	0.000145	0.008738	0.010939	0.019309	0.028629	0.003087	0.041317	0.023288	0.007901	0.001058	0.081591	0.014499	0.000145	0.011249	0.032418	0.021791	0.011312	
0.000172	0.007713	0.008745	0.000671	0.053716	0.005113	0.155771	0.006293	0.000172	0.002796	0.056211	0.004375	0.005298	0.001111	0.003797	0.001532	0.006682	0.004442	0.003872	0.054391	0.004343	0.002525	0.056681	0.056211	0.008066	0.017821	0.002703	0.030316	0.002806	0.002207	0.036719	0.197929	0.001005	0.000172	0.008168	0.001487	0.004656	0.005298	0.000528	0.006802	0.004337	0.001111	0.001302	0.010051	0.006019	0.000172	0.023518	0.119833	0.002808	0.001532	
0.000141	0.010772	0.001281	0.000670	0.026416	0.005384	0.061520	0.006706	0.000141	0.001788	0.007313	0.062576	0.006951	0.001159	0.003608	0.001584	0.085596	0.009899	0.004699	0.028515	0.004566	0.024456	0.084490	0.007313	0.016627	0.130868	0.037736	0.015790	0.006160	0.004792	0.004818	0.081596	0.001248	0.000141	0.092829	0.001536	0.005081	0.006951	0.000527	0.008512	0.005674	0.001159	0.016925	0.010786	0.045953	0.000141	0.004794	0.047285	0.002940	0.001584	
0.000161	0.031332	0.008645	0.000661	0.037774	0.005114	0.081946	0.012885	0.000161	0.002775	0.055614	0.014668	0.021368	0.003052	0.003789	0.001524	0.020633	0.007614	0.013925	0.055078	0.004342	0.006393	0.042409	0.055614	0.012996	0.047068	0.008896	0.030576	0.004758	0.003713	0.036326	0.114923	0.003607	0.000161	0.024217	0.001479	0.014782	0.021368	0.001258	0.022473	0.017391	0.003052	0.004061	0.025391	0.019020	0.000161	0.027298	0.063019	0.003005	0.001524	
0.000169	0.005181	0.020069	0.000932	0.007394	0.007725	0.008261	0.007217	0.000169	0.005151	0.130482	0.047005	0.003252	0.000922	0.006035	0.002249	0.064872	0.006184	0.002686	0.012331	0.006546	0.018974	0.050709	0.130482	0.011441	0.096840	0.028371	0.003946	0.003879	0.003036	0.085156	0.013877	0.000670	0.000169	0.069065	0.002180	0.002268	0.003252	0.000455	0.005670	0.002674	0.000922	0.012760	0.009897	0.033437	0.000169	0.052140	0.006351	0.004129	0.002249	
0.000142	0.004743	0.001773	0.001024	0.076954	0.008885	0.022984	0.061061	0.000142	0.002850	0.010333	0.005760	0.003247	0.016626	0.005911	0.002548	0.009197	0.047541	0.027079	0.025494	0.007521	0.003620	0.013399	0.010333	0.075922	0.131590	0.003525	0.006346	0.029379	0.022734	0.006788	0.094214	0.000647	0.000142	0.031090	0.002468	0.002356	0.003247	0.006395	0.006057	0.002665	0.016626	0.001652	0.134154	0.021291	0.000142	0.005147	0.017372	0.006339	0.002548	
0.000149	0.004779	0.006950	0.000501	0.083942	0.003636	0.011937	0.082599	0.000149	0.002108	0.044629	0.004413	0.003284	0.023932	0.002743	0.001109	0.006501	0.016254	0.038425	0.022833	0.003092	0.002298	0.008411	0.044629	0.026029	0.095158	0.002716	0.004571	0.010083	0.007825	0.029158	0.110008	0.000658	0.000149	0.013981	0.001077	0.002307	0.003284	0.009170	0.004357	0.002696	0.023932	0.001295	0.188892	0.010157	0.000149	0.018434	0.009101	0.004401	0.001109	
0.000150	0.007563	0.006647	0.001014	0.051823	0.008719	0.009710	0.027211	0.000150	0.003504	0.042328	0.007618	0.005163	0.006645	0.006037	0.002508	0.011683	0.073318	0.012423	0.024009	0.007382	0.004297	0.010758	0.042328	0.115864	0.153412	0.004647	0.005588	0.045282	0.035024	0.027658	0.037576	0.000964	0.000150	0.046228	0.002429	0.003533	0.005163	0.002614	0.007868	0.004223	0.006645	0.002157	0.055544	0.031439	0.000150	0.018144	0.006978	0.005224	0.002508	
0.000142	0.006471	0.001500	0.000708	0.060611	0.005755	0.013503	0.022666	0.000142	0.001925	0.008728	0.003738	0.004443	0.005816	0.003860	0.001687	0.005942	0.099359	0.010829	0.026150	0.004880	0.002371	0.007989	0.008728	0.155510	0.187977	0.002307	0.005615	0.061341	0.047432	0.005741	0.038625	0.000841	0.000142	0.053426	0.001635	0.003078	0.004443	0.002294	0.006189	0.003636	0.005816	0.001108	0.047589	0.037437	0.000142	0.004731	0.009706	0.003613	0.001687	
0.000150	0.004127	0.006488	0.000507	0.046442	0.003688	0.008785	0.007460	0.000150	0.002057	0.041590	0.008761	0.002806	0.001688	0.002755	0.001123	0.012401	0.099741	0.003700	0.021951	0.003136	0.003942	0.011532	0.041590	0.155565	0.187331	0.005335	0.003535	0.061580	0.047619	0.027176	0.016153	0.000581	0.000150	0.060679	0.001091	0.001963	0.002806	0.000733	0.003908	0.002308	0.001688	0.002464	0.014033	0.040129	0.000150	0.017127	0.006076	0.002127	0.001123	
0.000140	0.083879	0.001508	0.000890	0.033207	0.007572	0.015459	0.028573	0.000140	0.002439	0.008686	0.004809	0.057363	0.007242	0.005043	0.002185	0.007693	0.016065	0.036196	0.083420	0.006413	0.003056	0.010002	0.008686	0.026755	0.055351	0.002951	0.047749	0.009963	0.007730	0.005713	0.051060	0.009438	0.000140	0.014456	0.002117	0.038156	0.057363	0.002834	0.058387	0.046633	0.007242	0.001395	0.059731	0.027353	0.000140	0.017994	0.011809	0.004693	0.002185	
0.000141	0.087953	0.001476	0.000519	0.027940	0.003884	0.032707	0.018389	0.000141	0.001391	0.008687	0.009986	0.060111	0.004880	0.002641	0.001171	0.014098	0.007438	0.033732	0.089541	0.003300	0.004430	0.021106	0.008687	0.012423	0.044230	0.006069	0.052822	0.004642	0.003619	0.005715	0.063404	0.009886	0.000141	0.017555	0.001137	0.040099	0.060111	0.001939	0.059848	0.048867	0.004880	0.002788	0.039291	0.028601	0.000141	0.018581	0.025139	0.002554	0.001171	
0.000137	0.101872	0.001394	0.000743	0.011365	0.006136	0.009347	0.007161	0.000137	0.002015	0.008035	0.016086	0.069582	0.001157	0.004102	0.001788	0.022736	0.013394	0.032102	0.093922	0.005200	0.007075	0.019479	0.008035	0.022245	0.056135	0.009741	0.056350	0.008314	0.006456	0.005288	0.020039	0.011422	0.000137	0.029046	0.001733	0.046208	0.069582	0.000524	0.069827	0.056561	0.001157	0.004425	0.011183	0.037492	0.000137	0.020754	0.007127	0.003325	0.001788	
0.000156	0.006263	0.007762	0.010759	0.011236	0.105223	0.014697	0.067607	0.000156	0.030986	0.043804	0.002724	0.004313	0.001575	0.068911	0.029074	0.020986	0.005545	0.004177	0.012633	0.088837	0.017509	0.007643	0.043804	0.035507	0.017851	0.001702	0.005862	0.003480	0.002725	0.028622	0.024158	0.000832	0.000156	0.006392	0.028110	0.003011	0.004313	0.000694	0.038910	0.003534	0.001575	0.000846	0.064330	0.005026	0.000156	0.021167	0.011303	0.054282	0.029074	
0.000149	0.003275	0.002197	0.011547	0.016767	0.113097	0.034932	0.071993	0.000149	0.032416	0.006800	0.004976	0.002251	0.001478	0.073769	0.031235	0.025340	0.004124	0.003130	0.014231	0.095481	0.019581	0.016743	0.006800	0.035330	0.018923	0.003055	0.007636	0.002601	0.002044	0.004487	0.048898	0.000490	0.000149	0.008880	0.030199	0.001784	0.002251	0.000653	0.039502	0.001857	0.001478	0.001446	0.067587	0.005329	0.000149	0.006386	0.026877	0.058315	0.031235	
0.000147	0.004419	0.002853	0.012653	0.010305	0.124072	0.008385	0.080139	0.000147	0.035616	0.010460	0.005268	0.003030	0.001950	0.080943	0.034255	0.027549	0.005204	0.004206	0.008124	0.104744	0.021402	0.008127	0.010460	0.039827	0.022516	0.003230	0.003792	0.003267	0.002558	0.006873	0.017789	0.000615	0.000147	0.009818	0.033118	0.002114	0.003030	0.000831	0.043887	0.002490	0.001950	0.001523	0.076852	0.006151	0.000147	0.008314	0.006447	0.064001	0.034255	
0.000160	0.003241	0.011895	0.003634	0.055185	0.034590	0.011726	0.074824	0.000160	0.011583	0.075200	0.003546	0.002241	0.016178	0.023130	0.009636	0.010433	0.004450	0.025927	0.017172	0.029220	0.006804	0.007488	0.075200	0.015661	0.054367	0.002199	0.003734	0.002806	0.002205	0.049099	0.078749	0.000498	0.000160	0.007015	0.009320	0.001619	0.002241	0.006236	0.013561	0.001851	0.016178	0.001070	0.143475	0.005017	0.000160	0.030991	0.009026	0.019506	0.009636	
0.000137	0.007198	0.001878	0.002440	0.020089	0.022962	0.017784	0.027777	0.000137	0.006847	0.010207	0.067697	0.004468	0.004288	0.015078	0.006419	0.095440	0.004028	0.008473	0.013623	0.019402	0.029123	0.075061	0.010207	0.012037	0.137959	0.040818	0.006503	0.002537	0.001991	0.006704	0.039661	0.000840	0.000137	0.097193	0.006209	0.003129	0.004468	0.001711	0.011898	0.003656	0.004288	0.018298	0.044293	0.046584	0.000137	0.005788	0.013684	0.012293	0.006419	
0.000147	0.003756	0.004746	0.002543	0.055126	0.023887	0.026627	0.055974	0.000147	0.007525	0.028935	0.019338	0.002474	0.012478	0.015819	0.006681	0.030068	0.021649	0.020299	0.020658	0.020185	0.011072	0.028572	0.028935	0.039604	0.101910	0.011703	0.006390	0.013410	0.010396	0.018922	0.082534	0.000525	0.000147	0.037629	0.006463	0.001872	0.002474	0.004824	0.010256	0.002037	0.012478	0.005306	0.109074	0.020944	0.000147	0.012647	0.020362	0.013620	0.006681	
0.000152	0.009128	0.009127	0.001326	0.022726	0.011788	0.023754	0.017741	0.000152	0.004728	0.058427	0.048070	0.005937	0.003303	0.008154	0.003354	0.066995	0.013925	0.007573	0.019822	0.009973	0.020000	0.056980	0.058427	0.024508	0.117425	0.029006	0.008647	0.008647	0.006716	0.038157	0.042855	0.001092	0.000152	0.074343	0.003248	0.004149	0.005937	0.001347	0.009636	0.004852	0.003303	0.013033	0.030802	0.037689	0.000152	0.024722	0.018209	0.006456	0.003354	
0.000142	0.008422	0.001864	0.001772	0.024414	0.016293	0.056009	0.014604	0.000142	0.004960	0.010480	0.059596	0.005367	0.001572	0.010737	0.004587	0.083359	0.005929	0.004646	0.024682	0.013774	0.025036	0.079609	0.010480	0.013268	0.119867	0.035942	0.013624	0.003711	0.002900	0.006885	0.076300	0.000991	0.000142	0.086701	0.004439	0.003994	0.005367	0.000684	0.010570	0.004387	0.001572	0.016124	0.019531	0.042193	0.000142	0.005938	0.043075	0.008588	0.004587	
0.000139	0.005690	0.001630	0.000492	0.038577	0.003635	0.035773	0.021683	0.000139	0.001342	0.009723	0.053805	0.003540	0.005897	0.002485	0.001101	0.073424	0.024150	0.010562	0.021120	0.003089	0.020881	0.066844	0.009723	0.038287	0.151012	0.032454	0.008760	0.014949	0.011583	0.006390	0.068038	0.000692	0.000139	0.087401	0.001069	0.002640	0.003540	0.002323	0.004609	0.002902	0.005897	0.014565	0.047175	0.044144	0.000139	0.004836	0.027377	0.002531	0.001101	
