0	0	26	13	0	0	57	
0	0	0	0	18	0	0	
0	0	0	0	0	0	0	
0	0	0	0	0	0	28	
0	53	0	0	0	0	0	
0	0	0	299	0	0	0	
0	0	22	0	0	0	0	
66	22	0	0	0	115	0	
135	0	0	0	0	0	0	
0	0	0	0	0	0	44	
0	95	0	0	0	0	0	
0	0	0	0	0	27	43	
0	0	0	0	0	107	0	
0	0	0	0	130	0	0	
0	0	66	0	0	44	0	
0	0	81	0	0	89	1	
0	2	0	0	73	0	56	
0	0	0	0	3	0	139	
0	0	0	0	0	0	14	
0	25	45	0	0	0	0	
0	33	1	0	0	0	0	
0	0	0	0	0	11	0	
61	0	0	0	67	0	0	
0	0	0	1	17	0	0	
0	0	32	0	12	0	0	
0	0	103	0	0	0	0	
0	0	0	14	0	0	0	
0	0	74	0	0	48	0	
61	0	0	0	0	0	0	
0	0	0	0	102	0	0	
0	0	0	14	0	0	0	
26	0	0	79	0	0	131	
0	42	0	0	0	0	0	
0	0	0	0	33	0	0	
0	0	0	0	0	163	0	
0	0	0	0	0	0	46	
0	0	33	0	0	66	0	
0	30	2	0	0	0	136	
68	176	0	0	0	0	0	
0	0	110	0	74	2	31	
0	0	0	1	0	0	45	
61	0	0	0	0	0	0	
0	0	51	0	42	0	0	
0	0	2	1	0	24	0	
0	0	0	0	16	0	0	
0	0	0	0	0	0	15	
0	0	110	0	141	0	43	
0	0	0	0	78	0	155	
0	0	0	0	0	0	48	
0	0	30	0	0	0	0	
