0.000564	0.002157	0.000564	0.000564	0.000564	0.000564	0.000564	0.000564	0.000564	0.000564	0.000564	0.000564	0.000564	0.000735	0.000564	0.000564	0.000564	0.000564	0.000564	0.000564	0.000564	0.000564	0.000564	0.000564	0.000564	0.000564	0.000564	0.000564	0.000564	0.006748	0.000564	0.000564	0.008170	0.000717	0.000735	0.000564	0.000564	0.001439	0.008955	0.000564	0.000564	0.000564	0.000564	0.000564	0.000564	0.000564	0.000564	0.000564	0.000564	0.947230	
0.000628	0.001703	0.000628	0.000628	0.000628	0.000628	0.000628	0.000628	0.000628	0.000628	0.000628	0.000628	0.000628	0.000994	0.000628	0.000628	0.000628	0.000628	0.000628	0.000628	0.000628	0.000628	0.000628	0.000628	0.000628	0.000628	0.000628	0.000628	0.000628	0.001879	0.000628	0.000628	0.002589	0.003431	0.000994	0.000628	0.000628	0.002294	0.004194	0.000628	0.000628	0.000628	0.000628	0.000628	0.000628	0.000628	0.000628	0.000628	0.000628	0.956159	
0.000568	0.000903	0.000568	0.000568	0.000568	0.000568	0.000568	0.000568	0.000568	0.000568	0.000568	0.000568	0.000568	0.000727	0.000568	0.000568	0.000568	0.000568	0.000568	0.000568	0.000568	0.000568	0.000568	0.000568	0.000568	0.000568	0.000568	0.000568	0.000568	0.004837	0.000568	0.000568	0.005013	0.002109	0.000727	0.000568	0.000568	0.001831	0.004160	0.000568	0.000568	0.000568	0.000568	0.000568	0.000568	0.000568	0.000568	0.000568	0.000568	0.956393	
0.000781	0.001229	0.000781	0.000781	0.000781	0.000781	0.000781	0.000781	0.000781	0.000781	0.000781	0.000781	0.000781	0.000926	0.000781	0.000781	0.000781	0.000781	0.000781	0.000781	0.000781	0.000781	0.000781	0.000781	0.000781	0.000781	0.000781	0.000781	0.000781	0.001091	0.000781	0.000781	0.001395	0.000920	0.000926	0.000781	0.000781	0.015597	0.002338	0.000781	0.000781	0.000781	0.000781	0.000781	0.000781	0.000781	0.000781	0.000781	0.000781	0.943563	
0.000653	0.002704	0.000653	0.000653	0.000653	0.000653	0.000653	0.000653	0.000653	0.000653	0.000653	0.000653	0.000653	0.002187	0.000653	0.000653	0.000653	0.000653	0.000653	0.000653	0.000653	0.000653	0.000653	0.000653	0.000653	0.000653	0.000653	0.000653	0.000653	0.000941	0.000653	0.000653	0.001458	0.001987	0.002187	0.000653	0.000653	0.010623	0.004556	0.000653	0.000653	0.000653	0.000653	0.000653	0.000653	0.000653	0.000653	0.000653	0.000653	0.946568	
0.000722	0.001595	0.000722	0.000722	0.000722	0.000722	0.000722	0.000722	0.000722	0.000722	0.000722	0.000722	0.000722	0.001270	0.000722	0.000722	0.000722	0.000722	0.000722	0.000722	0.000722	0.000722	0.000722	0.000722	0.000722	0.000722	0.000722	0.000722	0.000722	0.001317	0.000722	0.000722	0.001642	0.001591	0.001270	0.000722	0.000722	0.014370	0.002701	0.000722	0.000722	0.000722	0.000722	0.000722	0.000722	0.000722	0.000722	0.000722	0.000722	0.944659	
0.000605	0.004499	0.000605	0.000605	0.000605	0.000605	0.000605	0.000605	0.000605	0.000605	0.000605	0.000605	0.000605	0.004284	0.000605	0.000605	0.000605	0.000605	0.000605	0.000605	0.000605	0.000605	0.000605	0.000605	0.000605	0.000605	0.000605	0.000605	0.000605	0.000911	0.000605	0.000605	0.001127	0.000770	0.004284	0.000605	0.000605	0.011185	0.002421	0.000605	0.000605	0.000605	0.000605	0.000605	0.000605	0.000605	0.000605	0.000605	0.000605	0.945723	
0.000834	0.007873	0.000834	0.000834	0.000834	0.000834	0.000834	0.000834	0.000834	0.000834	0.000834	0.000834	0.000834	0.001055	0.000834	0.000834	0.000834	0.000834	0.000834	0.000834	0.000834	0.000834	0.000834	0.000834	0.000834	0.000834	0.000834	0.000834	0.000834	0.001076	0.000834	0.000834	0.007895	0.001136	0.001055	0.000834	0.000834	0.002265	0.022593	0.000834	0.000834	0.000834	0.000834	0.000834	0.000834	0.000834	0.000834	0.000834	0.000834	0.920875	
0.000681	0.003109	0.000681	0.000681	0.000681	0.000681	0.000681	0.000681	0.000681	0.000681	0.000681	0.000681	0.000681	0.001047	0.000681	0.000681	0.000681	0.000681	0.000681	0.000681	0.000681	0.000681	0.000681	0.000681	0.000681	0.000681	0.000681	0.000681	0.000681	0.001057	0.000681	0.000681	0.003119	0.000862	0.001047	0.000681	0.000681	0.002060	0.017018	0.000681	0.000681	0.000681	0.000681	0.000681	0.000681	0.000681	0.000681	0.000681	0.000681	0.942758	
0.000619	0.002021	0.000619	0.000619	0.000619	0.000619	0.000619	0.000619	0.000619	0.000619	0.000619	0.000619	0.000619	0.001198	0.000619	0.000619	0.000619	0.000619	0.000619	0.000619	0.000619	0.000619	0.000619	0.000619	0.000619	0.000619	0.000619	0.000619	0.000619	0.001460	0.000619	0.000619	0.002282	0.000834	0.001198	0.000619	0.000619	0.004663	0.015563	0.000619	0.000619	0.000619	0.000619	0.000619	0.000619	0.000619	0.000619	0.000619	0.000619	0.945396	
0.000624	0.001373	0.000624	0.000624	0.000624	0.000624	0.000624	0.000624	0.000624	0.000624	0.000624	0.000624	0.000624	0.000740	0.000624	0.000624	0.000624	0.000624	0.000624	0.000624	0.000624	0.000624	0.000624	0.000624	0.000624	0.000624	0.000624	0.000624	0.000624	0.000842	0.000624	0.000624	0.001475	0.000747	0.000740	0.000624	0.000624	0.001717	0.018495	0.000624	0.000624	0.000624	0.000624	0.000624	0.000624	0.000624	0.000624	0.000624	0.000624	0.948303	
0.000627	0.002176	0.000627	0.000627	0.000627	0.000627	0.000627	0.000627	0.000627	0.000627	0.000627	0.000627	0.000627	0.000896	0.000627	0.000627	0.000627	0.000627	0.000627	0.000627	0.000627	0.000627	0.000627	0.000627	0.000627	0.000627	0.000627	0.000627	0.000627	0.000855	0.000627	0.000627	0.002136	0.001166	0.000896	0.000627	0.000627	0.002187	0.018681	0.000627	0.000627	0.000627	0.000627	0.000627	0.000627	0.000627	0.000627	0.000627	0.000627	0.945321	
0.000629	0.002254	0.000629	0.000629	0.000629	0.000629	0.000629	0.000629	0.000629	0.000629	0.000629	0.000629	0.000629	0.000988	0.000629	0.000629	0.000629	0.000629	0.000629	0.000629	0.000629	0.000629	0.000629	0.000629	0.000629	0.000629	0.000629	0.000629	0.000629	0.001386	0.000629	0.000629	0.002652	0.003211	0.000988	0.000629	0.000629	0.001812	0.008773	0.000629	0.000629	0.000629	0.000629	0.000629	0.000629	0.000629	0.000629	0.000629	0.000629	0.952144	
0.000626	0.001081	0.000626	0.000626	0.000626	0.000626	0.000626	0.000626	0.000626	0.000626	0.000626	0.000626	0.000626	0.000782	0.000626	0.000626	0.000626	0.000626	0.000626	0.000626	0.000626	0.000626	0.000626	0.000626	0.000626	0.000626	0.000626	0.000626	0.000626	0.000846	0.000626	0.000626	0.001145	0.004047	0.000782	0.000626	0.000626	0.001690	0.004505	0.000626	0.000626	0.000626	0.000626	0.000626	0.000626	0.000626	0.000626	0.000626	0.000626	0.959450	
0.000633	0.002019	0.000633	0.000633	0.000633	0.000633	0.000633	0.000633	0.000633	0.000633	0.000633	0.000633	0.000633	0.000853	0.000633	0.000633	0.000633	0.000633	0.000633	0.000633	0.000633	0.000633	0.000633	0.000633	0.000633	0.000633	0.000633	0.000633	0.000633	0.000918	0.000633	0.000633	0.002084	0.004489	0.000853	0.000633	0.000633	0.001940	0.005343	0.000633	0.000633	0.000633	0.000633	0.000633	0.000633	0.000633	0.000633	0.000633	0.000633	0.955532	
0.000563	0.001744	0.000563	0.000563	0.000563	0.000563	0.000563	0.000563	0.000563	0.000563	0.000563	0.000563	0.000563	0.000774	0.000563	0.000563	0.000563	0.000563	0.000563	0.000563	0.000563	0.000563	0.000563	0.000563	0.000563	0.000563	0.000563	0.000563	0.000563	0.006703	0.000563	0.000563	0.007674	0.000731	0.000774	0.000563	0.000563	0.001633	0.007038	0.000563	0.000563	0.000563	0.000563	0.000563	0.000563	0.000563	0.000563	0.000563	0.000563	0.949836	
0.000538	0.001089	0.000538	0.000538	0.000538	0.000538	0.000538	0.000538	0.000538	0.000538	0.000538	0.000538	0.000538	0.000697	0.000538	0.000538	0.000538	0.000538	0.000538	0.000538	0.000538	0.000538	0.000538	0.000538	0.000538	0.000538	0.000538	0.000538	0.000538	0.007149	0.000538	0.000538	0.007541	0.000762	0.000697	0.000538	0.000538	0.002093	0.005732	0.000538	0.000538	0.000538	0.000538	0.000538	0.000538	0.000538	0.000538	0.000538	0.000538	0.952191	
0.000515	0.001546	0.000515	0.000515	0.000515	0.000515	0.000515	0.000515	0.000515	0.000515	0.000515	0.000515	0.000515	0.001328	0.000515	0.000515	0.000515	0.000515	0.000515	0.000515	0.000515	0.000515	0.000515	0.000515	0.000515	0.000515	0.000515	0.000515	0.000515	0.006891	0.000515	0.000515	0.007109	0.000711	0.001328	0.000515	0.000515	0.002849	0.005069	0.000515	0.000515	0.000515	0.000515	0.000515	0.000515	0.000515	0.000515	0.000515	0.000515	0.952039	
0.000559	0.001065	0.000559	0.000559	0.000559	0.000559	0.000559	0.000559	0.000559	0.000559	0.000559	0.000559	0.000559	0.000848	0.000559	0.000559	0.000559	0.000559	0.000559	0.000559	0.000559	0.000559	0.000559	0.000559	0.000559	0.000559	0.000559	0.000559	0.000559	0.004315	0.000559	0.000559	0.004533	0.000740	0.000848	0.000559	0.000559	0.001550	0.011169	0.000559	0.000559	0.000559	0.000559	0.000559	0.000559	0.000559	0.000559	0.000559	0.000559	0.951997	
0.000609	0.004181	0.000609	0.000609	0.000609	0.000609	0.000609	0.000609	0.000609	0.000609	0.000609	0.000609	0.000609	0.003167	0.000609	0.000609	0.000609	0.000609	0.000609	0.000609	0.000609	0.000609	0.000609	0.000609	0.000609	0.000609	0.000609	0.000609	0.000609	0.002020	0.000609	0.000609	0.003034	0.001163	0.003167	0.000609	0.000609	0.006840	0.005334	0.000609	0.000609	0.000609	0.000609	0.000609	0.000609	0.000609	0.000609	0.000609	0.000609	0.946108	
0.000639	0.002150	0.000639	0.000639	0.000639	0.000639	0.000639	0.000639	0.000639	0.000639	0.000639	0.000639	0.000639	0.001242	0.000639	0.000639	0.000639	0.000639	0.000639	0.000639	0.000639	0.000639	0.000639	0.000639	0.000639	0.000639	0.000639	0.000639	0.000639	0.002781	0.000639	0.000639	0.003689	0.001042	0.001242	0.000639	0.000639	0.007630	0.009416	0.000639	0.000639	0.000639	0.000639	0.000639	0.000639	0.000639	0.000639	0.000639	0.000639	0.944608	
0.000597	0.004577	0.000597	0.000597	0.000597	0.000597	0.000597	0.000597	0.000597	0.000597	0.000597	0.000597	0.000597	0.004246	0.000597	0.000597	0.000597	0.000597	0.000597	0.000597	0.000597	0.000597	0.000597	0.000597	0.000597	0.000597	0.000597	0.000597	0.000597	0.001204	0.000597	0.000597	0.001535	0.000739	0.004246	0.000597	0.000597	0.008555	0.002779	0.000597	0.000597	0.000597	0.000597	0.000597	0.000597	0.000597	0.000597	0.000597	0.000597	0.947648	
0.000593	0.003821	0.000593	0.000593	0.000593	0.000593	0.000593	0.000593	0.000593	0.000593	0.000593	0.000593	0.000593	0.003386	0.000593	0.000593	0.000593	0.000593	0.000593	0.000593	0.000593	0.000593	0.000593	0.000593	0.000593	0.000593	0.000593	0.000593	0.000593	0.001679	0.000593	0.000593	0.002114	0.001288	0.003386	0.000593	0.000593	0.008410	0.004075	0.000593	0.000593	0.000593	0.000593	0.000593	0.000593	0.000593	0.000593	0.000593	0.000593	0.947548	
0.000668	0.003214	0.000668	0.000668	0.000668	0.000668	0.000668	0.000668	0.000668	0.000668	0.000668	0.000668	0.000668	0.002652	0.000668	0.000668	0.000668	0.000668	0.000668	0.000668	0.000668	0.000668	0.000668	0.000668	0.000668	0.000668	0.000668	0.000668	0.000668	0.001331	0.000668	0.000668	0.001893	0.000808	0.002652	0.000668	0.000668	0.006391	0.004150	0.000668	0.000668	0.000668	0.000668	0.000668	0.000668	0.000668	0.000668	0.000668	0.000668	0.949520	
