4
4
4
4
4
4
4
4
4
4
4
4
4
4
6
6
6
6
6
6
6
6
6
6
6
6
6
6
20
20
31
31
31
31
31
31
31
31
49
49
49
49
49
49
49
49
48
48
48
48
48
48
48
48
48
48
48
48
48
48
48
48
16
16
16
16
16
16
16
44
44
17
17
17
17
17
17
17
17
17
36
36
36
36
36
36
36
36
36
26
26
26
26
26
26
26
26
26
26
26
26
26
26
26
26
26
26
26
26
26
36
36
36
36
36
36
36
36
36
36
24
24
24
24
24
24
24
24
24
24
24
24
24
24
24
24
24
24
24
24
24
24
24
24
24
24
24
24
36
36
36
36
36
48
48
48
48
48
48
48
48
48
48
48
48
26
26
26
26
26
26
26
26
26
36
36
36
36
36
36
