0.448443	0.012697	0.016287	0.001090	0.025864	0.066181	0.021444	0.105822	0.016162	0.100295	0.007932	0.005726	0.032220	0.015258	0.124579	
0.554216	0.003928	0.042438	0.001201	0.017551	0.022209	0.045191	0.085017	0.032489	0.065798	0.009845	0.012576	0.030449	0.047720	0.029372	
0.540494	0.005632	0.039117	0.000627	0.019632	0.026949	0.021248	0.104416	0.027673	0.084668	0.006804	0.010326	0.032759	0.028978	0.050678	
0.449641	0.001571	0.053039	0.007468	0.033867	0.071328	0.164262	0.014947	0.047635	0.014798	0.045132	0.018282	0.020506	0.052285	0.005239	
0.378048	0.001716	0.068692	0.005862	0.031816	0.057143	0.115055	0.031727	0.106923	0.029559	0.035911	0.048184	0.022333	0.059722	0.007310	
0.452677	0.002203	0.067347	0.003957	0.022203	0.040229	0.090355	0.048842	0.084676	0.034913	0.025558	0.036190	0.016434	0.063543	0.010873	
0.378679	0.001736	0.077823	0.006800	0.033528	0.067301	0.133602	0.025062	0.092608	0.023489	0.041457	0.036612	0.019287	0.052385	0.009629	
0.424543	0.003377	0.099101	0.000794	0.009791	0.010653	0.059102	0.034510	0.114918	0.029792	0.004573	0.037188	0.037379	0.119990	0.014289	
0.399577	0.003580	0.100741	0.002243	0.013667	0.025894	0.086545	0.019881	0.111872	0.019861	0.012693	0.034447	0.034289	0.117744	0.016964	
0.273608	0.003830	0.174776	0.002982	0.019098	0.041887	0.058054	0.037821	0.154971	0.034369	0.018146	0.035629	0.028315	0.082681	0.033832	
0.314207	0.005504	0.146506	0.000978	0.016606	0.028844	0.029040	0.053117	0.136498	0.052822	0.005770	0.031975	0.043091	0.087358	0.047684	
0.262178	0.000988	0.192162	0.004853	0.022868	0.046494	0.095666	0.014603	0.161888	0.014227	0.029000	0.035115	0.027926	0.086821	0.005210	
0.444020	0.002930	0.119210	0.000649	0.008912	0.011487	0.035668	0.062676	0.107499	0.042894	0.005878	0.029545	0.023365	0.087304	0.017963	
0.400131	0.001856	0.137145	0.002044	0.014711	0.021504	0.053088	0.052133	0.118877	0.037591	0.013857	0.030276	0.026397	0.080205	0.010185	
0.444740	0.001195	0.118777	0.001540	0.015750	0.014633	0.035024	0.073140	0.105990	0.052081	0.012001	0.031100	0.026417	0.062133	0.005479	
0.466450	0.001454	0.024608	0.000723	0.041390	0.006860	0.019648	0.083103	0.055718	0.108006	0.003316	0.025010	0.116779	0.041219	0.005717	
0.536823	0.002379	0.020108	0.001474	0.032957	0.017235	0.051742	0.074804	0.018768	0.085153	0.008829	0.007008	0.085526	0.044026	0.013168	
0.492581	0.004043	0.019337	0.000960	0.037340	0.022530	0.024260	0.092416	0.028127	0.106597	0.005749	0.011583	0.093354	0.026869	0.034254	
0.475622	0.006293	0.027623	0.002778	0.030475	0.049923	0.066242	0.072468	0.027429	0.074195	0.017275	0.010438	0.048612	0.034955	0.055670	
0.257774	0.002834	0.072692	0.001184	0.020648	0.010857	0.031072	0.033398	0.226141	0.041697	0.006059	0.112458	0.044466	0.133268	0.005453	
0.340028	0.003161	0.086166	0.002261	0.022146	0.027078	0.051316	0.045788	0.151330	0.045369	0.013763	0.065052	0.037025	0.091920	0.017598	
0.331069	0.002454	0.076811	0.002447	0.017735	0.022669	0.060806	0.033627	0.180571	0.028391	0.015037	0.087295	0.021598	0.114719	0.004771	
0.385525	0.001919	0.069012	0.001429	0.016487	0.012381	0.030655	0.063404	0.164373	0.047120	0.010634	0.082973	0.019215	0.091675	0.003198	
0.442570	0.003871	0.053742	0.002665	0.019396	0.032117	0.084405	0.037620	0.088128	0.035036	0.016076	0.038535	0.032428	0.092300	0.021113	
