0	0	0	0	276	0	0	
0	0	0	14	0	0	0	
0	0	12	0	1	0	48	
0	48	110	16	0	0	106	
0	0	0	0	13	0	0	
101	0	0	0	0	0	0	
0	0	0	0	0	0	15	
0	44	0	0	0	0	0	
0	0	0	0	0	0	0	
0	0	0	0	0	0	0	
0	0	0	0	0	0	0	
0	0	0	0	0	0	0	
115	40	30	0	0	4	0	
2	0	0	0	29	0	2	
0	0	0	22	0	40	18	
0	1	25	0	0	28	0	
0	0	0	0	0	0	0	
73	0	0	0	0	0	0	
0	0	0	0	0	0	0	
0	0	0	8	0	0	0	
0	43	0	0	0	0	0	
0	0	0	0	0	0	0	
0	0	59	0	0	0	0	
0	3	35	0	0	0	0	
0	0	0	0	0	0	0	
0	82	0	290	96	6	190	
0	0	0	0	0	0	0	
0	0	0	0	0	0	0	
0	0	45	0	0	0	0	
0	0	0	0	0	0	0	
0	0	192	0	0	0	0	
0	67	0	0	0	0	0	
0	37	0	21	6	0	0	
0	0	28	65	0	24	0	
40	139	0	0	147	27	90	
0	0	0	0	0	0	0	
0	0	0	0	0	0	0	
0	0	22	62	70	54	0	
209	0	0	0	0	5	104	
13	78	0	0	0	72	0	
0	0	0	0	0	118	181	
106	0	0	0	0	0	0	
0	0	0	0	0	0	0	
0	0	0	0	0	0	0	
0	0	0	178	0	0	0	
2	0	161	0	0	79	0	
0	0	0	0	37	0	4	
0	0	0	44	0	0	0	
0	0	0	0	0	133	0	
0	0	0	0	0	0	0	
