0.000166	0.000166	0.001710	0.012007	0.000166	0.009552	0.001080	0.013392	0.086628	0.005079	0.000166	0.000166	0.000978	0.107296	0.000166	0.003942	0.005714	0.003036	0.006572	0.010748	0.058463	0.000897	0.104121	0.002813	0.000166	0.011814	0.008871	0.009066	0.015145	0.000166	0.061734	0.003755	0.035712	0.004780	0.001226	0.038073	0.004455	0.093065	0.037332	0.025006	0.128041	0.004988	0.010467	0.011134	0.000904	0.019911	0.024848	0.000166	0.013988	0.000166	
0.000159	0.000159	0.009470	0.010267	0.000159	0.009816	0.000977	0.002627	0.023351	0.011767	0.000159	0.000159	0.005059	0.085288	0.000159	0.003347	0.013081	0.005794	0.011607	0.008952	0.044360	0.004569	0.073474	0.002160	0.000159	0.020973	0.052180	0.007171	0.099893	0.000159	0.043843	0.026502	0.007481	0.034028	0.000994	0.005410	0.003538	0.101123	0.005334	0.012044	0.094798	0.019493	0.075767	0.019759	0.000740	0.014024	0.017491	0.000159	0.009864	0.000159	
0.000160	0.000160	0.009948	0.011931	0.000160	0.008557	0.000845	0.005770	0.023484	0.007660	0.000160	0.000160	0.005311	0.077684	0.000160	0.016263	0.023591	0.007396	0.013926	0.033191	0.043949	0.004796	0.070767	0.007869	0.000160	0.025189	0.055158	0.037916	0.079498	0.000160	0.041896	0.015101	0.006049	0.019370	0.004659	0.004275	0.018353	0.081105	0.004548	0.013322	0.093066	0.016090	0.043043	0.023729	0.003290	0.013490	0.016822	0.000160	0.009491	0.000160	
0.000139	0.000139	0.006999	0.005264	0.000139	0.011924	0.001209	0.003419	0.017514	0.026122	0.000139	0.000139	0.003750	0.035029	0.000139	0.005704	0.031386	0.003152	0.005280	0.014426	0.005781	0.003389	0.006425	0.002590	0.000139	0.009485	0.038542	0.012967	0.173025	0.000139	0.006327	0.069252	0.008747	0.088999	0.001668	0.005876	0.006321	0.119950	0.005838	0.007199	0.010927	0.031659	0.198503	0.008940	0.001203	0.001292	0.001580	0.000139	0.000946	0.000139	
0.000140	0.000140	0.002354	0.007493	0.000140	0.019139	0.002005	0.014238	0.040131	0.020051	0.000140	0.000140	0.001305	0.025028	0.000140	0.032910	0.051494	0.004193	0.005737	0.069628	0.007301	0.001188	0.008892	0.014759	0.000140	0.010316	0.013300	0.078082	0.089427	0.000140	0.009751	0.039190	0.020551	0.050347	0.009428	0.016471	0.037698	0.098710	0.016849	0.013043	0.014157	0.019702	0.112219	0.009723	0.006601	0.001758	0.002163	0.000140	0.001273	0.000140	
0.000138	0.000138	0.005579	0.002590	0.000138	0.022608	0.002299	0.002568	0.008680	0.028223	0.000138	0.000138	0.003002	0.046853	0.000138	0.005879	0.028798	0.001945	0.002570	0.018774	0.012390	0.002715	0.021079	0.002824	0.000138	0.004560	0.030629	0.013476	0.150288	0.000138	0.017552	0.061469	0.010215	0.078992	0.001728	0.003170	0.006565	0.143086	0.003142	0.003558	0.026631	0.030353	0.176165	0.004302	0.001244	0.004106	0.005098	0.000138	0.002916	0.000138	
0.000139	0.000139	0.002012	0.004049	0.000139	0.007157	0.000811	0.020517	0.014983	0.010513	0.000139	0.000139	0.001125	0.013314	0.000139	0.069100	0.087258	0.005210	0.003874	0.134518	0.003497	0.001026	0.003315	0.030795	0.000139	0.006930	0.012288	0.164337	0.058265	0.000139	0.003571	0.024471	0.006920	0.031423	0.019707	0.005351	0.079260	0.049352	0.006912	0.005818	0.006321	0.012244	0.069975	0.006534	0.013751	0.000711	0.000855	0.000139	0.000540	0.000139	
0.000155	0.000155	0.020950	0.011899	0.000155	0.041236	0.003935	0.006371	0.024804	0.017551	0.000155	0.000155	0.011100	0.032231	0.000155	0.017908	0.021692	0.008540	0.013726	0.047082	0.022124	0.010005	0.030011	0.008081	0.000155	0.024830	0.116590	0.041152	0.116191	0.000155	0.026502	0.005641	0.017653	0.007208	0.005041	0.005309	0.019910	0.109295	0.005446	0.013541	0.044422	0.030731	0.015899	0.023391	0.003554	0.005725	0.007117	0.000155	0.004054	0.000155	
0.000171	0.000171	0.042032	0.007545	0.000171	0.028975	0.002390	0.011133	0.067101	0.010508	0.000171	0.000171	0.022203	0.006509	0.000171	0.005301	0.006061	0.005739	0.002614	0.016017	0.003850	0.020000	0.005028	0.002006	0.000171	0.004614	0.233811	0.009769	0.218909	0.000171	0.008542	0.003786	0.034153	0.004819	0.001315	0.030952	0.004796	0.056620	0.030304	0.018049	0.007524	0.046268	0.010546	0.004354	0.000967	0.001075	0.001301	0.000171	0.000804	0.000171	
0.000124	0.000124	0.005656	0.006037	0.000124	0.133475	0.013372	0.007205	0.042582	0.056318	0.000124	0.000124	0.003036	0.011031	0.000124	0.004346	0.006172	0.002201	0.003408	0.056329	0.006527	0.002744	0.009386	0.002022	0.000124	0.006095	0.031089	0.009837	0.035877	0.000124	0.039113	0.004024	0.062955	0.005138	0.001281	0.019948	0.004804	0.300794	0.019001	0.012396	0.013262	0.037814	0.011317	0.005747	0.000929	0.001860	0.002294	0.000124	0.001339	0.000124	
0.000134	0.000134	0.009693	0.007391	0.000134	0.100592	0.010029	0.012316	0.063791	0.042599	0.000134	0.000134	0.005165	0.009321	0.000134	0.010889	0.013699	0.002710	0.002801	0.056390	0.005217	0.004662	0.007437	0.004871	0.000134	0.004982	0.053722	0.025161	0.057421	0.000134	0.029470	0.004629	0.059937	0.005913	0.003117	0.030013	0.012194	0.227069	0.029176	0.017322	0.010542	0.034032	0.013035	0.004699	0.002209	0.001502	0.001844	0.000134	0.001092	0.000134	
0.000120	0.000120	0.002584	0.006093	0.000120	0.140516	0.014121	0.009133	0.049898	0.059148	0.000120	0.000120	0.001417	0.006308	0.000120	0.006764	0.008672	0.001690	0.002623	0.063850	0.003889	0.001287	0.005095	0.003090	0.000120	0.004671	0.014029	0.015796	0.018508	0.000120	0.038600	0.003090	0.068936	0.003938	0.001988	0.023897	0.007674	0.313201	0.022893	0.013785	0.007652	0.036401	0.008643	0.004406	0.001420	0.001046	0.001278	0.000120	0.000768	0.000120	
0.000142	0.000142	0.009280	0.006608	0.000142	0.056024	0.005586	0.006743	0.039176	0.031300	0.000142	0.000142	0.004952	0.038268	0.000142	0.005344	0.015772	0.003108	0.004606	0.029575	0.016215	0.004471	0.026551	0.002597	0.000142	0.008259	0.051249	0.011965	0.101282	0.000142	0.028998	0.027624	0.033363	0.035477	0.001551	0.016954	0.005839	0.173075	0.016466	0.012200	0.034451	0.030577	0.079021	0.007786	0.001122	0.005133	0.006381	0.000142	0.003636	0.000142	
0.000144	0.000144	0.011298	0.006702	0.000144	0.045665	0.004520	0.006912	0.035760	0.027472	0.000144	0.000144	0.006014	0.036591	0.000144	0.008270	0.019735	0.003674	0.005141	0.031179	0.015169	0.005427	0.024142	0.003851	0.000144	0.009230	0.062561	0.018805	0.115322	0.000144	0.024886	0.029556	0.027955	0.037960	0.002368	0.014953	0.009136	0.150724	0.014629	0.011642	0.031926	0.030640	0.084560	0.008700	0.001691	0.004672	0.005804	0.000144	0.003314	0.000144	
0.000126	0.000126	0.001652	0.007508	0.000126	0.088228	0.008912	0.004208	0.025360	0.046821	0.000126	0.000126	0.000929	0.023626	0.000126	0.005424	0.018036	0.003454	0.007507	0.042369	0.008751	0.000849	0.010134	0.002555	0.000126	0.013545	0.008768	0.012654	0.073493	0.000126	0.028058	0.032955	0.038337	0.042335	0.001619	0.009224	0.006163	0.242373	0.008743	0.010334	0.016785	0.032943	0.094349	0.012762	0.001165	0.001968	0.002429	0.000126	0.001416	0.000126	
0.000158	0.000158	0.001546	0.053081	0.000158	0.031785	0.003299	0.004228	0.091177	0.014396	0.000158	0.000158	0.000888	0.026623	0.000158	0.002366	0.004029	0.025437	0.063685	0.016739	0.043007	0.000815	0.027440	0.001355	0.000158	0.115663	0.007956	0.005331	0.014897	0.000158	0.022107	0.004021	0.020514	0.005124	0.000774	0.011250	0.002651	0.089983	0.010922	0.056786	0.073476	0.010135	0.011244	0.108925	0.000587	0.004804	0.005966	0.000158	0.003410	0.000158	
0.000167	0.000167	0.001549	0.070700	0.000167	0.004773	0.000606	0.002720	0.104352	0.002667	0.000167	0.000167	0.000894	0.020185	0.000167	0.003426	0.004619	0.034622	0.086855	0.009248	0.050887	0.000822	0.022863	0.001778	0.000167	0.157782	0.007954	0.007845	0.011502	0.000167	0.012003	0.002345	0.006161	0.002967	0.001082	0.005405	0.003867	0.024991	0.005355	0.072486	0.082914	0.003254	0.006417	0.148588	0.000804	0.003740	0.004633	0.000167	0.002668	0.000167	
0.000163	0.000163	0.001547	0.055832	0.000163	0.006222	0.000747	0.013970	0.127353	0.003639	0.000163	0.000163	0.000892	0.007270	0.000163	0.017528	0.021072	0.026025	0.063272	0.036410	0.032790	0.000819	0.008629	0.007918	0.000163	0.114907	0.008316	0.041452	0.013912	0.000163	0.004851	0.003539	0.026309	0.004503	0.005083	0.028403	0.020058	0.021119	0.028215	0.065520	0.050811	0.004157	0.009853	0.108213	0.003586	0.001229	0.001495	0.000163	0.000909	0.000163	
0.000169	0.000169	0.002415	0.031544	0.000169	0.005909	0.000707	0.041590	0.274898	0.003237	0.000169	0.000169	0.001351	0.005703	0.000169	0.004543	0.006041	0.005182	0.011754	0.010567	0.007925	0.001233	0.005036	0.002128	0.000169	0.021233	0.012805	0.010450	0.016862	0.000169	0.004022	0.002842	0.108545	0.003605	0.001394	0.124864	0.005123	0.018363	0.122347	0.074389	0.013411	0.004483	0.007840	0.020004	0.001021	0.000996	0.001202	0.000169	0.000748	0.000169	
0.000143	0.000143	0.015169	0.008983	0.000143	0.057067	0.005598	0.012379	0.023211	0.023911	0.000143	0.000143	0.008051	0.005626	0.000143	0.038440	0.044509	0.007411	0.009825	0.092729	0.006772	0.007261	0.004486	0.017025	0.000143	0.017747	0.084908	0.090452	0.083311	0.000143	0.016284	0.003766	0.024645	0.004802	0.010905	0.006701	0.043660	0.126750	0.007239	0.011050	0.011538	0.028842	0.010543	0.016720	0.007630	0.000886	0.001072	0.000143	0.000663	0.000143	
0.000152	0.000152	0.015337	0.021891	0.000152	0.046452	0.004542	0.010616	0.058683	0.019929	0.000152	0.000152	0.008144	0.009169	0.000152	0.020351	0.024459	0.012024	0.023750	0.054423	0.014868	0.007345	0.008034	0.009016	0.000152	0.043058	0.085361	0.047330	0.086879	0.000152	0.015238	0.005151	0.029192	0.006579	0.005774	0.016343	0.022885	0.107242	0.016284	0.027306	0.024707	0.026723	0.014501	0.040555	0.004063	0.001449	0.001773	0.000152	0.001060	0.000152	
0.000142	0.000142	0.009703	0.002578	0.000142	0.023787	0.002356	0.020053	0.010298	0.011463	0.000142	0.000142	0.005174	0.008361	0.000142	0.069311	0.080909	0.005426	0.002361	0.140134	0.003996	0.004671	0.005515	0.030823	0.000142	0.004176	0.055180	0.164353	0.062143	0.000142	0.008800	0.006991	0.011154	0.008948	0.019712	0.004056	0.079270	0.061134	0.005570	0.003847	0.007965	0.017476	0.019799	0.003941	0.013756	0.001147	0.001398	0.000142	0.000845	0.000142	
0.000152	0.000152	0.003945	0.007334	0.000152	0.021652	0.002242	0.016659	0.044144	0.009736	0.000152	0.000152	0.002148	0.058255	0.000152	0.039139	0.045382	0.004395	0.005036	0.082269	0.032220	0.001949	0.056200	0.017967	0.000152	0.009031	0.022272	0.092809	0.025155	0.000152	0.037382	0.003072	0.023297	0.003906	0.011194	0.018771	0.044800	0.086412	0.019244	0.013662	0.070015	0.010085	0.008531	0.008513	0.007833	0.010785	0.013444	0.000152	0.007595	0.000152	
0.000150	0.000150	0.015628	0.009653	0.000150	0.044913	0.004382	0.014424	0.051068	0.019225	0.000150	0.000150	0.008296	0.017566	0.000150	0.028795	0.033988	0.006059	0.007474	0.069743	0.011649	0.007481	0.015594	0.012844	0.000150	0.013466	0.087197	0.067433	0.088063	0.000150	0.019576	0.005004	0.032645	0.006392	0.008168	0.021027	0.032571	0.109040	0.021087	0.016684	0.023244	0.026683	0.014083	0.012689	0.005728	0.003028	0.003748	0.000150	0.002165	0.000150	
