0.003824	0.006280	0.004030	0.003779	0.006855	0.087260	0.002515	0.089880	0.002543	0.076840	0.000437	0.005165	0.014568	0.004524	0.002289	0.018551	0.002299	0.002690	0.070160	0.003102	0.001468	0.006278	0.005144	0.000640	0.002646	0.002041	0.079526	0.001487	0.010363	0.007136	0.006685	0.008367	0.000565	0.000776	0.000640	0.001164	0.083833	0.052025	0.000143	0.006041	0.080768	0.007269	0.000640	0.004048	0.001262	0.002706	0.004307	0.196916	0.007276	0.010250	
0.020185	0.022657	0.024442	0.004287	0.040605	0.020343	0.012781	0.018088	0.002762	0.037088	0.000708	0.040351	0.056213	0.006126	0.008568	0.003833	0.002497	0.005431	0.019625	0.007357	0.007365	0.052243	0.015303	0.004950	0.013775	0.003055	0.016019	0.000666	0.035649	0.019529	0.008293	0.034460	0.002399	0.003521	0.004950	0.003392	0.088608	0.020971	0.000154	0.016392	0.016569	0.012590	0.004950	0.020254	0.010946	0.001106	0.022322	0.039516	0.068774	0.097332	
0.003852	0.014406	0.012460	0.004957	0.047807	0.036539	0.006525	0.033858	0.003863	0.038705	0.000565	0.050542	0.013763	0.004540	0.002761	0.007067	0.003485	0.004397	0.032231	0.004909	0.001485	0.065486	0.003730	0.006253	0.002668	0.002048	0.029969	0.000784	0.017799	0.012954	0.005644	0.010308	0.001286	0.001852	0.006253	0.004398	0.094044	0.022529	0.000153	0.011917	0.030486	0.012432	0.006253	0.010459	0.013878	0.001384	0.011340	0.074107	0.087128	0.123742	
0.011294	0.052766	0.010170	0.026201	0.034583	0.011118	0.001962	0.004373	0.005521	0.006791	0.002943	0.020374	0.122544	0.076865	0.012457	0.001012	0.004974	0.023814	0.034288	0.024135	0.004158	0.012426	0.008429	0.000485	0.007726	0.028802	0.003885	0.003098	0.061436	0.045591	0.116300	0.044397	0.000468	0.000629	0.000485	0.002046	0.018181	0.091223	0.000145	0.009940	0.004847	0.014478	0.000485	0.003376	0.000911	0.002740	0.003335	0.009506	0.005148	0.007135	
0.007181	0.052787	0.009604	0.018910	0.038605	0.007827	0.010413	0.004126	0.003181	0.021606	0.002031	0.032173	0.089838	0.058893	0.008479	0.000966	0.002873	0.016319	0.024482	0.018084	0.002681	0.030182	0.005408	0.002453	0.004931	0.021529	0.003667	0.002355	0.050047	0.031565	0.088700	0.029506	0.001974	0.002887	0.002453	0.002278	0.054425	0.069558	0.000150	0.014706	0.004391	0.012543	0.002453	0.016548	0.005332	0.001924	0.018167	0.008918	0.033060	0.046835	
0.006810	0.038241	0.010134	0.014258	0.050737	0.010633	0.007946	0.006900	0.003341	0.019464	0.003078	0.032659	0.066622	0.040942	0.011565	0.001534	0.003016	0.025240	0.024278	0.026441	0.002547	0.039374	0.005206	0.003017	0.004678	0.017855	0.006121	0.002087	0.066832	0.045665	0.061402	0.039772	0.001535	0.002228	0.003017	0.002611	0.056887	0.050715	0.000149	0.012534	0.006697	0.011795	0.003017	0.012668	0.006602	0.002925	0.013838	0.015004	0.041106	0.058278	
0.008455	0.065376	0.008298	0.032984	0.019351	0.015621	0.005908	0.004115	0.009159	0.013590	0.000902	0.025932	0.129521	0.088215	0.005277	0.000962	0.008243	0.006595	0.039780	0.007659	0.003139	0.009921	0.006342	0.000856	0.005797	0.028601	0.003657	0.002980	0.026207	0.019642	0.133422	0.019563	0.001172	0.001684	0.000856	0.003404	0.026787	0.102939	0.000149	0.019219	0.004690	0.025439	0.000856	0.009846	0.001741	0.000920	0.010259	0.008997	0.010342	0.014630	
0.016324	0.011291	0.016267	0.030025	0.022277	0.059409	0.005588	0.024986	0.027745	0.029880	0.001255	0.013840	0.046272	0.005372	0.008888	0.005244	0.024938	0.009686	0.068555	0.010580	0.005972	0.019804	0.012647	0.001693	0.011148	0.003875	0.022120	0.000863	0.038114	0.037390	0.007769	0.034297	0.001116	0.001599	0.001693	0.009808	0.050531	0.023042	0.000149	0.046628	0.022704	0.071911	0.001693	0.010602	0.003623	0.001769	0.009698	0.055067	0.022368	0.031885	
0.011594	0.014929	0.010722	0.028553	0.033982	0.049764	0.003667	0.020357	0.023670	0.022732	0.003255	0.007998	0.047299	0.015494	0.013562	0.004291	0.021278	0.026473	0.063644	0.027110	0.004267	0.015471	0.009060	0.000684	0.007931	0.010517	0.018025	0.001549	0.069939	0.059529	0.023295	0.048030	0.000771	0.001085	0.000684	0.007990	0.038415	0.030814	0.000145	0.038677	0.018588	0.060800	0.000684	0.007297	0.001356	0.003428	0.006328	0.044855	0.007968	0.011443	
0.009648	0.021939	0.009521	0.040066	0.018948	0.059702	0.007646	0.016437	0.034101	0.026632	0.001355	0.011107	0.045865	0.018262	0.007105	0.003490	0.030648	0.010431	0.076514	0.011825	0.003569	0.012760	0.007533	0.000993	0.006609	0.007945	0.014557	0.001161	0.038339	0.039459	0.027427	0.025871	0.001482	0.002149	0.000993	0.011505	0.044129	0.031308	0.000150	0.058119	0.015071	0.088814	0.000993	0.014279	0.002048	0.001638	0.013310	0.036431	0.012302	0.017815	
0.009336	0.014159	0.008401	0.050190	0.008834	0.079630	0.003522	0.022858	0.044764	0.024489	0.000719	0.005716	0.040926	0.014821	0.004939	0.004807	0.040227	0.005002	0.097806	0.005642	0.003456	0.004811	0.007468	0.000424	0.006396	0.005778	0.020238	0.001001	0.023329	0.036458	0.022323	0.018878	0.000748	0.001048	0.000424	0.014654	0.032103	0.030744	0.000149	0.069993	0.020796	0.113640	0.000424	0.008496	0.000767	0.001238	0.006071	0.050691	0.004189	0.006473	
0.003353	0.037455	0.003358	0.051300	0.010047	0.059337	0.017349	0.002862	0.043560	0.032910	0.000774	0.008062	0.037067	0.023643	0.003491	0.000709	0.039146	0.005435	0.083445	0.008835	0.001305	0.005404	0.002569	0.000470	0.002329	0.008497	0.002549	0.001023	0.033561	0.034333	0.035677	0.011017	0.003210	0.004739	0.000470	0.014290	0.054466	0.028674	0.000154	0.081708	0.002859	0.117062	0.000470	0.030226	0.000865	0.000775	0.030340	0.006827	0.004701	0.007291	
0.003185	0.050372	0.004651	0.005195	0.026011	0.022087	0.036508	0.018654	0.003694	0.079723	0.001939	0.011679	0.014019	0.005477	0.007482	0.003950	0.003334	0.015377	0.023505	0.022489	0.001246	0.019077	0.002852	0.001429	0.002216	0.004952	0.016519	0.000942	0.069472	0.027896	0.007976	0.022790	0.006618	0.009849	0.001429	0.001932	0.129718	0.016266	0.000155	0.040979	0.016848	0.025997	0.001429	0.057752	0.003021	0.002215	0.063975	0.040769	0.018344	0.026005	
0.009409	0.058581	0.009694	0.009638	0.022019	0.012376	0.039760	0.004605	0.006330	0.074155	0.001559	0.011691	0.037327	0.011887	0.008360	0.001070	0.005702	0.012134	0.018843	0.019917	0.003488	0.016013	0.007056	0.001252	0.006449	0.006331	0.004092	0.000870	0.069443	0.026557	0.017719	0.027579	0.007198	0.010718	0.001252	0.002692	0.125030	0.017999	0.000157	0.048086	0.004387	0.034122	0.001252	0.063061	0.002620	0.001518	0.069683	0.010013	0.015879	0.022428	
0.005534	0.058022	0.008676	0.008672	0.024696	0.012848	0.038250	0.006637	0.005237	0.073109	0.000673	0.024232	0.028523	0.012693	0.004325	0.001488	0.004720	0.004827	0.017167	0.012118	0.002094	0.029275	0.004267	0.002780	0.003814	0.004891	0.005890	0.000719	0.049622	0.013617	0.018650	0.013265	0.006931	0.010317	0.002780	0.003105	0.132334	0.018643	0.000159	0.044977	0.006165	0.030672	0.002780	0.060603	0.006056	0.000782	0.067030	0.014447	0.037575	0.053313	
0.074270	0.008826	0.065888	0.003890	0.021531	0.005934	0.002867	0.003598	0.002107	0.007769	0.000815	0.015092	0.190931	0.006776	0.026006	0.000855	0.001907	0.005997	0.008514	0.006333	0.026831	0.019649	0.054592	0.001806	0.050551	0.004294	0.003200	0.000531	0.060127	0.038925	0.009875	0.110957	0.000631	0.000872	0.001806	0.001608	0.025162	0.029856	0.000147	0.005729	0.004296	0.006332	0.001806	0.004571	0.003881	0.000830	0.004922	0.007746	0.024781	0.033782	
0.048885	0.025746	0.044363	0.009787	0.021734	0.012502	0.003945	0.011213	0.001679	0.015836	0.000672	0.021240	0.157664	0.030504	0.017457	0.002418	0.001523	0.004790	0.018416	0.005330	0.017693	0.020166	0.036172	0.001899	0.033289	0.010979	0.009936	0.001301	0.043461	0.027576	0.045802	0.073953	0.000823	0.001160	0.001899	0.001516	0.034646	0.053187	0.000148	0.006144	0.011026	0.005760	0.001899	0.006243	0.004088	0.000897	0.006814	0.024432	0.025753	0.035637	
0.048279	0.011115	0.045517	0.004680	0.026527	0.021940	0.002178	0.020964	0.001919	0.020570	0.000504	0.025727	0.131379	0.010613	0.016702	0.004418	0.001739	0.003510	0.021008	0.003558	0.017475	0.031336	0.035978	0.003013	0.032877	0.004524	0.018562	0.000794	0.038448	0.025740	0.015458	0.071525	0.000509	0.000690	0.003013	0.002151	0.046016	0.035606	0.000148	0.004774	0.019571	0.005537	0.003013	0.003472	0.006594	0.000998	0.003712	0.045812	0.041615	0.058193	
0.022632	0.013884	0.020091	0.027967	0.011582	0.061583	0.004201	0.032842	0.023776	0.033762	0.000799	0.007133	0.071305	0.012892	0.009460	0.006854	0.021373	0.005714	0.068372	0.006461	0.008242	0.007470	0.017474	0.000651	0.015437	0.005498	0.029069	0.001088	0.031697	0.030888	0.019358	0.038351	0.000868	0.001228	0.000651	0.008009	0.043691	0.037397	0.000147	0.039354	0.029914	0.061311	0.000651	0.008146	0.001282	0.001565	0.007264	0.072224	0.007634	0.010761	
0.019443	0.016044	0.019345	0.005592	0.063046	0.009443	0.008652	0.004932	0.003837	0.019135	0.005487	0.016331	0.055293	0.006470	0.023129	0.001127	0.003462	0.045481	0.019662	0.046955	0.007093	0.035887	0.014420	0.001966	0.013268	0.011770	0.004379	0.001575	0.119019	0.081837	0.009381	0.081995	0.001658	0.002414	0.001966	0.002245	0.054916	0.014825	0.000145	0.013970	0.004758	0.013376	0.001966	0.013818	0.004243	0.005016	0.015080	0.010701	0.026355	0.037088	
0.020161	0.015378	0.019704	0.031793	0.033951	0.040779	0.008922	0.002585	0.029535	0.017711	0.002439	0.014650	0.055351	0.005076	0.013869	0.000649	0.026547	0.019684	0.057335	0.021232	0.007354	0.024620	0.014887	0.001802	0.013757	0.005934	0.002304	0.000830	0.065509	0.055653	0.007299	0.051768	0.001709	0.002489	0.001802	0.010439	0.045393	0.012282	0.000150	0.052556	0.002649	0.077956	0.001802	0.015982	0.003868	0.002247	0.015549	0.005987	0.023962	0.034108	
0.020057	0.017390	0.018210	0.012667	0.059846	0.012797	0.003976	0.003362	0.007531	0.009558	0.005889	0.010123	0.071885	0.018509	0.024478	0.000803	0.006779	0.048758	0.028328	0.049435	0.007312	0.025540	0.014829	0.000859	0.013684	0.016234	0.002990	0.002004	0.122646	0.088958	0.027830	0.086854	0.000824	0.001165	0.000859	0.002880	0.033118	0.027818	0.000143	0.014911	0.003478	0.020465	0.000859	0.006692	0.001754	0.005333	0.006873	0.007325	0.010612	0.014769	
0.011116	0.020875	0.015196	0.008442	0.066632	0.008252	0.003421	0.005461	0.002547	0.010260	0.004242	0.035910	0.054118	0.022367	0.016468	0.001237	0.002303	0.035196	0.019432	0.035377	0.004096	0.052702	0.008327	0.003939	0.007606	0.014247	0.004848	0.001771	0.086670	0.062762	0.033090	0.057832	0.000729	0.001020	0.003939	0.002816	0.053373	0.030274	0.000147	0.006928	0.005278	0.007695	0.003939	0.005476	0.008679	0.003923	0.005895	0.011838	0.054330	0.076977	
0.006195	0.029612	0.005964	0.013286	0.045936	0.026432	0.003070	0.024569	0.002770	0.025075	0.004461	0.012580	0.063346	0.039202	0.015579	0.005153	0.002503	0.036662	0.037822	0.037193	0.002321	0.018172	0.005207	0.000580	0.004258	0.019872	0.021751	0.002574	0.086871	0.062107	0.059229	0.052812	0.000663	0.000923	0.000580	0.001207	0.041984	0.058003	0.000142	0.006924	0.022531	0.008100	0.000580	0.004939	0.001127	0.004607	0.005281	0.053737	0.006459	0.009049	
