0	0	0	0	38	0	45	
25	0	0	0	0	0	0	
0	0	0	0	0	0	0	
0	0	0	0	0	0	147	
1	0	31	0	82	0	0	
94	0	0	0	97	15	0	
0	0	0	2	0	76	0	
0	0	0	0	0	0	0	
0	24	0	0	0	0	0	
0	0	37	389	0	0	0	
0	0	0	0	0	0	0	
1	0	38	104	36	0	0	
0	0	0	0	0	58	38	
0	0	0	0	103	81	0	
121	0	0	1	36	7	9	
0	0	0	0	0	0	0	
0	0	0	0	0	0	0	
0	25	0	0	0	69	0	
0	14	0	0	0	0	0	
13	0	0	0	0	0	0	
0	0	0	0	76	0	0	
8	0	0	3	0	0	0	
0	0	78	0	0	0	0	
107	0	8	0	0	0	0	
10	0	16	0	0	0	0	
0	58	0	0	0	0	0	
0	0	42	0	0	0	0	
0	0	40	0	2	164	0	
0	0	0	0	0	0	0	
138	0	0	0	2	1	0	
0	0	0	0	105	0	41	
0	0	0	0	0	42	0	
0	39	0	3	10	0	0	
0	42	0	0	40	30	0	
0	16	0	0	0	0	0	
25	0	0	0	0	0	0	
0	18	11	0	0	0	50	
0	0	0	0	0	0	0	
23	83	0	0	0	0	0	
0	0	0	0	0	34	0	
0	88	160	0	0	0	0	
0	0	0	9	0	1	0	
244	1	0	0	0	2	1	
0	0	0	237	0	0	0	
0	24	0	0	0	0	0	
0	57	1	0	0	25	0	
0	0	0	0	0	0	0	
0	33	0	0	0	32	0	
0	29	38	0	0	0	12	
10	133	159	0	0	2	193	
