0.000598	0.000983	0.000598	0.000598	0.000598	0.000598	0.000598	0.000598	0.000598	0.000598	0.000598	0.000598	0.000598	0.000791	0.000598	0.000598	0.000598	0.000598	0.000598	0.000598	0.000598	0.000598	0.000598	0.000598	0.000598	0.000598	0.000598	0.000598	0.000598	0.001220	0.000598	0.000598	0.001351	0.000909	0.000909	0.000598	0.000598	0.001803	0.005443	0.000598	0.000598	0.000598	0.000598	0.000598	0.000598	0.000598	0.000598	0.000598	0.000598	0.962059	
0.000618	0.000873	0.000618	0.000618	0.000618	0.000618	0.000618	0.000618	0.000618	0.000618	0.000618	0.000618	0.000618	0.000745	0.000618	0.000618	0.000618	0.000618	0.000618	0.000618	0.000618	0.000618	0.000618	0.000618	0.000618	0.000618	0.000618	0.000618	0.000618	0.002758	0.000618	0.000618	0.002379	0.001688	0.001688	0.000618	0.000618	0.001498	0.006711	0.000618	0.000618	0.000618	0.000618	0.000618	0.000618	0.000618	0.000618	0.000618	0.000618	0.956325	
0.000595	0.001014	0.000595	0.000595	0.000595	0.000595	0.000595	0.000595	0.000595	0.000595	0.000595	0.000595	0.000595	0.000804	0.000595	0.000595	0.000595	0.000595	0.000595	0.000595	0.000595	0.000595	0.000595	0.000595	0.000595	0.000595	0.000595	0.000595	0.000595	0.001902	0.000595	0.000595	0.002020	0.001249	0.001249	0.000595	0.000595	0.001869	0.004788	0.000595	0.000595	0.000595	0.000595	0.000595	0.000595	0.000595	0.000595	0.000595	0.000595	0.960700	
0.000585	0.000876	0.000585	0.000585	0.000585	0.000585	0.000585	0.000585	0.000585	0.000585	0.000585	0.000585	0.000585	0.000730	0.000585	0.000585	0.000585	0.000585	0.000585	0.000585	0.000585	0.000585	0.000585	0.000585	0.000585	0.000585	0.000585	0.000585	0.000585	0.000961	0.000585	0.000585	0.009053	0.000773	0.000773	0.000585	0.000585	0.019002	0.003005	0.000585	0.000585	0.000585	0.000585	0.000585	0.000585	0.000585	0.000585	0.000585	0.000585	0.940863	
0.000577	0.001987	0.000577	0.000577	0.000577	0.000577	0.000577	0.000577	0.000577	0.000577	0.000577	0.000577	0.000577	0.001282	0.000577	0.000577	0.000577	0.000577	0.000577	0.000577	0.000577	0.000577	0.000577	0.000577	0.000577	0.000577	0.000577	0.000577	0.000577	0.001221	0.000577	0.000577	0.005897	0.000899	0.000899	0.000577	0.000577	0.013309	0.003445	0.000577	0.000577	0.000577	0.000577	0.000577	0.000577	0.000577	0.000577	0.000577	0.000577	0.947397	
0.000601	0.001136	0.000601	0.000601	0.000601	0.000601	0.000601	0.000601	0.000601	0.000601	0.000601	0.000601	0.000601	0.000868	0.000601	0.000601	0.000601	0.000601	0.000601	0.000601	0.000601	0.000601	0.000601	0.000601	0.000601	0.000601	0.000601	0.000601	0.000601	0.000970	0.000601	0.000601	0.005293	0.000785	0.000785	0.000601	0.000601	0.010292	0.004091	0.000601	0.000601	0.000601	0.000601	0.000601	0.000601	0.000601	0.000601	0.000601	0.000601	0.951149	
0.000570	0.001665	0.000570	0.000570	0.000570	0.000570	0.000570	0.000570	0.000570	0.000570	0.000570	0.000570	0.000570	0.001118	0.000570	0.000570	0.000570	0.000570	0.000570	0.000570	0.000570	0.000570	0.000570	0.000570	0.000570	0.000570	0.000570	0.000570	0.000570	0.001910	0.000570	0.000570	0.007516	0.001240	0.001240	0.000570	0.000570	0.017421	0.004584	0.000570	0.000570	0.000570	0.000570	0.000570	0.000570	0.000570	0.000570	0.000570	0.000570	0.939936	
0.000746	0.005322	0.000746	0.000746	0.000746	0.000746	0.000746	0.000746	0.000746	0.000746	0.000746	0.000746	0.000746	0.003034	0.000746	0.000746	0.000746	0.000746	0.000746	0.000746	0.000746	0.000746	0.000746	0.000746	0.000746	0.000746	0.000746	0.000746	0.000746	0.001299	0.000746	0.000746	0.004950	0.001023	0.001023	0.000746	0.000746	0.001315	0.008837	0.000746	0.000746	0.000746	0.000746	0.000746	0.000746	0.000746	0.000746	0.000746	0.000746	0.942619	
0.000755	0.002747	0.000755	0.000755	0.000755	0.000755	0.000755	0.000755	0.000755	0.000755	0.000755	0.000755	0.000755	0.001751	0.000755	0.000755	0.000755	0.000755	0.000755	0.000755	0.000755	0.000755	0.000755	0.000755	0.000755	0.000755	0.000755	0.000755	0.000755	0.001128	0.000755	0.000755	0.005019	0.000942	0.000942	0.000755	0.000755	0.002017	0.010543	0.000755	0.000755	0.000755	0.000755	0.000755	0.000755	0.000755	0.000755	0.000755	0.000755	0.943941	
0.000658	0.006468	0.000658	0.000658	0.000658	0.000658	0.000658	0.000658	0.000658	0.000658	0.000658	0.000658	0.000658	0.003563	0.000658	0.000658	0.000658	0.000658	0.000658	0.000658	0.000658	0.000658	0.000658	0.000658	0.000658	0.000658	0.000658	0.000658	0.000658	0.001194	0.000658	0.000658	0.001673	0.000926	0.000926	0.000658	0.000658	0.002770	0.008920	0.000658	0.000658	0.000658	0.000658	0.000658	0.000658	0.000658	0.000658	0.000658	0.000658	0.946575	
0.000666	0.007044	0.000666	0.000666	0.000666	0.000666	0.000666	0.000666	0.000666	0.000666	0.000666	0.000666	0.000666	0.003855	0.000666	0.000666	0.000666	0.000666	0.000666	0.000666	0.000666	0.000666	0.000666	0.000666	0.000666	0.000666	0.000666	0.000666	0.000666	0.001094	0.000666	0.000666	0.002110	0.000880	0.000880	0.000666	0.000666	0.002651	0.008272	0.000666	0.000666	0.000666	0.000666	0.000666	0.000666	0.000666	0.000666	0.000666	0.000666	0.945921	
0.000647	0.006434	0.000647	0.000647	0.000647	0.000647	0.000647	0.000647	0.000647	0.000647	0.000647	0.000647	0.000647	0.003541	0.000647	0.000647	0.000647	0.000647	0.000647	0.000647	0.000647	0.000647	0.000647	0.000647	0.000647	0.000647	0.000647	0.000647	0.000647	0.000935	0.000647	0.000647	0.002600	0.000791	0.000791	0.000647	0.000647	0.004892	0.007640	0.000647	0.000647	0.000647	0.000647	0.000647	0.000647	0.000647	0.000647	0.000647	0.000647	0.945852	
0.000670	0.005446	0.000670	0.000670	0.000670	0.000670	0.000670	0.000670	0.000670	0.000670	0.000670	0.000670	0.000670	0.003058	0.000670	0.000670	0.000670	0.000670	0.000670	0.000670	0.000670	0.000670	0.000670	0.000670	0.000670	0.000670	0.000670	0.000670	0.000670	0.001389	0.000670	0.000670	0.002651	0.001029	0.001029	0.000670	0.000670	0.001833	0.007812	0.000670	0.000670	0.000670	0.000670	0.000670	0.000670	0.000670	0.000670	0.000670	0.000670	0.948293	
0.000639	0.004855	0.000639	0.000639	0.000639	0.000639	0.000639	0.000639	0.000639	0.000639	0.000639	0.000639	0.000639	0.002747	0.000639	0.000639	0.000639	0.000639	0.000639	0.000639	0.000639	0.000639	0.000639	0.000639	0.000639	0.000639	0.000639	0.000639	0.000639	0.001119	0.000639	0.000639	0.002204	0.000879	0.000879	0.000639	0.000639	0.001315	0.005603	0.000639	0.000639	0.000639	0.000639	0.000639	0.000639	0.000639	0.000639	0.000639	0.000639	0.954181	
0.000599	0.004978	0.000599	0.000599	0.000599	0.000599	0.000599	0.000599	0.000599	0.000599	0.000599	0.000599	0.000599	0.002789	0.000599	0.000599	0.000599	0.000599	0.000599	0.000599	0.000599	0.000599	0.000599	0.000599	0.000599	0.000599	0.000599	0.000599	0.000599	0.001024	0.000599	0.000599	0.001445	0.000812	0.000812	0.000599	0.000599	0.001955	0.004213	0.000599	0.000599	0.000599	0.000599	0.000599	0.000599	0.000599	0.000599	0.000599	0.000599	0.957399	
0.000644	0.001057	0.000644	0.000644	0.000644	0.000644	0.000644	0.000644	0.000644	0.000644	0.000644	0.000644	0.000644	0.000851	0.000644	0.000644	0.000644	0.000644	0.000644	0.000644	0.000644	0.000644	0.000644	0.000644	0.000644	0.000644	0.000644	0.000644	0.000644	0.011559	0.000644	0.000644	0.001110	0.006102	0.006102	0.000644	0.000644	0.001340	0.023147	0.000644	0.000644	0.000644	0.000644	0.000644	0.000644	0.000644	0.000644	0.000644	0.000644	0.922329	
0.000642	0.000930	0.000642	0.000642	0.000642	0.000642	0.000642	0.000642	0.000642	0.000642	0.000642	0.000642	0.000642	0.000786	0.000642	0.000642	0.000642	0.000642	0.000642	0.000642	0.000642	0.000642	0.000642	0.000642	0.000642	0.000642	0.000642	0.000642	0.000642	0.011312	0.000642	0.000642	0.001224	0.005977	0.005977	0.000642	0.000642	0.001526	0.022599	0.000642	0.000642	0.000642	0.000642	0.000642	0.000642	0.000642	0.000642	0.000642	0.000642	0.923348	
0.000614	0.001000	0.000614	0.000614	0.000614	0.000614	0.000614	0.000614	0.000614	0.000614	0.000614	0.000614	0.000614	0.000807	0.000614	0.000614	0.000614	0.000614	0.000614	0.000614	0.000614	0.000614	0.000614	0.000614	0.000614	0.000614	0.000614	0.000614	0.000614	0.007488	0.000614	0.000614	0.003490	0.004051	0.004051	0.000614	0.000614	0.007123	0.015211	0.000614	0.000614	0.000614	0.000614	0.000614	0.000614	0.000614	0.000614	0.000614	0.000614	0.931598	
0.000690	0.001165	0.000690	0.000690	0.000690	0.000690	0.000690	0.000690	0.000690	0.000690	0.000690	0.000690	0.000690	0.000928	0.000690	0.000690	0.000690	0.000690	0.000690	0.000690	0.000690	0.000690	0.000690	0.000690	0.000690	0.000690	0.000690	0.000690	0.000690	0.004058	0.000690	0.000690	0.001252	0.002374	0.002374	0.000690	0.000690	0.001323	0.016501	0.000690	0.000690	0.000690	0.000690	0.000690	0.000690	0.000690	0.000690	0.000690	0.000690	0.941730	
0.000611	0.000899	0.000611	0.000611	0.000611	0.000611	0.000611	0.000611	0.000611	0.000611	0.000611	0.000611	0.000611	0.000755	0.000611	0.000611	0.000611	0.000611	0.000611	0.000611	0.000611	0.000611	0.000611	0.000611	0.000611	0.000611	0.000611	0.000611	0.000611	0.002087	0.000611	0.000611	0.001905	0.001349	0.001349	0.000611	0.000611	0.001995	0.005032	0.000611	0.000611	0.000611	0.000611	0.000611	0.000611	0.000611	0.000611	0.000611	0.000611	0.959561	
0.000658	0.001170	0.000658	0.000658	0.000658	0.000658	0.000658	0.000658	0.000658	0.000658	0.000658	0.000658	0.000658	0.000914	0.000658	0.000658	0.000658	0.000658	0.000658	0.000658	0.000658	0.000658	0.000658	0.000658	0.000658	0.000658	0.000658	0.000658	0.000658	0.001621	0.000658	0.000658	0.002221	0.001139	0.001139	0.000658	0.000658	0.002749	0.008990	0.000658	0.000658	0.000658	0.000658	0.000658	0.000658	0.000658	0.000658	0.000658	0.000658	0.953098	
0.000619	0.001166	0.000619	0.000619	0.000619	0.000619	0.000619	0.000619	0.000619	0.000619	0.000619	0.000619	0.000619	0.000892	0.000619	0.000619	0.000619	0.000619	0.000619	0.000619	0.000619	0.000619	0.000619	0.000619	0.000619	0.000619	0.000619	0.000619	0.000619	0.001214	0.000619	0.000619	0.002939	0.000916	0.000916	0.000619	0.000619	0.004179	0.004440	0.000619	0.000619	0.000619	0.000619	0.000619	0.000619	0.000619	0.000619	0.000619	0.000619	0.957980	
0.000597	0.000919	0.000597	0.000597	0.000597	0.000597	0.000597	0.000597	0.000597	0.000597	0.000597	0.000597	0.000597	0.000758	0.000597	0.000597	0.000597	0.000597	0.000597	0.000597	0.000597	0.000597	0.000597	0.000597	0.000597	0.000597	0.000597	0.000597	0.000597	0.002458	0.000597	0.000597	0.001758	0.001528	0.001528	0.000597	0.000597	0.002563	0.005412	0.000597	0.000597	0.000597	0.000597	0.000597	0.000597	0.000597	0.000597	0.000597	0.000597	0.958589	
0.000648	0.001189	0.000648	0.000648	0.000648	0.000648	0.000648	0.000648	0.000648	0.000648	0.000648	0.000648	0.000648	0.000919	0.000648	0.000648	0.000648	0.000648	0.000648	0.000648	0.000648	0.000648	0.000648	0.000648	0.000648	0.000648	0.000648	0.000648	0.000648	0.000868	0.000648	0.000648	0.005978	0.000758	0.000758	0.000648	0.000648	0.008256	0.004303	0.000648	0.000648	0.000648	0.000648	0.000648	0.000648	0.000648	0.000648	0.000648	0.000648	0.950422	
