21
21
21
21
21
21
21
21
21
21
21
21
21
21
21
21
46
46
46
46
46
46
46
46
46
46
46
46
46
46
46
46
3
3
3
3
3
3
3
3
3
3
3
3
3
3
3
3
27
27
27
27
27
27
27
27
27
27
27
27
27
27
27
27
27
27
27
27
27
27
27
27
27
27
27
27
27
25
25
25
25
25
25
25
25
25
25
25
25
25
25
12
12
12
12
12
12
12
12
12
12
34
34
34
34
34
34
34
34
34
12
12
12
12
12
12
12
12
12
12
12
12
12
12
12
12
12
12
12
12
12
12
12
12
12
41
41
41
41
41
41
41
41
41
41
41
41
13
13
13
13
13
13
13
13
13
13
13
13
13
13
13
13
13
13
13
13
13
13
13
13
13
13
13
13
13
13
13
13
13
13
13
13
13
13
13
13
13
27
27
27
27
27
27
27
27
27
27
27
27
27
27
46
46
46
13
13
13
13
13
13
13
13
13
13
13
13
13
13
13
13
13
13
13
13
13
13
13
13
13
13
13
13
13
13
13
13
13
13
40
40
40
40
40
40
40
40
40
40
40
40
40
40
40
