0.528053	0.018246	0.016779	0.000786	0.033340	0.041257	0.025339	0.134955	0.016070	0.148369	0.003228	0.009626	0.008055	0.011334	0.004563	
0.483128	0.010038	0.068458	0.001747	0.029664	0.036206	0.047136	0.097428	0.036856	0.093902	0.007840	0.027209	0.031738	0.018615	0.010036	
0.489063	0.011106	0.055823	0.001141	0.029665	0.031675	0.037224	0.110388	0.029666	0.112498	0.005424	0.019425	0.036240	0.026066	0.004597	
0.611996	0.001232	0.013283	0.012181	0.005070	0.137830	0.112193	0.014804	0.019160	0.012485	0.030539	0.007388	0.006994	0.010726	0.004119	
0.386236	0.000860	0.093665	0.003161	0.028232	0.034398	0.090162	0.038749	0.134092	0.024628	0.010908	0.064484	0.038418	0.043403	0.008605	
0.463491	0.000693	0.108084	0.005332	0.019683	0.058685	0.088483	0.039516	0.056343	0.020372	0.015341	0.038018	0.039828	0.038351	0.007780	
0.355171	0.001478	0.047563	0.004532	0.027207	0.051102	0.107883	0.015573	0.205319	0.014661	0.013231	0.073732	0.008299	0.067244	0.007005	
0.247414	0.001097	0.190214	0.000717	0.011517	0.006693	0.055130	0.026737	0.132710	0.019428	0.006406	0.019323	0.025547	0.244161	0.012906	
0.330603	0.000833	0.136422	0.004563	0.006409	0.049976	0.075574	0.010574	0.121029	0.008920	0.014805	0.013283	0.009071	0.206626	0.011310	
0.264057	0.001515	0.128682	0.000625	0.020437	0.006531	0.050821	0.023498	0.183616	0.022853	0.019096	0.047957	0.027550	0.155522	0.047240	
0.278970	0.001405	0.144423	0.002579	0.010761	0.028475	0.065014	0.014535	0.153299	0.014485	0.013536	0.023626	0.011702	0.216628	0.020561	
0.328279	0.001237	0.094174	0.001097	0.023527	0.010953	0.014303	0.012586	0.176846	0.012184	0.054108	0.062713	0.041665	0.024645	0.141684	
0.374278	0.003195	0.146476	0.002005	0.019371	0.025634	0.063000	0.054222	0.072661	0.040846	0.006460	0.026241	0.036473	0.124331	0.004808	
0.404099	0.001602	0.146765	0.002172	0.021668	0.024588	0.064082	0.057993	0.054398	0.038257	0.008698	0.032874	0.053515	0.080793	0.008495	
0.396655	0.000898	0.156862	0.001188	0.027213	0.011748	0.054589	0.055319	0.064433	0.028714	0.017272	0.051318	0.064185	0.029333	0.040272	
0.510700	0.003215	0.019598	0.000922	0.023789	0.015654	0.014808	0.118001	0.020264	0.129405	0.011573	0.007783	0.104607	0.016002	0.003678	
0.511371	0.006126	0.026396	0.000908	0.026229	0.020619	0.019458	0.119191	0.019361	0.128388	0.009900	0.010874	0.083936	0.012254	0.004991	
0.492877	0.003042	0.027826	0.001064	0.023565	0.016636	0.017110	0.106875	0.035468	0.116799	0.014970	0.012966	0.096737	0.019480	0.014585	
0.435425	0.002315	0.054741	0.002227	0.020733	0.027288	0.027116	0.060768	0.089029	0.066221	0.029822	0.028818	0.063530	0.034479	0.057489	
0.357270	0.001189	0.077006	0.001777	0.027465	0.019545	0.062977	0.041689	0.157670	0.038616	0.018491	0.060480	0.045957	0.055404	0.034465	
0.334398	0.001765	0.104607	0.000685	0.021486	0.008205	0.035804	0.045695	0.135933	0.046184	0.022179	0.039278	0.050230	0.102847	0.050703	
0.300704	0.000996	0.057122	0.003037	0.030854	0.033103	0.104350	0.012015	0.244077	0.011126	0.012511	0.087132	0.010453	0.077751	0.014768	
0.318275	0.002087	0.083887	0.000872	0.032496	0.010970	0.080287	0.046615	0.185786	0.041636	0.005078	0.072253	0.037099	0.077668	0.004990	
0.326127	0.001266	0.074024	0.003558	0.023669	0.039602	0.092839	0.016847	0.196684	0.016559	0.013522	0.062343	0.013130	0.106458	0.013374	
