0	0	0	0	112	0	1	
0	0	125	0	0	0	0	
0	0	0	52	0	1	0	
133	0	0	0	0	0	0	
28	0	0	0	0	0	0	
102	0	0	31	0	37	0	
0	0	0	0	0	56	0	
0	0	16	0	0	0	40	
0	0	0	33	0	0	0	
57	0	0	0	0	0	94	
0	0	0	0	0	0	22	
0	0	16	0	0	0	0	
27	26	0	0	0	0	0	
0	114	0	0	0	0	0	
0	138	1	0	0	0	0	
0	0	34	0	0	0	0	
0	0	0	170	0	0	0	
0	92	0	0	0	0	0	
0	0	278	1	79	91	1	
0	0	141	0	0	0	0	
0	0	0	0	1	55	0	
0	0	0	0	0	0	91	
0	0	0	0	20	0	0	
117	46	42	0	0	0	0	
0	0	0	0	0	0	132	
0	0	16	0	0	0	0	
0	0	0	94	1	0	0	
0	0	0	0	0	0	0	
0	0	14	0	0	0	0	
0	0	0	0	0	50	0	
0	0	43	0	0	0	0	
0	0	0	27	0	28	0	
0	0	0	132	0	0	0	
0	0	0	0	0	0	0	
0	0	0	0	0	18	26	
18	0	0	109	0	0	0	
0	0	0	0	0	0	0	
0	0	0	0	104	0	0	
0	0	0	0	322	0	0	
0	0	0	129	1	0	0	
0	0	0	0	0	0	237	
0	56	0	0	0	0	0	
0	67	0	51	0	0	0	
0	28	0	0	0	0	0	
0	0	0	0	0	40	0	
0	0	14	0	0	0	0	
0	0	0	0	36	0	0	
0	0	2	0	66	0	75	
157	0	0	0	0	0	0	
0	0	0	1	0	123	0	
