0.446586	0.000997	0.010952	0.000673	0.045811	0.039747	0.060724	0.138822	0.013739	0.150658	0.009238	0.006222	0.061810	0.009853	0.004168	
0.463035	0.003298	0.067728	0.001295	0.024438	0.034873	0.056825	0.073265	0.042711	0.067378	0.011539	0.024644	0.037518	0.079216	0.012240	
0.477412	0.005106	0.040139	0.001200	0.026195	0.025963	0.055528	0.103673	0.048562	0.092718	0.008169	0.017433	0.045575	0.031328	0.021001	
0.384369	0.001259	0.106563	0.003892	0.017767	0.045958	0.080468	0.013154	0.117734	0.013263	0.015169	0.051792	0.022260	0.117073	0.009281	
0.305283	0.003229	0.073986	0.005968	0.030982	0.039314	0.105825	0.024650	0.167793	0.016428	0.030095	0.081668	0.038591	0.069362	0.006827	
0.503674	0.010529	0.046020	0.002882	0.015464	0.021215	0.084151	0.081156	0.091131	0.026313	0.014688	0.042026	0.019618	0.035440	0.005692	
0.324369	0.000986	0.045121	0.009400	0.017790	0.057247	0.156094	0.016289	0.225861	0.016952	0.004994	0.076261	0.013378	0.028373	0.006885	
0.490580	0.006818	0.102852	0.000743	0.011747	0.025699	0.045103	0.056631	0.073148	0.024425	0.011939	0.024395	0.019509	0.092928	0.013484	
0.491192	0.001001	0.131227	0.001010	0.006504	0.047000	0.048785	0.010886	0.034164	0.009784	0.005309	0.023163	0.009922	0.170865	0.009187	
0.325799	0.001971	0.150858	0.001150	0.024530	0.031030	0.029097	0.036044	0.163671	0.034877	0.021582	0.032393	0.035941	0.091399	0.019657	
0.344695	0.001029	0.190255	0.000976	0.007798	0.034469	0.018438	0.018377	0.212304	0.018951	0.004480	0.011351	0.013467	0.094417	0.028994	
0.253248	0.003057	0.145720	0.000845	0.043807	0.022075	0.022700	0.032872	0.136240	0.030036	0.050640	0.065426	0.064681	0.114914	0.013739	
0.454365	0.004880	0.124078	0.001068	0.008583	0.030061	0.041402	0.050206	0.124665	0.028505	0.004410	0.015029	0.014032	0.079860	0.018857	
0.378361	0.004079	0.150717	0.000811	0.018415	0.028073	0.030104	0.029025	0.132224	0.012787	0.022655	0.035405	0.027470	0.114033	0.015841	
0.359704	0.005462	0.116664	0.001584	0.027622	0.023645	0.044023	0.048419	0.131930	0.027193	0.029993	0.047857	0.040045	0.082418	0.013441	
0.425357	0.001045	0.033780	0.000575	0.027882	0.011516	0.015196	0.095425	0.017395	0.141634	0.005074	0.014440	0.091184	0.039453	0.080044	
0.492844	0.005035	0.032148	0.000609	0.021034	0.012526	0.032318	0.100685	0.016952	0.108433	0.004638	0.014487	0.065038	0.037470	0.055783	
0.460540	0.004523	0.038715	0.001258	0.020648	0.013231	0.035662	0.096046	0.054306	0.107042	0.003477	0.016537	0.064214	0.024777	0.059025	
0.420057	0.000792	0.068340	0.001100	0.023225	0.025009	0.030756	0.072320	0.055137	0.101800	0.005024	0.016861	0.062764	0.063910	0.052904	
0.272427	0.002540	0.112874	0.001406	0.044665	0.019913	0.029390	0.035610	0.094530	0.046058	0.049084	0.071191	0.078013	0.115530	0.026768	
0.312471	0.003882	0.092005	0.000938	0.043823	0.014756	0.026871	0.055474	0.070740	0.061218	0.045412	0.063345	0.081057	0.096990	0.031018	
0.397742	0.003073	0.060452	0.005999	0.015629	0.044512	0.112723	0.032904	0.150788	0.024310	0.007295	0.056359	0.019116	0.056713	0.012385	
0.448217	0.006785	0.050955	0.004548	0.014646	0.031585	0.097676	0.060486	0.130666	0.030596	0.008512	0.046498	0.020277	0.035111	0.013442	
0.395228	0.001502	0.072173	0.005807	0.014302	0.049374	0.109148	0.023803	0.145925	0.023535	0.004825	0.052373	0.016647	0.073302	0.012056	
