0	0	0	0	0	0	0	
31	0	104	0	0	0	1	
0	0	0	0	0	33	0	
109	53	79	0	0	59	45	
32	136	0	0	0	0	0	
0	0	0	0	0	0	54	
0	0	48	0	0	0	0	
0	0	0	0	0	14	0	
143	0	0	0	100	0	1	
0	0	50	0	0	0	0	
0	1	0	0	47	0	0	
0	0	0	0	0	0	0	
43	161	1	0	0	0	0	
0	0	0	0	48	0	0	
0	0	0	0	0	0	116	
0	0	0	131	0	0	0	
0	0	0	252	0	0	0	
50	0	0	0	0	0	0	
187	0	0	0	0	0	0	
0	0	0	0	0	0	0	
0	0	0	0	0	0	194	
0	0	53	0	98	57	0	
0	0	0	0	78	0	0	
0	58	0	0	133	0	0	
0	0	0	0	0	30	0	
0	0	20	0	0	0	0	
0	30	0	0	0	0	0	
1	0	0	0	40	50	69	
0	0	0	149	0	1	0	
0	0	379	1	20	0	1	
0	0	0	0	0	0	0	
0	0	0	0	0	0	0	
0	0	0	93	80	0	0	
0	0	0	0	33	0	0	
0	0	0	0	0	33	0	
0	2	65	0	0	112	0	
0	34	0	0	0	0	51	
0	0	0	0	0	0	0	
0	0	0	0	0	0	0	
0	0	0	0	0	0	0	
0	0	0	0	0	16	0	
0	0	0	0	0	108	0	
0	0	21	0	0	0	117	
0	45	0	0	0	0	0	
0	0	0	0	20	0	0	
0	95	0	0	0	0	0	
0	0	58	0	0	0	0	
0	12	21	0	0	0	0	
0	0	0	77	0	0	27	
0	0	0	0	0	32	16	
