0	0	41	20	0	0	14	
72	0	0	0	0	0	42	
0	26	0	0	0	0	1	
0	160	0	0	18	90	1	
0	0	0	42	0	0	0	
0	0	0	0	55	43	0	
215	0	0	1	0	0	0	
0	0	278	0	0	0	0	
0	0	0	101	0	0	0	
0	0	0	0	0	193	0	
0	0	0	0	0	0	11	
0	0	0	165	0	0	0	
63	94	34	0	0	0	0	
0	0	0	0	0	0	118	
0	0	25	0	0	0	0	
0	31	0	0	58	0	0	
45	86	0	0	0	0	0	
0	25	1	0	0	0	0	
0	0	1	42	1	0	42	
0	0	0	0	0	0	23	
0	0	0	50	0	0	16	
0	0	0	0	0	0	0	
0	0	0	0	96	0	0	
1	0	90	0	0	0	0	
69	0	0	0	21	0	0	
0	0	75	0	0	0	15	
0	0	0	193	0	0	0	
0	0	74	0	53	0	0	
0	16	0	0	0	0	0	
0	0	0	0	33	0	0	
0	0	1	0	61	0	0	
45	0	0	16	0	23	0	
0	0	0	0	0	138	0	
0	58	0	0	0	0	0	
0	0	16	0	0	0	0	
74	0	63	1	0	0	4	
1	196	0	110	53	0	0	
0	0	56	0	0	0	27	
109	0	0	0	0	0	0	
16	0	0	0	0	0	0	
0	0	12	0	0	0	0	
0	12	0	0	0	0	0	
0	0	29	0	0	34	0	
0	31	1	37	0	0	0	
0	0	0	0	16	0	0	
0	0	0	0	0	0	0	
0	0	0	0	65	0	74	
0	0	0	0	0	12	0	
82	0	28	0	0	0	0	
0	5	0	66	0	12	19	
