0.098955	0.000948	0.000157	0.036196	0.003821	0.170763	0.001261	0.009109	0.008235	0.002749	0.079010	0.087681	0.004670	0.003039	0.006595	0.006764	0.007053	0.007551	0.018177	0.003545	0.001783	0.000644	0.005745	0.000964	0.003188	0.005275	0.000481	0.007197	0.003807	0.002633	0.000945	0.121252	0.002134	0.001157	0.008967	0.003945	0.004571	0.131496	0.010990	0.011706	0.003947	0.003807	0.002358	0.001307	0.000505	0.000965	0.084695	0.014012	0.001772	0.001475	
0.035104	0.001713	0.000146	0.012601	0.012636	0.067223	0.001445	0.075524	0.009269	0.007362	0.030057	0.030395	0.062536	0.004146	0.053609	0.033103	0.018026	0.019314	0.006374	0.005688	0.003366	0.006874	0.006622	0.001693	0.006152	0.006168	0.000549	0.038873	0.004268	0.003780	0.001125	0.052862	0.004063	0.001621	0.121316	0.009878	0.038084	0.054333	0.017975	0.019293	0.009972	0.004268	0.002880	0.016049	0.000578	0.002240	0.035690	0.036066	0.004334	0.002757	
0.043539	0.000938	0.000143	0.015794	0.007541	0.086458	0.001153	0.044112	0.012547	0.012134	0.035313	0.038152	0.037107	0.006365	0.032429	0.020673	0.031625	0.033894	0.007968	0.003416	0.001776	0.004129	0.009210	0.000985	0.003189	0.004824	0.000749	0.025829	0.005748	0.005050	0.001615	0.071108	0.002130	0.002270	0.071943	0.017252	0.022478	0.073347	0.020793	0.026270	0.017444	0.005748	0.004255	0.009565	0.000792	0.003830	0.043991	0.063391	0.007517	0.001467	
0.005842	0.001029	0.000162	0.001985	0.002630	0.146756	0.000967	0.008387	0.183303	0.001969	0.005850	0.004589	0.003636	0.004518	0.005004	0.005060	0.004961	0.005307	0.001073	0.003342	0.001944	0.000537	0.096117	0.002337	0.003484	0.003893	0.000684	0.005326	0.082915	0.004112	0.001430	0.111277	0.002329	0.001613	0.006943	0.004113	0.008065	0.009331	0.129983	0.009842	0.002799	0.082915	0.003705	0.001048	0.000722	0.000724	0.012745	0.009803	0.001286	0.001607	
0.007771	0.002380	0.000145	0.001838	0.009119	0.068922	0.003180	0.042701	0.053737	0.002067	0.008365	0.004255	0.028899	0.046043	0.030985	0.025521	0.004584	0.004904	0.000991	0.009608	0.004739	0.003246	0.053473	0.002653	0.008712	0.014215	0.005909	0.050375	0.024361	0.043654	0.014143	0.037851	0.005732	0.014471	0.056099	0.002941	0.022089	0.008648	0.047508	0.047447	0.002584	0.024361	0.039256	0.007475	0.006321	0.000665	0.080944	0.009062	0.001185	0.003870	
0.003946	0.004756	0.000155	0.001234	0.014137	0.087410	0.001059	0.053158	0.103472	0.004719	0.011922	0.002774	0.027265	0.009860	0.024249	0.015894	0.011792	0.012631	0.000695	0.012591	0.009611	0.003079	0.058172	0.005265	0.017789	0.004345	0.001313	0.022429	0.046839	0.009105	0.002967	0.067201	0.011656	0.003688	0.052820	0.007211	0.027557	0.010573	0.092848	0.017290	0.006550	0.046839	0.008012	0.007066	0.001396	0.001518	0.018905	0.023533	0.002881	0.007822	
0.008185	0.000995	0.000134	0.001733	0.003091	0.060622	0.003779	0.012335	0.029271	0.009270	0.005329	0.004017	0.007325	0.063838	0.015193	0.018549	0.024676	0.026445	0.000934	0.007042	0.001903	0.000910	0.050555	0.001163	0.003433	0.017033	0.008029	0.050581	0.013300	0.059419	0.019308	0.033224	0.002286	0.019846	0.014258	0.013616	0.006642	0.019716	0.030879	0.072403	0.013621	0.013300	0.053709	0.001967	0.008593	0.003008	0.107644	0.049439	0.005883	0.001568	
0.005692	0.026782	0.000175	0.001662	0.059918	0.013324	0.001850	0.142075	0.004984	0.001642	0.058051	0.003785	0.004286	0.004441	0.007742	0.008991	0.004037	0.004315	0.000919	0.067421	0.054867	0.000619	0.004955	0.025339	0.102167	0.007938	0.000692	0.005641	0.002348	0.004086	0.001429	0.009438	0.066692	0.004455	0.008231	0.002298	0.061665	0.007621	0.114141	0.014123	0.002297	0.002348	0.003677	0.001223	0.000728	0.000628	0.014732	0.007933	0.001080	0.044520	
0.036703	0.005536	0.000158	0.010487	0.013425	0.072681	0.009660	0.035385	0.010345	0.001449	0.033346	0.025242	0.007057	0.034057	0.029891	0.042937	0.003470	0.003709	0.005322	0.025829	0.011212	0.000902	0.024520	0.005312	0.020773	0.044212	0.004414	0.029751	0.004761	0.032151	0.010496	0.040339	0.013603	0.011153	0.013983	0.002024	0.016123	0.038558	0.031430	0.075377	0.001978	0.004761	0.029043	0.001916	0.004718	0.000546	0.102390	0.006813	0.000934	0.009121	
0.027447	0.001547	0.000174	0.001941	0.003923	0.045875	0.026132	0.012264	0.033121	0.003175	0.006782	0.004465	0.004808	0.007066	0.069974	0.110770	0.008174	0.008751	0.001057	0.037746	0.002995	0.000674	0.020721	0.001714	0.005436	0.120524	0.000998	0.007761	0.015061	0.006398	0.002175	0.029203	0.003605	0.002471	0.010350	0.004743	0.006501	0.010962	0.034044	0.152593	0.004571	0.015061	0.005764	0.001355	0.001057	0.001111	0.096204	0.016247	0.002048	0.002462	
0.028187	0.004528	0.000177	0.002066	0.010749	0.032137	0.026606	0.029221	0.014319	0.001757	0.013169	0.004764	0.006261	0.006883	0.072342	0.113382	0.004293	0.004590	0.001121	0.045652	0.009122	0.000833	0.011106	0.004391	0.016857	0.122711	0.000999	0.008588	0.006567	0.006405	0.002174	0.017203	0.011055	0.002732	0.013189	0.002507	0.013501	0.009191	0.032457	0.153031	0.002439	0.006567	0.005758	0.001728	0.001058	0.000659	0.097950	0.008447	0.001141	0.007429	
0.010620	0.015670	0.000163	0.002253	0.036683	0.028074	0.005455	0.095888	0.007892	0.002012	0.036517	0.005239	0.014635	0.024031	0.025268	0.028678	0.004786	0.005119	0.001208	0.045044	0.032038	0.001724	0.017542	0.014866	0.059605	0.024699	0.003147	0.026020	0.003655	0.022686	0.007410	0.013489	0.038930	0.009216	0.028496	0.002719	0.042739	0.010177	0.071192	0.046586	0.002704	0.003655	0.020412	0.003852	0.003360	0.000704	0.056437	0.009450	0.001246	0.026008	
0.019738	0.001901	0.000155	0.003779	0.010920	0.037790	0.011385	0.062257	0.017263	0.006937	0.011510	0.008957	0.049375	0.006161	0.068309	0.068831	0.017209	0.018438	0.001967	0.019226	0.003744	0.005463	0.011872	0.001930	0.006848	0.052220	0.000815	0.032271	0.007885	0.005592	0.001759	0.029677	0.004520	0.002260	0.096211	0.009500	0.031438	0.022649	0.025286	0.075164	0.009527	0.007885	0.004638	0.012701	0.000863	0.002152	0.051392	0.034417	0.004149	0.003065	
0.013247	0.001311	0.000150	0.003310	0.014762	0.033629	0.005328	0.099800	0.019638	0.002749	0.009308	0.007824	0.086990	0.005687	0.083143	0.060116	0.004881	0.005222	0.001730	0.009814	0.002537	0.009515	0.013132	0.001391	0.004601	0.024158	0.000821	0.053688	0.008955	0.006037	0.001781	0.023504	0.003053	0.001995	0.168957	0.002852	0.050840	0.014008	0.020232	0.034770	0.002750	0.008955	0.004706	0.022286	0.000869	0.000704	0.031263	0.009655	0.001258	0.002085	
0.007469	0.001224	0.000144	0.002454	0.017949	0.020728	0.001322	0.126122	0.010141	0.002870	0.007314	0.005755	0.111788	0.004406	0.092895	0.054324	0.004562	0.004880	0.001299	0.004335	0.002363	0.012184	0.007559	0.001238	0.004282	0.005604	0.000657	0.066794	0.004661	0.005082	0.001389	0.015156	0.002843	0.001588	0.216918	0.002606	0.064060	0.010820	0.012789	0.011631	0.002572	0.004661	0.003621	0.028602	0.000693	0.000661	0.014844	0.009019	0.001179	0.001943	
0.009379	0.001079	0.000123	0.003259	0.002842	0.037573	0.000937	0.008853	0.010971	0.035846	0.008808	0.007739	0.003639	0.008984	0.005023	0.005080	0.096744	0.103707	0.001691	0.003533	0.002088	0.000502	0.008227	0.001106	0.003787	0.003899	0.000691	0.005677	0.005025	0.004422	0.001504	0.061387	0.002512	0.003351	0.006985	0.052431	0.004418	0.066050	0.038541	0.061370	0.053221	0.005025	0.003982	0.001019	0.000732	0.011439	0.016096	0.194235	0.022755	0.001716	
0.008804	0.001939	0.000126	0.002926	0.005351	0.035685	0.001335	0.018104	0.011995	0.033178	0.009852	0.006925	0.008110	0.008000	0.009622	0.008703	0.089397	0.095831	0.001526	0.006151	0.003853	0.000987	0.008379	0.001926	0.007076	0.005730	0.000612	0.007712	0.005489	0.003849	0.001306	0.057482	0.004659	0.003116	0.015680	0.048468	0.008802	0.060692	0.040764	0.059052	0.049185	0.005489	0.003423	0.002161	0.000647	0.010581	0.015663	0.179472	0.021036	0.003148	
0.015023	0.001152	0.000125	0.005162	0.003020	0.044870	0.001430	0.008826	0.007153	0.031837	0.013029	0.012357	0.003272	0.015112	0.005977	0.006971	0.085897	0.092078	0.002643	0.004356	0.002237	0.000465	0.010030	0.001147	0.004063	0.006176	0.001528	0.010491	0.003301	0.010678	0.003532	0.060151	0.002693	0.005192	0.006293	0.046540	0.004292	0.066614	0.033269	0.062085	0.047261	0.003301	0.009645	0.000927	0.001628	0.010171	0.031504	0.172441	0.020216	0.001837	
0.044224	0.000926	0.000138	0.015676	0.002922	0.093089	0.002029	0.007960	0.005535	0.014133	0.035057	0.037875	0.003612	0.032440	0.007746	0.009582	0.037935	0.040659	0.007907	0.004560	0.001759	0.000512	0.020264	0.000923	0.003162	0.008909	0.003997	0.025828	0.002576	0.029118	0.009511	0.069806	0.002110	0.010279	0.006968	0.020609	0.003918	0.076531	0.017873	0.050487	0.020909	0.002576	0.026327	0.001023	0.004273	0.004564	0.084666	0.076073	0.008991	0.001452	
0.010449	0.001781	0.000136	0.003129	0.005691	0.066250	0.002127	0.022723	0.035335	0.009065	0.009929	0.007403	0.013202	0.053545	0.015707	0.014225	0.023962	0.025679	0.001633	0.006780	0.003517	0.001545	0.047831	0.001950	0.006440	0.009366	0.006737	0.046441	0.016041	0.049771	0.016167	0.040608	0.004248	0.016779	0.025589	0.013276	0.011746	0.024239	0.037810	0.056545	0.013230	0.016041	0.044928	0.003467	0.007209	0.002927	0.090207	0.048001	0.005717	0.002877	
0.009725	0.006960	0.000150	0.002516	0.016557	0.061800	0.003541	0.044670	0.048351	0.009077	0.019219	0.005895	0.008804	0.026278	0.015737	0.018146	0.024089	0.025815	0.001333	0.021267	0.014149	0.001083	0.039003	0.006939	0.026257	0.015870	0.003309	0.023745	0.021930	0.023930	0.007823	0.046089	0.017176	0.009011	0.017102	0.013447	0.021106	0.022101	0.068144	0.047669	0.013306	0.021930	0.021589	0.002356	0.003535	0.002954	0.053017	0.048244	0.005757	0.011501	
0.007428	0.000923	0.000128	0.001964	0.002819	0.061990	0.001735	0.010984	0.010925	0.001311	0.005695	0.004587	0.006387	0.103422	0.009250	0.009609	0.003165	0.003384	0.001046	0.004189	0.001761	0.000803	0.064195	0.000959	0.003174	0.007578	0.013139	0.080025	0.005006	0.097770	0.031726	0.013472	0.002115	0.031869	0.012351	0.001850	0.005570	0.008343	0.011820	0.073931	0.001797	0.005006	0.088416	0.001724	0.014068	0.000484	0.161587	0.006229	0.000839	0.001452	
0.004553	0.012302	0.000148	0.001020	0.028236	0.028763	0.002153	0.071182	0.007728	0.010192	0.027000	0.002266	0.007787	0.035356	0.011393	0.011903	0.027139	0.029084	0.000584	0.032500	0.025131	0.000972	0.023316	0.011683	0.046738	0.009444	0.004435	0.029666	0.003573	0.032378	0.010560	0.019892	0.030533	0.012397	0.015068	0.014794	0.031519	0.018550	0.063091	0.047167	0.014981	0.003573	0.029241	0.002095	0.004741	0.003309	0.058620	0.054373	0.006470	0.020404	
0.024312	0.001007	0.000138	0.008147	0.004294	0.081795	0.002332	0.019861	0.023686	0.004145	0.019086	0.019588	0.014265	0.060648	0.017079	0.015544	0.010611	0.011365	0.004143	0.005153	0.001924	0.001662	0.046249	0.001133	0.003468	0.010309	0.007711	0.053095	0.010778	0.057070	0.018528	0.043571	0.002310	0.018813	0.027660	0.005973	0.010348	0.034399	0.022981	0.054933	0.005893	0.010778	0.051522	0.003739	0.008251	0.001365	0.112985	0.021177	0.002591	0.001586	
