4
4
4
4
4
4
4
4
4
4
4
7
7
7
7
7
7
7
7
12
12
12
12
12
12
21
21
21
21
21
5
5
5
5
5
5
5
5
5
10
10
10
10
10
10
10
10
35
35
35
35
35
35
26
26
26
26
26
26
26
26
26
26
26
26
11
11
11
11
11
11
11
11
11
31
31
31
31
31
31
31
31
31
31
31
31
26
26
26
26
26
26
26
26
26
26
26
26
26
26
45
45
45
45
45
45
45
45
45
45
36
36
36
36
36
36
36
36
36
36
36
20
20
20
20
20
20
20
35
35
35
35
35
35
35
35
35
35
35
42
42
42
42
42
42
42
42
42
0
0
0
0
0
10
10
10
10
10
10
10
10
40
40
40
40
40
40
40
40
40
40
40
40
40
40
40
40
41
41
41
41
41
41
