0.024095	0.006693	0.001377	0.090897	0.000153	0.002711	0.004998	0.005485	0.005940	0.001480	0.001432	0.001480	0.000153	0.002903	0.002600	0.009812	0.004516	0.000712	0.032619	0.000785	0.006640	0.015920	0.021918	0.001726	0.001353	0.008446	0.073002	0.003237	0.009455	0.001377	0.000153	0.009027	0.006259	0.120994	0.039849	0.003999	0.002143	0.003037	0.018038	0.005117	0.010538	0.091567	0.000153	0.000153	0.000153	0.265467	0.001527	0.073142	0.002102	0.002665	
0.009230	0.006772	0.004558	0.058554	0.000169	0.004275	0.044222	0.019293	0.020543	0.001509	0.001461	0.001509	0.000169	0.008804	0.008215	0.091815	0.013260	0.001052	0.009974	0.002066	0.032420	0.021065	0.008407	0.014449	0.011586	0.008731	0.017245	0.028158	0.088651	0.004558	0.000169	0.080709	0.003587	0.046044	0.009474	0.013964	0.002179	0.009644	0.004361	0.015062	0.094417	0.034767	0.000169	0.000169	0.000169	0.102808	0.005443	0.028478	0.002963	0.002705	
0.012417	0.005511	0.004597	0.070839	0.000165	0.003642	0.039050	0.019475	0.020699	0.001250	0.001211	0.001250	0.000165	0.011521	0.008315	0.046813	0.017768	0.000772	0.014063	0.002716	0.031079	0.025534	0.011303	0.012997	0.005939	0.007249	0.025959	0.025316	0.044909	0.004597	0.000165	0.072537	0.003826	0.062141	0.014221	0.014094	0.001792	0.011225	0.006498	0.020192	0.084855	0.046946	0.000165	0.000165	0.000165	0.136038	0.005427	0.037839	0.002370	0.002218	
0.001180	0.006746	0.001481	0.149966	0.000144	0.002784	0.008558	0.005970	0.006506	0.001483	0.001435	0.001483	0.000144	0.041995	0.002841	0.117045	0.067956	0.001126	0.021539	0.009971	0.007599	0.049852	0.001086	0.002216	0.014742	0.009895	0.087809	0.004205	0.113278	0.001481	0.000144	0.011830	0.002102	0.005422	0.047914	0.004346	0.002153	0.024767	0.021666	0.077293	0.013819	0.004102	0.000144	0.000144	0.000144	0.030397	0.001659	0.004213	0.002549	0.002679	
0.001499	0.036654	0.006761	0.117973	0.000143	0.014059	0.017331	0.028979	0.030276	0.007551	0.007287	0.007551	0.000143	0.040399	0.012320	0.013456	0.065128	0.003103	0.010671	0.009561	0.032331	0.055635	0.001376	0.005866	0.001726	0.047327	0.041005	0.011361	0.012410	0.006761	0.000143	0.032421	0.010179	0.007218	0.022409	0.020943	0.011255	0.029839	0.010175	0.074075	0.037915	0.005318	0.000143	0.000143	0.000143	0.054294	0.007463	0.004370	0.010740	0.014166	
0.001012	0.004967	0.001983	0.126860	0.000155	0.003495	0.040693	0.008121	0.009104	0.001131	0.001096	0.001131	0.000155	0.039409	0.003675	0.059874	0.063021	0.000769	0.015726	0.009266	0.021241	0.048356	0.000934	0.013461	0.007525	0.007554	0.063681	0.026235	0.057274	0.001983	0.000155	0.075202	0.001601	0.004547	0.034771	0.005901	0.001619	0.023655	0.015751	0.071677	0.087976	0.003429	0.000155	0.000155	0.000155	0.023207	0.002646	0.003227	0.002277	0.002003	
0.006355	0.031864	0.001457	0.148465	0.000145	0.012251	0.015455	0.005861	0.006298	0.006580	0.006351	0.006580	0.000145	0.051830	0.002579	0.009393	0.083726	0.002706	0.007623	0.012258	0.010667	0.063505	0.005790	0.005261	0.001204	0.041725	0.015052	0.010173	0.008351	0.001457	0.000145	0.029002	0.009778	0.031525	0.008268	0.004268	0.009798	0.030110	0.003805	0.095233	0.033914	0.023857	0.000145	0.000145	0.000145	0.096203	0.001755	0.019124	0.009346	0.012327	
0.001113	0.005020	0.006382	0.058236	0.000162	0.003636	0.044546	0.027266	0.028993	0.001148	0.001113	0.001148	0.000162	0.005586	0.011760	0.108668	0.008041	0.000972	0.021948	0.001304	0.039673	0.016231	0.001027	0.014442	0.013700	0.006424	0.089710	0.028151	0.105079	0.006382	0.000162	0.080701	0.001638	0.005184	0.048958	0.019712	0.001641	0.009955	0.022147	0.009126	0.094410	0.003794	0.000162	0.000162	0.000162	0.028200	0.007398	0.003905	0.002529	0.002028	
0.004023	0.003280	0.002517	0.125746	0.000151	0.001433	0.007026	0.010459	0.011006	0.000786	0.000763	0.000786	0.000151	0.031956	0.004619	0.165218	0.051708	0.001046	0.015174	0.007623	0.010811	0.041135	0.003671	0.001383	0.020812	0.005195	0.053247	0.002566	0.160275	0.002517	0.000151	0.007099	0.001694	0.019773	0.029084	0.007587	0.001103	0.020414	0.013187	0.058806	0.008282	0.014936	0.000151	0.000151	0.000151	0.051293	0.002735	0.013235	0.001730	0.001353	
0.002902	0.008559	0.001995	0.149085	0.000132	0.003363	0.004919	0.008252	0.009156	0.001842	0.001781	0.001842	0.000132	0.029670	0.004104	0.020951	0.047991	0.000884	0.047556	0.007068	0.009061	0.037392	0.002650	0.001614	0.002693	0.011737	0.193181	0.003036	0.019985	0.001995	0.000132	0.008490	0.002895	0.014177	0.105326	0.005989	0.002697	0.018562	0.047527	0.054581	0.009913	0.010710	0.000132	0.000132	0.000132	0.066139	0.002188	0.008730	0.002653	0.003368	
0.001729	0.006155	0.000843	0.112899	0.000133	0.002459	0.005298	0.003225	0.004151	0.001355	0.001312	0.001355	0.000133	0.003876	0.002202	0.082885	0.006132	0.000938	0.062488	0.001003	0.004192	0.006138	0.001584	0.001331	0.010506	0.007813	0.259467	0.002480	0.080525	0.000843	0.000133	0.006886	0.002038	0.008211	0.141447	0.002364	0.001966	0.002987	0.063802	0.006958	0.008035	0.006227	0.000133	0.000133	0.000133	0.061857	0.000942	0.005642	0.002207	0.002446	
0.000935	0.005537	0.014364	0.116207	0.000139	0.002334	0.006284	0.062121	0.064546	0.001234	0.001195	0.001234	0.000139	0.031077	0.026363	0.013657	0.050238	0.000621	0.025418	0.007400	0.058602	0.054897	0.000863	0.002128	0.001780	0.007995	0.104873	0.004038	0.012856	0.014364	0.000139	0.011359	0.001731	0.004662	0.057210	0.044847	0.001782	0.033459	0.025852	0.057136	0.013269	0.003178	0.000139	0.000139	0.000139	0.029385	0.015460	0.002665	0.001795	0.002212	
0.009730	0.003965	0.011178	0.086027	0.000144	0.001711	0.004932	0.048223	0.050244	0.000919	0.000891	0.000919	0.000144	0.006909	0.020626	0.014602	0.011028	0.000505	0.036579	0.001721	0.045471	0.027231	0.008859	0.001667	0.001941	0.005171	0.128392	0.003129	0.014070	0.011178	0.000144	0.008733	0.002911	0.048906	0.070028	0.034824	0.001307	0.016461	0.031630	0.012526	0.010195	0.036747	0.000144	0.000144	0.000144	0.122622	0.012027	0.029451	0.001341	0.001611	
0.002075	0.007844	0.017969	0.043295	0.000155	0.003648	0.019105	0.077775	0.080753	0.001715	0.001659	0.001715	0.000155	0.003028	0.032800	0.077563	0.004436	0.001070	0.016988	0.000775	0.076903	0.028890	0.001900	0.006046	0.009835	0.009887	0.066156	0.011702	0.075179	0.017969	0.000155	0.033381	0.002565	0.010480	0.036119	0.056143	0.002495	0.021972	0.016359	0.005026	0.039037	0.007487	0.000155	0.000155	0.000155	0.037267	0.019477	0.006608	0.002866	0.003108	
0.002414	0.008316	0.018883	0.058112	0.000146	0.003676	0.014431	0.081784	0.084985	0.001804	0.001745	0.001804	0.000146	0.005349	0.034608	0.011915	0.008284	0.000842	0.027988	0.001325	0.079363	0.032837	0.002208	0.004896	0.001592	0.010565	0.111756	0.009455	0.011350	0.018883	0.000146	0.026934	0.002749	0.012259	0.060964	0.059033	0.002633	0.024331	0.027547	0.009405	0.031493	0.008806	0.000146	0.000146	0.000146	0.048273	0.020411	0.007144	0.002690	0.003284	
0.001444	0.128443	0.001386	0.020693	0.000142	0.046834	0.006514	0.005563	0.005836	0.026174	0.025244	0.026174	0.000142	0.002943	0.002434	0.065287	0.004578	0.010624	0.003020	0.000785	0.006865	0.005715	0.001325	0.001863	0.008304	0.161080	0.008809	0.003516	0.063400	0.001386	0.000142	0.009853	0.034778	0.006756	0.004865	0.004052	0.039190	0.003075	0.002270	0.005189	0.011506	0.005113	0.000142	0.000142	0.000142	0.133964	0.001544	0.004617	0.036725	0.049417	
0.001703	0.105982	0.000981	0.020126	0.000151	0.039632	0.029154	0.003769	0.004303	0.021624	0.020857	0.021624	0.000151	0.002981	0.001700	0.050468	0.004131	0.008782	0.004072	0.000728	0.013289	0.005888	0.001562	0.009619	0.006414	0.132910	0.012551	0.018708	0.048690	0.000981	0.000151	0.053550	0.028808	0.008014	0.006908	0.002761	0.032360	0.002455	0.003195	0.004679	0.062639	0.006079	0.000151	0.000151	0.000151	0.116297	0.001419	0.005270	0.030634	0.040796	
0.002633	0.073288	0.001282	0.038682	0.000151	0.028244	0.039694	0.005079	0.006000	0.014991	0.014461	0.014991	0.000151	0.002589	0.002439	0.012445	0.003246	0.006027	0.019751	0.000600	0.018447	0.006561	0.002407	0.013432	0.001624	0.091905	0.076340	0.026182	0.011569	0.001282	0.000151	0.075057	0.020212	0.012714	0.041667	0.003705	0.022410	0.002498	0.018856	0.003672	0.087807	0.009628	0.000151	0.000151	0.000151	0.105344	0.001894	0.007802	0.021398	0.028240	
0.005282	0.026807	0.003215	0.096476	0.000148	0.009998	0.007131	0.013510	0.014212	0.005557	0.005364	0.005557	0.000148	0.019242	0.005934	0.116763	0.031045	0.002729	0.019253	0.004626	0.013957	0.028328	0.004816	0.001737	0.014746	0.034240	0.067108	0.003262	0.113282	0.003215	0.000148	0.009108	0.008229	0.026162	0.036635	0.009786	0.008262	0.014176	0.016587	0.035299	0.010633	0.019752	0.000148	0.000148	0.000148	0.088310	0.003497	0.016697	0.008202	0.010387	
0.004475	0.010146	0.028583	0.032471	0.000151	0.003904	0.003702	0.124031	0.128190	0.002179	0.002106	0.002179	0.000151	0.005797	0.051990	0.016102	0.009246	0.001010	0.007124	0.001469	0.114000	0.047161	0.004082	0.001246	0.002139	0.012878	0.017997	0.002296	0.015557	0.028583	0.000151	0.006325	0.003617	0.022986	0.009875	0.089507	0.003193	0.035742	0.004532	0.010498	0.007375	0.016663	0.000151	0.000151	0.000151	0.056964	0.030657	0.013445	0.003081	0.003990	
0.000930	0.018440	0.008267	0.107254	0.000153	0.007473	0.019194	0.035509	0.036926	0.003863	0.003731	0.003863	0.000153	0.037162	0.014958	0.097669	0.059862	0.001990	0.002673	0.008806	0.038344	0.053750	0.000859	0.005944	0.012307	0.024376	0.008717	0.011504	0.094346	0.008267	0.000153	0.032816	0.005197	0.004362	0.004819	0.025656	0.005718	0.029762	0.002255	0.068082	0.038375	0.003119	0.000153	0.000153	0.000153	0.026473	0.009079	0.003278	0.005932	0.007176	
0.004130	0.064195	0.001702	0.102089	0.000143	0.023514	0.005396	0.006937	0.007266	0.013139	0.012675	0.013139	0.000143	0.032184	0.003035	0.062726	0.052075	0.005492	0.006768	0.007669	0.007742	0.040361	0.003767	0.001506	0.007942	0.081569	0.017426	0.002815	0.060589	0.001702	0.000143	0.007831	0.018041	0.020314	0.009561	0.005043	0.019637	0.019612	0.004386	0.059225	0.009140	0.015366	0.000143	0.000143	0.000143	0.103512	0.001868	0.012772	0.018543	0.024743	
0.007996	0.034917	0.001608	0.084412	0.000159	0.014318	0.039274	0.006474	0.007229	0.007211	0.006959	0.007211	0.000159	0.024700	0.002825	0.026647	0.039154	0.003030	0.007196	0.005811	0.019471	0.034381	0.007284	0.013203	0.003382	0.044580	0.008827	0.025726	0.025137	0.001608	0.000159	0.073729	0.010903	0.039753	0.004882	0.004714	0.010737	0.015096	0.002287	0.044523	0.086252	0.030083	0.000159	0.000159	0.000159	0.114942	0.002234	0.024228	0.010604	0.013508	
0.001169	0.062106	0.001871	0.071523	0.000139	0.022708	0.004885	0.007684	0.008310	0.012712	0.012263	0.012712	0.000139	0.007653	0.003632	0.094791	0.012275	0.005449	0.027570	0.001898	0.008020	0.011516	0.001075	0.001117	0.012001	0.078086	0.113344	0.002055	0.092069	0.001871	0.000139	0.005651	0.016941	0.005394	0.061826	0.005582	0.018999	0.006251	0.027932	0.013945	0.006589	0.004069	0.000139	0.000139	0.000139	0.085568	0.002034	0.004015	0.018062	0.023938	
