0.586015	0.001351	0.012570	0.000875	0.025888	0.141787	0.042534	0.049078	0.021624	0.080890	0.003997	0.008073	0.011475	0.008448	0.005396	
0.402617	0.008135	0.086361	0.000967	0.019707	0.015100	0.038970	0.125331	0.024269	0.089150	0.005059	0.010509	0.061386	0.101776	0.010661	
0.502223	0.010217	0.018565	0.000896	0.022547	0.033392	0.020129	0.151913	0.027223	0.108111	0.004511	0.012181	0.067085	0.016395	0.004610	
0.524276	0.001017	0.069388	0.011616	0.004637	0.058229	0.113210	0.013124	0.014215	0.013104	0.079370	0.005357	0.006917	0.082655	0.002886	
0.401160	0.003783	0.088794	0.005766	0.011779	0.031758	0.093118	0.040614	0.090892	0.030707	0.038511	0.036003	0.022106	0.098820	0.006190	
0.460547	0.003564	0.069955	0.007542	0.010255	0.040617	0.093179	0.042770	0.059542	0.032145	0.050921	0.023722	0.021631	0.078846	0.004765	
0.399582	0.002929	0.053741	0.005187	0.018800	0.027431	0.089215	0.015233	0.203064	0.015314	0.034445	0.076502	0.020678	0.022002	0.015876	
0.273342	0.002975	0.181105	0.001006	0.022391	0.009801	0.054550	0.039508	0.131172	0.029320	0.005347	0.041359	0.037883	0.148805	0.021437	
0.279988	0.000835	0.198340	0.001648	0.016614	0.042993	0.077975	0.015831	0.077262	0.024044	0.009713	0.024071	0.015603	0.202408	0.012675	
0.401017	0.001333	0.101019	0.002466	0.028726	0.041609	0.044546	0.018555	0.176883	0.025392	0.015461	0.056435	0.031967	0.027290	0.027302	
0.358539	0.001155	0.128797	0.000698	0.030438	0.042514	0.038349	0.017934	0.180525	0.027075	0.003096	0.056608	0.031841	0.054593	0.027838	
0.399582	0.001001	0.113771	0.004492	0.028120	0.022973	0.044833	0.009343	0.193942	0.009011	0.029714	0.058968	0.035917	0.016782	0.031551	
0.381322	0.003692	0.117507	0.000691	0.025987	0.039831	0.037056	0.058194	0.110483	0.051242	0.003062	0.034483	0.040339	0.077368	0.018743	
0.303088	0.003622	0.172562	0.002013	0.018670	0.014244	0.059637	0.052090	0.085269	0.037014	0.012378	0.026192	0.037785	0.159470	0.015965	
0.431863	0.005968	0.075380	0.002237	0.026893	0.017751	0.025985	0.084478	0.124343	0.058019	0.013956	0.039280	0.056978	0.016048	0.020821	
0.500937	0.001080	0.013942	0.000649	0.039535	0.019291	0.017157	0.089746	0.034928	0.105683	0.002842	0.013353	0.083983	0.009598	0.067276	
0.506355	0.002314	0.010927	0.000919	0.038547	0.009872	0.013229	0.106061	0.021979	0.111588	0.004773	0.008714	0.090793	0.008409	0.065519	
0.483569	0.001886	0.015556	0.000819	0.034760	0.031377	0.032663	0.078718	0.064581	0.092811	0.003964	0.026110	0.067223	0.014153	0.051809	
0.508249	0.000983	0.035737	0.003283	0.030229	0.044227	0.040407	0.058409	0.052418	0.071870	0.021179	0.017466	0.053883	0.018636	0.043022	
0.271522	0.003610	0.103817	0.001388	0.019034	0.009589	0.093926	0.024252	0.210878	0.024412	0.007898	0.083226	0.023730	0.105710	0.017008	
0.332844	0.002791	0.111917	0.002614	0.020878	0.016893	0.074473	0.032985	0.149346	0.031315	0.016520	0.054826	0.032437	0.097950	0.022211	
0.270086	0.004228	0.085642	0.001657	0.017407	0.012444	0.103888	0.016766	0.251297	0.016171	0.009742	0.100191	0.015739	0.084240	0.010502	
0.366083	0.006289	0.036369	0.000806	0.019858	0.031975	0.079099	0.060553	0.189419	0.051796	0.003754	0.078341	0.028208	0.041002	0.006449	
0.288091	0.003593	0.089358	0.000846	0.016887	0.036517	0.102884	0.017107	0.211119	0.025185	0.003999	0.085973	0.008839	0.103440	0.006162	
