61	0	0	0	69	0	2	
0	0	0	44	0	36	0	
0	0	0	0	0	0	40	
82	46	0	13	69	169	0	
115	0	60	0	0	0	0	
0	0	0	0	94	0	0	
0	0	0	0	0	50	0	
0	35	0	80	2	116	0	
107	0	40	0	0	68	0	
0	0	0	194	0	6	0	
0	0	36	0	0	10	0	
0	0	0	0	0	0	0	
118	8	37	0	0	35	0	
0	0	0	0	0	0	0	
0	0	0	0	105	0	0	
0	1	0	69	0	0	0	
0	203	0	25	0	0	0	
40	0	0	0	0	0	0	
173	0	1	0	0	0	0	
11	17	0	0	0	0	0	
96	0	0	73	148	0	0	
0	0	22	0	0	8	133	
0	30	46	0	0	0	0	
0	0	0	0	26	73	1	
0	70	0	0	0	0	0	
0	0	0	13	0	0	0	
26	0	0	0	0	0	0	
0	1	0	0	75	0	0	
0	25	1	83	0	0	0	
0	0	0	0	0	0	0	
0	0	0	0	38	0	0	
0	0	45	0	0	0	1	
0	0	158	0	0	0	0	
0	0	0	0	0	70	0	
0	0	0	0	0	0	40	
0	38	0	0	0	0	109	
0	0	0	0	36	0	0	
0	0	0	0	0	18	0	
0	0	0	0	18	0	0	
0	0	0	0	0	0	0	
0	89	0	0	0	0	0	
0	11	0	0	0	0	55	
0	0	0	0	84	0	0	
37	0	0	1	0	2	0	
0	18	121	0	56	0	0	
88	0	0	0	0	0	0	
1	0	0	0	0	57	0	
35	0	0	0	0	0	0	
0	0	0	48	0	0	0	
0	24	2	0	0	0	0	
