0.000795	0.001337	0.000795	0.000795	0.000795	0.000795	0.000795	0.000795	0.000795	0.000795	0.000795	0.000795	0.000795	0.000927	0.000795	0.000795	0.000795	0.000795	0.000795	0.000795	0.000795	0.000795	0.000795	0.000795	0.000795	0.000795	0.000795	0.000795	0.000795	0.001059	0.000795	0.000795	0.001147	0.001066	0.000883	0.000795	0.000795	0.001235	0.001765	0.000795	0.000795	0.000795	0.000795	0.000795	0.000795	0.000795	0.000795	0.000795	0.000795	0.957984	
0.000593	0.001003	0.000593	0.000593	0.000593	0.000593	0.000593	0.000593	0.000593	0.000593	0.000593	0.000593	0.000593	0.000783	0.000593	0.000593	0.000593	0.000593	0.000593	0.000593	0.000593	0.000593	0.000593	0.000593	0.000593	0.000593	0.000593	0.000593	0.000593	0.000974	0.000593	0.000593	0.001224	0.000798	0.000842	0.000593	0.000593	0.001842	0.005346	0.000593	0.000593	0.000593	0.000593	0.000593	0.000593	0.000593	0.000593	0.000593	0.000593	0.962887	
0.000559	0.000881	0.000559	0.000559	0.000559	0.000559	0.000559	0.000559	0.000559	0.000559	0.000559	0.000559	0.000559	0.000823	0.000559	0.000559	0.000559	0.000559	0.000559	0.000559	0.000559	0.000559	0.000559	0.000559	0.000559	0.000559	0.000559	0.000559	0.000559	0.001087	0.000559	0.000559	0.001226	0.000720	0.000698	0.000559	0.000559	0.001252	0.007089	0.000559	0.000559	0.000559	0.000559	0.000559	0.000559	0.000559	0.000559	0.000559	0.000559	0.963291	
0.000674	0.004972	0.000674	0.000674	0.000674	0.000674	0.000674	0.000674	0.000674	0.000674	0.000674	0.000674	0.000674	0.000849	0.000674	0.000674	0.000674	0.000674	0.000674	0.000674	0.000674	0.000674	0.000674	0.000674	0.000674	0.000674	0.000674	0.000674	0.000674	0.001024	0.000674	0.000674	0.001162	0.002823	0.000811	0.000674	0.000674	0.001361	0.001832	0.000674	0.000674	0.000674	0.000674	0.000674	0.000674	0.000674	0.000674	0.000674	0.000674	0.957549	
0.000572	0.001023	0.000572	0.000572	0.000572	0.000572	0.000572	0.000572	0.000572	0.000572	0.000572	0.000572	0.000572	0.000890	0.000572	0.000572	0.000572	0.000572	0.000572	0.000572	0.000572	0.000572	0.000572	0.000572	0.000572	0.000572	0.000572	0.000572	0.000572	0.001209	0.000572	0.000572	0.003004	0.000798	0.002367	0.000572	0.000572	0.009548	0.005496	0.000572	0.000572	0.000572	0.000572	0.000572	0.000572	0.000572	0.000572	0.000572	0.000572	0.952220	
0.000596	0.001950	0.000596	0.000596	0.000596	0.000596	0.000596	0.000596	0.000596	0.000596	0.000596	0.000596	0.000596	0.000743	0.000596	0.000596	0.000596	0.000596	0.000596	0.000596	0.000596	0.000596	0.000596	0.000596	0.000596	0.000596	0.000596	0.000596	0.000596	0.000890	0.000596	0.000596	0.001897	0.001273	0.001602	0.000596	0.000596	0.005627	0.004339	0.000596	0.000596	0.000596	0.000596	0.000596	0.000596	0.000596	0.000596	0.000596	0.000596	0.957248	
0.000580	0.001122	0.000580	0.000580	0.000580	0.000580	0.000580	0.000580	0.000580	0.000580	0.000580	0.000580	0.000580	0.000971	0.000580	0.000580	0.000580	0.000580	0.000580	0.000580	0.000580	0.000580	0.000580	0.000580	0.000580	0.000580	0.000580	0.000580	0.000580	0.001362	0.000580	0.000580	0.003174	0.000851	0.002392	0.000580	0.000580	0.009639	0.005512	0.000580	0.000580	0.000580	0.000580	0.000580	0.000580	0.000580	0.000580	0.000580	0.000580	0.951203	
0.000672	0.004093	0.000672	0.000672	0.000672	0.000672	0.000672	0.000672	0.000672	0.000672	0.000672	0.000672	0.000672	0.001269	0.000672	0.000672	0.000672	0.000672	0.000672	0.000672	0.000672	0.000672	0.000672	0.000672	0.000672	0.000672	0.000672	0.000672	0.000672	0.001867	0.000672	0.000672	0.002637	0.002382	0.001443	0.000672	0.000672	0.004525	0.008678	0.000672	0.000672	0.000672	0.000672	0.000672	0.000672	0.000672	0.000672	0.000672	0.000672	0.945554	
0.000726	0.006510	0.000726	0.000726	0.000726	0.000726	0.000726	0.000726	0.000726	0.000726	0.000726	0.000726	0.000726	0.000859	0.000726	0.000726	0.000726	0.000726	0.000726	0.000726	0.000726	0.000726	0.000726	0.000726	0.000726	0.000726	0.000726	0.000726	0.000726	0.000992	0.000726	0.000726	0.001256	0.003618	0.000989	0.000726	0.000726	0.002043	0.005800	0.000726	0.000726	0.000726	0.000726	0.000726	0.000726	0.000726	0.000726	0.000726	0.000726	0.948185	
0.000643	0.002614	0.000643	0.000643	0.000643	0.000643	0.000643	0.000643	0.000643	0.000643	0.000643	0.000643	0.000643	0.000866	0.000643	0.000643	0.000643	0.000643	0.000643	0.000643	0.000643	0.000643	0.000643	0.000643	0.000643	0.000643	0.000643	0.000643	0.000643	0.001090	0.000643	0.000643	0.001268	0.001628	0.000821	0.000643	0.000643	0.001535	0.012226	0.000643	0.000643	0.000643	0.000643	0.000643	0.000643	0.000643	0.000643	0.000643	0.000643	0.951595	
0.000698	0.005432	0.000698	0.000698	0.000698	0.000698	0.000698	0.000698	0.000698	0.000698	0.000698	0.000698	0.000698	0.000914	0.000698	0.000698	0.000698	0.000698	0.000698	0.000698	0.000698	0.000698	0.000698	0.000698	0.000698	0.000698	0.000698	0.000698	0.000698	0.001131	0.000698	0.000698	0.001291	0.003065	0.000858	0.000698	0.000698	0.001500	0.012285	0.000698	0.000698	0.000698	0.000698	0.000698	0.000698	0.000698	0.000698	0.000698	0.000698	0.944901	
0.000611	0.001123	0.000611	0.000611	0.000611	0.000611	0.000611	0.000611	0.000611	0.000611	0.000611	0.000611	0.000611	0.000806	0.000611	0.000611	0.000611	0.000611	0.000611	0.000611	0.000611	0.000611	0.000611	0.000611	0.000611	0.000611	0.000611	0.000611	0.000611	0.001001	0.000611	0.000611	0.001269	0.000867	0.000879	0.000611	0.000611	0.001951	0.009554	0.000611	0.000611	0.000611	0.000611	0.000611	0.000611	0.000611	0.000611	0.000611	0.000611	0.957496	
0.000644	0.002299	0.000644	0.000644	0.000644	0.000644	0.000644	0.000644	0.000644	0.000644	0.000644	0.000644	0.000644	0.000829	0.000644	0.000644	0.000644	0.000644	0.000644	0.000644	0.000644	0.000644	0.000644	0.000644	0.000644	0.000644	0.000644	0.000644	0.000644	0.001013	0.000644	0.000644	0.001170	0.001472	0.000802	0.000644	0.000644	0.001431	0.009499	0.000644	0.000644	0.000644	0.000644	0.000644	0.000644	0.000644	0.000644	0.000644	0.000644	0.955068	
0.000608	0.002113	0.000608	0.000608	0.000608	0.000608	0.000608	0.000608	0.000608	0.000608	0.000608	0.000608	0.000608	0.001408	0.000608	0.000608	0.000608	0.000608	0.000608	0.000608	0.000608	0.000608	0.000608	0.000608	0.000608	0.000608	0.000608	0.000608	0.000608	0.002208	0.000608	0.000608	0.002611	0.001361	0.001011	0.000608	0.000608	0.002625	0.010416	0.000608	0.000608	0.000608	0.000608	0.000608	0.000608	0.000608	0.000608	0.000608	0.000608	0.951315	
0.000582	0.001115	0.000582	0.000582	0.000582	0.000582	0.000582	0.000582	0.000582	0.000582	0.000582	0.000582	0.000582	0.000797	0.000582	0.000582	0.000582	0.000582	0.000582	0.000582	0.000582	0.000582	0.000582	0.000582	0.000582	0.000582	0.000582	0.000582	0.000582	0.001011	0.000582	0.000582	0.001316	0.000848	0.000886	0.000582	0.000582	0.002105	0.008961	0.000582	0.000582	0.000582	0.000582	0.000582	0.000582	0.000582	0.000582	0.000582	0.000582	0.959105	
0.000659	0.003220	0.000659	0.000659	0.000659	0.000659	0.000659	0.000659	0.000659	0.000659	0.000659	0.000659	0.000659	0.004818	0.000659	0.000659	0.000659	0.000659	0.000659	0.000659	0.000659	0.000659	0.000659	0.000659	0.000659	0.000659	0.000659	0.000659	0.000659	0.008977	0.000659	0.000659	0.009152	0.001940	0.000834	0.000659	0.000659	0.001534	0.013957	0.000659	0.000659	0.000659	0.000659	0.000659	0.000659	0.000659	0.000659	0.000659	0.000659	0.928528	
0.000612	0.000978	0.000612	0.000612	0.000612	0.000612	0.000612	0.000612	0.000612	0.000612	0.000612	0.000612	0.000612	0.005562	0.000612	0.000612	0.000612	0.000612	0.000612	0.000612	0.000612	0.000612	0.000612	0.000612	0.000612	0.000612	0.000612	0.000612	0.000612	0.010512	0.000612	0.000612	0.010638	0.000795	0.000738	0.000612	0.000612	0.001242	0.016347	0.000612	0.000612	0.000612	0.000612	0.000612	0.000612	0.000612	0.000612	0.000612	0.000612	0.928104	
0.000649	0.002408	0.000649	0.000649	0.000649	0.000649	0.000649	0.000649	0.000649	0.000649	0.000649	0.000649	0.000649	0.004310	0.000649	0.000649	0.000649	0.000649	0.000649	0.000649	0.000649	0.000649	0.000649	0.000649	0.000649	0.000649	0.000649	0.000649	0.000649	0.007970	0.000649	0.000649	0.008171	0.001528	0.000849	0.000649	0.000649	0.001650	0.012738	0.000649	0.000649	0.000649	0.000649	0.000649	0.000649	0.000649	0.000649	0.000649	0.000649	0.933758	
0.000726	0.005293	0.000726	0.000726	0.000726	0.000726	0.000726	0.000726	0.000726	0.000726	0.000726	0.000726	0.000726	0.002390	0.000726	0.000726	0.000726	0.000726	0.000726	0.000726	0.000726	0.000726	0.000726	0.000726	0.000726	0.000726	0.000726	0.000726	0.000726	0.004054	0.000726	0.000726	0.004241	0.003010	0.000913	0.000726	0.000726	0.001661	0.006550	0.000726	0.000726	0.000726	0.000726	0.000726	0.000726	0.000726	0.000726	0.000726	0.000726	0.942109	
0.000612	0.003134	0.000612	0.000612	0.000612	0.000612	0.000612	0.000612	0.000612	0.000612	0.000612	0.000612	0.000612	0.001645	0.000612	0.000612	0.000612	0.000612	0.000612	0.000612	0.000612	0.000612	0.000612	0.000612	0.000612	0.000612	0.000612	0.000612	0.000612	0.002678	0.000612	0.000612	0.004713	0.001873	0.002647	0.000612	0.000612	0.010789	0.008577	0.000612	0.000612	0.000612	0.000612	0.000612	0.000612	0.000612	0.000612	0.000612	0.000612	0.938852	
0.000653	0.004549	0.000653	0.000653	0.000653	0.000653	0.000653	0.000653	0.000653	0.000653	0.000653	0.000653	0.000653	0.001609	0.000653	0.000653	0.000653	0.000653	0.000653	0.000653	0.000653	0.000653	0.000653	0.000653	0.000653	0.000653	0.000653	0.000653	0.000653	0.002565	0.000653	0.000653	0.003652	0.002601	0.001741	0.000653	0.000653	0.006092	0.006851	0.000653	0.000653	0.000653	0.000653	0.000653	0.000653	0.000653	0.000653	0.000653	0.000653	0.943561	
0.000584	0.001919	0.000584	0.000584	0.000584	0.000584	0.000584	0.000584	0.000584	0.000584	0.000584	0.000584	0.000584	0.001119	0.000584	0.000584	0.000584	0.000584	0.000584	0.000584	0.000584	0.000584	0.000584	0.000584	0.000584	0.000584	0.000584	0.000584	0.000584	0.001654	0.000584	0.000584	0.004146	0.001252	0.003076	0.000584	0.000584	0.013045	0.005289	0.000584	0.000584	0.000584	0.000584	0.000584	0.000584	0.000584	0.000584	0.000584	0.000584	0.944544	
0.000587	0.001143	0.000587	0.000587	0.000587	0.000587	0.000587	0.000587	0.000587	0.000587	0.000587	0.000587	0.000587	0.001610	0.000587	0.000587	0.000587	0.000587	0.000587	0.000587	0.000587	0.000587	0.000587	0.000587	0.000587	0.000587	0.000587	0.000587	0.000587	0.002633	0.000587	0.000587	0.005467	0.000865	0.003420	0.000587	0.000587	0.014754	0.007899	0.000587	0.000587	0.000587	0.000587	0.000587	0.000587	0.000587	0.000587	0.000587	0.000587	0.938161	
0.000648	0.004554	0.000648	0.000648	0.000648	0.000648	0.000648	0.000648	0.000648	0.000648	0.000648	0.000648	0.000648	0.001302	0.000648	0.000648	0.000648	0.000648	0.000648	0.000648	0.000648	0.000648	0.000648	0.000648	0.000648	0.000648	0.000648	0.000648	0.000648	0.001956	0.000648	0.000648	0.004457	0.002601	0.003149	0.000648	0.000648	0.013152	0.006170	0.000648	0.000648	0.000648	0.000648	0.000648	0.000648	0.000648	0.000648	0.000648	0.000648	0.936088	
