42
42
42
42
42
42
42
42
42
42
42
42
42
42
42
42
42
42
42
42
42
42
34
34
34
34
34
34
34
34
34
34
34
9
9
9
9
9
9
9
9
9
9
9
9
9
9
9
9
9
9
9
9
9
9
9
9
9
9
9
32
32
32
32
32
32
32
32
32
32
36
36
36
36
36
36
36
36
36
39
39
39
39
39
39
39
39
39
39
39
39
39
39
39
39
39
38
38
38
38
38
38
38
38
38
38
38
38
38
38
38
38
5
5
5
5
5
5
5
5
5
5
5
5
5
5
5
28
28
28
28
28
28
28
28
28
28
28
28
28
49
49
49
49
49
28
28
28
28
28
28
28
28
28
28
28
28
28
28
28
28
28
28
28
28
28
34
34
34
34
34
34
34
34
5
5
5
5
5
5
5
5
5
5
5
5
5
5
5
5
5
5
5
5
5
5
5
5
5
5
5
5
5
5
5
5
5
