5
5
5
5
5
5
5
5
5
5
5
5
5
5
5
9
9
9
9
9
9
9
9
9
9
9
9
9
9
9
8
8
8
8
8
8
8
8
8
8
8
8
8
8
8
8
8
8
8
8
45
45
45
45
45
45
45
45
45
45
45
45
45
45
45
45
45
45
8
8
8
8
8
8
8
8
8
8
8
8
8
8
8
8
8
30
30
30
30
30
30
30
30
30
30
30
30
30
39
39
39
39
39
39
39
39
39
39
39
39
39
39
39
39
39
39
39
39
39
39
39
39
39
39
39
39
35
35
35
35
35
35
35
35
35
35
35
35
35
35
35
35
35
35
45
45
45
45
45
45
45
45
45
45
45
45
45
45
45
45
45
45
45
45
45
45
45
28
28
28
28
28
28
28
28
28
43
43
43
43
43
43
43
43
43
43
43
43
43
43
43
43
43
43
43
43
43
43
43
34
