18
18
18
18
18
18
18
18
18
18
18
18
18
18
18
18
18
18
18
18
18
18
28
28
28
28
28
28
28
28
28
28
28
28
28
28
28
43
43
43
43
43
43
43
43
43
43
43
43
43
43
43
43
43
43
43
43
43
43
43
43
43
43
43
43
43
43
43
30
30
30
30
30
30
30
30
30
30
30
30
35
35
35
35
35
35
35
35
35
35
35
35
35
35
35
35
35
35
35
35
35
35
35
17
1
1
1
1
1
1
1
1
1
1
1
1
1
1
1
1
1
1
1
1
1
1
1
1
45
45
45
45
45
45
45
45
45
45
45
45
45
45
45
45
47
47
47
47
47
47
47
47
47
47
47
47
47
47
47
47
47
47
38
38
38
38
38
38
38
38
38
38
38
34
34
34
34
34
34
28
28
28
28
28
28
28
43
43
43
43
43
43
43
43
43
43
43
43
43
43
43
43
39
39
39
39
39
39
39
39
39
39
39
