0.000624	0.001972	0.000624	0.000624	0.000624	0.000624	0.000624	0.000624	0.000624	0.000624	0.000624	0.000624	0.000624	0.001298	0.000624	0.000624	0.000624	0.000624	0.000624	0.000624	0.000624	0.000624	0.000624	0.000624	0.000624	0.000624	0.000624	0.000624	0.000624	0.000975	0.000624	0.000624	0.001345	0.000839	0.000785	0.000624	0.000624	0.001480	0.019851	0.000624	0.000624	0.000624	0.000624	0.000624	0.000624	0.000624	0.000624	0.000624	0.000624	0.945853	
0.000689	0.001009	0.000689	0.000689	0.000689	0.000689	0.000689	0.000689	0.000689	0.000689	0.000689	0.000689	0.000689	0.000849	0.000689	0.000689	0.000689	0.000689	0.000689	0.000689	0.000689	0.000689	0.000689	0.000689	0.000689	0.000689	0.000689	0.000689	0.000689	0.001008	0.000689	0.000689	0.005012	0.002138	0.000824	0.000689	0.000689	0.002680	0.016443	0.000689	0.000689	0.000689	0.000689	0.000689	0.000689	0.000689	0.000689	0.000689	0.000689	0.941805	
0.000629	0.001803	0.000629	0.000629	0.000629	0.000629	0.000629	0.000629	0.000629	0.000629	0.000629	0.000629	0.000629	0.001216	0.000629	0.000629	0.000629	0.000629	0.000629	0.000629	0.000629	0.000629	0.000629	0.000629	0.000629	0.000629	0.000629	0.000629	0.000629	0.001015	0.000629	0.000629	0.003067	0.004414	0.000750	0.000629	0.000629	0.004900	0.005012	0.000629	0.000629	0.000629	0.000629	0.000629	0.000629	0.000629	0.000629	0.000629	0.000629	0.952037	
0.000696	0.001058	0.000696	0.000696	0.000696	0.000696	0.000696	0.000696	0.000696	0.000696	0.000696	0.000696	0.000696	0.000877	0.000696	0.000696	0.000696	0.000696	0.000696	0.000696	0.000696	0.000696	0.000696	0.000696	0.000696	0.000696	0.000696	0.000696	0.000696	0.001081	0.000696	0.000696	0.007650	0.000839	0.002392	0.000696	0.000696	0.007625	0.011202	0.000696	0.000696	0.000696	0.000696	0.000696	0.000696	0.000696	0.000696	0.000696	0.000696	0.938761	
0.000593	0.001482	0.000593	0.000593	0.000593	0.000593	0.000593	0.000593	0.000593	0.000593	0.000593	0.000593	0.000593	0.001038	0.000593	0.000593	0.000593	0.000593	0.000593	0.000593	0.000593	0.000593	0.000593	0.000593	0.000593	0.000593	0.000593	0.000593	0.000593	0.000939	0.000593	0.000593	0.003534	0.002036	0.003023	0.000593	0.000593	0.011755	0.003093	0.000593	0.000593	0.000593	0.000593	0.000593	0.000593	0.000593	0.000593	0.000593	0.000593	0.948771	
0.000609	0.000837	0.000609	0.000609	0.000609	0.000609	0.000609	0.000609	0.000609	0.000609	0.000609	0.000609	0.000609	0.000723	0.000609	0.000609	0.000609	0.000609	0.000609	0.000609	0.000609	0.000609	0.000609	0.000609	0.000609	0.000609	0.000609	0.000609	0.000609	0.000925	0.000609	0.000609	0.003398	0.000767	0.003007	0.000609	0.000609	0.010359	0.012791	0.000609	0.000609	0.000609	0.000609	0.000609	0.000609	0.000609	0.000609	0.000609	0.000609	0.942220	
0.000612	0.002020	0.000612	0.000612	0.000612	0.000612	0.000612	0.000612	0.000612	0.000612	0.000612	0.000612	0.000612	0.001316	0.000612	0.000612	0.000612	0.000612	0.000612	0.000612	0.000612	0.000612	0.000612	0.000612	0.000612	0.000612	0.000612	0.000612	0.000612	0.000994	0.000612	0.000612	0.003545	0.001600	0.002309	0.000612	0.000612	0.008390	0.005338	0.000612	0.000612	0.000612	0.000612	0.000612	0.000612	0.000612	0.000612	0.000612	0.000612	0.949417	
0.000658	0.003552	0.000658	0.000658	0.000658	0.000658	0.000658	0.000658	0.000658	0.000658	0.000658	0.000658	0.000658	0.002105	0.000658	0.000658	0.000658	0.000658	0.000658	0.000658	0.000658	0.000658	0.000658	0.000658	0.000658	0.000658	0.000658	0.000658	0.000658	0.002354	0.000658	0.000658	0.005065	0.000787	0.000884	0.000658	0.000658	0.001693	0.013363	0.000658	0.000658	0.000658	0.000658	0.000658	0.000658	0.000658	0.000658	0.000658	0.000658	0.943230	
0.000646	0.003922	0.000646	0.000646	0.000646	0.000646	0.000646	0.000646	0.000646	0.000646	0.000646	0.000646	0.000646	0.002284	0.000646	0.000646	0.000646	0.000646	0.000646	0.000646	0.000646	0.000646	0.000646	0.000646	0.000646	0.000646	0.000646	0.000646	0.000646	0.000964	0.000646	0.000646	0.007492	0.000805	0.001951	0.000646	0.000646	0.006027	0.009849	0.000646	0.000646	0.000646	0.000646	0.000646	0.000646	0.000646	0.000646	0.000646	0.000646	0.940221	
0.000551	0.006246	0.000551	0.000551	0.000551	0.000551	0.000551	0.000551	0.000551	0.000551	0.000551	0.000551	0.000551	0.003399	0.000551	0.000551	0.000551	0.000551	0.000551	0.000551	0.000551	0.000551	0.000551	0.000551	0.000551	0.000551	0.000551	0.000551	0.000551	0.001263	0.000551	0.000551	0.001424	0.000930	0.000851	0.000551	0.000551	0.002128	0.003367	0.000551	0.000551	0.000551	0.000551	0.000551	0.000551	0.000551	0.000551	0.000551	0.000551	0.957789	
0.000578	0.006406	0.000578	0.000578	0.000578	0.000578	0.000578	0.000578	0.000578	0.000578	0.000578	0.000578	0.000578	0.003492	0.000578	0.000578	0.000578	0.000578	0.000578	0.000578	0.000578	0.000578	0.000578	0.000578	0.000578	0.000578	0.000578	0.000578	0.000578	0.000958	0.000578	0.000578	0.003256	0.000706	0.000724	0.000578	0.000578	0.001288	0.006195	0.000578	0.000578	0.000578	0.000578	0.000578	0.000578	0.000578	0.000578	0.000578	0.000578	0.953271	
0.000641	0.001893	0.000641	0.000641	0.000641	0.000641	0.000641	0.000641	0.000641	0.000641	0.000641	0.000641	0.000641	0.001267	0.000641	0.000641	0.000641	0.000641	0.000641	0.000641	0.000641	0.000641	0.000641	0.000641	0.000641	0.000641	0.000641	0.000641	0.000641	0.001038	0.000641	0.000641	0.001358	0.000892	0.000957	0.000641	0.000641	0.002153	0.006823	0.000641	0.000641	0.000641	0.000641	0.000641	0.000641	0.000641	0.000641	0.000641	0.000641	0.957328	
0.000604	0.004306	0.000604	0.000604	0.000604	0.000604	0.000604	0.000604	0.000604	0.000604	0.000604	0.000604	0.000604	0.002455	0.000604	0.000604	0.000604	0.000604	0.000604	0.000604	0.000604	0.000604	0.000604	0.000604	0.000604	0.000604	0.000604	0.000604	0.000604	0.001047	0.000604	0.000604	0.002735	0.000841	0.000773	0.000604	0.000604	0.001519	0.013189	0.000604	0.000604	0.000604	0.000604	0.000604	0.000604	0.000604	0.000604	0.000604	0.000604	0.948389	
0.000587	0.004945	0.000587	0.000587	0.000587	0.000587	0.000587	0.000587	0.000587	0.000587	0.000587	0.000587	0.000587	0.002766	0.000587	0.000587	0.000587	0.000587	0.000587	0.000587	0.000587	0.000587	0.000587	0.000587	0.000587	0.000587	0.000587	0.000587	0.000587	0.001032	0.000587	0.000587	0.002684	0.001242	0.000797	0.000587	0.000587	0.002079	0.009505	0.000587	0.000587	0.000587	0.000587	0.000587	0.000587	0.000587	0.000587	0.000587	0.000587	0.950871	
0.000629	0.002058	0.000629	0.000629	0.000629	0.000629	0.000629	0.000629	0.000629	0.000629	0.000629	0.000629	0.000629	0.001344	0.000629	0.000629	0.000629	0.000629	0.000629	0.000629	0.000629	0.000629	0.000629	0.000629	0.000629	0.000629	0.000629	0.000629	0.000629	0.001715	0.000629	0.000629	0.001636	0.001283	0.000838	0.000629	0.000629	0.002118	0.014998	0.000629	0.000629	0.000629	0.000629	0.000629	0.000629	0.000629	0.000629	0.000629	0.000629	0.948215	
0.000699	0.001404	0.000699	0.000699	0.000699	0.000699	0.000699	0.000699	0.000699	0.000699	0.000699	0.000699	0.000699	0.001052	0.000699	0.000699	0.000699	0.000699	0.000699	0.000699	0.000699	0.000699	0.000699	0.000699	0.000699	0.000699	0.000699	0.000699	0.000699	0.009868	0.000699	0.000699	0.002306	0.001573	0.000795	0.000699	0.000699	0.001954	0.003856	0.000699	0.000699	0.000699	0.000699	0.000699	0.000699	0.000699	0.000699	0.000699	0.000699	0.948521	
0.000704	0.000888	0.000704	0.000704	0.000704	0.000704	0.000704	0.000704	0.000704	0.000704	0.000704	0.000704	0.000704	0.000796	0.000704	0.000704	0.000704	0.000704	0.000704	0.000704	0.000704	0.000704	0.000704	0.000704	0.000704	0.000704	0.000704	0.000704	0.000704	0.007886	0.000704	0.000704	0.002969	0.001878	0.000812	0.000704	0.000704	0.002312	0.007143	0.000704	0.000704	0.000704	0.000704	0.000704	0.000704	0.000704	0.000704	0.000704	0.000704	0.946456	
0.000649	0.001239	0.000649	0.000649	0.000649	0.000649	0.000649	0.000649	0.000649	0.000649	0.000649	0.000649	0.000649	0.000944	0.000649	0.000649	0.000649	0.000649	0.000649	0.000649	0.000649	0.000649	0.000649	0.000649	0.000649	0.000649	0.000649	0.000649	0.000649	0.005381	0.000649	0.000649	0.001603	0.003060	0.000996	0.000649	0.000649	0.004451	0.002968	0.000649	0.000649	0.000649	0.000649	0.000649	0.000649	0.000649	0.000649	0.000649	0.000649	0.952771	
0.000658	0.001704	0.000658	0.000658	0.000658	0.000658	0.000658	0.000658	0.000658	0.000658	0.000658	0.000658	0.000658	0.001181	0.000658	0.000658	0.000658	0.000658	0.000658	0.000658	0.000658	0.000658	0.000658	0.000658	0.000658	0.000658	0.000658	0.000658	0.000658	0.001256	0.000658	0.000658	0.002965	0.002049	0.000847	0.000658	0.000658	0.002805	0.007368	0.000658	0.000658	0.000658	0.000658	0.000658	0.000658	0.000658	0.000658	0.000658	0.000658	0.952867	
0.000651	0.002483	0.000651	0.000651	0.000651	0.000651	0.000651	0.000651	0.000651	0.000651	0.000651	0.000651	0.000651	0.001567	0.000651	0.000651	0.000651	0.000651	0.000651	0.000651	0.000651	0.000651	0.000651	0.000651	0.000651	0.000651	0.000651	0.000651	0.000651	0.007052	0.000651	0.000651	0.001354	0.001224	0.000919	0.000651	0.000651	0.002295	0.003108	0.000651	0.000651	0.000651	0.000651	0.000651	0.000651	0.000651	0.000651	0.000651	0.000651	0.953294	
0.000618	0.003313	0.000618	0.000618	0.000618	0.000618	0.000618	0.000618	0.000618	0.000618	0.000618	0.000618	0.000618	0.001965	0.000618	0.000618	0.000618	0.000618	0.000618	0.000618	0.000618	0.000618	0.000618	0.000618	0.000618	0.000618	0.000618	0.000618	0.000618	0.003131	0.000618	0.000618	0.001242	0.001320	0.000806	0.000618	0.000618	0.002074	0.004202	0.000618	0.000618	0.000618	0.000618	0.000618	0.000618	0.000618	0.000618	0.000618	0.000618	0.956618	
0.000596	0.000829	0.000596	0.000596	0.000596	0.000596	0.000596	0.000596	0.000596	0.000596	0.000596	0.000596	0.000596	0.000713	0.000596	0.000596	0.000596	0.000596	0.000596	0.000596	0.000596	0.000596	0.000596	0.000596	0.000596	0.000596	0.000596	0.000596	0.000596	0.002793	0.000596	0.000596	0.005042	0.000743	0.004643	0.000596	0.000596	0.016929	0.002022	0.000596	0.000596	0.000596	0.000596	0.000596	0.000596	0.000596	0.000596	0.000596	0.000596	0.941841	
0.000584	0.000929	0.000584	0.000584	0.000584	0.000584	0.000584	0.000584	0.000584	0.000584	0.000584	0.000584	0.000584	0.000757	0.000584	0.000584	0.000584	0.000584	0.000584	0.000584	0.000584	0.000584	0.000584	0.000584	0.000584	0.000584	0.000584	0.000584	0.000584	0.001011	0.000584	0.000584	0.004192	0.002314	0.003796	0.000584	0.000584	0.015160	0.001967	0.000584	0.000584	0.000584	0.000584	0.000584	0.000584	0.000584	0.000584	0.000584	0.000584	0.945912	
0.000657	0.001975	0.000657	0.000657	0.000657	0.000657	0.000657	0.000657	0.000657	0.000657	0.000657	0.000657	0.000657	0.001316	0.000657	0.000657	0.000657	0.000657	0.000657	0.000657	0.000657	0.000657	0.000657	0.000657	0.000657	0.000657	0.000657	0.000657	0.000657	0.001290	0.000657	0.000657	0.006964	0.000831	0.002690	0.000657	0.000657	0.008964	0.009010	0.000657	0.000657	0.000657	0.000657	0.000657	0.000657	0.000657	0.000657	0.000657	0.000657	0.940039	
