0.533459	0.005803	0.019387	0.000765	0.022110	0.067127	0.053619	0.093403	0.025900	0.067151	0.003356	0.009139	0.008797	0.016818	0.073165	
0.503723	0.007101	0.046866	0.000899	0.032640	0.024184	0.032418	0.114026	0.036701	0.089084	0.009034	0.017261	0.027500	0.034714	0.023850	
0.488739	0.005525	0.043120	0.000892	0.033959	0.010983	0.024487	0.120492	0.034922	0.112012	0.009817	0.018190	0.056774	0.031225	0.008863	
0.634415	0.000920	0.014618	0.014692	0.004769	0.073615	0.145823	0.008580	0.018188	0.007837	0.045357	0.007478	0.006592	0.012041	0.005075	
0.376366	0.004207	0.097694	0.004067	0.032963	0.031430	0.083177	0.025233	0.113043	0.022427	0.030720	0.054517	0.035454	0.074805	0.013897	
0.555819	0.003186	0.033174	0.008785	0.012641	0.047904	0.098463	0.045039	0.063816	0.033221	0.028120	0.021133	0.009268	0.032097	0.007334	
0.403543	0.002829	0.082046	0.006358	0.024766	0.035408	0.099659	0.010721	0.128683	0.012059	0.033967	0.056124	0.029927	0.068401	0.005510	
0.276555	0.002719	0.171759	0.000698	0.014750	0.027945	0.044417	0.031137	0.154870	0.023780	0.007054	0.040821	0.031131	0.143547	0.028818	
0.301413	0.000854	0.172913	0.003851	0.004803	0.037274	0.065271	0.009280	0.152253	0.008268	0.012664	0.034324	0.027839	0.146543	0.022451	
0.303683	0.001222	0.163064	0.002764	0.008895	0.041200	0.061724	0.016083	0.139112	0.015692	0.011278	0.033757	0.032480	0.136186	0.032860	
0.276222	0.000990	0.172020	0.000904	0.006090	0.057086	0.058091	0.011225	0.140824	0.008892	0.004011	0.030963	0.027584	0.144004	0.061093	
0.255429	0.004296	0.180488	0.002636	0.038209	0.016631	0.069408	0.009429	0.132521	0.010186	0.032288	0.060485	0.048993	0.133359	0.005641	
0.434101	0.005336	0.087729	0.000620	0.020982	0.035964	0.037537	0.083701	0.077594	0.061230	0.003893	0.020179	0.019258	0.073241	0.038634	
0.406484	0.007153	0.096759	0.000649	0.039302	0.024744	0.045611	0.076555	0.069164	0.055434	0.017698	0.036176	0.029262	0.069238	0.025772	
0.403069	0.007301	0.101930	0.000803	0.040043	0.012918	0.039197	0.083148	0.075295	0.062276	0.018011	0.037400	0.033113	0.074005	0.011490	
0.472459	0.000949	0.016424	0.000729	0.022844	0.009521	0.019365	0.119008	0.053433	0.141287	0.002859	0.017782	0.096681	0.019249	0.007411	
0.491002	0.001299	0.016257	0.000683	0.025875	0.006315	0.011968	0.132991	0.022803	0.155864	0.003120	0.008287	0.104774	0.014146	0.004617	
0.453698	0.001654	0.034056	0.000706	0.025390	0.046827	0.046288	0.083998	0.032562	0.098846	0.008232	0.016963	0.075353	0.025019	0.050407	
0.483771	0.001050	0.031703	0.002980	0.015189	0.069525	0.071368	0.058381	0.035746	0.066975	0.010868	0.012299	0.049725	0.026604	0.063814	
0.244506	0.005557	0.169143	0.000874	0.051917	0.007281	0.059966	0.024502	0.118288	0.027969	0.034665	0.068023	0.064887	0.117888	0.004534	
0.341608	0.004135	0.111949	0.001911	0.037531	0.023380	0.062633	0.040991	0.100853	0.043942	0.025606	0.050900	0.055413	0.082271	0.016878	
0.378450	0.001059	0.039271	0.004181	0.006134	0.026807	0.088850	0.010984	0.254515	0.010540	0.014447	0.083350	0.010944	0.065778	0.004690	
0.342734	0.001234	0.027757	0.000967	0.006213	0.027293	0.074214	0.019301	0.289613	0.017198	0.003567	0.094330	0.010012	0.063749	0.021817	
0.348743	0.000907	0.064744	0.000903	0.008862	0.045103	0.067383	0.026578	0.194694	0.029390	0.004254	0.060458	0.028111	0.075094	0.044777	
