0.001124	0.005434	0.001302	0.038442	0.041581	0.004105	0.000445	0.001170	0.047640	0.004517	0.005831	0.002081	0.007881	0.004024	0.005532	0.052996	0.003029	0.002354	0.005842	0.007121	0.007264	0.000740	0.031120	0.001248	0.002122	0.007483	0.007794	0.051448	0.019178	0.019550	0.044097	0.003549	0.085632	0.001170	0.000829	0.119975	0.003786	0.011595	0.137272	0.001214	0.042088	0.067449	0.006185	0.005910	0.000472	0.029738	0.002387	0.004286	0.001478	0.040491	
0.001704	0.007588	0.010053	0.006859	0.018406	0.006161	0.002091	0.001577	0.014039	0.022343	0.016650	0.003245	0.071488	0.007745	0.007576	0.009587	0.003718	0.003685	0.009299	0.013918	0.063370	0.004845	0.028211	0.001363	0.002332	0.011940	0.066611	0.034448	0.127719	0.179440	0.005342	0.004462	0.060633	0.001577	0.001022	0.013257	0.004178	0.015241	0.013399	0.009467	0.017963	0.008110	0.033267	0.009409	0.000505	0.003018	0.020796	0.004732	0.011559	0.004056	
0.003750	0.013211	0.004708	0.009131	0.022622	0.005958	0.001142	0.002651	0.020275	0.024543	0.021471	0.007334	0.075355	0.008983	0.012920	0.009999	0.006288	0.008357	0.021411	0.020165	0.066868	0.002354	0.028057	0.001690	0.002920	0.027555	0.030675	0.037568	0.068244	0.189227	0.003729	0.007484	0.060744	0.002651	0.001656	0.005958	0.005263	0.029466	0.005991	0.006112	0.008265	0.005650	0.035725	0.021667	0.000745	0.001423	0.021915	0.005966	0.012278	0.001880	
0.001107	0.063404	0.008487	0.003684	0.005971	0.018681	0.002169	0.012191	0.053371	0.013657	0.047664	0.002074	0.010896	0.010719	0.060032	0.039267	0.026350	0.002350	0.005871	0.063253	0.010481	0.004174	0.005118	0.003279	0.005814	0.007527	0.056221	0.048795	0.163975	0.028072	0.008460	0.007884	0.025540	0.012191	0.006816	0.006526	0.010642	0.056178	0.005964	0.006038	0.013591	0.012987	0.012705	0.005940	0.002305	0.001397	0.003219	0.012090	0.003025	0.001853	
0.000787	0.050981	0.004032	0.003001	0.008076	0.019656	0.001413	0.009829	0.045180	0.021619	0.042897	0.001428	0.031812	0.014792	0.048986	0.031893	0.025398	0.001612	0.003947	0.059844	0.029176	0.002124	0.012528	0.004214	0.007500	0.005047	0.026257	0.051413	0.097615	0.080303	0.009490	0.009485	0.042677	0.009829	0.006172	0.005786	0.013759	0.062930	0.005914	0.003940	0.007308	0.014577	0.023897	0.003993	0.002657	0.001390	0.009267	0.015637	0.006089	0.001842	
0.001043	0.051332	0.003424	0.003420	0.008534	0.016310	0.001208	0.009898	0.048531	0.022177	0.044569	0.001937	0.030935	0.020874	0.050196	0.031931	0.023122	0.002192	0.005450	0.055969	0.028929	0.001914	0.012108	0.006137	0.010974	0.006982	0.022153	0.048917	0.090466	0.077916	0.008061	0.013838	0.038853	0.009898	0.005829	0.005338	0.020187	0.053632	0.005509	0.003504	0.006331	0.012367	0.028446	0.005513	0.002226	0.001305	0.008994	0.022950	0.005948	0.001725	
0.000902	0.115278	0.001670	0.003230	0.004245	0.006251	0.000592	0.022072	0.088107	0.005490	0.081026	0.001663	0.003090	0.006075	0.107342	0.069151	0.030618	0.001880	0.004650	0.084241	0.003237	0.000928	0.002341	0.001953	0.003416	0.005954	0.010410	0.065086	0.131774	0.009569	0.004233	0.004842	0.010581	0.022072	0.009571	0.005366	0.006203	0.021728	0.005856	0.001258	0.003972	0.006444	0.006021	0.004704	0.000908	0.001374	0.000975	0.007039	0.002789	0.001822	
0.000719	0.013850	0.022317	0.002989	0.004260	0.026798	0.004859	0.002749	0.019480	0.015455	0.014119	0.001301	0.005802	0.015221	0.014944	0.011053	0.017550	0.001467	0.003588	0.034137	0.006400	0.010712	0.003367	0.004771	0.008515	0.004586	0.149163	0.024518	0.283599	0.014189	0.009979	0.010606	0.025234	0.002749	0.003436	0.009030	0.015645	0.066078	0.006357	0.014909	0.033158	0.015337	0.014390	0.003629	0.002767	0.001478	0.001725	0.017784	0.001264	0.001966	
0.000726	0.003366	0.024962	0.005971	0.008154	0.022576	0.005202	0.000755	0.012422	0.012314	0.006098	0.001313	0.011249	0.009059	0.004326	0.009116	0.011211	0.001480	0.003616	0.020835	0.010648	0.011876	0.007641	0.002752	0.004862	0.004622	0.166911	0.021007	0.305316	0.027867	0.011321	0.006336	0.030658	0.000755	0.002017	0.019234	0.008881	0.048841	0.017578	0.016864	0.040174	0.017355	0.011507	0.003658	0.002044	0.003901	0.003327	0.010087	0.001940	0.005269	
0.001111	0.007308	0.002128	0.007597	0.011756	0.056624	0.002157	0.001497	0.015230	0.032782	0.009540	0.002092	0.022695	0.005899	0.007423	0.011810	0.043612	0.002372	0.005944	0.078263	0.020416	0.001122	0.012354	0.001566	0.002726	0.007625	0.013554	0.057806	0.032559	0.056838	0.029695	0.004289	0.079551	0.001497	0.007284	0.018358	0.004935	0.188278	0.020662	0.002330	0.008979	0.045779	0.013309	0.006014	0.007838	0.004559	0.006646	0.005598	0.003821	0.006169	
0.001139	0.007428	0.008638	0.008458	0.009876	0.056704	0.003308	0.001516	0.015901	0.026173	0.006622	0.002152	0.003372	0.004061	0.007416	0.013176	0.041993	0.002442	0.006133	0.074007	0.003310	0.004161	0.006111	0.001306	0.002259	0.007870	0.057320	0.050680	0.111828	0.008309	0.029728	0.003780	0.065508	0.001516	0.007029	0.022002	0.004074	0.181395	0.023673	0.005838	0.019022	0.045818	0.004514	0.006206	0.007530	0.005204	0.001052	0.004619	0.000770	0.007051	
0.000787	0.006265	0.001505	0.006734	0.008306	0.061387	0.002185	0.001296	0.020690	0.036220	0.010446	0.001447	0.006635	0.020835	0.008744	0.010916	0.047124	0.001636	0.004040	0.082704	0.007612	0.001019	0.006427	0.006511	0.011667	0.005172	0.009388	0.055013	0.024104	0.015983	0.031533	0.014385	0.072224	0.001296	0.007794	0.017613	0.021488	0.203374	0.019920	0.001279	0.007887	0.048631	0.019214	0.004087	0.008526	0.004396	0.001940	0.024434	0.001233	0.005948	
0.000726	0.011107	0.009352	0.004624	0.007409	0.006780	0.001983	0.002245	0.042621	0.030196	0.026931	0.001292	0.016571	0.068037	0.019968	0.011318	0.005174	0.001454	0.003515	0.012987	0.020378	0.005277	0.008264	0.021165	0.038131	0.004485	0.061918	0.017467	0.122703	0.039581	0.005450	0.045241	0.021425	0.002245	0.001391	0.012448	0.070447	0.013913	0.012597	0.006808	0.016744	0.008283	0.060859	0.003556	0.000623	0.002842	0.004677	0.080142	0.002832	0.003818	
0.000982	0.003310	0.009056	0.003591	0.005252	0.010719	0.002048	0.000759	0.042775	0.035286	0.024308	0.001805	0.008127	0.083212	0.015024	0.004633	0.006476	0.002041	0.005039	0.012384	0.014275	0.005326	0.003979	0.026061	0.046981	0.006450	0.059931	0.011606	0.111543	0.017739	0.005299	0.055892	0.015744	0.000759	0.001283	0.007240	0.086830	0.028562	0.006682	0.006273	0.014588	0.008079	0.069841	0.005098	0.001190	0.001566	0.002177	0.098784	0.001320	0.002078	
0.001040	0.019028	0.001177	0.004121	0.010989	0.012955	0.000718	0.003754	0.038634	0.034396	0.031197	0.001919	0.043287	0.049338	0.024376	0.014085	0.013778	0.002170	0.005374	0.032016	0.042206	0.001202	0.016944	0.014864	0.026740	0.006882	0.006990	0.035737	0.031271	0.107483	0.007838	0.032269	0.046506	0.003754	0.003067	0.007370	0.049360	0.044857	0.008242	0.002507	0.003967	0.012001	0.055971	0.005437	0.001874	0.001903	0.012481	0.056147	0.007240	0.002537	
0.021905	0.004787	0.001531	0.046716	0.062991	0.003652	0.000523	0.001060	0.048471	0.003969	0.006386	0.043627	0.005068	0.003573	0.004890	0.005007	0.003454	0.049833	0.128964	0.007430	0.004758	0.000853	0.003101	0.001165	0.001958	0.166202	0.009244	0.009698	0.021153	0.012452	0.003231	0.027086	0.009675	0.001060	0.000884	0.005463	0.003469	0.103071	0.005993	0.001259	0.003788	0.004871	0.004755	0.130515	0.000591	0.001436	0.001586	0.003922	0.001036	0.001891	
0.011216	0.025851	0.009231	0.024598	0.034320	0.005807	0.001938	0.005057	0.044625	0.007149	0.022091	0.022267	0.012487	0.007733	0.024895	0.017483	0.007893	0.025424	0.065682	0.021433	0.011621	0.004498	0.005711	0.002333	0.004085	0.084627	0.061083	0.021751	0.135631	0.031412	0.003018	0.017383	0.014470	0.005057	0.002415	0.006663	0.007422	0.055975	0.005988	0.006598	0.014628	0.004551	0.010907	0.066472	0.000507	0.001420	0.003707	0.008424	0.002586	0.001877	
0.015012	0.006849	0.002232	0.038501	0.051463	0.006998	0.000734	0.001446	0.043080	0.007629	0.008510	0.029850	0.014585	0.003369	0.006693	0.014519	0.006091	0.034090	0.088142	0.013270	0.013088	0.001168	0.011188	0.000938	0.001555	0.113579	0.013997	0.022961	0.031846	0.036445	0.011598	0.018748	0.032131	0.001446	0.001376	0.025519	0.002730	0.083126	0.028852	0.002092	0.011502	0.017706	0.008198	0.089202	0.000983	0.006360	0.004338	0.003082	0.002572	0.008609	
0.001511	0.005820	0.001821	0.038419	0.041210	0.006211	0.000599	0.001242	0.047758	0.004262	0.005535	0.002857	0.003773	0.003831	0.005892	0.052103	0.004590	0.003242	0.008146	0.009575	0.003644	0.000983	0.029016	0.001254	0.002134	0.010454	0.011295	0.050650	0.025933	0.009236	0.043929	0.004008	0.082759	0.001242	0.001090	0.117329	0.003811	0.019753	0.134146	0.001392	0.041900	0.067207	0.004474	0.008242	0.000742	0.029063	0.001197	0.004314	0.000835	0.039571	
0.003049	0.006095	0.007686	0.007053	0.011430	0.052223	0.003017	0.001267	0.014203	0.029087	0.008511	0.005966	0.015837	0.008153	0.006681	0.005037	0.038714	0.006799	0.017426	0.069004	0.014595	0.003759	0.006364	0.002387	0.004208	0.022427	0.050888	0.045028	0.098793	0.039497	0.021742	0.008236	0.059152	0.001267	0.006463	0.004210	0.007678	0.176438	0.003453	0.005706	0.011732	0.033559	0.012519	0.017635	0.006988	0.000848	0.004653	0.008719	0.002711	0.001108	
0.003274	0.012479	0.005604	0.010247	0.013046	0.044054	0.002407	0.002488	0.028999	0.027712	0.014914	0.006410	0.003340	0.022685	0.014776	0.012428	0.034489	0.007306	0.018733	0.062532	0.004882	0.002969	0.003989	0.007152	0.012818	0.024110	0.036866	0.041882	0.079527	0.007745	0.021844	0.018561	0.048981	0.002488	0.006056	0.012900	0.023610	0.152323	0.013785	0.003840	0.011839	0.033661	0.019449	0.018957	0.005945	0.003081	0.000986	0.026848	0.000835	0.004151	
0.000910	0.043585	0.005004	0.002965	0.004973	0.041266	0.002215	0.008408	0.038669	0.024141	0.034025	0.001689	0.009975	0.011055	0.041780	0.027201	0.039722	0.001911	0.004748	0.080600	0.009702	0.002541	0.004533	0.003393	0.006027	0.006083	0.032870	0.055035	0.102773	0.025383	0.017968	0.007921	0.046341	0.008408	0.008125	0.004915	0.011045	0.133964	0.004742	0.003712	0.008340	0.027712	0.012628	0.004804	0.005595	0.001126	0.002944	0.012550	0.002493	0.001487	
0.001897	0.015767	0.001721	0.005978	0.008342	0.024346	0.001146	0.003126	0.046323	0.036304	0.028590	0.003642	0.008098	0.066021	0.024046	0.012303	0.021459	0.004141	0.010497	0.041468	0.012774	0.001677	0.004415	0.020668	0.037238	0.013489	0.010694	0.030114	0.035009	0.018435	0.012576	0.045545	0.031927	0.003126	0.004143	0.007687	0.068800	0.085634	0.008507	0.001464	0.004816	0.019336	0.056032	0.010622	0.003420	0.001954	0.002224	0.078269	0.001579	0.002609	
0.002357	0.026621	0.016554	0.007452	0.009514	0.031472	0.003974	0.005180	0.027742	0.013378	0.019618	0.004578	0.002760	0.003384	0.025053	0.019755	0.025446	0.005213	0.013307	0.050937	0.002717	0.007869	0.003166	0.001110	0.001898	0.017116	0.110448	0.036110	0.226214	0.007143	0.013995	0.004737	0.031624	0.005180	0.005194	0.011649	0.003398	0.094801	0.010390	0.011012	0.026240	0.021532	0.003738	0.013466	0.003682	0.002347	0.000884	0.003848	0.001048	0.003151	
