0.510090	0.006446	0.020266	0.000891	0.036595	0.045674	0.014586	0.107270	0.080204	0.128279	0.003013	0.008892	0.009754	0.014794	0.013247	
0.492697	0.006071	0.060831	0.000697	0.038231	0.022864	0.016050	0.106844	0.026911	0.121035	0.007970	0.019803	0.021799	0.045687	0.012506	
0.523362	0.007107	0.022067	0.000734	0.040418	0.032303	0.013224	0.119001	0.043032	0.142648	0.004223	0.009483	0.009767	0.021611	0.011021	
0.373203	0.000825	0.069402	0.006557	0.017697	0.035099	0.109290	0.011264	0.142411	0.009398	0.024377	0.057994	0.012376	0.125001	0.005107	
0.380473	0.001704	0.111831	0.004397	0.023003	0.024032	0.085927	0.033095	0.124151	0.024455	0.013332	0.050327	0.044164	0.062618	0.016494	
0.399967	0.000914	0.095487	0.006272	0.022489	0.030702	0.097243	0.022552	0.133084	0.017078	0.013842	0.054619	0.023013	0.077074	0.005664	
0.432016	0.000821	0.036494	0.009797	0.017918	0.043525	0.141006	0.010347	0.209757	0.009766	0.004254	0.050995	0.008855	0.018868	0.005582	
0.348639	0.003508	0.113876	0.000563	0.030732	0.014904	0.056812	0.057789	0.078293	0.059986	0.024172	0.043064	0.051787	0.098351	0.017525	
0.287260	0.001873	0.120885	0.000978	0.026784	0.021408	0.072228	0.028391	0.100775	0.030434	0.037465	0.055703	0.043546	0.162255	0.010015	
0.288154	0.001095	0.101938	0.001111	0.021221	0.063546	0.069276	0.014047	0.225899	0.013564	0.021338	0.041334	0.048023	0.070541	0.018913	
0.359049	0.001101	0.038034	0.000770	0.007183	0.126348	0.018656	0.013213	0.288808	0.011511	0.012996	0.018607	0.011857	0.065210	0.026657	
0.237212	0.000793	0.138757	0.001007	0.026887	0.033328	0.092785	0.009277	0.192140	0.008410	0.029521	0.055290	0.065431	0.094550	0.014612	
0.416473	0.002827	0.159853	0.000646	0.036902	0.017335	0.021399	0.070968	0.044974	0.065439	0.008484	0.040316	0.050263	0.053739	0.010382	
0.356574	0.001115	0.188702	0.000658	0.029894	0.019385	0.028417	0.043206	0.053328	0.028374	0.019109	0.053589	0.055187	0.111219	0.011245	
0.378617	0.001109	0.170643	0.000931	0.029100	0.040506	0.024841	0.043230	0.112165	0.029748	0.007769	0.043118	0.053496	0.050603	0.014124	
0.492770	0.007923	0.035234	0.000713	0.013277	0.011428	0.029518	0.111925	0.024213	0.100513	0.005322	0.012878	0.063054	0.028368	0.062863	
0.474834	0.007151	0.060533	0.000802	0.011469	0.007975	0.031711	0.102841	0.023078	0.084550	0.005833	0.018729	0.071733	0.034232	0.064531	
0.493170	0.008530	0.018599	0.000822	0.005262	0.011222	0.035145	0.112483	0.030825	0.095035	0.005043	0.009790	0.072045	0.024472	0.077554	
0.408203	0.005896	0.060816	0.000837	0.012770	0.015606	0.051164	0.078348	0.065232	0.066937	0.016758	0.027442	0.065086	0.071209	0.053694	
0.292428	0.001292	0.114106	0.001604	0.018807	0.023679	0.064951	0.018554	0.063114	0.015546	0.047845	0.062913	0.026069	0.240333	0.008761	
0.332380	0.002953	0.110732	0.000915	0.019886	0.022311	0.059651	0.043383	0.091982	0.035775	0.027603	0.045876	0.055121	0.123164	0.028270	
0.364200	0.000802	0.100663	0.005138	0.021714	0.033878	0.093729	0.017557	0.142333	0.012811	0.019611	0.055356	0.027810	0.096999	0.007398	
0.426916	0.001312	0.113555	0.005676	0.026729	0.027114	0.082006	0.036581	0.118669	0.029027	0.005326	0.049688	0.031430	0.038782	0.007190	
0.371282	0.000993	0.074795	0.004368	0.017448	0.056655	0.075709	0.017203	0.169038	0.014853	0.020095	0.046694	0.016459	0.104094	0.010314	
