24
24
24
24
24
24
24
24
24
24
24
24
24
24
24
24
24
24
24
24
24
24
24
24
24
24
47
47
47
47
47
47
47
47
24
24
24
24
24
24
24
24
24
24
24
24
24
24
24
24
16
16
16
16
16
16
16
16
16
16
16
16
16
16
16
16
16
16
16
16
16
16
16
16
16
16
16
16
16
16
16
16
24
24
24
24
24
24
24
24
24
24
24
24
24
24
24
24
24
24
24
24
24
24
24
24
24
24
48
48
48
48
48
48
48
48
48
48
48
48
48
48
48
25
25
25
25
25
25
25
25
25
25
25
25
28
28
28
28
28
28
28
28
28
28
28
28
28
28
28
46
46
46
46
46
46
46
46
46
46
46
46
46
46
46
46
46
46
46
46
23
23
23
23
23
1
1
1
1
1
1
1
1
1
1
1
1
1
1
1
1
1
1
1
1
1
1
1
1
1
1
1
1
1
1
1
