0	0	0	0	78	0	0	
0	0	0	0	0	0	0	
0	0	0	0	24	0	0	
33	0	0	0	0	0	54	
0	0	51	0	0	16	0	
0	0	0	0	0	27	0	
0	0	0	0	130	42	0	
0	0	65	0	124	1	0	
0	0	0	67	17	0	155	
0	87	1	193	0	57	0	
0	146	0	0	0	0	0	
0	171	0	0	0	0	0	
0	0	0	92	0	0	0	
0	0	0	0	78	0	0	
0	0	16	0	19	0	11	
0	0	0	0	0	12	0	
0	0	0	0	0	0	78	
0	1	0	0	0	62	0	
76	0	55	0	32	0	0	
0	0	0	0	0	0	0	
0	0	0	79	17	0	0	
0	0	0	0	0	135	0	
0	50	0	0	0	6	0	
0	0	18	3	13	0	106	
0	0	100	0	0	0	0	
0	0	28	0	0	0	0	
0	28	0	0	0	0	0	
0	0	0	0	0	0	12	
0	1	0	0	10	0	33	
0	134	0	0	0	0	128	
0	0	0	0	0	0	0	
0	0	0	16	0	0	0	
0	0	32	22	0	21	0	
24	0	0	0	0	0	0	
0	0	0	0	0	32	0	
0	0	48	0	3	0	0	
0	0	0	9	0	39	0	
0	0	0	0	121	0	0	
0	0	0	0	0	0	96	
0	0	62	224	0	0	0	
4	0	0	0	0	62	120	
72	0	0	0	1	0	0	
32	68	0	0	0	0	2	
161	0	0	0	50	0	0	
0	0	10	0	0	103	0	
0	0	34	0	0	71	0	
0	0	0	0	0	0	0	
94	0	0	0	0	0	0	
0	0	0	0	0	26	0	
0	0	74	0	0	0	0	
