0.000675	0.001344	0.000675	0.000675	0.000675	0.000675	0.000675	0.000675	0.000675	0.000675	0.000675	0.000675	0.000675	0.001027	0.000675	0.000675	0.000675	0.000675	0.000675	0.000675	0.000675	0.000675	0.000675	0.000675	0.000675	0.000675	0.000675	0.000675	0.000675	0.001379	0.000675	0.000675	0.001679	0.001027	0.001027	0.000675	0.000675	0.001991	0.002941	0.000675	0.000675	0.000675	0.000675	0.000675	0.000675	0.000675	0.000675	0.000675	0.000675	0.959914	
0.000659	0.001628	0.000659	0.000659	0.000659	0.000659	0.000659	0.000659	0.000659	0.000659	0.000659	0.000659	0.000659	0.001048	0.000659	0.000659	0.000659	0.000659	0.000659	0.000659	0.000659	0.000659	0.000659	0.000659	0.000659	0.000659	0.000659	0.000659	0.000659	0.001437	0.000659	0.000659	0.002112	0.001048	0.001048	0.000659	0.000659	0.006306	0.005674	0.000659	0.000659	0.000659	0.000659	0.000659	0.000659	0.000659	0.000659	0.000659	0.000659	0.952689	
0.000671	0.002065	0.000671	0.000671	0.000671	0.000671	0.000671	0.000671	0.000671	0.000671	0.000671	0.000671	0.000671	0.001146	0.000671	0.000671	0.000671	0.000671	0.000671	0.000671	0.000671	0.000671	0.000671	0.000671	0.000671	0.000671	0.000671	0.000671	0.000671	0.001621	0.000671	0.000671	0.002762	0.001146	0.001146	0.000671	0.000671	0.003771	0.005200	0.000671	0.000671	0.000671	0.000671	0.000671	0.000671	0.000671	0.000671	0.000671	0.000671	0.953640	
0.000626	0.001593	0.000626	0.000626	0.000626	0.000626	0.000626	0.000626	0.000626	0.000626	0.000626	0.000626	0.000626	0.000914	0.000626	0.000626	0.000626	0.000626	0.000626	0.000626	0.000626	0.000626	0.000626	0.000626	0.000626	0.000626	0.000626	0.000626	0.000626	0.001201	0.000626	0.000626	0.002077	0.000914	0.000914	0.000626	0.000626	0.023205	0.006756	0.000626	0.000626	0.000626	0.000626	0.000626	0.000626	0.000626	0.000626	0.000626	0.000626	0.936742	
0.000629	0.001755	0.000629	0.000629	0.000629	0.000629	0.000629	0.000629	0.000629	0.000629	0.000629	0.000629	0.000629	0.001081	0.000629	0.000629	0.000629	0.000629	0.000629	0.000629	0.000629	0.000629	0.000629	0.000629	0.000629	0.000629	0.000629	0.000629	0.000629	0.001533	0.000629	0.000629	0.002318	0.001081	0.001081	0.000629	0.000629	0.012822	0.009362	0.000629	0.000629	0.000629	0.000629	0.000629	0.000629	0.000629	0.000629	0.000629	0.000629	0.943181	
0.000651	0.004528	0.000651	0.000651	0.000651	0.000651	0.000651	0.000651	0.000651	0.000651	0.000651	0.000651	0.000651	0.000885	0.000651	0.000651	0.000651	0.000651	0.000651	0.000651	0.000651	0.000651	0.000651	0.000651	0.000651	0.000651	0.000651	0.000651	0.000651	0.001119	0.000651	0.000651	0.006467	0.000885	0.000885	0.000651	0.000651	0.006782	0.008414	0.000651	0.000651	0.000651	0.000651	0.000651	0.000651	0.000651	0.000651	0.000651	0.000651	0.943335	
0.000587	0.001212	0.000587	0.000587	0.000587	0.000587	0.000587	0.000587	0.000587	0.000587	0.000587	0.000587	0.000587	0.000937	0.000587	0.000587	0.000587	0.000587	0.000587	0.000587	0.000587	0.000587	0.000587	0.000587	0.000587	0.000587	0.000587	0.000587	0.000587	0.001288	0.000587	0.000587	0.001525	0.000937	0.000937	0.000587	0.000587	0.015682	0.006177	0.000587	0.000587	0.000587	0.000587	0.000587	0.000587	0.000587	0.000587	0.000587	0.000587	0.947241	
0.000679	0.004128	0.000679	0.000679	0.000679	0.000679	0.000679	0.000679	0.000679	0.000679	0.000679	0.000679	0.000679	0.001148	0.000679	0.000679	0.000679	0.000679	0.000679	0.000679	0.000679	0.000679	0.000679	0.000679	0.000679	0.000679	0.000679	0.000679	0.000679	0.001617	0.000679	0.000679	0.005852	0.001148	0.001148	0.000679	0.000679	0.001488	0.013896	0.000679	0.000679	0.000679	0.000679	0.000679	0.000679	0.000679	0.000679	0.000679	0.000679	0.941718	
0.000569	0.001285	0.000569	0.000569	0.000569	0.000569	0.000569	0.000569	0.000569	0.000569	0.000569	0.000569	0.000569	0.000756	0.000569	0.000569	0.000569	0.000569	0.000569	0.000569	0.000569	0.000569	0.000569	0.000569	0.000569	0.000569	0.000569	0.000569	0.000569	0.000943	0.000569	0.000569	0.001643	0.000756	0.000756	0.000569	0.000569	0.003063	0.011119	0.000569	0.000569	0.000569	0.000569	0.000569	0.000569	0.000569	0.000569	0.000569	0.000569	0.956342	
0.000620	0.001306	0.000620	0.000620	0.000620	0.000620	0.000620	0.000620	0.000620	0.000620	0.000620	0.000620	0.000620	0.001066	0.000620	0.000620	0.000620	0.000620	0.000620	0.000620	0.000620	0.000620	0.000620	0.000620	0.000620	0.000620	0.000620	0.000620	0.000620	0.001512	0.000620	0.000620	0.001649	0.001066	0.001066	0.000620	0.000620	0.001374	0.016383	0.000620	0.000620	0.000620	0.000620	0.000620	0.000620	0.000620	0.000620	0.000620	0.000620	0.949137	
0.000602	0.001060	0.000602	0.000602	0.000602	0.000602	0.000602	0.000602	0.000602	0.000602	0.000602	0.000602	0.000602	0.001445	0.000602	0.000602	0.000602	0.000602	0.000602	0.000602	0.000602	0.000602	0.000602	0.000602	0.000602	0.000602	0.000602	0.000602	0.000602	0.002289	0.000602	0.000602	0.001288	0.001445	0.001445	0.000602	0.000602	0.001690	0.013825	0.000602	0.000602	0.000602	0.000602	0.000602	0.000602	0.000602	0.000602	0.000602	0.000602	0.950841	
0.000607	0.001379	0.000607	0.000607	0.000607	0.000607	0.000607	0.000607	0.000607	0.000607	0.000607	0.000607	0.000607	0.000780	0.000607	0.000607	0.000607	0.000607	0.000607	0.000607	0.000607	0.000607	0.000607	0.000607	0.000607	0.000607	0.000607	0.000607	0.000607	0.000953	0.000607	0.000607	0.001766	0.000780	0.000780	0.000607	0.000607	0.006946	0.012335	0.000607	0.000607	0.000607	0.000607	0.000607	0.000607	0.000607	0.000607	0.000607	0.000607	0.949404	
0.000650	0.001100	0.000650	0.000650	0.000650	0.000650	0.000650	0.000650	0.000650	0.000650	0.000650	0.000650	0.000650	0.000847	0.000650	0.000650	0.000650	0.000650	0.000650	0.000650	0.000650	0.000650	0.000650	0.000650	0.000650	0.000650	0.000650	0.000650	0.000650	0.001044	0.000650	0.000650	0.001325	0.000847	0.000847	0.000650	0.000650	0.001859	0.015140	0.000650	0.000650	0.000650	0.000650	0.000650	0.000650	0.000650	0.000650	0.000650	0.000650	0.950325	
0.000641	0.001375	0.000641	0.000641	0.000641	0.000641	0.000641	0.000641	0.000641	0.000641	0.000641	0.000641	0.000641	0.001001	0.000641	0.000641	0.000641	0.000641	0.000641	0.000641	0.000641	0.000641	0.000641	0.000641	0.000641	0.000641	0.000641	0.000641	0.000641	0.001360	0.000641	0.000641	0.001741	0.001001	0.001001	0.000641	0.000641	0.001853	0.012458	0.000641	0.000641	0.000641	0.000641	0.000641	0.000641	0.000641	0.000641	0.000641	0.000641	0.951917	
0.000644	0.001302	0.000644	0.000644	0.000644	0.000644	0.000644	0.000644	0.000644	0.000644	0.000644	0.000644	0.000644	0.000908	0.000644	0.000644	0.000644	0.000644	0.000644	0.000644	0.000644	0.000644	0.000644	0.000644	0.000644	0.000644	0.000644	0.000644	0.000644	0.001172	0.000644	0.000644	0.001632	0.000908	0.000908	0.000644	0.000644	0.002081	0.014255	0.000644	0.000644	0.000644	0.000644	0.000644	0.000644	0.000644	0.000644	0.000644	0.000644	0.950444	
0.000705	0.002888	0.000705	0.000705	0.000705	0.000705	0.000705	0.000705	0.000705	0.000705	0.000705	0.000705	0.000705	0.005514	0.000705	0.000705	0.000705	0.000705	0.000705	0.000705	0.000705	0.000705	0.000705	0.000705	0.000705	0.000705	0.000705	0.000705	0.000705	0.010323	0.000705	0.000705	0.003980	0.005514	0.005514	0.000705	0.000705	0.001667	0.006872	0.000705	0.000705	0.000705	0.000705	0.000705	0.000705	0.000705	0.000705	0.000705	0.000705	0.928831	
0.000832	0.015192	0.000832	0.000832	0.000832	0.000832	0.000832	0.000832	0.000832	0.000832	0.000832	0.000832	0.000832	0.001171	0.000832	0.000832	0.000832	0.000832	0.000832	0.000832	0.000832	0.000832	0.000832	0.000832	0.000832	0.000832	0.000832	0.000832	0.000832	0.001510	0.000832	0.000832	0.022372	0.001171	0.001171	0.000832	0.000832	0.001576	0.002404	0.000832	0.000832	0.000832	0.000832	0.000832	0.000832	0.000832	0.000832	0.000832	0.000832	0.919331	
0.000703	0.003215	0.000703	0.000703	0.000703	0.000703	0.000703	0.000703	0.000703	0.000703	0.000703	0.000703	0.000703	0.004864	0.000703	0.000703	0.000703	0.000703	0.000703	0.000703	0.000703	0.000703	0.000703	0.000703	0.000703	0.000703	0.000703	0.000703	0.000703	0.009024	0.000703	0.000703	0.004471	0.004864	0.004864	0.000703	0.000703	0.003635	0.006900	0.000703	0.000703	0.000703	0.000703	0.000703	0.000703	0.000703	0.000703	0.000703	0.000703	0.929337	
0.000628	0.001264	0.000628	0.000628	0.000628	0.000628	0.000628	0.000628	0.000628	0.000628	0.000628	0.000628	0.000628	0.004286	0.000628	0.000628	0.000628	0.000628	0.000628	0.000628	0.000628	0.000628	0.000628	0.000628	0.000628	0.000628	0.000628	0.000628	0.000628	0.007945	0.000628	0.000628	0.001581	0.004286	0.004286	0.000628	0.000628	0.002180	0.005835	0.000628	0.000628	0.000628	0.000628	0.000628	0.000628	0.000628	0.000628	0.000628	0.000628	0.942584	
0.000599	0.001980	0.000599	0.000599	0.000599	0.000599	0.000599	0.000599	0.000599	0.000599	0.000599	0.000599	0.000599	0.002592	0.000599	0.000599	0.000599	0.000599	0.000599	0.000599	0.000599	0.000599	0.000599	0.000599	0.000599	0.000599	0.000599	0.000599	0.000599	0.004585	0.000599	0.000599	0.002670	0.002592	0.002592	0.000599	0.000599	0.004762	0.005019	0.000599	0.000599	0.000599	0.000599	0.000599	0.000599	0.000599	0.000599	0.000599	0.000599	0.948667	
0.000573	0.001206	0.000573	0.000573	0.000573	0.000573	0.000573	0.000573	0.000573	0.000573	0.000573	0.000573	0.000573	0.002303	0.000573	0.000573	0.000573	0.000573	0.000573	0.000573	0.000573	0.000573	0.000573	0.000573	0.000573	0.000573	0.000573	0.000573	0.000573	0.004032	0.000573	0.000573	0.001522	0.002303	0.002303	0.000573	0.000573	0.002044	0.005579	0.000573	0.000573	0.000573	0.000573	0.000573	0.000573	0.000573	0.000573	0.000573	0.000573	0.955205	
0.000487	0.000873	0.000487	0.000487	0.000487	0.000487	0.000487	0.000487	0.000487	0.000487	0.000487	0.000487	0.000487	0.000761	0.000487	0.000487	0.000487	0.000487	0.000487	0.000487	0.000487	0.000487	0.000487	0.000487	0.000487	0.000487	0.000487	0.000487	0.000487	0.001035	0.000487	0.000487	0.001067	0.000761	0.000761	0.000487	0.000487	0.002937	0.002533	0.000487	0.000487	0.000487	0.000487	0.000487	0.000487	0.000487	0.000487	0.000487	0.000487	0.969306	
0.000657	0.006048	0.000657	0.000657	0.000657	0.000657	0.000657	0.000657	0.000657	0.000657	0.000657	0.000657	0.000657	0.001740	0.000657	0.000657	0.000657	0.000657	0.000657	0.000657	0.000657	0.000657	0.000657	0.000657	0.000657	0.000657	0.000657	0.000657	0.000657	0.002823	0.000657	0.000657	0.008744	0.001740	0.001740	0.000657	0.000657	0.003463	0.004361	0.000657	0.000657	0.000657	0.000657	0.000657	0.000657	0.000657	0.000657	0.000657	0.000657	0.942404	
0.000546	0.001097	0.000546	0.000546	0.000546	0.000546	0.000546	0.000546	0.000546	0.000546	0.000546	0.000546	0.000546	0.001003	0.000546	0.000546	0.000546	0.000546	0.000546	0.000546	0.000546	0.000546	0.000546	0.000546	0.000546	0.000546	0.000546	0.000546	0.000546	0.001460	0.000546	0.000546	0.001373	0.001003	0.001003	0.000546	0.000546	0.008995	0.005100	0.000546	0.000546	0.000546	0.000546	0.000546	0.000546	0.000546	0.000546	0.000546	0.000546	0.956596	
