0.481929	0.002113	0.048546	0.000740	0.033087	0.031463	0.015776	0.100401	0.044770	0.103391	0.019410	0.017452	0.019220	0.036263	0.045438	
0.468733	0.001095	0.044228	0.001074	0.036469	0.042491	0.024934	0.126878	0.047332	0.097921	0.019094	0.018496	0.025865	0.031772	0.013618	
0.477038	0.002001	0.025323	0.000813	0.041472	0.041668	0.015115	0.147914	0.037372	0.114236	0.025481	0.010825	0.014458	0.031027	0.015258	
0.410286	0.001191	0.083219	0.003599	0.025838	0.031297	0.083159	0.048702	0.105125	0.048927	0.008334	0.045179	0.035548	0.047124	0.022471	
0.353222	0.004135	0.096545	0.006445	0.027621	0.007806	0.136838	0.019996	0.155178	0.018226	0.014691	0.069533	0.025981	0.054168	0.009616	
0.338035	0.004227	0.082121	0.003543	0.024768	0.041843	0.082998	0.054621	0.136034	0.043893	0.019405	0.038159	0.023909	0.094699	0.011744	
0.339343	0.006341	0.087235	0.004182	0.026628	0.021032	0.089993	0.048336	0.142844	0.038597	0.025766	0.047983	0.020323	0.089769	0.011627	
0.352006	0.001467	0.107441	0.002499	0.018209	0.054602	0.069688	0.039108	0.123227	0.043933	0.008724	0.037137	0.030605	0.087244	0.024110	
0.289478	0.001847	0.102616	0.002262	0.012398	0.080095	0.072280	0.023556	0.150634	0.040299	0.007791	0.023629	0.023546	0.135624	0.033945	
0.396210	0.004948	0.170085	0.000716	0.009249	0.009934	0.027093	0.013005	0.105726	0.027665	0.016075	0.057890	0.054522	0.076072	0.030810	
0.334396	0.001842	0.146348	0.001662	0.009064	0.053942	0.057929	0.013569	0.132015	0.027698	0.006332	0.043417	0.042087	0.102376	0.027322	
0.349840	0.006073	0.138995	0.002164	0.013182	0.018719	0.055556	0.013959	0.134105	0.026910	0.019907	0.051918	0.039503	0.100046	0.029122	
0.439299	0.001549	0.135888	0.000904	0.018743	0.024032	0.030314	0.053160	0.075864	0.050877	0.010733	0.048892	0.048773	0.039875	0.021097	
0.374609	0.001636	0.146175	0.001197	0.014819	0.043881	0.043617	0.045547	0.105893	0.037402	0.010165	0.046838	0.045560	0.072507	0.010154	
0.408094	0.003406	0.143697	0.001039	0.018810	0.021454	0.032055	0.056219	0.090717	0.044707	0.017555	0.051537	0.044299	0.055499	0.010912	
0.587785	0.001037	0.013557	0.000560	0.027314	0.005745	0.008152	0.097583	0.018912	0.066079	0.005566	0.023722	0.115623	0.016864	0.011500	
0.574448	0.001444	0.013769	0.000644	0.028198	0.007944	0.009863	0.102049	0.023728	0.066641	0.007912	0.023193	0.110590	0.021799	0.007777	
0.464518	0.000958	0.040985	0.002268	0.027395	0.034271	0.052513	0.077958	0.074292	0.061632	0.007938	0.027449	0.062623	0.048663	0.016536	
0.549657	0.002585	0.017333	0.000814	0.024602	0.007204	0.011617	0.020264	0.034854	0.114588	0.008568	0.008244	0.021528	0.041276	0.136866	
0.369700	0.003286	0.079046	0.005075	0.027211	0.023163	0.110716	0.038567	0.135953	0.033875	0.013641	0.052900	0.030610	0.062813	0.013442	
0.189305	0.022606	0.067569	0.000788	0.009319	0.008772	0.010592	0.026331	0.214083	0.022971	0.071201	0.010611	0.030774	0.286494	0.028584	
0.296212	0.002124	0.097002	0.006104	0.022243	0.046027	0.142002	0.014762	0.174794	0.014941	0.007522	0.056153	0.022564	0.089020	0.008530	
0.362555	0.005477	0.086793	0.003992	0.028026	0.019119	0.085439	0.055382	0.129689	0.043206	0.023924	0.048744	0.022864	0.074191	0.010599	
0.290842	0.002137	0.084141	0.004369	0.017692	0.065806	0.110433	0.018320	0.165930	0.028921	0.007341	0.035034	0.024251	0.120183	0.024600	
