0.701271	0.001376	0.021048	0.000552	0.027302	0.052809	0.033005	0.037734	0.020486	0.043454	0.002380	0.013041	0.020508	0.017607	0.007426	
0.493658	0.007325	0.044025	0.000890	0.016330	0.032267	0.036233	0.120372	0.031049	0.092338	0.006102	0.027729	0.027238	0.028450	0.035992	
0.348691	0.014687	0.037256	0.001068	0.010610	0.022691	0.019092	0.214119	0.033272	0.163559	0.009358	0.010589	0.014551	0.030510	0.069948	
0.501128	0.001021	0.066804	0.007776	0.039319	0.064157	0.075060	0.018986	0.116702	0.018619	0.050034	0.013037	0.009918	0.012590	0.004849	
0.363139	0.005136	0.063440	0.005745	0.027354	0.040199	0.084653	0.074660	0.139703	0.055589	0.037661	0.033122	0.012016	0.032680	0.024903	
0.431300	0.000942	0.093583	0.003568	0.016684	0.024665	0.097480	0.044663	0.077370	0.010316	0.021695	0.088397	0.057331	0.026166	0.005838	
0.407792	0.001425	0.072287	0.008668	0.039261	0.056988	0.096747	0.018907	0.163140	0.017006	0.056023	0.025042	0.008886	0.021144	0.006684	
0.390548	0.000826	0.139992	0.000574	0.015453	0.030027	0.041261	0.027545	0.086530	0.025255	0.002238	0.041991	0.054635	0.123741	0.019383	
0.310686	0.000909	0.156159	0.001255	0.015598	0.036650	0.048418	0.016605	0.148582	0.018651	0.006969	0.025509	0.028885	0.161285	0.023841	
0.182498	0.001321	0.224055	0.003081	0.014955	0.041681	0.032236	0.018799	0.161383	0.016189	0.019192	0.011454	0.034908	0.205035	0.033212	
0.176931	0.000998	0.244005	0.000698	0.008414	0.037340	0.015358	0.016180	0.151166	0.016313	0.003390	0.009068	0.039425	0.243536	0.037178	
0.413510	0.001000	0.095509	0.006882	0.037293	0.048945	0.070023	0.016996	0.122910	0.024597	0.044035	0.027242	0.038508	0.043548	0.009001	
0.371528	0.001046	0.151152	0.000692	0.011317	0.030090	0.045887	0.035089	0.085125	0.020197	0.003029	0.047194	0.050784	0.126028	0.020846	
0.265975	0.002501	0.161094	0.001090	0.010572	0.025264	0.052504	0.045658	0.129869	0.031671	0.006143	0.044089	0.043576	0.150132	0.029863	
0.412445	0.002050	0.102210	0.001815	0.015391	0.016320	0.071750	0.057424	0.055753	0.033592	0.010432	0.082165	0.075044	0.049052	0.014556	
0.561898	0.001254	0.031387	0.000774	0.043508	0.013911	0.022956	0.020585	0.024378	0.080626	0.003574	0.045784	0.117161	0.024445	0.007760	
0.564983	0.003046	0.012599	0.000658	0.043733	0.011457	0.019278	0.044263	0.014659	0.101134	0.003300	0.042735	0.115195	0.009165	0.013795	
0.401241	0.009487	0.023158	0.001283	0.026313	0.012173	0.033880	0.134613	0.052414	0.134276	0.009264	0.034455	0.061307	0.021995	0.044140	
0.417891	0.009819	0.047619	0.002854	0.019704	0.037962	0.033108	0.145279	0.055691	0.113398	0.019881	0.008332	0.011956	0.028973	0.047535	
0.401851	0.002964	0.088545	0.001087	0.032488	0.016084	0.023735	0.041523	0.069657	0.078390	0.006208	0.036482	0.093309	0.084051	0.023626	
0.302976	0.003293	0.138665	0.002976	0.025407	0.031884	0.032567	0.045625	0.113720	0.056430	0.018914	0.020591	0.055215	0.121301	0.030437	
0.331460	0.000894	0.017405	0.000729	0.017058	0.006947	0.159752	0.010971	0.257391	0.010740	0.003298	0.098226	0.008310	0.072069	0.004750	
0.327286	0.005200	0.018213	0.001036	0.015746	0.009359	0.123087	0.073587	0.195723	0.058190	0.006501	0.076267	0.011749	0.054008	0.024049	
0.455763	0.000812	0.048305	0.001926	0.025096	0.031359	0.092068	0.016070	0.150906	0.023575	0.011256	0.051266	0.022998	0.061175	0.007426	
