0.000955	0.001246	0.000955	0.000955	0.000955	0.000955	0.000955	0.000955	0.000955	0.000955	0.000955	0.000955	0.000955	0.001087	0.000955	0.000955	0.000955	0.000955	0.000955	0.000955	0.000955	0.000955	0.000955	0.000955	0.000955	0.000955	0.000955	0.000955	0.000955	0.001230	0.000955	0.000955	0.001362	0.001093	0.001100	0.000955	0.000955	0.001714	0.002067	0.000955	0.000955	0.000955	0.000955	0.000955	0.000955	0.000955	0.000955	0.000955	0.000955	0.949954	
0.000706	0.002459	0.000706	0.000706	0.000706	0.000706	0.000706	0.000706	0.000706	0.000706	0.000706	0.000706	0.000706	0.001043	0.000706	0.000706	0.000706	0.000706	0.000706	0.000706	0.000706	0.000706	0.000706	0.000706	0.000706	0.000706	0.000706	0.000706	0.000706	0.001993	0.000706	0.000706	0.002331	0.001350	0.001582	0.000706	0.000706	0.001779	0.004079	0.000706	0.000706	0.000706	0.000706	0.000706	0.000706	0.000706	0.000706	0.000706	0.000706	0.954438	
0.000677	0.003761	0.000677	0.000677	0.000677	0.000677	0.000677	0.000677	0.000677	0.000677	0.000677	0.000677	0.000677	0.001192	0.000677	0.000677	0.000677	0.000677	0.000677	0.000677	0.000677	0.000677	0.000677	0.000677	0.000677	0.000677	0.000677	0.000677	0.000677	0.003422	0.000677	0.000677	0.003937	0.002050	0.002219	0.000677	0.000677	0.002235	0.006964	0.000677	0.000677	0.000677	0.000677	0.000677	0.000677	0.000677	0.000677	0.000677	0.000677	0.946463	
0.000597	0.000995	0.000597	0.000597	0.000597	0.000597	0.000597	0.000597	0.000597	0.000597	0.000597	0.000597	0.000597	0.000789	0.000597	0.000597	0.000597	0.000597	0.000597	0.000597	0.000597	0.000597	0.000597	0.000597	0.000597	0.000597	0.000597	0.000597	0.000597	0.000844	0.000597	0.000597	0.001036	0.000720	0.000796	0.000597	0.000597	0.011005	0.005707	0.000597	0.000597	0.000597	0.000597	0.000597	0.000597	0.000597	0.000597	0.000597	0.000597	0.953641	
0.000642	0.002579	0.000642	0.000642	0.000642	0.000642	0.000642	0.000642	0.000642	0.000642	0.000642	0.000642	0.000642	0.000798	0.000642	0.000642	0.000642	0.000642	0.000642	0.000642	0.000642	0.000642	0.000642	0.000642	0.000642	0.000642	0.000642	0.000642	0.000642	0.001369	0.000642	0.000642	0.001525	0.001006	0.001611	0.000642	0.000642	0.015915	0.008308	0.000642	0.000642	0.000642	0.000642	0.000642	0.000642	0.000642	0.000642	0.000642	0.000642	0.940555	
0.000589	0.005780	0.000589	0.000589	0.000589	0.000589	0.000589	0.000589	0.000589	0.000589	0.000589	0.000589	0.000589	0.001306	0.000589	0.000589	0.000589	0.000589	0.000589	0.000589	0.000589	0.000589	0.000589	0.000589	0.000589	0.000589	0.000589	0.000589	0.000589	0.000892	0.000589	0.000589	0.001610	0.000740	0.003184	0.000589	0.000589	0.008993	0.006558	0.000589	0.000589	0.000589	0.000589	0.000589	0.000589	0.000589	0.000589	0.000589	0.000589	0.946803	
0.000621	0.003277	0.000621	0.000621	0.000621	0.000621	0.000621	0.000621	0.000621	0.000621	0.000621	0.000621	0.000621	0.000799	0.000621	0.000621	0.000621	0.000621	0.000621	0.000621	0.000621	0.000621	0.000621	0.000621	0.000621	0.000621	0.000621	0.000621	0.000621	0.002934	0.000621	0.000621	0.003112	0.001777	0.001949	0.000621	0.000621	0.015152	0.010436	0.000621	0.000621	0.000621	0.000621	0.000621	0.000621	0.000621	0.000621	0.000621	0.000621	0.935091	
0.000593	0.003653	0.000593	0.000593	0.000593	0.000593	0.000593	0.000593	0.000593	0.000593	0.000593	0.000593	0.000593	0.001753	0.000593	0.000593	0.000593	0.000593	0.000593	0.000593	0.000593	0.000593	0.000593	0.000593	0.000593	0.000593	0.000593	0.000593	0.000593	0.001471	0.000593	0.000593	0.002631	0.001032	0.002123	0.000593	0.000593	0.002175	0.006023	0.000593	0.000593	0.000593	0.000593	0.000593	0.000593	0.000593	0.000593	0.000593	0.000593	0.954816	
0.000600	0.000897	0.000600	0.000600	0.000600	0.000600	0.000600	0.000600	0.000600	0.000600	0.000600	0.000600	0.000600	0.001459	0.000600	0.000600	0.000600	0.000600	0.000600	0.000600	0.000600	0.000600	0.000600	0.000600	0.000600	0.000600	0.000600	0.000600	0.000600	0.001066	0.000600	0.000600	0.001925	0.000833	0.000749	0.000600	0.000600	0.003745	0.005134	0.000600	0.000600	0.000600	0.000600	0.000600	0.000600	0.000600	0.000600	0.000600	0.000600	0.959595	
0.000587	0.001077	0.000587	0.000587	0.000587	0.000587	0.000587	0.000587	0.000587	0.000587	0.000587	0.000587	0.000587	0.003511	0.000587	0.000587	0.000587	0.000587	0.000587	0.000587	0.000587	0.000587	0.000587	0.000587	0.000587	0.000587	0.000587	0.000587	0.000587	0.001215	0.000587	0.000587	0.004138	0.000901	0.000832	0.000587	0.000587	0.004776	0.011975	0.000587	0.000587	0.000587	0.000587	0.000587	0.000587	0.000587	0.000587	0.000587	0.000587	0.947498	
0.000564	0.000853	0.000564	0.000564	0.000564	0.000564	0.000564	0.000564	0.000564	0.000564	0.000564	0.000564	0.000564	0.003805	0.000564	0.000564	0.000564	0.000564	0.000564	0.000564	0.000564	0.000564	0.000564	0.000564	0.000564	0.000564	0.000564	0.000564	0.000564	0.001435	0.000564	0.000564	0.004676	0.000999	0.000708	0.000564	0.000564	0.004586	0.013203	0.000564	0.000564	0.000564	0.000564	0.000564	0.000564	0.000564	0.000564	0.000564	0.000564	0.946629	
0.000647	0.001244	0.000647	0.000647	0.000647	0.000647	0.000647	0.000647	0.000647	0.000647	0.000647	0.000647	0.000647	0.002259	0.000647	0.000647	0.000647	0.000647	0.000647	0.000647	0.000647	0.000647	0.000647	0.000647	0.000647	0.000647	0.000647	0.000647	0.000647	0.001086	0.000647	0.000647	0.002698	0.000867	0.000945	0.000647	0.000647	0.001661	0.006546	0.000647	0.000647	0.000647	0.000647	0.000647	0.000647	0.000647	0.000647	0.000647	0.000647	0.956164	
0.000567	0.003035	0.000567	0.000567	0.000567	0.000567	0.000567	0.000567	0.000567	0.000567	0.000567	0.000567	0.000567	0.002638	0.000567	0.000567	0.000567	0.000567	0.000567	0.000567	0.000567	0.000567	0.000567	0.000567	0.000567	0.000567	0.000567	0.000567	0.000567	0.000923	0.000567	0.000567	0.002993	0.000745	0.001801	0.000567	0.000567	0.001960	0.007870	0.000567	0.000567	0.000567	0.000567	0.000567	0.000567	0.000567	0.000567	0.000567	0.000567	0.954776	
0.000580	0.002213	0.000580	0.000580	0.000580	0.000580	0.000580	0.000580	0.000580	0.000580	0.000580	0.000580	0.000580	0.002863	0.000580	0.000580	0.000580	0.000580	0.000580	0.000580	0.000580	0.000580	0.000580	0.000580	0.000580	0.000580	0.000580	0.000580	0.000580	0.000878	0.000580	0.000580	0.003160	0.000729	0.001397	0.000580	0.000580	0.001903	0.008404	0.000580	0.000580	0.000580	0.000580	0.000580	0.000580	0.000580	0.000580	0.000580	0.000580	0.954673	
0.000598	0.003681	0.000598	0.000598	0.000598	0.000598	0.000598	0.000598	0.000598	0.000598	0.000598	0.000598	0.000598	0.002497	0.000598	0.000598	0.000598	0.000598	0.000598	0.000598	0.000598	0.000598	0.000598	0.000598	0.000598	0.000598	0.000598	0.000598	0.000598	0.001139	0.000598	0.000598	0.003038	0.000869	0.002140	0.000598	0.000598	0.002980	0.008059	0.000598	0.000598	0.000598	0.000598	0.000598	0.000598	0.000598	0.000598	0.000598	0.000598	0.951080	
0.000611	0.000959	0.000611	0.000611	0.000611	0.000611	0.000611	0.000611	0.000611	0.000611	0.000611	0.000611	0.000611	0.000708	0.000611	0.000611	0.000611	0.000611	0.000611	0.000611	0.000611	0.000611	0.000611	0.000611	0.000611	0.000611	0.000611	0.000611	0.000611	0.006572	0.000611	0.000611	0.006670	0.003591	0.000785	0.000611	0.000611	0.001456	0.010184	0.000611	0.000611	0.000611	0.000611	0.000611	0.000611	0.000611	0.000611	0.000611	0.000611	0.944039	
0.000605	0.002756	0.000605	0.000605	0.000605	0.000605	0.000605	0.000605	0.000605	0.000605	0.000605	0.000605	0.000605	0.000775	0.000605	0.000605	0.000605	0.000605	0.000605	0.000605	0.000605	0.000605	0.000605	0.000605	0.000605	0.000605	0.000605	0.000605	0.000605	0.005834	0.000605	0.000605	0.006003	0.003220	0.001680	0.000605	0.000605	0.001299	0.009234	0.000605	0.000605	0.000605	0.000605	0.000605	0.000605	0.000605	0.000605	0.000605	0.000605	0.944378	
0.000614	0.001388	0.000614	0.000614	0.000614	0.000614	0.000614	0.000614	0.000614	0.000614	0.000614	0.000614	0.000614	0.001228	0.000614	0.000614	0.000614	0.000614	0.000614	0.000614	0.000614	0.000614	0.000614	0.000614	0.000614	0.000614	0.000614	0.000614	0.000614	0.005977	0.000614	0.000614	0.006592	0.003295	0.001001	0.000614	0.000614	0.002831	0.011389	0.000614	0.000614	0.000614	0.000614	0.000614	0.000614	0.000614	0.000614	0.000614	0.000614	0.941137	
0.000643	0.000833	0.000643	0.000643	0.000643	0.000643	0.000643	0.000643	0.000643	0.000643	0.000643	0.000643	0.000643	0.001113	0.000643	0.000643	0.000643	0.000643	0.000643	0.000643	0.000643	0.000643	0.000643	0.000643	0.000643	0.000643	0.000643	0.000643	0.000643	0.005199	0.000643	0.000643	0.005669	0.002921	0.000738	0.000643	0.000643	0.004600	0.010468	0.000643	0.000643	0.000643	0.000643	0.000643	0.000643	0.000643	0.000643	0.000643	0.000643	0.942084	
0.000651	0.001260	0.000651	0.000651	0.000651	0.000651	0.000651	0.000651	0.000651	0.000651	0.000651	0.000651	0.000651	0.001046	0.000651	0.000651	0.000651	0.000651	0.000651	0.000651	0.000651	0.000651	0.000651	0.000651	0.000651	0.000651	0.000651	0.000651	0.000651	0.002354	0.000651	0.000651	0.002749	0.001503	0.000956	0.000651	0.000651	0.003676	0.005599	0.000651	0.000651	0.000651	0.000651	0.000651	0.000651	0.000651	0.000651	0.000651	0.000651	0.954145	
0.000669	0.001563	0.000669	0.000669	0.000669	0.000669	0.000669	0.000669	0.000669	0.000669	0.000669	0.000669	0.000669	0.000873	0.000669	0.000669	0.000669	0.000669	0.000669	0.000669	0.000669	0.000669	0.000669	0.000669	0.000669	0.000669	0.000669	0.000669	0.000669	0.002727	0.000669	0.000669	0.002930	0.001698	0.001116	0.000669	0.000669	0.001505	0.004699	0.000669	0.000669	0.000669	0.000669	0.000669	0.000669	0.000669	0.000669	0.000669	0.000669	0.955441	
0.000600	0.004579	0.000600	0.000600	0.000600	0.000600	0.000600	0.000600	0.000600	0.000600	0.000600	0.000600	0.000600	0.000722	0.000600	0.000600	0.000600	0.000600	0.000600	0.000600	0.000600	0.000600	0.000600	0.000600	0.000600	0.000600	0.000600	0.000600	0.000600	0.001338	0.000600	0.000600	0.001459	0.000969	0.002589	0.000600	0.000600	0.010628	0.006082	0.000600	0.000600	0.000600	0.000600	0.000600	0.000600	0.000600	0.000600	0.000600	0.000600	0.947031	
0.000603	0.005217	0.000603	0.000603	0.000603	0.000603	0.000603	0.000603	0.000603	0.000603	0.000603	0.000603	0.000603	0.001264	0.000603	0.000603	0.000603	0.000603	0.000603	0.000603	0.000603	0.000603	0.000603	0.000603	0.000603	0.000603	0.000603	0.000603	0.000603	0.003051	0.000603	0.000603	0.003712	0.001827	0.002910	0.000603	0.000603	0.003953	0.007599	0.000603	0.000603	0.000603	0.000603	0.000603	0.000603	0.000603	0.000603	0.000603	0.000603	0.945753	
0.000602	0.002185	0.000602	0.000602	0.000602	0.000602	0.000602	0.000602	0.000602	0.000602	0.000602	0.000602	0.000602	0.001185	0.000602	0.000602	0.000602	0.000602	0.000602	0.000602	0.000602	0.000602	0.000602	0.000602	0.000602	0.000602	0.000602	0.000602	0.000602	0.001686	0.000602	0.000602	0.002269	0.001144	0.001394	0.000602	0.000602	0.011800	0.008456	0.000602	0.000602	0.000602	0.000602	0.000602	0.000602	0.000602	0.000602	0.000602	0.000602	0.945180	
