47
47
47
47
47
47
47
17
17
17
17
26
26
26
26
26
26
26
26
26
26
26
26
26
26
26
26
26
26
26
26
26
43
43
43
43
43
43
43
43
43
43
43
43
20
20
20
20
20
20
20
11
11
11
11
11
11
11
11
11
11
11
11
11
11
11
11
11
20
20
20
20
20
20
20
20
20
20
11
11
11
11
11
17
17
17
17
17
16
16
16
16
16
16
16
16
16
16
16
16
16
16
16
16
24
24
24
24
24
24
24
24
24
24
24
24
24
26
26
26
26
26
46
46
46
46
46
16
16
16
16
16
16
16
16
16
16
16
32
32
32
32
32
32
32
32
32
32
32
32
32
32
32
32
32
32
32
11
11
11
11
11
11
11
11
11
11
11
11
11
11
11
21
21
21
21
21
