0.000726	0.001363	0.000726	0.000726	0.000726	0.000726	0.000726	0.000726	0.000726	0.000726	0.000726	0.000726	0.000726	0.001072	0.000726	0.000726	0.000726	0.000726	0.000726	0.000726	0.000726	0.000726	0.000726	0.000726	0.000726	0.000726	0.000726	0.000726	0.000726	0.001247	0.000726	0.000726	0.001508	0.004678	0.001803	0.000726	0.000726	0.002457	0.009262	0.000726	0.000726	0.000726	0.000726	0.000726	0.000726	0.000726	0.000726	0.000726	0.000726	0.946836	
0.000711	0.002059	0.000711	0.000711	0.000711	0.000711	0.000711	0.000711	0.000711	0.000711	0.000711	0.000711	0.000711	0.001400	0.000711	0.000711	0.000711	0.000711	0.000711	0.000711	0.000711	0.000711	0.000711	0.000711	0.000711	0.000711	0.000711	0.000711	0.000711	0.001369	0.000711	0.000711	0.001697	0.004465	0.000892	0.000711	0.000711	0.004154	0.009284	0.000711	0.000711	0.000711	0.000711	0.000711	0.000711	0.000711	0.000711	0.000711	0.000711	0.945514	
0.000752	0.001087	0.000752	0.000752	0.000752	0.000752	0.000752	0.000752	0.000752	0.000752	0.000752	0.000752	0.000752	0.000974	0.000752	0.000752	0.000752	0.000752	0.000752	0.000752	0.000752	0.000752	0.000752	0.000752	0.000752	0.000752	0.000752	0.000752	0.000752	0.001965	0.000752	0.000752	0.002571	0.006351	0.000950	0.000752	0.000752	0.001861	0.004605	0.000752	0.000752	0.000752	0.000752	0.000752	0.000752	0.000752	0.000752	0.000752	0.000752	0.948792	
0.000643	0.002015	0.000643	0.000643	0.000643	0.000643	0.000643	0.000643	0.000643	0.000643	0.000643	0.000643	0.000643	0.004006	0.000643	0.000643	0.000643	0.000643	0.000643	0.000643	0.000643	0.000643	0.000643	0.000643	0.000643	0.000643	0.000643	0.000643	0.000643	0.001093	0.000643	0.000643	0.001318	0.000835	0.000775	0.000643	0.000643	0.017461	0.010539	0.000643	0.000643	0.000643	0.000643	0.000643	0.000643	0.000643	0.000643	0.000643	0.000643	0.935599	
0.000620	0.001109	0.000620	0.000620	0.000620	0.000620	0.000620	0.000620	0.000620	0.000620	0.000620	0.000620	0.000620	0.004534	0.000620	0.000620	0.000620	0.000620	0.000620	0.000620	0.000620	0.000620	0.000620	0.000620	0.000620	0.000620	0.000620	0.000620	0.000620	0.001199	0.000620	0.000620	0.001488	0.001144	0.000782	0.000620	0.000620	0.020193	0.001915	0.000620	0.000620	0.000620	0.000620	0.000620	0.000620	0.000620	0.000620	0.000620	0.000620	0.942221	
0.000594	0.000871	0.000594	0.000594	0.000594	0.000594	0.000594	0.000594	0.000594	0.000594	0.000594	0.000594	0.000594	0.003438	0.000594	0.000594	0.000594	0.000594	0.000594	0.000594	0.000594	0.000594	0.000594	0.000594	0.000594	0.000594	0.000594	0.000594	0.000594	0.001009	0.000594	0.000594	0.001217	0.001049	0.000823	0.000594	0.000594	0.014811	0.004415	0.000594	0.000594	0.000594	0.000594	0.000594	0.000594	0.000594	0.000594	0.000594	0.000594	0.948003	
0.000654	0.000957	0.000654	0.000654	0.000654	0.000654	0.000654	0.000654	0.000654	0.000654	0.000654	0.000654	0.000654	0.004982	0.000654	0.000654	0.000654	0.000654	0.000654	0.000654	0.000654	0.000654	0.000654	0.000654	0.000654	0.000654	0.000654	0.000654	0.000654	0.000931	0.000654	0.000654	0.001069	0.000975	0.001637	0.000654	0.000654	0.022297	0.004150	0.000654	0.000654	0.000654	0.000654	0.000654	0.000654	0.000654	0.000654	0.000654	0.000654	0.936194	
0.000619	0.003223	0.000619	0.000619	0.000619	0.000619	0.000619	0.000619	0.000619	0.000619	0.000619	0.000619	0.000619	0.000808	0.000619	0.000619	0.000619	0.000619	0.000619	0.000619	0.000619	0.000619	0.000619	0.000619	0.000619	0.000619	0.000619	0.000619	0.000619	0.002165	0.000619	0.000619	0.002939	0.001113	0.001706	0.000619	0.000619	0.001564	0.011495	0.000619	0.000619	0.000619	0.000619	0.000619	0.000619	0.000619	0.000619	0.000619	0.000619	0.949613	
0.000640	0.002143	0.000640	0.000640	0.000640	0.000640	0.000640	0.000640	0.000640	0.000640	0.000640	0.000640	0.000640	0.000926	0.000640	0.000640	0.000640	0.000640	0.000640	0.000640	0.000640	0.000640	0.000640	0.000640	0.000640	0.000640	0.000640	0.000640	0.000640	0.001027	0.000640	0.000640	0.001221	0.000815	0.001332	0.000640	0.000640	0.002072	0.024087	0.000640	0.000640	0.000640	0.000640	0.000640	0.000640	0.000640	0.000640	0.000640	0.000640	0.940141	
0.000637	0.005228	0.000637	0.000637	0.000637	0.000637	0.000637	0.000637	0.000637	0.000637	0.000637	0.000637	0.000637	0.000942	0.000637	0.000637	0.000637	0.000637	0.000637	0.000637	0.000637	0.000637	0.000637	0.000637	0.000637	0.000637	0.000637	0.000637	0.000637	0.001272	0.000637	0.000637	0.001590	0.000930	0.003503	0.000637	0.000637	0.002159	0.006920	0.000637	0.000637	0.000637	0.000637	0.000637	0.000637	0.000637	0.000637	0.000637	0.000637	0.951333	
0.000617	0.004794	0.000617	0.000617	0.000617	0.000617	0.000617	0.000617	0.000617	0.000617	0.000617	0.000617	0.000617	0.000757	0.000617	0.000617	0.000617	0.000617	0.000617	0.000617	0.000617	0.000617	0.000617	0.000617	0.000617	0.000617	0.000617	0.000617	0.000617	0.001027	0.000617	0.000617	0.001231	0.000806	0.003519	0.000617	0.000617	0.001317	0.006396	0.000617	0.000617	0.000617	0.000617	0.000617	0.000617	0.000617	0.000617	0.000617	0.000617	0.954839	
0.000635	0.003759	0.000635	0.000635	0.000635	0.000635	0.000635	0.000635	0.000635	0.000635	0.000635	0.000635	0.000635	0.001756	0.000635	0.000635	0.000635	0.000635	0.000635	0.000635	0.000635	0.000635	0.000635	0.000635	0.000635	0.000635	0.000635	0.000635	0.000635	0.000957	0.000635	0.000635	0.001118	0.000813	0.002850	0.000635	0.000635	0.006240	0.009282	0.000635	0.000635	0.000635	0.000635	0.000635	0.000635	0.000635	0.000635	0.000635	0.000635	0.947185	
0.000596	0.008989	0.000596	0.000596	0.000596	0.000596	0.000596	0.000596	0.000596	0.000596	0.000596	0.000596	0.000596	0.000855	0.000596	0.000596	0.000596	0.000596	0.000596	0.000596	0.000596	0.000596	0.000596	0.000596	0.000596	0.000596	0.000596	0.000596	0.000596	0.000967	0.000596	0.000596	0.001152	0.001002	0.000803	0.000596	0.000596	0.001890	0.007784	0.000596	0.000596	0.000596	0.000596	0.000596	0.000596	0.000596	0.000596	0.000596	0.000596	0.952110	
0.000556	0.006146	0.000556	0.000556	0.000556	0.000556	0.000556	0.000556	0.000556	0.000556	0.000556	0.000556	0.000556	0.000801	0.000556	0.000556	0.000556	0.000556	0.000556	0.000556	0.000556	0.000556	0.000556	0.000556	0.000556	0.000556	0.000556	0.000556	0.000556	0.001029	0.000556	0.000556	0.001266	0.000964	0.000685	0.000556	0.000556	0.001783	0.005033	0.000556	0.000556	0.000556	0.000556	0.000556	0.000556	0.000556	0.000556	0.000556	0.000556	0.959510	
0.000587	0.006499	0.000587	0.000587	0.000587	0.000587	0.000587	0.000587	0.000587	0.000587	0.000587	0.000587	0.000587	0.001062	0.000587	0.000587	0.000587	0.000587	0.000587	0.000587	0.000587	0.000587	0.000587	0.000587	0.000587	0.000587	0.000587	0.000587	0.000587	0.001499	0.000587	0.000587	0.001955	0.001145	0.000780	0.000587	0.000587	0.002964	0.005683	0.000587	0.000587	0.000587	0.000587	0.000587	0.000587	0.000587	0.000587	0.000587	0.000587	0.954365	
0.000697	0.001335	0.000697	0.000697	0.000697	0.000697	0.000697	0.000697	0.000697	0.000697	0.000697	0.000697	0.000697	0.000872	0.000697	0.000697	0.000697	0.000697	0.000697	0.000697	0.000697	0.000697	0.000697	0.000697	0.000697	0.000697	0.000697	0.000697	0.000697	0.011364	0.000697	0.000697	0.016697	0.001157	0.000814	0.000697	0.000697	0.001570	0.003131	0.000697	0.000697	0.000697	0.000697	0.000697	0.000697	0.000697	0.000697	0.000697	0.000697	0.934478	
0.000700	0.001064	0.000700	0.000700	0.000700	0.000700	0.000700	0.000700	0.000700	0.000700	0.000700	0.000700	0.000700	0.000875	0.000700	0.000700	0.000700	0.000700	0.000700	0.000700	0.000700	0.000700	0.000700	0.000700	0.000700	0.000700	0.000700	0.000700	0.000700	0.011255	0.000700	0.000700	0.016532	0.001275	0.000883	0.000700	0.000700	0.001576	0.003267	0.000700	0.000700	0.000700	0.000700	0.000700	0.000700	0.000700	0.000700	0.000700	0.000700	0.934556	
0.000701	0.000981	0.000701	0.000701	0.000701	0.000701	0.000701	0.000701	0.000701	0.000701	0.000701	0.000701	0.000701	0.000970	0.000701	0.000701	0.000701	0.000701	0.000701	0.000701	0.000701	0.000701	0.000701	0.000701	0.000701	0.000701	0.000701	0.000701	0.000701	0.010161	0.000701	0.000701	0.014890	0.001161	0.001585	0.000701	0.000701	0.002045	0.004021	0.000701	0.000701	0.000701	0.000701	0.000701	0.000701	0.000701	0.000701	0.000701	0.000701	0.935431	
0.000682	0.000991	0.000682	0.000682	0.000682	0.000682	0.000682	0.000682	0.000682	0.000682	0.000682	0.000682	0.000682	0.001393	0.000682	0.000682	0.000682	0.000682	0.000682	0.000682	0.000682	0.000682	0.000682	0.000682	0.000682	0.000682	0.000682	0.000682	0.000682	0.002976	0.000682	0.000682	0.004122	0.001010	0.003012	0.000682	0.000682	0.004237	0.015445	0.000682	0.000682	0.000682	0.000682	0.000682	0.000682	0.000682	0.000682	0.000682	0.000682	0.938833	
0.000518	0.000934	0.000518	0.000518	0.000518	0.000518	0.000518	0.000518	0.000518	0.000518	0.000518	0.000518	0.000518	0.000864	0.000518	0.000518	0.000518	0.000518	0.000518	0.000518	0.000518	0.000518	0.000518	0.000518	0.000518	0.000518	0.000518	0.000518	0.000518	0.001485	0.000518	0.000518	0.001968	0.000824	0.000667	0.000518	0.000518	0.002245	0.004641	0.000518	0.000518	0.000518	0.000518	0.000518	0.000518	0.000518	0.000518	0.000518	0.000518	0.965125	
0.000596	0.000984	0.000596	0.000596	0.000596	0.000596	0.000596	0.000596	0.000596	0.000596	0.000596	0.000596	0.000596	0.001097	0.000596	0.000596	0.000596	0.000596	0.000596	0.000596	0.000596	0.000596	0.000596	0.000596	0.000596	0.000596	0.000596	0.000596	0.000596	0.003073	0.000596	0.000596	0.004312	0.000883	0.002141	0.000596	0.000596	0.003103	0.005410	0.000596	0.000596	0.000596	0.000596	0.000596	0.000596	0.000596	0.000596	0.000596	0.000596	0.954566	
0.000591	0.001068	0.000591	0.000591	0.000591	0.000591	0.000591	0.000591	0.000591	0.000591	0.000591	0.000591	0.000591	0.001021	0.000591	0.000591	0.000591	0.000591	0.000591	0.000591	0.000591	0.000591	0.000591	0.000591	0.000591	0.000591	0.000591	0.000591	0.000591	0.001119	0.000591	0.000591	0.001383	0.000767	0.001401	0.000591	0.000591	0.002739	0.015580	0.000591	0.000591	0.000591	0.000591	0.000591	0.000591	0.000591	0.000591	0.000591	0.000591	0.950677	
0.000523	0.000995	0.000523	0.000523	0.000523	0.000523	0.000523	0.000523	0.000523	0.000523	0.000523	0.000523	0.000523	0.000932	0.000523	0.000523	0.000523	0.000523	0.000523	0.000523	0.000523	0.000523	0.000523	0.000523	0.000523	0.000523	0.000523	0.000523	0.000523	0.001597	0.000523	0.000523	0.002134	0.001058	0.000737	0.000523	0.000523	0.002571	0.002575	0.000523	0.000523	0.000523	0.000523	0.000523	0.000523	0.000523	0.000523	0.000523	0.000523	0.965973	
0.000636	0.001054	0.000636	0.000636	0.000636	0.000636	0.000636	0.000636	0.000636	0.000636	0.000636	0.000636	0.000636	0.001157	0.000636	0.000636	0.000636	0.000636	0.000636	0.000636	0.000636	0.000636	0.000636	0.000636	0.000636	0.000636	0.000636	0.000636	0.000636	0.001160	0.000636	0.000636	0.001421	0.000772	0.002094	0.000636	0.000636	0.003239	0.019824	0.000636	0.000636	0.000636	0.000636	0.000636	0.000636	0.000636	0.000636	0.000636	0.000636	0.943210	
