18
18
18
18
18
18
18
18
18
18
18
18
18
18
18
18
18
18
18
18
18
18
18
18
18
18
18
18
18
28
28
28
28
28
28
28
28
28
28
28
28
28
28
28
28
28
28
38
38
38
38
38
38
38
38
38
38
38
38
38
38
38
38
38
38
38
38
38
38
38
7
7
7
7
7
7
7
7
7
7
7
36
36
36
36
36
36
36
36
36
36
36
36
36
36
36
27
27
27
27
27
27
27
27
27
27
27
27
27
27
27
27
38
38
38
38
38
38
38
38
38
38
38
38
38
38
38
38
38
38
38
38
27
27
27
27
27
27
27
27
27
27
27
27
27
27
27
27
27
27
27
7
7
7
7
7
7
7
7
36
36
36
36
36
36
36
36
36
36
36
36
36
36
36
36
36
36
36
36
36
