0.001922	0.001875	0.001257	0.158610	0.055483	0.004129	0.001814	0.001830	0.017099	0.094574	0.003256	0.016898	0.000959	0.003955	0.009901	0.003833	0.026690	0.006660	0.011901	0.005224	0.112930	0.058340	0.002065	0.010176	0.007481	0.048545	0.006661	0.002896	0.001376	0.022209	0.010829	0.028297	0.015100	0.001259	0.018307	0.042497	0.000165	0.001649	0.003723	0.002964	0.013902	0.004343	0.002065	0.000880	0.004673	0.081524	0.001305	0.031172	0.020822	0.013976	
0.005694	0.001084	0.004781	0.095251	0.042339	0.024082	0.001199	0.001243	0.010895	0.056829	0.006057	0.009735	0.003519	0.002254	0.037075	0.039372	0.016206	0.005133	0.014792	0.004032	0.080806	0.034739	0.001188	0.055895	0.004136	0.029191	0.003754	0.011723	0.013099	0.013900	0.025442	0.016371	0.034309	0.000992	0.011042	0.025561	0.000153	0.001095	0.037521	0.007182	0.023951	0.002804	0.001188	0.000606	0.003013	0.048636	0.000774	0.018831	0.023737	0.086791	
0.001880	0.002152	0.001253	0.155554	0.057220	0.010165	0.001895	0.002091	0.017939	0.092730	0.003408	0.018079	0.000956	0.001168	0.014933	0.015316	0.009636	0.004375	0.013442	0.003444	0.093488	0.058594	0.002373	0.016623	0.008671	0.047611	0.001887	0.002888	0.005165	0.020959	0.007429	0.030148	0.015484	0.000872	0.017956	0.041680	0.000163	0.001721	0.014625	0.004898	0.010406	0.004549	0.002373	0.000913	0.004896	0.074531	0.001489	0.030709	0.011097	0.038166	
0.028785	0.001072	0.025115	0.006659	0.003030	0.002569	0.001014	0.002155	0.009113	0.004078	0.002657	0.004989	0.018304	0.001744	0.005433	0.002821	0.013921	0.005499	0.056397	0.004314	0.102422	0.006831	0.001175	0.183281	0.004123	0.002131	0.002890	0.062576	0.001025	0.004318	0.121215	0.009656	0.161079	0.001043	0.000887	0.001882	0.000141	0.000927	0.002747	0.001750	0.095729	0.002355	0.001175	0.000519	0.002529	0.006384	0.000761	0.002384	0.010332	0.006063	
0.012161	0.006400	0.009446	0.008198	0.008621	0.016983	0.005278	0.006475	0.052846	0.005102	0.008930	0.030809	0.006910	0.001734	0.023868	0.023669	0.023715	0.015586	0.053921	0.012173	0.047582	0.033167	0.007095	0.081037	0.026903	0.002604	0.002869	0.023398	0.007910	0.014588	0.049767	0.058104	0.083642	0.002746	0.001067	0.002297	0.000145	0.004765	0.022690	0.011345	0.056267	0.013149	0.007095	0.002369	0.014176	0.007072	0.004315	0.007780	0.020991	0.050241	
0.015048	0.001924	0.012780	0.007199	0.011047	0.022285	0.001534	0.002400	0.014423	0.004512	0.010258	0.009129	0.009333	0.004330	0.037729	0.035083	0.038055	0.016110	0.035885	0.012581	0.075483	0.010965	0.002122	0.111720	0.007762	0.002297	0.007321	0.031734	0.011677	0.009549	0.068268	0.018837	0.086224	0.002832	0.000951	0.002028	0.000143	0.001395	0.033555	0.007405	0.068742	0.003667	0.002122	0.000746	0.003945	0.011803	0.001330	0.003105	0.036264	0.074363	
0.017429	0.005572	0.014197	0.008217	0.003882	0.005468	0.004350	0.005909	0.043309	0.005119	0.007206	0.026802	0.010365	0.003218	0.009771	0.004115	0.032014	0.015999	0.059031	0.012495	0.073918	0.028881	0.006174	0.104572	0.023357	0.002610	0.005412	0.035274	0.001456	0.013512	0.073815	0.050893	0.108887	0.002816	0.001070	0.002302	0.000146	0.003930	0.004089	0.007326	0.073523	0.010796	0.006174	0.001968	0.011637	0.010049	0.003763	0.006670	0.021660	0.008854	
0.002369	0.000796	0.001312	0.008796	0.008870	0.019743	0.001108	0.000813	0.009984	0.005629	0.015682	0.003735	0.000995	0.021277	0.056761	0.023842	0.143337	0.031576	0.006116	0.024630	0.143947	0.006434	0.000868	0.021942	0.002914	0.002790	0.036367	0.003055	0.007971	0.016071	0.035039	0.011444	0.012132	0.005443	0.001140	0.002460	0.000150	0.001012	0.023022	0.004646	0.052183	0.002577	0.000868	0.000565	0.002768	0.046429	0.000581	0.002883	0.114302	0.050623	
0.004252	0.001506	0.002613	0.005595	0.003070	0.010420	0.001541	0.001543	0.014430	0.003572	0.007771	0.006995	0.001941	0.028182	0.050296	0.004476	0.166064	0.017254	0.012722	0.013473	0.190998	0.008744	0.001657	0.020502	0.005951	0.001812	0.048205	0.006308	0.001578	0.010702	0.044328	0.015169	0.022418	0.003030	0.000773	0.001605	0.000150	0.001402	0.004446	0.002623	0.034877	0.003673	0.001657	0.000753	0.003952	0.058750	0.001054	0.002817	0.132838	0.009514	
0.002470	0.002549	0.001639	0.006791	0.003750	0.004796	0.001664	0.002484	0.015583	0.005273	0.047270	0.012056	0.001236	0.002904	0.018450	0.005565	0.123062	0.110798	0.016449	0.086341	0.026476	0.013421	0.002814	0.013953	0.010375	0.002186	0.004863	0.003856	0.001945	0.048490	0.039005	0.039094	0.016793	0.018795	0.000921	0.001933	0.000162	0.001513	0.006468	0.003657	0.174200	0.003967	0.002814	0.000812	0.004267	0.008733	0.001753	0.003179	0.060569	0.011852	
0.002453	0.000935	0.001805	0.005005	0.003490	0.008593	0.005191	0.000966	0.051857	0.003950	0.037105	0.004184	0.001355	0.007140	0.024447	0.007033	0.121682	0.086325	0.007864	0.067277	0.053252	0.009872	0.001021	0.016028	0.003492	0.001636	0.012129	0.004280	0.002425	0.043348	0.037617	0.020978	0.035181	0.014668	0.000710	0.001451	0.000155	0.004687	0.007606	0.004617	0.137453	0.012912	0.001021	0.002337	0.013920	0.016384	0.000675	0.007086	0.069508	0.014897	
0.005161	0.001826	0.004137	0.008442	0.009448	0.016817	0.000958	0.001914	0.008400	0.005907	0.035444	0.008675	0.003051	0.003208	0.034036	0.026713	0.092454	0.077843	0.017585	0.060670	0.038219	0.010329	0.002012	0.044072	0.007304	0.002685	0.005389	0.010111	0.008922	0.034167	0.042477	0.027724	0.029070	0.013239	0.001104	0.002369	0.000155	0.000878	0.026241	0.005777	0.132670	0.002189	0.002012	0.000503	0.002350	0.010120	0.001269	0.002637	0.054637	0.056681	
0.001697	0.001185	0.000925	0.048946	0.029111	0.033016	0.001159	0.001162	0.010520	0.029270	0.007669	0.007762	0.000713	0.012345	0.062733	0.050411	0.071191	0.006420	0.007491	0.005034	0.106947	0.020632	0.001300	0.034097	0.004579	0.015049	0.021057	0.002089	0.016740	0.009788	0.017665	0.013955	0.009968	0.001205	0.005736	0.013186	0.000149	0.001058	0.048037	0.008847	0.012437	0.002708	0.001300	0.000587	0.002910	0.047264	0.000839	0.010301	0.072418	0.108391	
0.001904	0.001061	0.001220	0.010804	0.022643	0.048143	0.001004	0.001059	0.008989	0.006621	0.012891	0.005149	0.000926	0.009462	0.081719	0.077755	0.061856	0.012523	0.007445	0.009786	0.069238	0.008064	0.001163	0.051680	0.004069	0.003398	0.016119	0.002836	0.025762	0.007904	0.017812	0.010968	0.011121	0.002228	0.001363	0.002991	0.000143	0.000918	0.074117	0.012648	0.022809	0.002325	0.001163	0.000516	0.002498	0.023746	0.000755	0.003130	0.070741	0.164816	
0.002605	0.003403	0.001631	0.012801	0.027367	0.055954	0.001247	0.003290	0.011497	0.007750	0.012119	0.016583	0.001225	0.001417	0.082368	0.094394	0.013501	0.006855	0.021310	0.005371	0.020342	0.018438	0.003766	0.064052	0.014095	0.004007	0.002328	0.003866	0.031254	0.005845	0.010227	0.030800	0.014907	0.001272	0.001591	0.003524	0.000141	0.001137	0.089889	0.017031	0.015604	0.002943	0.003766	0.000621	0.003165	0.008587	0.002316	0.003788	0.037899	0.200110	
0.001456	0.000938	0.001099	0.054133	0.020237	0.015761	0.021828	0.000937	0.222826	0.032328	0.002400	0.006893	0.000837	0.001462	0.007994	0.006530	0.011003	0.004036	0.006554	0.003174	0.040869	0.041975	0.001027	0.010734	0.003563	0.016625	0.002408	0.002542	0.002248	0.037922	0.007036	0.011904	0.112455	0.000794	0.006320	0.014564	0.000137	0.019659	0.006261	0.013982	0.009455	0.055086	0.001027	0.009537	0.059425	0.027930	0.000671	0.036058	0.009632	0.015729	
0.001670	0.000852	0.001300	0.016928	0.009043	0.021744	0.025855	0.000865	0.264240	0.010173	0.003012	0.004517	0.000981	0.001541	0.013659	0.013076	0.011423	0.003991	0.006534	0.003137	0.022281	0.034040	0.000932	0.015931	0.003218	0.005259	0.002550	0.003055	0.004403	0.039575	0.008090	0.008359	0.133523	0.000780	0.002053	0.004618	0.000130	0.023282	0.012488	0.017154	0.010119	0.065300	0.000932	0.011277	0.070445	0.010776	0.000611	0.034077	0.012030	0.028172	
0.002684	0.001061	0.002163	0.008814	0.003844	0.017299	0.028555	0.001102	0.291982	0.005352	0.002522	0.005102	0.001608	0.001138	0.004720	0.003144	0.010389	0.005119	0.009476	0.004016	0.018443	0.035059	0.001165	0.016629	0.004120	0.002780	0.001859	0.005216	0.001123	0.042940	0.012073	0.009771	0.152189	0.000968	0.001122	0.002449	0.000128	0.025712	0.003051	0.017402	0.014870	0.072144	0.001165	0.012446	0.077829	0.006193	0.000750	0.035832	0.007640	0.006844	
0.007778	0.000929	0.006282	0.007732	0.003638	0.012052	0.012128	0.001164	0.123225	0.004752	0.004187	0.004360	0.004607	0.013666	0.025715	0.003807	0.080702	0.008907	0.017090	0.006969	0.112448	0.017706	0.001016	0.046881	0.003516	0.002457	0.023327	0.015497	0.001350	0.021818	0.045013	0.009032	0.097418	0.001616	0.001009	0.002168	0.000139	0.010929	0.003721	0.008081	0.035023	0.030511	0.001016	0.005334	0.032909	0.030727	0.000665	0.015917	0.064873	0.008192	
0.004624	0.013737	0.001380	0.022616	0.009149	0.008376	0.009062	0.013038	0.091624	0.013663	0.006073	0.067013	0.001045	0.001745	0.008250	0.005428	0.021200	0.012996	0.078136	0.010157	0.026690	0.071187	0.015247	0.012055	0.058265	0.007011	0.002882	0.003222	0.001894	0.020356	0.010930	0.123140	0.051512	0.002315	0.002724	0.006154	0.000152	0.008171	0.005308	0.016535	0.024055	0.022723	0.015247	0.004013	0.024505	0.013797	0.009209	0.014959	0.014252	0.012177	
0.005859	0.004117	0.004044	0.016601	0.010765	0.018714	0.007342	0.004073	0.074040	0.010025	0.005399	0.020224	0.002980	0.011374	0.036134	0.020613	0.067500	0.007906	0.030189	0.006190	0.094552	0.028603	0.004558	0.040028	0.017138	0.005169	0.019395	0.009893	0.006901	0.015567	0.031849	0.037495	0.059872	0.001452	0.002029	0.004541	0.000144	0.006622	0.019701	0.010294	0.025638	0.018378	0.004558	0.003263	0.019818	0.030267	0.002793	0.011796	0.059503	0.044093	
0.013465	0.015937	0.008708	0.010012	0.004280	0.003261	0.001562	0.015449	0.014607	0.006069	0.002249	0.076963	0.006375	0.002482	0.006827	0.003200	0.016720	0.004427	0.105331	0.003483	0.050625	0.068654	0.017691	0.064078	0.067668	0.003164	0.004144	0.021539	0.001160	0.005016	0.044042	0.140116	0.060707	0.000874	0.001283	0.002788	0.000155	0.001421	0.003098	0.013671	0.036614	0.003721	0.017691	0.000765	0.004002	0.009399	0.010676	0.003650	0.013205	0.006977	
0.004602	0.011804	0.001750	0.008836	0.012034	0.024769	0.005689	0.011229	0.057025	0.005438	0.008369	0.056947	0.001313	0.001358	0.034001	0.036822	0.017419	0.011217	0.068176	0.008770	0.018199	0.055676	0.013099	0.032446	0.050008	0.002801	0.002222	0.004152	0.012254	0.013420	0.011841	0.104867	0.037339	0.002013	0.001143	0.002470	0.000149	0.005135	0.035158	0.017694	0.022647	0.014183	0.013099	0.002549	0.015291	0.006612	0.007919	0.008388	0.021558	0.078099	
0.009168	0.014112	0.005237	0.008859	0.003877	0.006011	0.006051	0.013568	0.060719	0.005417	0.003674	0.068095	0.003850	0.003959	0.009471	0.003176	0.027921	0.007820	0.088113	0.006125	0.047176	0.065396	0.015664	0.038836	0.059873	0.002810	0.006679	0.012864	0.001150	0.012625	0.030016	0.124573	0.060956	0.001443	0.001149	0.002478	0.000152	0.005461	0.003110	0.014793	0.029653	0.015097	0.015664	0.002708	0.016277	0.011822	0.009459	0.008826	0.021183	0.006884	
