0.054558	0.004909	0.003043	0.004760	0.006187	0.008301	0.004566	0.036946	0.057278	0.025514	0.001691	0.082896	0.000135	0.024866	0.007240	0.010182	0.003389	0.068961	0.010990	0.007789	0.002997	0.000867	0.000135	0.000135	0.001356	0.001762	0.020860	0.003389	0.000135	0.001658	0.002820	0.003181	0.001134	0.069760	0.003131	0.021105	0.017138	0.112096	0.000135	0.060471	0.004566	0.000135	0.123788	0.001467	0.012436	0.003096	0.004213	0.012457	0.086243	0.003131	
0.041361	0.013471	0.007518	0.007034	0.014042	0.023485	0.011382	0.018893	0.030321	0.012424	0.002460	0.072741	0.000141	0.021647	0.010732	0.008878	0.008396	0.026807	0.017870	0.013739	0.007425	0.001205	0.000141	0.000141	0.001915	0.002506	0.020952	0.004870	0.000141	0.004005	0.004042	0.007870	0.003102	0.064971	0.009024	0.074940	0.014926	0.111823	0.000141	0.047938	0.011382	0.000141	0.107668	0.003833	0.003756	0.006312	0.006220	0.031405	0.074833	0.009024	
0.050604	0.012462	0.001605	0.007062	0.011066	0.012714	0.002374	0.015457	0.031928	0.007591	0.002466	0.092764	0.000136	0.027625	0.010777	0.011304	0.001780	0.021408	0.018215	0.010767	0.007094	0.001428	0.000136	0.000136	0.002290	0.003008	0.012097	0.005880	0.000136	0.000905	0.004875	0.001675	0.001729	0.080488	0.004916	0.064188	0.019035	0.134902	0.000136	0.042248	0.002374	0.000136	0.137582	0.003283	0.002698	0.003443	0.006244	0.006360	0.095557	0.004916	
0.004275	0.058821	0.001484	0.002906	0.033464	0.057824	0.002171	0.041643	0.008216	0.005827	0.001092	0.006701	0.000173	0.001443	0.004372	0.000689	0.001640	0.013830	0.020085	0.008650	0.029577	0.001188	0.000173	0.000173	0.001865	0.002429	0.043167	0.004686	0.000173	0.000859	0.003896	0.001546	0.007508	0.032433	0.022179	0.389982	0.001046	0.104352	0.000173	0.008182	0.002171	0.000173	0.006523	0.018967	0.002204	0.003946	0.002583	0.005730	0.004632	0.022179	
0.006915	0.027149	0.002381	0.008475	0.076294	0.105040	0.003554	0.036520	0.018217	0.019997	0.002945	0.015836	0.000142	0.001581	0.012944	0.000726	0.002648	0.033750	0.106319	0.077450	0.020773	0.010444	0.000142	0.000142	0.017312	0.023035	0.079516	0.045929	0.000142	0.001315	0.037916	0.002488	0.013486	0.005378	0.040174	0.016758	0.001131	0.010555	0.000142	0.015181	0.003554	0.000142	0.007337	0.001062	0.004777	0.019736	0.007490	0.009633	0.005256	0.040174	
0.015618	0.029999	0.002557	0.013058	0.045584	0.052725	0.003820	0.050541	0.038067	0.027481	0.004491	0.019000	0.000148	0.003695	0.019983	0.001589	0.002844	0.067909	0.070903	0.049150	0.019373	0.006572	0.000148	0.000148	0.010855	0.014424	0.049558	0.028699	0.000148	0.001410	0.023703	0.002672	0.006810	0.017373	0.020134	0.100715	0.002586	0.040907	0.000148	0.029025	0.003820	0.000148	0.017882	0.005252	0.010373	0.013210	0.011532	0.010359	0.012720	0.020134	
0.004776	0.043711	0.008516	0.005437	0.064679	0.010189	0.012903	0.043362	0.009543	0.022555	0.001922	0.020762	0.000140	0.001478	0.008279	0.000683	0.009513	0.017236	0.130758	0.118076	0.032389	0.015325	0.000140	0.000140	0.025448	0.033884	0.009785	0.067628	0.000140	0.004527	0.055817	0.008915	0.001413	0.007747	0.003958	0.050728	0.001060	0.018718	0.000140	0.021694	0.012903	0.000140	0.006829	0.002628	0.002259	0.031884	0.004811	0.035638	0.004836	0.003958	
0.025166	0.012372	0.003480	0.048894	0.010324	0.010619	0.005226	0.057694	0.076923	0.042241	0.016544	0.018083	0.000148	0.005080	0.075040	0.002151	0.003877	0.150422	0.051194	0.012466	0.007078	0.001470	0.000148	0.000148	0.002352	0.003087	0.029605	0.006027	0.000148	0.001893	0.004998	0.003639	0.001420	0.018423	0.003966	0.062994	0.003539	0.037331	0.000148	0.047901	0.005226	0.000148	0.024809	0.003646	0.018285	0.004526	0.043133	0.014271	0.017734	0.003966	
0.026187	0.016111	0.001938	0.031055	0.013113	0.023387	0.002874	0.082726	0.091751	0.054608	0.010547	0.005110	0.000153	0.001320	0.047630	0.000627	0.002151	0.173919	0.034118	0.006925	0.008482	0.000885	0.000153	0.000153	0.001373	0.001780	0.049034	0.003407	0.000153	0.001088	0.002837	0.002023	0.003022	0.010669	0.008761	0.098672	0.000955	0.030134	0.000153	0.057000	0.002874	0.000153	0.005992	0.005592	0.026870	0.002748	0.027403	0.007720	0.004907	0.008761	
0.015906	0.005516	0.001953	0.090395	0.007756	0.008478	0.002900	0.044946	0.081930	0.040430	0.030503	0.005641	0.000146	0.001425	0.138802	0.000666	0.002168	0.182617	0.082045	0.009894	0.003590	0.001282	0.000146	0.000146	0.002039	0.002670	0.024297	0.005193	0.000146	0.001092	0.004310	0.002039	0.001157	0.005065	0.003178	0.018566	0.001025	0.010327	0.000146	0.034387	0.002900	0.000146	0.006542	0.001427	0.015162	0.003214	0.079730	0.007805	0.004979	0.003178	
0.011312	0.011364	0.001415	0.095863	0.007509	0.007277	0.002077	0.035672	0.070425	0.032012	0.032344	0.004715	0.000149	0.001188	0.147201	0.000571	0.001565	0.165043	0.084194	0.007539	0.006261	0.001021	0.000149	0.000149	0.001603	0.002087	0.017800	0.004025	0.000149	0.000812	0.003347	0.001475	0.001022	0.007705	0.002768	0.063464	0.000863	0.020663	0.000149	0.024034	0.002077	0.000149	0.005346	0.003466	0.010525	0.002595	0.084552	0.005512	0.004027	0.002768	
0.012195	0.006100	0.002458	0.072033	0.026253	0.064411	0.003669	0.035939	0.064104	0.032116	0.024327	0.004283	0.000148	0.001044	0.110589	0.000512	0.002734	0.143564	0.074603	0.009520	0.003801	0.001178	0.000148	0.000148	0.001865	0.002438	0.059432	0.004727	0.000148	0.001358	0.003926	0.002568	0.008293	0.004452	0.024585	0.024351	0.000764	0.010142	0.000148	0.028180	0.003669	0.000148	0.004630	0.001616	0.011736	0.003323	0.063537	0.009941	0.003562	0.024585	
0.032627	0.012838	0.002039	0.047693	0.008035	0.010147	0.003032	0.018915	0.043943	0.014564	0.016137	0.055762	0.000143	0.016649	0.073197	0.006848	0.002264	0.075696	0.044818	0.006466	0.006824	0.000802	0.000143	0.000143	0.001241	0.001607	0.011950	0.003072	0.000143	0.001136	0.002559	0.002129	0.001404	0.051263	0.003925	0.077246	0.011491	0.090848	0.000143	0.031977	0.003032	0.000143	0.082673	0.003953	0.004063	0.002600	0.042073	0.008178	0.057501	0.003925	
0.023038	0.011090	0.001886	0.031741	0.035480	0.093032	0.002798	0.019627	0.034780	0.013798	0.010774	0.036482	0.000147	0.010843	0.048687	0.004492	0.002094	0.060488	0.043889	0.006347	0.005972	0.000806	0.000147	0.000147	0.001245	0.001611	0.070998	0.003076	0.000147	0.001058	0.002563	0.001969	0.011961	0.034391	0.035590	0.065106	0.007500	0.062722	0.000147	0.025691	0.002798	0.000147	0.053627	0.003390	0.004718	0.002479	0.028007	0.007520	0.037369	0.035590	
0.031036	0.008727	0.001875	0.057204	0.011589	0.016064	0.002784	0.009860	0.040559	0.011379	0.019334	0.057739	0.000139	0.017074	0.087812	0.007019	0.002082	0.073331	0.058392	0.011091	0.005280	0.001447	0.000139	0.000139	0.002318	0.003045	0.012935	0.005950	0.000139	0.001049	0.004933	0.001958	0.002163	0.049545	0.006211	0.038024	0.011782	0.082765	0.000139	0.027136	0.002784	0.000139	0.084815	0.001995	0.001456	0.003536	0.050460	0.007496	0.058918	0.006211	
0.006159	0.003326	0.055495	0.007050	0.005513	0.010334	0.084482	0.007690	0.008222	0.033045	0.002476	0.004485	0.000157	0.001323	0.010748	0.000631	0.062083	0.015832	0.010357	0.046548	0.001993	0.000554	0.000157	0.000157	0.000819	0.001040	0.009117	0.001922	0.000157	0.029144	0.001613	0.058131	0.001449	0.005814	0.004031	0.015551	0.000958	0.009080	0.000157	0.108592	0.084482	0.000157	0.005983	0.000937	0.001641	0.031217	0.006236	0.234685	0.004238	0.004031	
0.014341	0.016342	0.032952	0.004010	0.015848	0.029625	0.050131	0.016371	0.012117	0.022008	0.001452	0.022063	0.000156	0.006406	0.006077	0.002695	0.036857	0.014355	0.014602	0.032096	0.008676	0.000998	0.000156	0.000156	0.001559	0.002026	0.023162	0.003896	0.000156	0.017335	0.003242	0.034514	0.003903	0.025370	0.011396	0.098440	0.004453	0.051996	0.000156	0.073325	0.050131	0.000156	0.031407	0.004931	0.002040	0.019927	0.003554	0.139150	0.021886	0.011396	
0.006319	0.008773	0.050021	0.003605	0.013049	0.010287	0.076141	0.015039	0.009641	0.033364	0.001316	0.005508	0.000156	0.001027	0.005455	0.000510	0.055957	0.017225	0.023045	0.055984	0.006005	0.002426	0.000156	0.000156	0.003939	0.005201	0.010360	0.010246	0.000156	0.026276	0.008480	0.052395	0.001438	0.005370	0.004001	0.022299	0.000754	0.009518	0.000156	0.099967	0.076141	0.000156	0.004511	0.001287	0.002687	0.031570	0.003197	0.211489	0.003244	0.004001	
0.029993	0.005011	0.019539	0.003223	0.009441	0.017909	0.029695	0.086586	0.091054	0.067421	0.001184	0.004242	0.000151	0.001117	0.004870	0.000544	0.021847	0.160687	0.011463	0.021108	0.003090	0.000931	0.000151	0.000151	0.001452	0.001885	0.049708	0.003619	0.000151	0.010307	0.003013	0.020462	0.002311	0.004801	0.006630	0.020922	0.000815	0.009577	0.000151	0.097088	0.029695	0.000151	0.004982	0.001950	0.030582	0.012222	0.002860	0.082320	0.004304	0.006630	
0.004225	0.008925	0.007813	0.008148	0.075979	0.211410	0.011826	0.011416	0.009805	0.009456	0.002843	0.005195	0.000153	0.001313	0.012436	0.000624	0.008725	0.019125	0.044757	0.013531	0.005165	0.001157	0.000153	0.000153	0.001826	0.002383	0.150915	0.004613	0.000153	0.004166	0.003833	0.008178	0.027052	0.006782	0.080850	0.044348	0.000951	0.016344	0.000153	0.019661	0.011826	0.000153	0.005951	0.002327	0.002028	0.006274	0.007203	0.032617	0.004225	0.080850	
0.013287	0.014574	0.004500	0.005917	0.061151	0.139745	0.006778	0.044344	0.038962	0.028501	0.002090	0.007698	0.000150	0.001318	0.009010	0.000624	0.005017	0.069616	0.052110	0.028137	0.009617	0.003500	0.000150	0.000150	0.005734	0.007595	0.113085	0.015041	0.000150	0.002428	0.012435	0.004707	0.017888	0.006746	0.053363	0.044662	0.000953	0.016457	0.000150	0.033485	0.006778	0.000150	0.005989	0.002610	0.012317	0.008631	0.005235	0.018584	0.004521	0.053363	
0.005706	0.037870	0.002430	0.005573	0.067616	0.081321	0.003626	0.037542	0.011968	0.015707	0.001972	0.016057	0.000147	0.001808	0.008482	0.000822	0.002702	0.021123	0.094742	0.071951	0.025472	0.009694	0.000147	0.000147	0.016059	0.021363	0.060662	0.042578	0.000147	0.001343	0.035152	0.002539	0.010476	0.012392	0.031133	0.103563	0.001289	0.033494	0.000147	0.012053	0.003626	0.000147	0.008451	0.005194	0.002990	0.018701	0.004931	0.009822	0.005983	0.031133	
0.006652	0.038671	0.002730	0.004390	0.076795	0.050675	0.004088	0.039833	0.009840	0.019090	0.001568	0.024727	0.000137	0.002753	0.006672	0.001200	0.003039	0.015538	0.134278	0.112389	0.029812	0.015166	0.000137	0.000137	0.025186	0.033535	0.038125	0.066934	0.000137	0.001495	0.055244	0.002853	0.006566	0.008739	0.019426	0.018381	0.001936	0.016041	0.000137	0.012231	0.004088	0.000137	0.013220	0.001067	0.002163	0.028334	0.003888	0.011127	0.009267	0.019426	
0.004802	0.053255	0.001760	0.003981	0.061921	0.011097	0.002605	0.051947	0.012831	0.020370	0.001436	0.017771	0.000146	0.000923	0.006038	0.000462	0.001952	0.023165	0.118921	0.102875	0.036086	0.013981	0.000146	0.000146	0.023205	0.030892	0.012226	0.061637	0.000146	0.000991	0.050876	0.001836	0.001528	0.012574	0.004294	0.139211	0.000680	0.038711	0.000146	0.011159	0.002605	0.000146	0.004034	0.006926	0.003743	0.026072	0.003528	0.006985	0.002938	0.004294	
