0.475971	0.006325	0.026574	0.000701	0.033065	0.027965	0.021984	0.161505	0.033572	0.117050	0.004487	0.010437	0.049610	0.026295	0.004458	
0.521029	0.004561	0.042867	0.001525	0.022229	0.028381	0.034089	0.123724	0.035556	0.099011	0.006353	0.013402	0.037652	0.017010	0.012610	
0.545038	0.004128	0.044808	0.001248	0.017073	0.027756	0.029760	0.124111	0.031314	0.099546	0.005112	0.012355	0.033608	0.014299	0.009844	
0.570602	0.001186	0.042366	0.008693	0.012915	0.021805	0.052585	0.018151	0.038879	0.073251	0.034106	0.010438	0.010161	0.020197	0.084665	
0.276802	0.004927	0.123186	0.000612	0.062590	0.067908	0.189517	0.064531	0.080368	0.038915	0.002768	0.014288	0.050756	0.019519	0.003315	
0.343625	0.001997	0.104939	0.001182	0.027737	0.064276	0.157411	0.025728	0.128238	0.025845	0.006174	0.044132	0.012891	0.046460	0.009366	
0.361823	0.001364	0.143283	0.001044	0.033629	0.068567	0.190092	0.015007	0.092237	0.016897	0.004660	0.021570	0.018606	0.023350	0.007869	
0.398645	0.001691	0.120452	0.001825	0.010860	0.026704	0.045378	0.033254	0.115495	0.035102	0.017461	0.037109	0.036099	0.102794	0.017131	
0.369845	0.002367	0.125397	0.001107	0.017305	0.031617	0.065445	0.028999	0.128952	0.024276	0.012462	0.047128	0.043685	0.091867	0.009549	
0.278984	0.001428	0.138311	0.001515	0.010274	0.024912	0.029746	0.018188	0.170414	0.019970	0.024831	0.051515	0.038420	0.176244	0.015248	
0.221972	0.001333	0.103591	0.001543	0.005155	0.031754	0.021322	0.027657	0.212897	0.029924	0.028015	0.067965	0.017473	0.213406	0.015992	
0.176022	0.002891	0.113760	0.001372	0.026000	0.037962	0.055382	0.037943	0.195402	0.029569	0.025135	0.057435	0.036240	0.191039	0.013848	
0.505528	0.001803	0.165436	0.000767	0.009936	0.013371	0.038795	0.025893	0.064257	0.020253	0.008378	0.024179	0.065713	0.049902	0.005788	
0.400976	0.003126	0.147835	0.000846	0.024528	0.021479	0.050994	0.045072	0.085841	0.030630	0.011649	0.025760	0.067086	0.077254	0.006926	
0.351705	0.005201	0.122169	0.001014	0.040474	0.023331	0.054338	0.070229	0.088300	0.044113	0.011008	0.028308	0.079695	0.071798	0.008316	
0.505613	0.005025	0.057637	0.005413	0.033401	0.010328	0.024878	0.065995	0.041813	0.073374	0.021045	0.020123	0.065456	0.018417	0.051482	
0.537631	0.004278	0.080678	0.005242	0.030191	0.008115	0.026931	0.058690	0.021891	0.068371	0.020653	0.008820	0.067302	0.011365	0.049843	
0.442917	0.006263	0.058294	0.003701	0.043981	0.018804	0.041486	0.090725	0.050975	0.077009	0.014747	0.021718	0.072790	0.022309	0.034282	
0.555916	0.002820	0.025237	0.008942	0.019958	0.012012	0.023813	0.036547	0.040414	0.083150	0.035322	0.015306	0.028198	0.025258	0.087108	
0.221592	0.006153	0.054845	0.000923	0.037537	0.036099	0.052665	0.067799	0.197880	0.041479	0.011848	0.085430	0.055799	0.122460	0.007493	
0.233026	0.006437	0.065899	0.002760	0.045941	0.022810	0.025319	0.082357	0.147629	0.061498	0.023557	0.050164	0.070334	0.135669	0.026600	
0.323304	0.003205	0.038721	0.001590	0.011392	0.048585	0.086335	0.014547	0.224876	0.018529	0.007064	0.112135	0.012322	0.084134	0.013263	
0.414253	0.002412	0.061898	0.000701	0.007857	0.037685	0.036473	0.095646	0.105558	0.078770	0.012315	0.031662	0.011077	0.097925	0.005767	
0.310436	0.002931	0.058434	0.000876	0.011846	0.048907	0.086766	0.020059	0.216032	0.018209	0.006809	0.101812	0.015043	0.095352	0.006488	
