0.000570	0.000950	0.000570	0.000570	0.000570	0.000570	0.000570	0.000570	0.000570	0.000570	0.000570	0.000570	0.000570	0.000803	0.000570	0.000570	0.000570	0.000570	0.000570	0.000570	0.000570	0.000570	0.000570	0.000570	0.000570	0.000570	0.000570	0.000570	0.000570	0.001306	0.000570	0.000570	0.001011	0.000938	0.000803	0.000570	0.000570	0.001377	0.003203	0.000570	0.000570	0.000570	0.000570	0.000570	0.000570	0.000570	0.000570	0.000570	0.000570	0.966237	
0.000590	0.001759	0.000590	0.000590	0.000590	0.000590	0.000590	0.000590	0.000590	0.000590	0.000590	0.000590	0.000590	0.001198	0.000590	0.000590	0.000590	0.000590	0.000590	0.000590	0.000590	0.000590	0.000590	0.000590	0.000590	0.000590	0.000590	0.000590	0.000590	0.002311	0.000590	0.000590	0.002273	0.001451	0.001198	0.000590	0.000590	0.001519	0.006249	0.000590	0.000590	0.000590	0.000590	0.000590	0.000590	0.000590	0.000590	0.000590	0.000590	0.957832	
0.000573	0.001273	0.000573	0.000573	0.000573	0.000573	0.000573	0.000573	0.000573	0.000573	0.000573	0.000573	0.000573	0.000833	0.000573	0.000573	0.000573	0.000573	0.000573	0.000573	0.000573	0.000573	0.000573	0.000573	0.000573	0.000573	0.000573	0.000573	0.000573	0.002142	0.000573	0.000573	0.001893	0.001358	0.000833	0.000573	0.000573	0.001251	0.005879	0.000573	0.000573	0.000573	0.000573	0.000573	0.000573	0.000573	0.000573	0.000573	0.000573	0.961062	
0.000581	0.001669	0.000581	0.000581	0.000581	0.000581	0.000581	0.000581	0.000581	0.000581	0.000581	0.000581	0.000581	0.000764	0.000581	0.000581	0.000581	0.000581	0.000581	0.000581	0.000581	0.000581	0.000581	0.000581	0.000581	0.000581	0.000581	0.000581	0.000581	0.000984	0.000581	0.000581	0.003297	0.000783	0.000764	0.000581	0.000581	0.017752	0.005542	0.000581	0.000581	0.000581	0.000581	0.000581	0.000581	0.000581	0.000581	0.000581	0.000581	0.944608	
0.000659	0.003796	0.000659	0.000659	0.000659	0.000659	0.000659	0.000659	0.000659	0.000659	0.000659	0.000659	0.000659	0.002394	0.000659	0.000659	0.000659	0.000659	0.000659	0.000659	0.000659	0.000659	0.000659	0.000659	0.000659	0.000659	0.000659	0.000659	0.000659	0.001054	0.000659	0.000659	0.004867	0.000856	0.002394	0.000659	0.000659	0.012329	0.004110	0.000659	0.000659	0.000659	0.000659	0.000659	0.000659	0.000659	0.000659	0.000659	0.000659	0.941193	
0.000594	0.002327	0.000594	0.000594	0.000594	0.000594	0.000594	0.000594	0.000594	0.000594	0.000594	0.000594	0.000594	0.000924	0.000594	0.000594	0.000594	0.000594	0.000594	0.000594	0.000594	0.000594	0.000594	0.000594	0.000594	0.000594	0.000594	0.000594	0.000594	0.000959	0.000594	0.000594	0.004803	0.000777	0.000924	0.000594	0.000594	0.010693	0.006374	0.000594	0.000594	0.000594	0.000594	0.000594	0.000594	0.000594	0.000594	0.000594	0.000594	0.947854	
0.000663	0.002879	0.000663	0.000663	0.000663	0.000663	0.000663	0.000663	0.000663	0.000663	0.000663	0.000663	0.000663	0.002720	0.000663	0.000663	0.000663	0.000663	0.000663	0.000663	0.000663	0.000663	0.000663	0.000663	0.000663	0.000663	0.000663	0.000663	0.000663	0.001777	0.000663	0.000663	0.001140	0.001220	0.002720	0.000663	0.000663	0.017862	0.002588	0.000663	0.000663	0.000663	0.000663	0.000663	0.000663	0.000663	0.000663	0.000663	0.000663	0.939893	
0.000655	0.002032	0.000655	0.000655	0.000655	0.000655	0.000655	0.000655	0.000655	0.000655	0.000655	0.000655	0.000655	0.001715	0.000655	0.000655	0.000655	0.000655	0.000655	0.000655	0.000655	0.000655	0.000655	0.000655	0.000655	0.000655	0.000655	0.000655	0.000655	0.001744	0.000655	0.000655	0.001607	0.001199	0.001715	0.000655	0.000655	0.001255	0.017115	0.000655	0.000655	0.000655	0.000655	0.000655	0.000655	0.000655	0.000655	0.000655	0.000655	0.944759	
0.000621	0.001335	0.000621	0.000621	0.000621	0.000621	0.000621	0.000621	0.000621	0.000621	0.000621	0.000621	0.000621	0.001131	0.000621	0.000621	0.000621	0.000621	0.000621	0.000621	0.000621	0.000621	0.000621	0.000621	0.000621	0.000621	0.000621	0.000621	0.000621	0.001110	0.000621	0.000621	0.001233	0.000865	0.001131	0.000621	0.000621	0.005127	0.019434	0.000621	0.000621	0.000621	0.000621	0.000621	0.000621	0.000621	0.000621	0.000621	0.000621	0.943192	
0.000710	0.003084	0.000710	0.000710	0.000710	0.000710	0.000710	0.000710	0.000710	0.000710	0.000710	0.000710	0.000710	0.002877	0.000710	0.000710	0.000710	0.000710	0.000710	0.000710	0.000710	0.000710	0.000710	0.000710	0.000710	0.000710	0.000710	0.000710	0.000710	0.001053	0.000710	0.000710	0.001332	0.000881	0.002877	0.000710	0.000710	0.001863	0.003326	0.000710	0.000710	0.000710	0.000710	0.000710	0.000710	0.000710	0.000710	0.000710	0.000710	0.953616	
0.000661	0.001789	0.000661	0.000661	0.000661	0.000661	0.000661	0.000661	0.000661	0.000661	0.000661	0.000661	0.000661	0.001631	0.000661	0.000661	0.000661	0.000661	0.000661	0.000661	0.000661	0.000661	0.000661	0.000661	0.000661	0.000661	0.000661	0.000661	0.000661	0.001021	0.000661	0.000661	0.001133	0.000841	0.001631	0.000661	0.000661	0.001835	0.005074	0.000661	0.000661	0.000661	0.000661	0.000661	0.000661	0.000661	0.000661	0.000661	0.000661	0.957963	
0.000699	0.003109	0.000699	0.000699	0.000699	0.000699	0.000699	0.000699	0.000699	0.000699	0.000699	0.000699	0.000699	0.002898	0.000699	0.000699	0.000699	0.000699	0.000699	0.000699	0.000699	0.000699	0.000699	0.000699	0.000699	0.000699	0.000699	0.000699	0.000699	0.000985	0.000699	0.000699	0.001331	0.000842	0.002898	0.000699	0.000699	0.006647	0.002919	0.000699	0.000699	0.000699	0.000699	0.000699	0.000699	0.000699	0.000699	0.000699	0.000699	0.949712	
0.000598	0.001366	0.000598	0.000598	0.000598	0.000598	0.000598	0.000598	0.000598	0.000598	0.000598	0.000598	0.000598	0.001024	0.000598	0.000598	0.000598	0.000598	0.000598	0.000598	0.000598	0.000598	0.000598	0.000598	0.000598	0.000598	0.000598	0.000598	0.000598	0.001049	0.000598	0.000598	0.001624	0.000823	0.001024	0.000598	0.000598	0.001062	0.011738	0.000598	0.000598	0.000598	0.000598	0.000598	0.000598	0.000598	0.000598	0.000598	0.000598	0.955776	
0.000578	0.001115	0.000578	0.000578	0.000578	0.000578	0.000578	0.000578	0.000578	0.000578	0.000578	0.000578	0.000578	0.000973	0.000578	0.000578	0.000578	0.000578	0.000578	0.000578	0.000578	0.000578	0.000578	0.000578	0.000578	0.000578	0.000578	0.000578	0.000578	0.000905	0.000578	0.000578	0.001003	0.000741	0.000973	0.000578	0.000578	0.001419	0.010133	0.000578	0.000578	0.000578	0.000578	0.000578	0.000578	0.000578	0.000578	0.000578	0.000578	0.959048	
0.000613	0.002163	0.000613	0.000613	0.000613	0.000613	0.000613	0.000613	0.000613	0.000613	0.000613	0.000613	0.000613	0.001977	0.000613	0.000613	0.000613	0.000613	0.000613	0.000613	0.000613	0.000613	0.000613	0.000613	0.000613	0.000613	0.000613	0.000613	0.000613	0.001032	0.000613	0.000613	0.001169	0.000823	0.001977	0.000613	0.000613	0.002044	0.002778	0.000613	0.000613	0.000613	0.000613	0.000613	0.000613	0.000613	0.000613	0.000613	0.000613	0.960898	
0.000640	0.001125	0.000640	0.000640	0.000640	0.000640	0.000640	0.000640	0.000640	0.000640	0.000640	0.000640	0.000640	0.000921	0.000640	0.000640	0.000640	0.000640	0.000640	0.000640	0.000640	0.000640	0.000640	0.000640	0.000640	0.000640	0.000640	0.000640	0.000640	0.011083	0.000640	0.000640	0.001251	0.005862	0.000921	0.000640	0.000640	0.001573	0.012017	0.000640	0.000640	0.000640	0.000640	0.000640	0.000640	0.000640	0.000640	0.000640	0.000640	0.939015	
0.000641	0.001019	0.000641	0.000641	0.000641	0.000641	0.000641	0.000641	0.000641	0.000641	0.000641	0.000641	0.000641	0.000900	0.000641	0.000641	0.000641	0.000641	0.000641	0.000641	0.000641	0.000641	0.000641	0.000641	0.000641	0.000641	0.000641	0.000641	0.000641	0.011643	0.000641	0.000641	0.000996	0.006142	0.000900	0.000641	0.000641	0.001384	0.012571	0.000641	0.000641	0.000641	0.000641	0.000641	0.000641	0.000641	0.000641	0.000641	0.000641	0.938145	
0.000616	0.001476	0.000616	0.000616	0.000616	0.000616	0.000616	0.000616	0.000616	0.000616	0.000616	0.000616	0.000616	0.000849	0.000616	0.000616	0.000616	0.000616	0.000616	0.000616	0.000616	0.000616	0.000616	0.000616	0.000616	0.000616	0.000616	0.000616	0.000616	0.007066	0.000616	0.000616	0.002497	0.003841	0.000849	0.000616	0.000616	0.008419	0.008503	0.000616	0.000616	0.000616	0.000616	0.000616	0.000616	0.000616	0.000616	0.000616	0.000616	0.941256	
0.000632	0.001122	0.000632	0.000632	0.000632	0.000632	0.000632	0.000632	0.000632	0.000632	0.000632	0.000632	0.000632	0.000990	0.000632	0.000632	0.000632	0.000632	0.000632	0.000632	0.000632	0.000632	0.000632	0.000632	0.000632	0.000632	0.000632	0.000632	0.000632	0.005247	0.000632	0.000632	0.001028	0.002939	0.000990	0.000632	0.000632	0.004874	0.006543	0.000632	0.000632	0.000632	0.000632	0.000632	0.000632	0.000632	0.000632	0.000632	0.000632	0.950353	
0.000684	0.005576	0.000684	0.000684	0.000684	0.000684	0.000684	0.000684	0.000684	0.000684	0.000684	0.000684	0.000684	0.002486	0.000684	0.000684	0.000684	0.000684	0.000684	0.000684	0.000684	0.000684	0.000684	0.000684	0.000684	0.000684	0.000684	0.000684	0.000684	0.002387	0.000684	0.000684	0.009954	0.001535	0.002486	0.000684	0.000684	0.002148	0.007580	0.000684	0.000684	0.000684	0.000684	0.000684	0.000684	0.000684	0.000684	0.000684	0.000684	0.937808	
0.000681	0.003978	0.000681	0.000681	0.000681	0.000681	0.000681	0.000681	0.000681	0.000681	0.000681	0.000681	0.000681	0.002624	0.000681	0.000681	0.000681	0.000681	0.000681	0.000681	0.000681	0.000681	0.000681	0.000681	0.000681	0.000681	0.000681	0.000681	0.000681	0.001786	0.000681	0.000681	0.004743	0.001233	0.002624	0.000681	0.000681	0.007086	0.008018	0.000681	0.000681	0.000681	0.000681	0.000681	0.000681	0.000681	0.000681	0.000681	0.000681	0.939972	
0.000667	0.005873	0.000667	0.000667	0.000667	0.000667	0.000667	0.000667	0.000667	0.000667	0.000667	0.000667	0.000667	0.002235	0.000667	0.000667	0.000667	0.000667	0.000667	0.000667	0.000667	0.000667	0.000667	0.000667	0.000667	0.000667	0.000667	0.000667	0.000667	0.000948	0.000667	0.000667	0.011583	0.000808	0.002235	0.000667	0.000667	0.003756	0.006130	0.000667	0.000667	0.000667	0.000667	0.000667	0.000667	0.000667	0.000667	0.000667	0.000667	0.939079	
0.000651	0.006096	0.000651	0.000651	0.000651	0.000651	0.000651	0.000651	0.000651	0.000651	0.000651	0.000651	0.000651	0.001777	0.000651	0.000651	0.000651	0.000651	0.000651	0.000651	0.000651	0.000651	0.000651	0.000651	0.000651	0.000651	0.000651	0.000651	0.000651	0.001175	0.000651	0.000651	0.013607	0.000913	0.001777	0.000651	0.000651	0.001527	0.006666	0.000651	0.000651	0.000651	0.000651	0.000651	0.000651	0.000651	0.000651	0.000651	0.000651	0.939769	
0.000624	0.003499	0.000624	0.000624	0.000624	0.000624	0.000624	0.000624	0.000624	0.000624	0.000624	0.000624	0.000624	0.001414	0.000624	0.000624	0.000624	0.000624	0.000624	0.000624	0.000624	0.000624	0.000624	0.000624	0.000624	0.000624	0.000624	0.000624	0.000624	0.000932	0.000624	0.000624	0.006878	0.000778	0.001414	0.000624	0.000624	0.009517	0.008234	0.000624	0.000624	0.000624	0.000624	0.000624	0.000624	0.000624	0.000624	0.000624	0.000624	0.941770	
