0.048304	0.369647	0.029120	0.173004	0.033916	0.307297	0.038712	
0.045578	0.295578	0.057483	0.024150	0.040816	0.507483	0.028912	
0.068308	0.439667	0.070735	0.041609	0.041609	0.284327	0.053745	
0.822613	0.033514	0.024035	0.024035	0.040623	0.031144	0.024035	
0.184913	0.026035	0.332109	0.033044	0.336782	0.047063	0.040053	
0.324983	0.090386	0.128301	0.054841	0.109343	0.251523	0.040623	
0.261513	0.030924	0.056807	0.030924	0.555630	0.026218	0.037983	
0.040816	0.381293	0.240816	0.233673	0.036054	0.047959	0.019388	
0.219093	0.363324	0.202266	0.122940	0.038805	0.033997	0.019574	
0.166202	0.129617	0.105226	0.456446	0.044251	0.063763	0.034495	
0.037717	0.121829	0.063418	0.691923	0.037717	0.028371	0.019025	
0.197909	0.029617	0.210105	0.451568	0.036934	0.034495	0.039373	
0.030494	0.236990	0.090819	0.116341	0.025853	0.471329	0.028174	
0.060939	0.025974	0.256743	0.044622	0.018981	0.564436	0.028305	
0.037717	0.035381	0.152203	0.061081	0.091455	0.596128	0.026035	
0.024559	0.198893	0.031823	0.024559	0.135939	0.053615	0.530612	
0.041209	0.115728	0.060440	0.058036	0.033997	0.026786	0.663805	
0.031293	0.047959	0.017007	0.031293	0.019388	0.028912	0.824150	
0.167007	0.533673	0.090816	0.036054	0.078912	0.021769	0.071769	
0.033593	0.024092	0.563285	0.045470	0.168985	0.021717	0.142857	
0.134771	0.125337	0.245620	0.163073	0.085243	0.038073	0.207884	
0.234495	0.112544	0.029617	0.110105	0.380836	0.058885	0.073519	
0.029331	0.034161	0.232229	0.019669	0.432712	0.075224	0.176674	
0.084682	0.116007	0.103959	0.154561	0.458176	0.019621	0.062995	
