9
9
9
9
9
9
9
9
9
9
9
9
9
9
9
9
9
9
9
9
9
9
9
9
9
9
9
9
9
9
9
9
9
9
30
30
30
30
30
30
30
30
30
30
47
47
47
47
47
47
47
47
47
47
47
47
1
1
1
1
1
1
1
1
1
1
1
1
1
1
1
1
1
1
1
1
7
7
7
7
7
7
7
7
7
7
7
47
47
47
47
47
47
47
47
47
47
47
47
15
15
15
15
15
15
15
15
15
15
15
15
15
15
15
40
40
40
40
40
40
40
40
40
40
40
40
40
40
40
40
40
7
7
7
7
7
7
7
7
7
7
7
7
7
7
7
7
7
7
7
29
29
29
29
29
29
29
29
29
29
29
29
29
29
29
29
29
47
47
47
47
47
47
47
47
47
47
47
47
47
47
47
47
47
47
47
47
45
45
45
45
45
45
45
45
45
45
45
45
45
