0.073349	0.003844	0.013023	0.097849	0.001181	0.026153	0.003635	0.016054	0.002649	0.011255	0.011102	0.018320	0.016050	0.009912	0.031812	0.010091	0.037671	0.005020	0.001993	0.000143	0.004456	0.001993	0.002566	0.019180	0.001993	0.006443	0.001976	0.023799	0.011300	0.021674	0.021203	0.002149	0.040371	0.006447	0.001974	0.003844	0.031820	0.000818	0.014668	0.000818	0.010545	0.001245	0.038532	0.002731	0.002649	0.004571	0.081707	0.006486	0.010789	0.230146	
0.073523	0.001204	0.049669	0.098592	0.001380	0.012997	0.003865	0.007973	0.001508	0.034408	0.009037	0.071868	0.025705	0.009703	0.018362	0.010163	0.037769	0.003856	0.000672	0.000140	0.004362	0.000672	0.003677	0.007013	0.000672	0.005140	0.002816	0.013475	0.009721	0.006331	0.021221	0.008058	0.040867	0.004027	0.001042	0.001204	0.031110	0.000801	0.007469	0.000801	0.010340	0.000742	0.013537	0.002203	0.001508	0.003582	0.082194	0.003591	0.010041	0.229389	
0.072103	0.001839	0.036845	0.097014	0.002789	0.014883	0.003214	0.006152	0.000983	0.039356	0.017484	0.053256	0.022165	0.008182	0.021401	0.009993	0.037077	0.003187	0.000990	0.000141	0.003691	0.000990	0.011466	0.008211	0.000990	0.004939	0.008707	0.008682	0.010389	0.010020	0.020197	0.006004	0.041581	0.003240	0.000833	0.001839	0.030389	0.000697	0.005490	0.000697	0.026624	0.000511	0.016635	0.003642	0.000983	0.005723	0.080824	0.002282	0.009703	0.224968	
0.005283	0.014259	0.058172	0.003891	0.002201	0.075673	0.003499	0.011472	0.007656	0.046439	0.034226	0.082642	0.015350	0.007655	0.073101	0.000518	0.001852	0.003772	0.007203	0.000147	0.003462	0.007203	0.008543	0.068322	0.007203	0.012443	0.006498	0.068359	0.004234	0.082251	0.004427	0.009254	0.003135	0.004726	0.001451	0.014259	0.002562	0.000666	0.018043	0.000666	0.022005	0.003451	0.139089	0.003476	0.007656	0.005579	0.003818	0.018631	0.001625	0.011952	
0.015574	0.002349	0.010942	0.011191	0.003354	0.032288	0.009780	0.017056	0.022626	0.019303	0.081045	0.013070	0.003875	0.025952	0.012857	0.001264	0.004939	0.009598	0.001250	0.000151	0.011542	0.001250	0.008953	0.056789	0.001250	0.036096	0.006809	0.204323	0.006085	0.012939	0.014598	0.001577	0.006183	0.009392	0.002097	0.002349	0.005436	0.001935	0.041736	0.001935	0.024695	0.010040	0.099343	0.005160	0.022626	0.008490	0.009357	0.055233	0.002866	0.030451	
0.013734	0.013359	0.041828	0.016419	0.001898	0.072782	0.003939	0.033220	0.004964	0.033574	0.023071	0.059269	0.012806	0.009735	0.070094	0.001799	0.007112	0.007322	0.006755	0.000150	0.004382	0.006755	0.006324	0.059179	0.006755	0.009596	0.004820	0.044004	0.009674	0.077001	0.007539	0.006676	0.007854	0.011485	0.003957	0.013359	0.008904	0.000813	0.029819	0.000813	0.024233	0.002268	0.122139	0.005150	0.004964	0.008649	0.014242	0.012370	0.004980	0.047468	
0.020396	0.021096	0.008064	0.026965	0.001466	0.112430	0.004225	0.009960	0.001248	0.009321	0.007890	0.010139	0.005401	0.011995	0.111227	0.002873	0.010649	0.004764	0.010621	0.000145	0.005377	0.010621	0.003407	0.079663	0.010621	0.005500	0.002612	0.010403	0.004819	0.122040	0.010407	0.001248	0.011640	0.004994	0.001275	0.021096	0.009457	0.000965	0.008520	0.000965	0.010389	0.000630	0.169859	0.002467	0.001248	0.004054	0.023412	0.002976	0.003613	0.064849	
0.004182	0.001844	0.109136	0.004543	0.004988	0.060873	0.023359	0.049550	0.001633	0.071359	0.012018	0.158205	0.028933	0.066176	0.009429	0.000587	0.003559	0.025163	0.000995	0.000146	0.029298	0.000995	0.005236	0.009609	0.000995	0.022888	0.003996	0.013685	0.012268	0.010025	0.033181	0.017594	0.002825	0.025606	0.005833	0.001844	0.007157	0.004712	0.036940	0.004712	0.027168	0.000800	0.018987	0.009739	0.001633	0.016691	0.003833	0.004484	0.005523	0.025061	
0.003879	0.006807	0.154370	0.004512	0.002553	0.055454	0.011170	0.012040	0.001348	0.095579	0.009203	0.223629	0.040609	0.028580	0.034941	0.000581	0.002340	0.009633	0.003474	0.000140	0.012696	0.003474	0.004033	0.027293	0.003474	0.010812	0.003085	0.011144	0.003713	0.038927	0.014778	0.024811	0.002600	0.008340	0.001510	0.006807	0.002831	0.002107	0.010124	0.002107	0.012427	0.000672	0.057260	0.003766	0.001348	0.006281	0.004045	0.003258	0.001739	0.013699	
0.011414	0.008150	0.010503	0.010349	0.004833	0.094656	0.023820	0.015545	0.010690	0.010777	0.037698	0.013440	0.003836	0.069277	0.042580	0.001179	0.005070	0.021371	0.004147	0.000144	0.030666	0.004147	0.003493	0.052398	0.004147	0.034514	0.002677	0.095996	0.004847	0.046721	0.035669	0.001612	0.004885	0.016087	0.001917	0.008150	0.005022	0.004925	0.024923	0.004925	0.012385	0.004785	0.101846	0.006360	0.010690	0.010796	0.008976	0.026098	0.002636	0.028226	
0.012617	0.001214	0.059200	0.010450	0.004476	0.057680	0.023118	0.008681	0.014261	0.037988	0.047794	0.084232	0.016490	0.065390	0.006979	0.001189	0.004921	0.019357	0.000678	0.000142	0.028949	0.000678	0.002825	0.034583	0.000678	0.037523	0.002171	0.128431	0.003220	0.006378	0.033784	0.009425	0.004809	0.013420	0.001125	0.001214	0.004264	0.004654	0.024798	0.004654	0.008719	0.006354	0.060008	0.005343	0.014261	0.009044	0.008752	0.034714	0.001954	0.026408	
0.006298	0.007405	0.008853	0.004609	0.007139	0.118193	0.035220	0.013610	0.007460	0.012414	0.030098	0.011468	0.002735	0.103727	0.038025	0.000590	0.003206	0.030634	0.003773	0.000141	0.045873	0.003773	0.005016	0.042697	0.003773	0.041444	0.003828	0.066640	0.004221	0.042407	0.051566	0.001391	0.002811	0.021195	0.001692	0.007405	0.003038	0.007304	0.019299	0.007304	0.015064	0.003362	0.084238	0.008524	0.007460	0.014464	0.004143	0.018194	0.001906	0.014369	
0.021879	0.002299	0.048361	0.028236	0.007742	0.095005	0.036245	0.009769	0.001486	0.039478	0.014775	0.069899	0.016225	0.106376	0.014873	0.002989	0.012107	0.030839	0.001218	0.000137	0.047040	0.001218	0.007359	0.011012	0.001218	0.035365	0.005600	0.012647	0.005470	0.012716	0.056794	0.007838	0.012843	0.020496	0.001245	0.002299	0.009803	0.007483	0.008709	0.007483	0.018904	0.000730	0.022149	0.008828	0.001486	0.014875	0.023574	0.003567	0.003700	0.067618	
0.005254	0.000965	0.044510	0.005537	0.011185	0.123021	0.050818	0.005977	0.001490	0.044672	0.021278	0.064393	0.012289	0.149973	0.005081	0.000669	0.003848	0.042378	0.000549	0.000134	0.066286	0.000549	0.012008	0.006120	0.000549	0.049358	0.009116	0.012491	0.003653	0.004966	0.074335	0.007228	0.004405	0.026565	0.000807	0.000965	0.002411	0.010495	0.006043	0.010495	0.027752	0.000730	0.011637	0.012036	0.001490	0.020202	0.004548	0.003526	0.001209	0.014006	
0.013330	0.001559	0.024464	0.016199	0.010063	0.121309	0.048686	0.012341	0.002024	0.026550	0.017603	0.035167	0.008461	0.144113	0.009517	0.001761	0.007991	0.041627	0.000847	0.000136	0.063700	0.000847	0.007951	0.009455	0.000847	0.047722	0.006047	0.017428	0.005242	0.008418	0.073253	0.004003	0.008042	0.027477	0.001540	0.001559	0.006418	0.010091	0.011233	0.010091	0.021020	0.000966	0.018268	0.011405	0.002024	0.019311	0.013503	0.004918	0.002843	0.040628	
0.008837	0.000855	0.061053	0.011293	0.011999	0.013237	0.004869	0.028519	0.003022	0.127443	0.084139	0.088250	0.017233	0.012174	0.005103	0.001213	0.004841	0.007356	0.000505	0.000154	0.005461	0.000505	0.058093	0.008930	0.000505	0.013989	0.043980	0.026292	0.016164	0.004233	0.007769	0.009879	0.014789	0.010503	0.003419	0.000855	0.006596	0.000985	0.023938	0.000985	0.134871	0.001416	0.016139	0.016138	0.003022	0.025375	0.008850	0.007560	0.003973	0.032694	
0.004815	0.001083	0.035385	0.007046	0.017900	0.012015	0.003598	0.005495	0.001270	0.162790	0.119570	0.051148	0.010005	0.009310	0.005670	0.000739	0.002548	0.003416	0.000618	0.000154	0.004196	0.000618	0.089647	0.005984	0.000618	0.014643	0.067848	0.010337	0.015539	0.005559	0.005592	0.005783	0.018557	0.003239	0.000769	0.001083	0.002524	0.000787	0.005392	0.000787	0.195785	0.000645	0.011562	0.020694	0.001270	0.031794	0.004984	0.002953	0.001224	0.015013	
0.013203	0.002155	0.013796	0.016459	0.014673	0.013839	0.002033	0.010087	0.005313	0.125563	0.112029	0.019242	0.005553	0.004773	0.012417	0.001719	0.006247	0.002790	0.001155	0.000155	0.002194	0.001155	0.074246	0.018659	0.001155	0.016318	0.056198	0.047131	0.014906	0.011791	0.004974	0.002262	0.019708	0.003846	0.001298	0.002155	0.005989	0.000474	0.013966	0.000474	0.163901	0.002424	0.034747	0.017502	0.005313	0.026962	0.013041	0.012883	0.002577	0.038555	
0.013900	0.007750	0.081531	0.016511	0.004276	0.040912	0.002493	0.012733	0.005778	0.079067	0.043731	0.117228	0.023142	0.004208	0.041284	0.001787	0.006576	0.002991	0.003948	0.000147	0.001940	0.003948	0.020379	0.040301	0.003948	0.010491	0.015451	0.051424	0.007260	0.044380	0.004818	0.013072	0.010340	0.004529	0.001596	0.007750	0.006517	0.000428	0.016453	0.000428	0.048058	0.002625	0.080773	0.005971	0.005778	0.009384	0.013913	0.014067	0.002906	0.041079	
0.005936	0.000722	0.026925	0.007361	0.001970	0.010971	0.003903	0.195825	0.001559	0.025481	0.012566	0.038840	0.008005	0.010374	0.003882	0.000904	0.007208	0.029743	0.000452	0.000181	0.004681	0.000452	0.006384	0.005151	0.000452	0.005695	0.004873	0.012759	0.045294	0.003330	0.006352	0.004449	0.004187	0.059570	0.022701	0.000722	0.024871	0.000886	0.139936	0.000886	0.076959	0.000788	0.009478	0.020427	0.001559	0.035652	0.006123	0.006359	0.020544	0.075668	
0.003796	0.007224	0.055008	0.004769	0.005437	0.049820	0.007028	0.076518	0.001185	0.066271	0.031640	0.079260	0.014845	0.019001	0.037013	0.000600	0.003652	0.015808	0.003692	0.000159	0.008477	0.003692	0.021875	0.028390	0.003692	0.009709	0.016585	0.009516	0.020850	0.041269	0.010101	0.008891	0.005821	0.025789	0.008948	0.007224	0.010272	0.001462	0.055349	0.001462	0.071932	0.000610	0.059778	0.013136	0.001185	0.021937	0.004090	0.003761	0.008251	0.033219	
0.014416	0.004736	0.040167	0.015130	0.003181	0.032657	0.004994	0.058005	0.010212	0.041914	0.046840	0.056813	0.012195	0.012293	0.025598	0.001666	0.007160	0.011421	0.002446	0.000157	0.005515	0.002446	0.012191	0.038736	0.002446	0.017356	0.009259	0.091598	0.016007	0.026799	0.008566	0.006411	0.008354	0.019221	0.006815	0.004736	0.011344	0.000996	0.054215	0.000996	0.044958	0.004581	0.072976	0.008900	0.010212	0.014967	0.012714	0.025525	0.007355	0.051803	
0.028427	0.000952	0.008742	0.037998	0.005536	0.011874	0.003597	0.114441	0.001482	0.044684	0.036596	0.012421	0.007218	0.010007	0.009063	0.003988	0.016979	0.018509	0.000560	0.000167	0.004511	0.000560	0.025092	0.005899	0.000560	0.007657	0.019020	0.012455	0.032266	0.004736	0.011234	0.001520	0.019923	0.035496	0.013321	0.000952	0.024783	0.000847	0.082470	0.000847	0.091165	0.000746	0.011165	0.016862	0.001482	0.028378	0.031462	0.005020	0.015150	0.121181	
0.017490	0.001222	0.088075	0.016919	0.002253	0.011461	0.003877	0.013265	0.015668	0.064506	0.059500	0.126016	0.024784	0.006986	0.007825	0.001844	0.006827	0.003832	0.000685	0.000148	0.003167	0.000685	0.009012	0.037626	0.000685	0.021904	0.006853	0.141223	0.005671	0.006398	0.006270	0.014042	0.008525	0.005144	0.001658	0.001222	0.006748	0.000621	0.029882	0.000621	0.023601	0.006976	0.065136	0.003707	0.015668	0.005964	0.014078	0.038205	0.003011	0.042517	
