20	0	12	1	0	0	0	
0	0	0	0	0	0	163	
0	0	0	0	138	0	0	
0	0	0	148	0	1	0	
0	0	0	0	70	0	38	
0	0	0	0	0	110	0	
0	0	0	140	0	0	0	
94	174	13	1	58	0	0	
94	0	0	0	160	0	103	
0	26	0	7	0	41	0	
33	0	20	206	0	0	0	
0	0	0	12	0	32	0	
0	0	0	21	119	0	155	
113	0	0	0	0	0	0	
0	0	2	0	0	0	46	
0	0	13	0	16	0	0	
0	176	0	0	0	0	0	
0	20	35	0	15	0	1	
9	54	0	0	0	0	0	
0	69	0	0	0	0	0	
1	0	0	0	118	0	0	
0	0	0	0	0	0	0	
0	1	0	29	0	0	0	
74	2	27	41	0	0	0	
0	1	152	0	1	33	0	
0	0	0	0	0	0	0	
22	0	0	0	0	0	0	
3	0	62	227	0	0	1	
0	0	152	0	0	0	2	
0	30	0	0	0	0	0	
0	0	0	44	0	0	54	
0	0	0	0	0	28	0	
0	0	0	0	1	0	11	
0	0	41	13	0	0	0	
26	0	0	0	0	0	0	
1	0	0	0	0	0	56	
0	0	0	0	0	0	0	
59	0	0	0	0	0	0	
122	2	0	0	0	0	70	
0	0	0	0	0	14	1	
0	25	0	0	0	0	0	
0	0	0	0	0	0	16	
0	0	0	0	0	15	0	
0	0	0	1	0	67	0	
0	36	0	0	0	0	0	
0	0	0	0	0	0	29	
0	15	0	0	0	0	0	
0	0	0	0	0	0	0	
0	0	0	1	0	85	0	
0	0	110	0	0	0	0	
