0	0	0	0	0	0	0	
0	0	0	0	0	0	0	
0	0	0	0	0	0	176	
0	0	0	0	0	0	0	
0	0	0	20	150	46	68	
0	1	30	0	0	124	0	
0	0	0	0	0	0	0	
0	0	0	0	148	0	0	
0	99	0	0	0	0	22	
0	0	0	0	0	0	0	
0	0	0	0	0	0	0	
0	18	0	0	0	0	0	
0	0	0	0	0	0	0	
0	0	119	0	0	1	0	
0	0	0	0	0	0	0	
0	30	0	28	0	34	0	
1	5	0	0	67	0	0	
0	0	135	0	2	0	0	
0	0	0	0	0	0	0	
0	0	0	0	0	0	49	
430	0	0	0	0	0	1	
0	0	0	0	0	0	0	
1	0	0	35	0	0	0	
0	0	0	36	0	0	0	
0	0	0	0	0	0	0	
0	0	0	0	40	0	0	
0	0	0	0	0	236	0	
67	181	0	8	0	0	0	
0	0	0	0	0	77	4	
0	0	76	0	0	0	0	
1	56	0	0	8	0	0	
0	0	0	0	86	0	0	
0	0	0	0	0	0	0	
0	0	1	0	134	0	0	
0	3	65	43	0	0	0	
22	18	0	0	0	0	53	
0	0	0	0	0	0	0	
0	15	69	92	41	0	0	
0	0	0	0	0	0	0	
0	19	0	358	46	0	0	
0	104	0	0	0	0	0	
4	0	0	0	40	70	0	
0	0	0	0	0	0	0	
0	0	0	0	0	0	0	
0	0	0	0	0	0	0	
0	15	0	0	0	0	0	
213	0	0	0	0	0	0	
29	0	20	282	0	0	0	
0	0	0	0	0	0	268	
0	0	0	0	0	0	0	
