0.078724	0.024092	0.639294	0.028843	0.033593	0.157109	0.038344	
0.028843	0.035969	0.663047	0.140482	0.057346	0.035969	0.038344	
0.118990	0.043929	0.508820	0.024559	0.198893	0.068143	0.036666	
0.016926	0.035884	0.026405	0.021666	0.026405	0.026405	0.846310	
0.175279	0.154002	0.120905	0.066532	0.116177	0.080716	0.286390	
0.080148	0.087190	0.096579	0.082495	0.037894	0.021462	0.594232	
0.331307	0.132725	0.016886	0.021614	0.085444	0.021614	0.390409	
0.357983	0.092101	0.216807	0.054454	0.026218	0.202689	0.049748	
0.352016	0.146275	0.167806	0.033835	0.050581	0.146275	0.103213	
0.496714	0.039087	0.041508	0.048772	0.056036	0.283639	0.034244	
0.247419	0.028305	0.037629	0.035298	0.035298	0.578422	0.037629	
0.410105	0.051568	0.032056	0.344251	0.036934	0.041812	0.083275	
0.172742	0.025616	0.388834	0.280788	0.041708	0.053202	0.037110	
0.042489	0.026096	0.072934	0.609234	0.044831	0.164269	0.040147	
0.183866	0.033277	0.190924	0.433277	0.073277	0.030924	0.054454	
0.022031	0.094320	0.038898	0.036489	0.744923	0.041308	0.022031	
0.024207	0.031367	0.093420	0.026594	0.773611	0.017047	0.033754	
0.038712	0.024323	0.053100	0.079479	0.609455	0.156218	0.038712	
0.102234	0.038253	0.028775	0.045362	0.327353	0.317874	0.140149	
0.130361	0.073624	0.045255	0.421142	0.151638	0.158730	0.019250	
0.272417	0.091033	0.040914	0.246164	0.224685	0.093420	0.031367	
0.173838	0.605164	0.031670	0.029260	0.022031	0.029260	0.108778	
0.034079	0.766609	0.041308	0.031670	0.060585	0.038898	0.026850	
0.098193	0.184112	0.026594	0.036140	0.062393	0.563587	0.028981	
