0.046679	0.015884	0.001857	0.013386	0.002221	0.008930	0.007667	0.040688	0.005302	0.008280	0.018149	0.008375	0.008946	0.186222	0.003108	0.007023	0.005137	0.002921	0.059659	0.018149	0.021879	0.000199	0.006736	0.007845	0.002498	0.032275	0.009683	0.006654	0.000870	0.003360	0.003360	0.006535	0.006433	0.004934	0.000962	0.012107	0.016356	0.045447	0.003101	0.000589	0.001768	0.000199	0.213963	0.003449	0.001205	0.000199	0.088592	0.000685	0.004369	0.025167	
0.021375	0.009434	0.003177	0.090753	0.008827	0.034679	0.019209	0.015337	0.022016	0.140138	0.006184	0.035703	0.015050	0.062483	0.003999	0.008402	0.007870	0.001971	0.029022	0.006184	0.008431	0.000171	0.008055	0.004457	0.002944	0.011301	0.040771	0.006559	0.000942	0.003983	0.003983	0.014579	0.108432	0.004285	0.003965	0.010488	0.035657	0.015597	0.008741	0.001323	0.000752	0.000171	0.071775	0.010540	0.001384	0.000171	0.034285	0.008607	0.012486	0.023352	
0.027136	0.022552	0.003619	0.062329	0.001489	0.033995	0.009709	0.011404	0.003472	0.086239	0.010896	0.005855	0.012165	0.111167	0.002656	0.025556	0.007978	0.002015	0.035960	0.010896	0.010908	0.000188	0.024488	0.007580	0.008733	0.017336	0.006291	0.014344	0.000713	0.011937	0.011937	0.009233	0.066699	0.003591	0.001084	0.011286	0.024628	0.024660	0.012613	0.001858	0.000611	0.000188	0.127717	0.002437	0.003926	0.000188	0.069063	0.005370	0.018042	0.015260	
0.005704	0.003700	0.025398	0.060521	0.001743	0.010158	0.058056	0.046265	0.004174	0.035432	0.000784	0.006741	0.081218	0.006751	0.003795	0.005177	0.052645	0.003693	0.005942	0.000784	0.008139	0.000147	0.004965	0.008398	0.001842	0.009145	0.007632	0.009154	0.002294	0.002477	0.002477	0.040803	0.026775	0.010132	0.000890	0.074394	0.064213	0.009784	0.104378	0.014161	0.001836	0.000147	0.007736	0.005441	0.000888	0.000147	0.006914	0.002222	0.149924	0.003864	
0.006908	0.004109	0.023623	0.054406	0.006975	0.011196	0.060704	0.012398	0.017386	0.039642	0.000721	0.027828	0.076083	0.006126	0.001574	0.005504	0.046074	0.001773	0.011341	0.000721	0.002885	0.000144	0.005278	0.003093	0.001949	0.002818	0.032188	0.005352	0.001114	0.002626	0.002626	0.045829	0.030030	0.004684	0.002778	0.066182	0.062327	0.003187	0.104687	0.014200	0.000517	0.000144	0.007018	0.008938	0.000933	0.000144	0.006882	0.002472	0.150370	0.013514	
0.005039	0.003746	0.022554	0.080092	0.002161	0.019365	0.051745	0.017434	0.005220	0.080694	0.001186	0.008632	0.070839	0.010855	0.002768	0.004806	0.045668	0.002730	0.007430	0.001186	0.003693	0.000154	0.004610	0.003922	0.001721	0.004404	0.009570	0.006471	0.001681	0.002308	0.002308	0.038632	0.061862	0.007314	0.001271	0.062302	0.055351	0.005154	0.095418	0.012962	0.000731	0.000154	0.012451	0.004835	0.000839	0.000154	0.008467	0.004962	0.137047	0.005102	
0.010519	0.003693	0.024746	0.039239	0.001943	0.004380	0.057214	0.057628	0.004677	0.010793	0.002486	0.007416	0.079517	0.024360	0.004065	0.003378	0.048414	0.002100	0.011515	0.002486	0.011442	0.000150	0.003243	0.009234	0.001237	0.013499	0.008563	0.006278	0.001219	0.001645	0.001645	0.042736	0.007676	0.005307	0.000839	0.079911	0.052855	0.015484	0.109276	0.014822	0.002275	0.000150	0.027970	0.003833	0.000626	0.000150	0.013428	0.000736	0.156961	0.006242	
0.015765	0.003996	0.006951	0.085567	0.014910	0.023507	0.037239	0.063903	0.037413	0.100542	0.000608	0.060068	0.033753	0.004968	0.006480	0.004817	0.022144	0.005659	0.018343	0.000608	0.012629	0.000143	0.004620	0.011697	0.001717	0.012603	0.069409	0.012503	0.003511	0.002307	0.002307	0.018172	0.077791	0.015765	0.005921	0.021443	0.076760	0.013255	0.007497	0.001131	0.002611	0.000143	0.005688	0.021298	0.000831	0.000143	0.005844	0.006193	0.010710	0.028118	
0.021289	0.003471	0.008470	0.039050	0.020135	0.006513	0.048556	0.089738	0.050620	0.021809	0.000718	0.080737	0.042449	0.006228	0.006622	0.003428	0.023779	0.004981	0.024580	0.000718	0.017521	0.000129	0.003289	0.014950	0.001241	0.017448	0.093966	0.011867	0.003082	0.001657	0.001657	0.025698	0.016791	0.013838	0.007383	0.033298	0.085464	0.018384	0.017870	0.002515	0.003592	0.000129	0.007137	0.026070	0.000616	0.000129	0.005358	0.001428	0.025623	0.037979	
0.026714	0.005868	0.003719	0.016729	0.016304	0.006191	0.035008	0.171226	0.040941	0.011132	0.001957	0.065247	0.029836	0.018997	0.011966	0.006367	0.009237	0.001752	0.023921	0.001957	0.031913	0.000137	0.006105	0.026726	0.002235	0.034261	0.075970	0.011861	0.001029	0.003022	0.003022	0.019496	0.008578	0.004429	0.005966	0.049116	0.052423	0.036559	0.010551	0.001537	0.006771	0.000137	0.021810	0.018580	0.001055	0.000137	0.013296	0.000794	0.015102	0.032313	
0.025340	0.003634	0.004468	0.021232	0.013902	0.004241	0.034370	0.214139	0.034881	0.008941	0.000872	0.055577	0.033787	0.007778	0.014843	0.004023	0.013328	0.003218	0.017907	0.000872	0.038034	0.000135	0.003860	0.032831	0.001444	0.040667	0.064711	0.014539	0.001991	0.001936	0.001936	0.015706	0.006905	0.008787	0.005095	0.057633	0.056234	0.042505	0.006953	0.001051	0.008439	0.000135	0.008918	0.017690	0.000708	0.000135	0.006501	0.000662	0.009933	0.026574	
0.021715	0.003209	0.008716	0.030749	0.013135	0.004375	0.041293	0.169098	0.032945	0.011282	0.000789	0.052501	0.043943	0.006916	0.011800	0.003474	0.023006	0.004286	0.017142	0.000789	0.030248	0.000135	0.003333	0.026342	0.001259	0.032163	0.061113	0.013992	0.002653	0.001681	0.001681	0.020670	0.008617	0.011839	0.004833	0.055594	0.066692	0.033658	0.022255	0.003109	0.006675	0.000135	0.007927	0.018003	0.000627	0.000135	0.005699	0.000796	0.031921	0.025052	
0.028008	0.005341	0.002440	0.016602	0.034716	0.005393	0.054137	0.015835	0.087435	0.012289	0.001356	0.139392	0.026667	0.012936	0.001426	0.004684	0.007347	0.001940	0.042132	0.001356	0.007057	0.000119	0.004492	0.003799	0.001657	0.004786	0.162395	0.005351	0.001171	0.002233	0.002233	0.033845	0.009516	0.005096	0.012536	0.006088	0.091122	0.005690	0.003343	0.000552	0.000726	0.000119	0.014848	0.038138	0.000792	0.000119	0.009313	0.000851	0.004751	0.065832	
0.022701	0.007145	0.001673	0.046871	0.029374	0.019306	0.044736	0.007585	0.073938	0.069826	0.000919	0.118156	0.020812	0.008316	0.002031	0.008516	0.004528	0.001102	0.034796	0.000919	0.004802	0.000129	0.008163	0.003265	0.002954	0.002743	0.137302	0.005812	0.000684	0.004014	0.004014	0.029671	0.054045	0.002765	0.010924	0.004618	0.075849	0.003189	0.003353	0.000563	0.000416	0.000129	0.009537	0.031702	0.001365	0.000129	0.010148	0.004330	0.004762	0.055375	
0.022993	0.004996	0.004817	0.039463	0.027506	0.012733	0.049148	0.017287	0.069225	0.047932	0.001318	0.110530	0.030139	0.012454	0.002228	0.004727	0.011592	0.001877	0.034273	0.001318	0.006534	0.000129	0.004533	0.003968	0.001678	0.004944	0.128543	0.005326	0.001138	0.002258	0.002258	0.031961	0.037026	0.004904	0.010146	0.013751	0.078901	0.005820	0.014938	0.002120	0.000781	0.000129	0.014292	0.030513	0.000807	0.000129	0.009127	0.003004	0.021409	0.052378	
0.003318	0.068874	0.004398	0.048874	0.001126	0.066326	0.011017	0.013178	0.002605	0.018021	0.000798	0.004150	0.015281	0.006807	0.001393	0.111967	0.014186	0.003811	0.003600	0.000798	0.002949	0.000156	0.107259	0.027585	0.037819	0.005770	0.004707	0.060954	0.002369	0.051942	0.051942	0.002823	0.013957	0.010450	0.000592	0.005815	0.076223	0.003966	0.003889	0.000658	0.000658	0.000156	0.007799	0.004907	0.016633	0.000156	0.087872	0.001231	0.005520	0.002717	
0.003372	0.054914	0.001926	0.082074	0.001244	0.071058	0.005683	0.007882	0.002888	0.103274	0.000981	0.005025	0.006803	0.008627	0.002755	0.088905	0.005162	0.001254	0.004086	0.000981	0.002218	0.000165	0.085169	0.021125	0.030056	0.004553	0.005226	0.045769	0.000789	0.041266	0.041266	0.004253	0.079933	0.003127	0.001068	0.005364	0.049329	0.003328	0.003906	0.000668	0.000461	0.000165	0.009889	0.002349	0.013242	0.000165	0.071206	0.006380	0.005541	0.003134	
0.010538	0.055549	0.002409	0.036804	0.001021	0.054551	0.008323	0.081156	0.002335	0.022408	0.002063	0.003740	0.012500	0.019895	0.006102	0.088832	0.006478	0.001591	0.007342	0.002063	0.015409	0.000159	0.085099	0.031829	0.030028	0.019541	0.004203	0.048913	0.000934	0.041229	0.041229	0.003469	0.017345	0.003916	0.000579	0.023527	0.050359	0.019583	0.005105	0.000824	0.003300	0.000159	0.022838	0.002370	0.013227	0.000159	0.076193	0.001498	0.007266	0.004011	
0.025184	0.014422	0.005641	0.026139	0.001439	0.014070	0.019138	0.206816	0.003388	0.013597	0.004685	0.005375	0.030160	0.047062	0.014446	0.018703	0.014420	0.002982	0.016399	0.004685	0.038697	0.000159	0.017923	0.034855	0.006406	0.044772	0.006161	0.020684	0.001643	0.008748	0.008748	0.007938	0.010460	0.007435	0.000683	0.060805	0.033448	0.049008	0.015215	0.002183	0.008170	0.000159	0.054057	0.004004	0.002892	0.000159	0.035197	0.000962	0.021793	0.007884	
0.004675	0.023305	0.021017	0.105174	0.002798	0.022983	0.049186	0.008976	0.006844	0.010029	0.000723	0.010877	0.070859	0.006167	0.000926	0.037268	0.073032	0.020117	0.006570	0.000723	0.002322	0.000142	0.035705	0.014203	0.012648	0.003308	0.012599	0.046429	0.012401	0.017337	0.017337	0.005888	0.007740	0.056895	0.001140	0.007342	0.165316	0.003005	0.008326	0.001242	0.000477	0.000142	0.007066	0.023612	0.005613	0.000142	0.030975	0.000734	0.011902	0.005761	
0.010325	0.011263	0.013138	0.096712	0.002699	0.023831	0.034535	0.106485	0.006585	0.067318	0.000616	0.010747	0.050260	0.004986	0.008709	0.017668	0.044027	0.011734	0.005466	0.000616	0.018630	0.000149	0.016930	0.022138	0.006050	0.020728	0.012110	0.028920	0.007252	0.008263	0.008263	0.006940	0.052070	0.033044	0.001397	0.032708	0.098691	0.021385	0.009146	0.001358	0.004270	0.000149	0.005707	0.014807	0.002731	0.000149	0.015590	0.004195	0.013077	0.005436	
0.008343	0.006619	0.022708	0.107330	0.001338	0.008360	0.052580	0.078164	0.003162	0.012909	0.000790	0.005021	0.079560	0.006873	0.005679	0.009982	0.078045	0.021219	0.005324	0.000790	0.013869	0.000141	0.009567	0.018488	0.003456	0.015574	0.005755	0.037132	0.013076	0.004699	0.004699	0.005709	0.009949	0.060025	0.000632	0.026426	0.159620	0.016343	0.011357	0.001649	0.003160	0.000141	0.007877	0.023223	0.001591	0.000141	0.010611	0.000905	0.016258	0.003132	
0.008098	0.003502	0.017862	0.140854	0.001772	0.024786	0.040949	0.011237	0.004233	0.109787	0.002481	0.007206	0.059881	0.024234	0.003097	0.003088	0.061168	0.016797	0.010735	0.002481	0.004038	0.000157	0.002965	0.006177	0.001145	0.005389	0.007732	0.024776	0.010267	0.001515	0.001515	0.007090	0.084937	0.047126	0.001285	0.009458	0.125228	0.007087	0.009241	0.001379	0.000579	0.000157	0.027825	0.018910	0.000589	0.000157	0.013150	0.006764	0.013210	0.005902	
0.015882	0.007848	0.018198	0.087225	0.001870	0.009198	0.043344	0.070017	0.004487	0.018144	0.004145	0.007153	0.064216	0.041524	0.005237	0.008463	0.060710	0.016320	0.016179	0.004145	0.015282	0.000153	0.008113	0.015761	0.002952	0.018596	0.008208	0.028846	0.009878	0.004002	0.004002	0.007758	0.013987	0.045496	0.000856	0.025863	0.123993	0.021774	0.013716	0.001976	0.002853	0.000153	0.047693	0.018364	0.001377	0.000153	0.024959	0.001231	0.019643	0.008060	
