42
42
42
42
42
42
42
42
42
42
42
42
42
42
42
42
8
8
8
8
8
8
8
8
8
8
8
8
8
8
8
8
8
8
8
8
8
8
8
8
8
8
10
10
43
43
43
43
43
43
43
43
43
43
43
38
38
37
37
37
37
37
37
37
37
37
37
37
37
37
37
37
37
27
27
27
27
27
27
27
27
27
27
27
27
27
27
27
27
27
27
27
27
27
27
27
27
27
27
27
27
27
27
27
27
27
27
27
27
27
27
27
27
27
27
27
27
27
27
27
27
27
27
27
27
27
27
27
27
27
27
27
5
5
5
5
5
5
5
5
5
5
5
5
5
5
5
5
5
5
5
27
27
27
27
27
27
27
27
27
27
27
27
27
27
27
27
37
37
37
37
37
37
37
37
37
27
27
27
27
27
27
27
27
27
27
27
27
27
27
27
27
27
27
5
5
5
5
5
25
25
25
25
25
25
25
25
25
25
25
25
25
25
25
25
25
25
25
25
25
25
25
30
30
30
30
30
30
30
30
30
30
30
30
30
30
30
30
30
30
30
30
30
30
30
30
30
30
30
30
30
30
30
