0.000617	0.001182	0.000617	0.000617	0.000617	0.000617	0.000617	0.000617	0.000617	0.000617	0.000617	0.000617	0.000617	0.001313	0.000617	0.000617	0.000617	0.000617	0.000617	0.000617	0.000617	0.000617	0.000617	0.000617	0.000617	0.000617	0.000617	0.000617	0.000617	0.005739	0.000617	0.000617	0.001180	0.001313	0.000804	0.000617	0.000617	0.001298	0.008116	0.000617	0.000617	0.000617	0.000617	0.000617	0.000617	0.000617	0.000617	0.000617	0.000617	0.953775	
0.000652	0.001019	0.000652	0.000652	0.000652	0.000652	0.000652	0.000652	0.000652	0.000652	0.000652	0.000652	0.000652	0.001906	0.000652	0.000652	0.000652	0.000652	0.000652	0.000652	0.000652	0.000652	0.000652	0.000652	0.000652	0.000652	0.000652	0.000652	0.000652	0.002515	0.000652	0.000652	0.010138	0.001906	0.003814	0.000652	0.000652	0.002404	0.005925	0.000652	0.000652	0.000652	0.000652	0.000652	0.000652	0.000652	0.000652	0.000652	0.000652	0.943649	
0.000619	0.000987	0.000619	0.000619	0.000619	0.000619	0.000619	0.000619	0.000619	0.000619	0.000619	0.000619	0.000619	0.000769	0.000619	0.000619	0.000619	0.000619	0.000619	0.000619	0.000619	0.000619	0.000619	0.000619	0.000619	0.000619	0.000619	0.000619	0.000619	0.007649	0.000619	0.000619	0.005794	0.000769	0.002344	0.000619	0.000619	0.001639	0.008707	0.000619	0.000619	0.000619	0.000619	0.000619	0.000619	0.000619	0.000619	0.000619	0.000619	0.945982	
0.000600	0.001229	0.000600	0.000600	0.000600	0.000600	0.000600	0.000600	0.000600	0.000600	0.000600	0.000600	0.000600	0.001190	0.000600	0.000600	0.000600	0.000600	0.000600	0.000600	0.000600	0.000600	0.000600	0.000600	0.000600	0.000600	0.000600	0.000600	0.000600	0.000853	0.000600	0.000600	0.002821	0.001190	0.001340	0.000600	0.000600	0.017196	0.006295	0.000600	0.000600	0.000600	0.000600	0.000600	0.000600	0.000600	0.000600	0.000600	0.000600	0.943276	
0.000593	0.000987	0.000593	0.000593	0.000593	0.000593	0.000593	0.000593	0.000593	0.000593	0.000593	0.000593	0.000593	0.000943	0.000593	0.000593	0.000593	0.000593	0.000593	0.000593	0.000593	0.000593	0.000593	0.000593	0.000593	0.000593	0.000593	0.000593	0.000593	0.001143	0.000593	0.000593	0.002386	0.000943	0.001191	0.000593	0.000593	0.018274	0.005969	0.000593	0.000593	0.000593	0.000593	0.000593	0.000593	0.000593	0.000593	0.000593	0.000593	0.943837	
0.000617	0.000982	0.000617	0.000617	0.000617	0.000617	0.000617	0.000617	0.000617	0.000617	0.000617	0.000617	0.000617	0.000869	0.000617	0.000617	0.000617	0.000617	0.000617	0.000617	0.000617	0.000617	0.000617	0.000617	0.000617	0.000617	0.000617	0.000617	0.000617	0.000897	0.000617	0.000617	0.005141	0.000869	0.002125	0.000617	0.000617	0.013304	0.004485	0.000617	0.000617	0.000617	0.000617	0.000617	0.000617	0.000617	0.000617	0.000617	0.000617	0.946023	
0.000592	0.002292	0.000592	0.000592	0.000592	0.000592	0.000592	0.000592	0.000592	0.000592	0.000592	0.000592	0.000592	0.000726	0.000592	0.000592	0.000592	0.000592	0.000592	0.000592	0.000592	0.000592	0.000592	0.000592	0.000592	0.000592	0.000592	0.000592	0.000592	0.000844	0.000592	0.000592	0.001099	0.000726	0.000761	0.000592	0.000592	0.019992	0.007541	0.000592	0.000592	0.000592	0.000592	0.000592	0.000592	0.000592	0.000592	0.000592	0.000592	0.941741	
0.000669	0.005501	0.000669	0.000669	0.000669	0.000669	0.000669	0.000669	0.000669	0.000669	0.000669	0.000669	0.000669	0.001421	0.000669	0.000669	0.000669	0.000669	0.000669	0.000669	0.000669	0.000669	0.000669	0.000669	0.000669	0.000669	0.000669	0.000669	0.000669	0.001033	0.000669	0.000669	0.006210	0.001421	0.002516	0.000669	0.000669	0.001281	0.009907	0.000669	0.000669	0.000669	0.000669	0.000669	0.000669	0.000669	0.000669	0.000669	0.000669	0.943276	
0.000643	0.003413	0.000643	0.000643	0.000643	0.000643	0.000643	0.000643	0.000643	0.000643	0.000643	0.000643	0.000643	0.001108	0.000643	0.000643	0.000643	0.000643	0.000643	0.000643	0.000643	0.000643	0.000643	0.000643	0.000643	0.000643	0.000643	0.000643	0.000643	0.000900	0.000643	0.000643	0.001263	0.001108	0.000850	0.000643	0.000643	0.004046	0.006664	0.000643	0.000643	0.000643	0.000643	0.000643	0.000643	0.000643	0.000643	0.000643	0.000643	0.954267	
0.000667	0.009968	0.000667	0.000667	0.000667	0.000667	0.000667	0.000667	0.000667	0.000667	0.000667	0.000667	0.000667	0.001164	0.000667	0.000667	0.000667	0.000667	0.000667	0.000667	0.000667	0.000667	0.000667	0.000667	0.000667	0.000667	0.000667	0.000667	0.000667	0.001378	0.000667	0.000667	0.001291	0.001164	0.000875	0.000667	0.000667	0.001975	0.016587	0.000667	0.000667	0.000667	0.000667	0.000667	0.000667	0.000667	0.000667	0.000667	0.000667	0.938265	
0.000676	0.011315	0.000676	0.000676	0.000676	0.000676	0.000676	0.000676	0.000676	0.000676	0.000676	0.000676	0.000676	0.000937	0.000676	0.000676	0.000676	0.000676	0.000676	0.000676	0.000676	0.000676	0.000676	0.000676	0.000676	0.000676	0.000676	0.000676	0.000676	0.000951	0.000676	0.000676	0.001324	0.000937	0.000892	0.000676	0.000676	0.001604	0.017619	0.000676	0.000676	0.000676	0.000676	0.000676	0.000676	0.000676	0.000676	0.000676	0.000676	0.936714	
0.000646	0.006148	0.000646	0.000646	0.000646	0.000646	0.000646	0.000646	0.000646	0.000646	0.000646	0.000646	0.000646	0.001267	0.000646	0.000646	0.000646	0.000646	0.000646	0.000646	0.000646	0.000646	0.000646	0.000646	0.000646	0.000646	0.000646	0.000646	0.000646	0.000963	0.000646	0.000646	0.001325	0.001267	0.000872	0.000646	0.000646	0.005189	0.011366	0.000646	0.000646	0.000646	0.000646	0.000646	0.000646	0.000646	0.000646	0.000646	0.000646	0.945122	
0.000622	0.001300	0.000622	0.000622	0.000622	0.000622	0.000622	0.000622	0.000622	0.000622	0.000622	0.000622	0.000622	0.005361	0.000622	0.000622	0.000622	0.000622	0.000622	0.000622	0.000622	0.000622	0.000622	0.000622	0.000622	0.000622	0.000622	0.000622	0.000622	0.001113	0.000622	0.000622	0.001366	0.005361	0.000870	0.000622	0.000622	0.001742	0.011833	0.000622	0.000622	0.000622	0.000622	0.000622	0.000622	0.000622	0.000622	0.000622	0.000622	0.945554	
0.000634	0.001281	0.000634	0.000634	0.000634	0.000634	0.000634	0.000634	0.000634	0.000634	0.000634	0.000634	0.000634	0.004484	0.000634	0.000634	0.000634	0.000634	0.000634	0.000634	0.000634	0.000634	0.000634	0.000634	0.000634	0.000634	0.000634	0.000634	0.000634	0.000882	0.000634	0.000634	0.004081	0.004484	0.001783	0.000634	0.000634	0.001689	0.009760	0.000634	0.000634	0.000634	0.000634	0.000634	0.000634	0.000634	0.000634	0.000634	0.000634	0.945543	
0.000631	0.001183	0.000631	0.000631	0.000631	0.000631	0.000631	0.000631	0.000631	0.000631	0.000631	0.000631	0.000631	0.003878	0.000631	0.000631	0.000631	0.000631	0.000631	0.000631	0.000631	0.000631	0.000631	0.000631	0.000631	0.000631	0.000631	0.000631	0.000631	0.001096	0.000631	0.000631	0.003106	0.003878	0.001456	0.000631	0.000631	0.002215	0.008736	0.000631	0.000631	0.000631	0.000631	0.000631	0.000631	0.000631	0.000631	0.000631	0.000631	0.948598	
0.000610	0.001011	0.000610	0.000610	0.000610	0.000610	0.000610	0.000610	0.000610	0.000610	0.000610	0.000610	0.000610	0.000937	0.000610	0.000610	0.000610	0.000610	0.000610	0.000610	0.000610	0.000610	0.000610	0.000610	0.000610	0.000610	0.000610	0.000610	0.000610	0.007362	0.000610	0.000610	0.002643	0.000937	0.001288	0.000610	0.000610	0.001630	0.008824	0.000610	0.000610	0.000610	0.000610	0.000610	0.000610	0.000610	0.000610	0.000610	0.000610	0.950372	
0.000625	0.001094	0.000625	0.000625	0.000625	0.000625	0.000625	0.000625	0.000625	0.000625	0.000625	0.000625	0.000625	0.000820	0.000625	0.000625	0.000625	0.000625	0.000625	0.000625	0.000625	0.000625	0.000625	0.000625	0.000625	0.000625	0.000625	0.000625	0.000625	0.007198	0.000625	0.000625	0.006828	0.000820	0.002693	0.000625	0.000625	0.001310	0.008428	0.000625	0.000625	0.000625	0.000625	0.000625	0.000625	0.000625	0.000625	0.000625	0.000625	0.945185	
0.000611	0.002699	0.000611	0.000611	0.000611	0.000611	0.000611	0.000611	0.000611	0.000611	0.000611	0.000611	0.000611	0.000761	0.000611	0.000611	0.000611	0.000611	0.000611	0.000611	0.000611	0.000611	0.000611	0.000611	0.000611	0.000611	0.000611	0.000611	0.000611	0.007753	0.000611	0.000611	0.001175	0.000761	0.000799	0.000611	0.000611	0.001631	0.011390	0.000611	0.000611	0.000611	0.000611	0.000611	0.000611	0.000611	0.000611	0.000611	0.000611	0.947989	
0.000633	0.002000	0.000633	0.000633	0.000633	0.000633	0.000633	0.000633	0.000633	0.000633	0.000633	0.000633	0.000633	0.000813	0.000633	0.000633	0.000633	0.000633	0.000633	0.000633	0.000633	0.000633	0.000633	0.000633	0.000633	0.000633	0.000633	0.000633	0.000633	0.003326	0.000633	0.000633	0.001352	0.000813	0.000872	0.000633	0.000633	0.002470	0.006106	0.000633	0.000633	0.000633	0.000633	0.000633	0.000633	0.000633	0.000633	0.000633	0.000633	0.956314	
0.000640	0.001566	0.000640	0.000640	0.000640	0.000640	0.000640	0.000640	0.000640	0.000640	0.000640	0.000640	0.000640	0.000981	0.000640	0.000640	0.000640	0.000640	0.000640	0.000640	0.000640	0.000640	0.000640	0.000640	0.000640	0.000640	0.000640	0.000640	0.000640	0.001254	0.000640	0.000640	0.002361	0.000981	0.001214	0.000640	0.000640	0.001655	0.003529	0.000640	0.000640	0.000640	0.000640	0.000640	0.000640	0.000640	0.000640	0.000640	0.000640	0.960230	
0.000646	0.003449	0.000646	0.000646	0.000646	0.000646	0.000646	0.000646	0.000646	0.000646	0.000646	0.000646	0.000646	0.000825	0.000646	0.000646	0.000646	0.000646	0.000646	0.000646	0.000646	0.000646	0.000646	0.000646	0.000646	0.000646	0.000646	0.000646	0.000646	0.002121	0.000646	0.000646	0.004435	0.000825	0.001909	0.000646	0.000646	0.003203	0.007195	0.000646	0.000646	0.000646	0.000646	0.000646	0.000646	0.000646	0.000646	0.000646	0.000646	0.949538	
0.000643	0.001516	0.000643	0.000643	0.000643	0.000643	0.000643	0.000643	0.000643	0.000643	0.000643	0.000643	0.000643	0.000914	0.000643	0.000643	0.000643	0.000643	0.000643	0.000643	0.000643	0.000643	0.000643	0.000643	0.000643	0.000643	0.000643	0.000643	0.000643	0.000872	0.000643	0.000643	0.002799	0.000914	0.001361	0.000643	0.000643	0.002897	0.003175	0.000643	0.000643	0.000643	0.000643	0.000643	0.000643	0.000643	0.000643	0.000643	0.000643	0.959193	
0.000656	0.001024	0.000656	0.000656	0.000656	0.000656	0.000656	0.000656	0.000656	0.000656	0.000656	0.000656	0.000656	0.000806	0.000656	0.000656	0.000656	0.000656	0.000656	0.000656	0.000656	0.000656	0.000656	0.000656	0.000656	0.000656	0.000656	0.000656	0.000656	0.001245	0.000656	0.000656	0.008009	0.000806	0.003107	0.000656	0.000656	0.001878	0.002343	0.000656	0.000656	0.000656	0.000656	0.000656	0.000656	0.000656	0.000656	0.000656	0.000656	0.953906	
0.000645	0.001774	0.000645	0.000645	0.000645	0.000645	0.000645	0.000645	0.000645	0.000645	0.000645	0.000645	0.000645	0.000854	0.000645	0.000645	0.000645	0.000645	0.000645	0.000645	0.000645	0.000645	0.000645	0.000645	0.000645	0.000645	0.000645	0.000645	0.000645	0.000927	0.000645	0.000645	0.001513	0.000854	0.000934	0.000645	0.000645	0.002001	0.003312	0.000645	0.000645	0.000645	0.000645	0.000645	0.000645	0.000645	0.000645	0.000645	0.000645	0.961400	
