0	0	0	0	0	0	0	
0	0	29	0	0	100	0	
0	0	0	0	22	0	0	
0	0	13	0	0	0	0	
57	93	43	28	0	0	0	
0	0	0	0	0	0	109	
0	0	0	0	57	70	14	
0	0	125	0	0	0	63	
0	0	0	0	0	0	0	
0	0	0	0	0	0	36	
142	0	0	0	0	0	0	
0	0	0	0	105	0	0	
0	0	84	0	0	0	0	
0	28	0	0	0	0	0	
0	0	0	0	0	0	107	
0	0	0	0	0	0	48	
0	0	0	0	99	0	98	
0	0	0	146	0	30	0	
0	0	92	0	0	4	0	
0	0	63	1	0	32	0	
0	0	0	0	0	0	85	
0	0	0	1	112	0	0	
51	0	0	0	91	0	32	
131	11	0	0	0	0	0	
0	0	0	0	0	0	0	
1	94	16	175	123	0	0	
0	0	0	0	25	0	0	
26	3	0	0	0	92	0	
0	0	0	123	0	0	0	
0	0	17	39	0	0	0	
0	0	63	0	30	0	17	
75	183	0	0	0	25	39	
0	0	0	0	0	0	0	
0	0	0	0	0	0	0	
0	0	0	100	2	0	0	
0	0	0	0	0	0	31	
0	0	0	0	0	55	0	
0	0	1	0	0	82	0	
0	0	0	0	0	0	0	
0	0	0	0	0	150	31	
0	0	0	19	56	0	0	
0	28	0	0	0	0	0	
0	0	0	28	0	0	0	
1	140	81	0	0	0	0	
2	4	0	99	1	23	0	
0	0	0	0	0	0	0	
0	0	0	0	0	0	0	
112	0	0	0	0	0	0	
0	0	0	0	0	0	0	
0	0	0	0	0	0	34	
