0.000580	0.002798	0.000580	0.000580	0.000580	0.000580	0.000580	0.000580	0.000580	0.000580	0.000580	0.000580	0.000580	0.003323	0.000580	0.000580	0.000580	0.000580	0.000580	0.000580	0.000580	0.000580	0.000580	0.000580	0.000580	0.000580	0.000580	0.000580	0.000580	0.001074	0.000580	0.000580	0.001163	0.000827	0.000798	0.000580	0.000580	0.001672	0.009400	0.000580	0.000580	0.000580	0.000580	0.000580	0.000580	0.000580	0.000580	0.000580	0.000580	0.955147	
0.000600	0.001360	0.000600	0.000600	0.000600	0.000600	0.000600	0.000600	0.000600	0.000600	0.000600	0.000600	0.000600	0.003291	0.000600	0.000600	0.000600	0.000600	0.000600	0.000600	0.000600	0.000600	0.000600	0.000600	0.000600	0.000600	0.000600	0.000600	0.000600	0.002124	0.000600	0.000600	0.002222	0.001362	0.000816	0.000600	0.000600	0.002661	0.004543	0.000600	0.000600	0.000600	0.000600	0.000600	0.000600	0.000600	0.000600	0.000600	0.000600	0.957039	
0.000580	0.001399	0.000580	0.000580	0.000580	0.000580	0.000580	0.000580	0.000580	0.000580	0.000580	0.000580	0.000580	0.004029	0.000580	0.000580	0.000580	0.000580	0.000580	0.000580	0.000580	0.000580	0.000580	0.000580	0.000580	0.000580	0.000580	0.000580	0.000580	0.001319	0.000580	0.000580	0.001717	0.000950	0.000690	0.000580	0.000580	0.002807	0.003130	0.000580	0.000580	0.000580	0.000580	0.000580	0.000580	0.000580	0.000580	0.000580	0.000580	0.960178	
0.000640	0.003592	0.000640	0.000640	0.000640	0.000640	0.000640	0.000640	0.000640	0.000640	0.000640	0.000640	0.000640	0.001281	0.000640	0.000640	0.000640	0.000640	0.000640	0.000640	0.000640	0.000640	0.000640	0.000640	0.000640	0.000640	0.000640	0.000640	0.000640	0.001158	0.000640	0.000640	0.001296	0.000899	0.002106	0.000640	0.000640	0.009486	0.003424	0.000640	0.000640	0.000640	0.000640	0.000640	0.000640	0.000640	0.000640	0.000640	0.000640	0.950514	
0.000612	0.001142	0.000612	0.000612	0.000612	0.000612	0.000612	0.000612	0.000612	0.000612	0.000612	0.000612	0.000612	0.000984	0.000612	0.000612	0.000612	0.000612	0.000612	0.000612	0.000612	0.000612	0.000612	0.000612	0.000612	0.000612	0.000612	0.000612	0.000612	0.000943	0.000612	0.000612	0.004907	0.000778	0.003423	0.000612	0.000612	0.005624	0.004863	0.000612	0.000612	0.000612	0.000612	0.000612	0.000612	0.000612	0.000612	0.000612	0.000612	0.952255	
0.000617	0.002515	0.000617	0.000617	0.000617	0.000617	0.000617	0.000617	0.000617	0.000617	0.000617	0.000617	0.000617	0.000871	0.000617	0.000617	0.000617	0.000617	0.000617	0.000617	0.000617	0.000617	0.000617	0.000617	0.000617	0.000617	0.000617	0.000617	0.000617	0.000986	0.000617	0.000617	0.001759	0.000801	0.003348	0.000617	0.000617	0.005699	0.005992	0.000617	0.000617	0.000617	0.000617	0.000617	0.000617	0.000617	0.000617	0.000617	0.000617	0.952721	
0.000641	0.004223	0.000641	0.000641	0.000641	0.000641	0.000641	0.000641	0.000641	0.000641	0.000641	0.000641	0.000641	0.000730	0.000641	0.000641	0.000641	0.000641	0.000641	0.000641	0.000641	0.000641	0.000641	0.000641	0.000641	0.000641	0.000641	0.000641	0.000641	0.000976	0.000641	0.000641	0.001759	0.000809	0.002595	0.000641	0.000641	0.011399	0.004348	0.000641	0.000641	0.000641	0.000641	0.000641	0.000641	0.000641	0.000641	0.000641	0.000641	0.946885	
0.000647	0.002623	0.000647	0.000647	0.000647	0.000647	0.000647	0.000647	0.000647	0.000647	0.000647	0.000647	0.000647	0.001544	0.000647	0.000647	0.000647	0.000647	0.000647	0.000647	0.000647	0.000647	0.000647	0.000647	0.000647	0.000647	0.000647	0.000647	0.000647	0.001137	0.000647	0.000647	0.002933	0.000892	0.000930	0.000647	0.000647	0.003340	0.008697	0.000647	0.000647	0.000647	0.000647	0.000647	0.000647	0.000647	0.000647	0.000647	0.000647	0.951366	
0.000681	0.003270	0.000681	0.000681	0.000681	0.000681	0.000681	0.000681	0.000681	0.000681	0.000681	0.000681	0.000681	0.000963	0.000681	0.000681	0.000681	0.000681	0.000681	0.000681	0.000681	0.000681	0.000681	0.000681	0.000681	0.000681	0.000681	0.000681	0.000681	0.000900	0.000681	0.000681	0.002122	0.000791	0.000845	0.000681	0.000681	0.006076	0.006110	0.000681	0.000681	0.000681	0.000681	0.000681	0.000681	0.000681	0.000681	0.000681	0.000681	0.950995	
0.000641	0.004891	0.000641	0.000641	0.000641	0.000641	0.000641	0.000641	0.000641	0.000641	0.000641	0.000641	0.000641	0.001172	0.000641	0.000641	0.000641	0.000641	0.000641	0.000641	0.000641	0.000641	0.000641	0.000641	0.000641	0.000641	0.000641	0.000641	0.000641	0.001019	0.000641	0.000641	0.002551	0.000830	0.000904	0.000641	0.000641	0.007146	0.012088	0.000641	0.000641	0.000641	0.000641	0.000641	0.000641	0.000641	0.000641	0.000641	0.000641	0.943101	
0.000644	0.005145	0.000644	0.000644	0.000644	0.000644	0.000644	0.000644	0.000644	0.000644	0.000644	0.000644	0.000644	0.000795	0.000644	0.000644	0.000644	0.000644	0.000644	0.000644	0.000644	0.000644	0.000644	0.000644	0.000644	0.000644	0.000644	0.000644	0.000644	0.000917	0.000644	0.000644	0.001722	0.000781	0.000764	0.000644	0.000644	0.002568	0.017868	0.000644	0.000644	0.000644	0.000644	0.000644	0.000644	0.000644	0.000644	0.000644	0.000644	0.943030	
0.000659	0.004711	0.000659	0.000659	0.000659	0.000659	0.000659	0.000659	0.000659	0.000659	0.000659	0.000659	0.000659	0.000790	0.000659	0.000659	0.000659	0.000659	0.000659	0.000659	0.000659	0.000659	0.000659	0.000659	0.000659	0.000659	0.000659	0.000659	0.000659	0.001005	0.000659	0.000659	0.004537	0.000832	0.000784	0.000659	0.000659	0.009199	0.011068	0.000659	0.000659	0.000659	0.000659	0.000659	0.000659	0.000659	0.000659	0.000659	0.000659	0.940070	
0.000612	0.002486	0.000612	0.000612	0.000612	0.000612	0.000612	0.000612	0.000612	0.000612	0.000612	0.000612	0.000612	0.002373	0.000612	0.000612	0.000612	0.000612	0.000612	0.000612	0.000612	0.000612	0.000612	0.000612	0.000612	0.000612	0.000612	0.000612	0.000612	0.001149	0.000612	0.000612	0.002297	0.000881	0.001097	0.000612	0.000612	0.002762	0.008423	0.000612	0.000612	0.000612	0.000612	0.000612	0.000612	0.000612	0.000612	0.000612	0.000612	0.953445	
0.000608	0.001425	0.000608	0.000608	0.000608	0.000608	0.000608	0.000608	0.000608	0.000608	0.000608	0.000608	0.000608	0.002879	0.000608	0.000608	0.000608	0.000608	0.000608	0.000608	0.000608	0.000608	0.000608	0.000608	0.000608	0.000608	0.000608	0.000608	0.000608	0.000910	0.000608	0.000608	0.003754	0.000759	0.001069	0.000608	0.000608	0.004387	0.003743	0.000608	0.000608	0.000608	0.000608	0.000608	0.000608	0.000608	0.000608	0.000608	0.000608	0.956132	
0.000589	0.001511	0.000589	0.000589	0.000589	0.000589	0.000589	0.000589	0.000589	0.000589	0.000589	0.000589	0.000589	0.003268	0.000589	0.000589	0.000589	0.000589	0.000589	0.000589	0.000589	0.000589	0.000589	0.000589	0.000589	0.000589	0.000589	0.000589	0.000589	0.001071	0.000589	0.000589	0.003484	0.000830	0.001091	0.000589	0.000589	0.003982	0.004515	0.000589	0.000589	0.000589	0.000589	0.000589	0.000589	0.000589	0.000589	0.000589	0.000589	0.956083	
0.000639	0.001173	0.000639	0.000639	0.000639	0.000639	0.000639	0.000639	0.000639	0.000639	0.000639	0.000639	0.000639	0.000881	0.000639	0.000639	0.000639	0.000639	0.000639	0.000639	0.000639	0.000639	0.000639	0.000639	0.000639	0.000639	0.000639	0.000639	0.000639	0.010312	0.000639	0.000639	0.005908	0.005476	0.000802	0.000639	0.000639	0.002173	0.015976	0.000639	0.000639	0.000639	0.000639	0.000639	0.000639	0.000639	0.000639	0.000639	0.000639	0.931087	
0.000626	0.000914	0.000626	0.000626	0.000626	0.000626	0.000626	0.000626	0.000626	0.000626	0.000626	0.000626	0.000626	0.001137	0.000626	0.000626	0.000626	0.000626	0.000626	0.000626	0.000626	0.000626	0.000626	0.000626	0.000626	0.000626	0.000626	0.000626	0.000626	0.009388	0.000626	0.000626	0.005244	0.005007	0.001182	0.000626	0.000626	0.001271	0.014935	0.000626	0.000626	0.000626	0.000626	0.000626	0.000626	0.000626	0.000626	0.000626	0.000626	0.935256	
0.000634	0.000951	0.000634	0.000634	0.000634	0.000634	0.000634	0.000634	0.000634	0.000634	0.000634	0.000634	0.000634	0.000837	0.000634	0.000634	0.000634	0.000634	0.000634	0.000634	0.000634	0.000634	0.000634	0.000634	0.000634	0.000634	0.000634	0.000634	0.000634	0.010708	0.000634	0.000634	0.005971	0.005671	0.000983	0.000634	0.000634	0.001388	0.016758	0.000634	0.000634	0.000634	0.000634	0.000634	0.000634	0.000634	0.000634	0.000634	0.000634	0.930749	
0.000694	0.003082	0.000694	0.000694	0.000694	0.000694	0.000694	0.000694	0.000694	0.000694	0.000694	0.000694	0.000694	0.000910	0.000694	0.000694	0.000694	0.000694	0.000694	0.000694	0.000694	0.000694	0.000694	0.000694	0.000694	0.000694	0.000694	0.000694	0.000694	0.001365	0.000694	0.000694	0.002216	0.001029	0.000843	0.000694	0.000694	0.008237	0.002930	0.000694	0.000694	0.000694	0.000694	0.000694	0.000694	0.000694	0.000694	0.000694	0.000694	0.950953	
0.000659	0.001157	0.000659	0.000659	0.000659	0.000659	0.000659	0.000659	0.000659	0.000659	0.000659	0.000659	0.000659	0.000761	0.000659	0.000659	0.000659	0.000659	0.000659	0.000659	0.000659	0.000659	0.000659	0.000659	0.000659	0.000659	0.000659	0.000659	0.000659	0.003356	0.000659	0.000659	0.008139	0.002008	0.001435	0.000659	0.000659	0.007342	0.006736	0.000659	0.000659	0.000659	0.000659	0.000659	0.000659	0.000659	0.000659	0.000659	0.000659	0.942046	
0.000665	0.002414	0.000665	0.000665	0.000665	0.000665	0.000665	0.000665	0.000665	0.000665	0.000665	0.000665	0.000665	0.000897	0.000665	0.000665	0.000665	0.000665	0.000665	0.000665	0.000665	0.000665	0.000665	0.000665	0.000665	0.000665	0.000665	0.000665	0.000665	0.002604	0.000665	0.000665	0.004830	0.001634	0.001222	0.000665	0.000665	0.007382	0.006427	0.000665	0.000665	0.000665	0.000665	0.000665	0.000665	0.000665	0.000665	0.000665	0.000665	0.945310	
0.000621	0.002643	0.000621	0.000621	0.000621	0.000621	0.000621	0.000621	0.000621	0.000621	0.000621	0.000621	0.000621	0.001195	0.000621	0.000621	0.000621	0.000621	0.000621	0.000621	0.000621	0.000621	0.000621	0.000621	0.000621	0.000621	0.000621	0.000621	0.000621	0.000845	0.000621	0.000621	0.001788	0.000733	0.002915	0.000621	0.000621	0.006905	0.004364	0.000621	0.000621	0.000621	0.000621	0.000621	0.000621	0.000621	0.000621	0.000621	0.000621	0.953142	
0.000615	0.001580	0.000615	0.000615	0.000615	0.000615	0.000615	0.000615	0.000615	0.000615	0.000615	0.000615	0.000615	0.000795	0.000615	0.000615	0.000615	0.000615	0.000615	0.000615	0.000615	0.000615	0.000615	0.000615	0.000615	0.000615	0.000615	0.000615	0.000615	0.003142	0.000615	0.000615	0.003782	0.001878	0.003113	0.000615	0.000615	0.004186	0.008544	0.000615	0.000615	0.000615	0.000615	0.000615	0.000615	0.000615	0.000615	0.000615	0.000615	0.947782	
0.000618	0.000977	0.000618	0.000618	0.000618	0.000618	0.000618	0.000618	0.000618	0.000618	0.000618	0.000618	0.000618	0.000759	0.000618	0.000618	0.000618	0.000618	0.000618	0.000618	0.000618	0.000618	0.000618	0.000618	0.000618	0.000618	0.000618	0.000618	0.000618	0.001047	0.000618	0.000618	0.002578	0.000833	0.003737	0.000618	0.000618	0.002718	0.005341	0.000618	0.000618	0.000618	0.000618	0.000618	0.000618	0.000618	0.000618	0.000618	0.000618	0.956655	
