0.016843	0.009010	0.001181	0.009268	0.001800	0.001507	0.010042	0.037557	0.007333	0.053638	0.023303	0.094503	0.028439	0.003327	0.037462	0.000150	0.011625	0.010799	0.039575	0.000150	0.011681	0.025593	0.010213	0.027259	0.063944	0.023264	0.000679	0.004287	0.004562	0.041873	0.000150	0.002187	0.029891	0.003419	0.016254	0.038170	0.009319	0.004606	0.003229	0.070421	0.017617	0.008015	0.021033	0.022880	0.024602	0.012512	0.004916	0.005805	0.004469	0.089639	
0.025258	0.011622	0.002925	0.006423	0.004586	0.002718	0.015676	0.057454	0.021265	0.015484	0.009806	0.094321	0.028330	0.008684	0.048606	0.000156	0.002738	0.002684	0.051409	0.000156	0.004710	0.005994	0.002506	0.041984	0.082710	0.024317	0.001719	0.002912	0.003095	0.015058	0.000156	0.003231	0.027716	0.002487	0.009493	0.051534	0.002245	0.012118	0.009242	0.091412	0.011791	0.005762	0.020358	0.008249	0.005727	0.020486	0.001228	0.004188	0.001311	0.115961	
0.023312	0.010803	0.002665	0.008902	0.004170	0.003409	0.014634	0.052972	0.026511	0.019189	0.012108	0.090348	0.026950	0.007883	0.045243	0.000157	0.003763	0.003349	0.048366	0.000157	0.005451	0.007649	0.003400	0.043021	0.076813	0.023022	0.002132	0.004783	0.005091	0.022917	0.000157	0.003274	0.026567	0.002671	0.009689	0.047847	0.002830	0.010993	0.011637	0.085326	0.019689	0.006205	0.019817	0.009652	0.007285	0.021620	0.001655	0.004506	0.001720	0.107688	
0.010298	0.000563	0.004024	0.007112	0.006355	0.008865	0.021360	0.025715	0.054652	0.120070	0.102269	0.116539	0.002451	0.012106	0.002693	0.000138	0.049825	0.002085	0.017939	0.000138	0.003376	0.004512	0.043030	0.032895	0.003195	0.001898	0.004256	0.004285	0.004562	0.139808	0.000138	0.002282	0.002803	0.001711	0.002215	0.008134	0.001687	0.016924	0.024071	0.017248	0.017647	0.003921	0.019759	0.005852	0.004268	0.020935	0.020777	0.002858	0.015329	0.004426	
0.006877	0.001366	0.002117	0.025165	0.003294	0.012146	0.011943	0.016550	0.090938	0.064969	0.057139	0.063844	0.004970	0.006196	0.006544	0.000156	0.024035	0.002958	0.041129	0.000156	0.017761	0.006820	0.021434	0.056872	0.008868	0.003960	0.007124	0.007190	0.007659	0.083944	0.000156	0.003882	0.005449	0.013199	0.003651	0.008689	0.002510	0.008628	0.040660	0.035257	0.029855	0.031529	0.028262	0.028419	0.006433	0.035894	0.010075	0.022716	0.008238	0.012377	
0.003908	0.001600	0.000749	0.022555	0.001103	0.013875	0.004344	0.008872	0.102657	0.073895	0.067604	0.078419	0.004564	0.001978	0.007700	0.000158	0.029650	0.001641	0.020879	0.000158	0.008634	0.003918	0.025892	0.064702	0.010545	0.003785	0.008066	0.012445	0.013264	0.111388	0.000158	0.004400	0.004741	0.006182	0.002507	0.007738	0.001419	0.002711	0.046123	0.022308	0.052037	0.014650	0.020627	0.013530	0.003522	0.040790	0.012408	0.010579	0.009891	0.014729	
0.003130	0.000584	0.001151	0.099170	0.001721	0.001406	0.005935	0.007426	0.009795	0.010531	0.005488	0.007212	0.002400	0.003126	0.001940	0.000202	0.001989	0.002010	0.008552	0.000202	0.005284	0.006225	0.001834	0.006714	0.002951	0.001865	0.000920	0.080868	0.086246	0.229275	0.000202	0.000637	0.002752	0.001909	0.002231	0.005048	0.001732	0.004304	0.004375	0.008120	0.340794	0.004308	0.003740	0.006129	0.004282	0.004167	0.000944	0.003154	0.000964	0.004058	
0.013751	0.001511	0.004816	0.016959	0.007624	0.003366	0.037643	0.033953	0.026162	0.082841	0.017907	0.023811	0.026278	0.014548	0.006262	0.000138	0.005890	0.031140	0.028658	0.000138	0.026738	0.074005	0.005295	0.018283	0.010027	0.018554	0.002034	0.010203	0.010874	0.043870	0.000138	0.001360	0.032930	0.003872	0.032300	0.013223	0.026775	0.020350	0.011157	0.028048	0.042637	0.009119	0.009255	0.055573	0.071170	0.011009	0.002527	0.006596	0.004668	0.014011	
0.003510	0.000664	0.001159	0.006009	0.001780	0.002221	0.022383	0.008422	0.009857	0.136774	0.040920	0.051637	0.030994	0.003310	0.002524	0.000125	0.020927	0.039898	0.011490	0.000125	0.031615	0.095122	0.018190	0.007112	0.004004	0.021405	0.000852	0.002215	0.002354	0.059990	0.000125	0.000596	0.039695	0.002783	0.040853	0.003998	0.034469	0.004592	0.004349	0.011463	0.008949	0.006518	0.011655	0.067636	0.091709	0.004306	0.008766	0.004722	0.009664	0.005567	
0.005591	0.000924	0.001864	0.024316	0.002897	0.004500	0.018804	0.013544	0.029989	0.094014	0.038381	0.046534	0.018782	0.005444	0.003845	0.000143	0.017878	0.022798	0.035400	0.000143	0.030111	0.054297	0.016046	0.019579	0.005762	0.013189	0.002408	0.008080	0.008609	0.070318	0.000143	0.001431	0.023681	0.011675	0.023581	0.006277	0.019667	0.007578	0.013305	0.029015	0.033654	0.027882	0.023445	0.056939	0.052206	0.012182	0.007510	0.020090	0.007524	0.008025	
0.002862	0.000632	0.000938	0.033136	0.001414	0.001581	0.017999	0.006774	0.009558	0.091451	0.015622	0.020203	0.025347	0.002589	0.002326	0.000144	0.007304	0.032466	0.038100	0.000144	0.040493	0.077585	0.007090	0.006855	0.003657	0.017539	0.000852	0.012425	0.013244	0.055792	0.000144	0.000596	0.032413	0.014515	0.033274	0.003668	0.028056	0.003574	0.004259	0.028759	0.051996	0.034712	0.023448	0.077454	0.074576	0.004177	0.003118	0.025002	0.005062	0.005071	
0.003419	0.000580	0.001203	0.022266	0.001837	0.006872	0.012548	0.008216	0.044579	0.106813	0.062813	0.072609	0.012924	0.003401	0.002607	0.000146	0.030504	0.015984	0.014739	0.000146	0.016628	0.038208	0.026524	0.027475	0.003269	0.009045	0.003554	0.014195	0.015132	0.118106	0.000146	0.001937	0.016361	0.004288	0.016470	0.004056	0.013800	0.004711	0.019957	0.013469	0.059465	0.010109	0.016849	0.032657	0.036557	0.017452	0.012756	0.007310	0.010784	0.004527	
0.003517	0.000938	0.000980	0.005042	0.001495	0.001915	0.026814	0.008287	0.013544	0.126391	0.010683	0.016457	0.041016	0.002763	0.003734	0.000123	0.004543	0.052479	0.010165	0.000123	0.039753	0.125209	0.004037	0.010052	0.005986	0.028356	0.001139	0.002141	0.002275	0.017542	0.000123	0.000794	0.052463	0.002090	0.053821	0.004873	0.045351	0.003826	0.006030	0.011324	0.008641	0.004854	0.005523	0.086211	0.120730	0.006036	0.001959	0.003525	0.005976	0.008348	
0.021834	0.001406	0.008199	0.009702	0.013035	0.008545	0.051485	0.054549	0.071062	0.056583	0.021430	0.017421	0.019074	0.024965	0.006452	0.000139	0.003443	0.021943	0.041338	0.000139	0.020915	0.051547	0.003232	0.044044	0.009263	0.013596	0.005421	0.003288	0.003498	0.018685	0.000139	0.003034	0.023681	0.004692	0.022745	0.017987	0.018708	0.034960	0.030844	0.037329	0.013438	0.011090	0.009430	0.042368	0.049656	0.027616	0.001511	0.008014	0.003586	0.012939	
0.021143	0.001793	0.007673	0.021872	0.012188	0.006235	0.046794	0.052567	0.051399	0.049166	0.020162	0.022146	0.016743	0.023326	0.007769	0.000147	0.004242	0.017624	0.039427	0.000147	0.017401	0.041504	0.003889	0.033450	0.012000	0.012173	0.003923	0.014052	0.014979	0.050450	0.000147	0.002364	0.020363	0.004114	0.018602	0.018880	0.014994	0.032658	0.022091	0.037689	0.058855	0.009690	0.009413	0.034513	0.039740	0.020599	0.001848	0.007009	0.003272	0.016773	
0.046799	0.000715	0.018880	0.009623	0.030126	0.004221	0.099130	0.118380	0.035924	0.032500	0.039793	0.028652	0.003895	0.057869	0.003001	0.000135	0.010699	0.004139	0.067187	0.000135	0.004469	0.008050	0.009322	0.019344	0.004308	0.002949	0.002438	0.006369	0.006784	0.045685	0.000135	0.001402	0.004554	0.001715	0.003792	0.031286	0.002948	0.081112	0.013519	0.055773	0.026456	0.003935	0.006743	0.008167	0.007635	0.012142	0.004523	0.002868	0.003787	0.005989	
0.046526	0.002786	0.017415	0.006998	0.027780	0.005785	0.091297	0.116509	0.051564	0.012526	0.024867	0.025562	0.008171	0.053347	0.011920	0.000139	0.002354	0.003438	0.072283	0.000139	0.005598	0.006428	0.002209	0.034292	0.019195	0.006758	0.003687	0.002698	0.002869	0.014275	0.000139	0.002442	0.008481	0.003121	0.004379	0.037528	0.002393	0.074769	0.020760	0.068404	0.010945	0.007312	0.008785	0.009730	0.006150	0.020567	0.001059	0.005297	0.001451	0.026870	
0.028217	0.004248	0.008963	0.022298	0.014253	0.001548	0.046912	0.069153	0.009806	0.037954	0.032214	0.060027	0.011146	0.027299	0.017467	0.000148	0.012581	0.002604	0.074521	0.000148	0.018087	0.005260	0.011603	0.014871	0.029668	0.009417	0.000677	0.004048	0.004308	0.046249	0.000148	0.001232	0.011200	0.013901	0.004747	0.030477	0.001966	0.038230	0.003220	0.074081	0.016613	0.033230	0.029425	0.028739	0.004995	0.007267	0.005312	0.023937	0.004027	0.041559	
0.025297	0.000870	0.009970	0.015074	0.015869	0.003596	0.052716	0.063652	0.019473	0.084041	0.071353	0.079886	0.004241	0.030420	0.003444	0.000139	0.032691	0.003778	0.042450	0.000139	0.006556	0.008095	0.028361	0.011659	0.005402	0.003251	0.001390	0.009107	0.009705	0.109788	0.000139	0.000911	0.004883	0.003424	0.003878	0.018357	0.002945	0.042611	0.007412	0.037058	0.038005	0.008042	0.016797	0.011293	0.007621	0.007121	0.013660	0.005822	0.010086	0.007522	
0.027276	0.000922	0.010766	0.017691	0.017134	0.015776	0.056921	0.068636	0.131904	0.012749	0.029354	0.011983	0.003615	0.032840	0.005237	0.000154	0.002754	0.002852	0.049499	0.000154	0.008087	0.005792	0.002672	0.078417	0.005679	0.002845	0.010075	0.009330	0.009941	0.033857	0.000154	0.005268	0.004039	0.005292	0.002927	0.020255	0.002120	0.045999	0.057820	0.041390	0.038895	0.012513	0.009329	0.013181	0.005395	0.049983	0.001234	0.009041	0.002347	0.007904	
0.019121	0.001561	0.007003	0.011307	0.011114	0.017020	0.037452	0.047555	0.136804	0.038108	0.047165	0.041994	0.005199	0.021252	0.008016	0.000153	0.013767	0.002850	0.031534	0.000153	0.004268	0.006105	0.011983	0.083710	0.010292	0.004201	0.010546	0.007465	0.007952	0.056120	0.000153	0.005631	0.005592	0.002026	0.003462	0.017151	0.002247	0.029747	0.060562	0.031228	0.031025	0.004659	0.009365	0.007415	0.005738	0.053017	0.005808	0.003393	0.005637	0.014376	
0.003897	0.000900	0.001209	0.053337	0.001837	0.003365	0.007024	0.009234	0.021112	0.051375	0.033246	0.041016	0.004183	0.003386	0.003561	0.000162	0.015609	0.003319	0.094551	0.000162	0.047284	0.007704	0.015507	0.014330	0.005476	0.003222	0.001756	0.004591	0.004886	0.060338	0.000162	0.001107	0.004795	0.037840	0.003773	0.004977	0.002855	0.004683	0.009424	0.068606	0.018860	0.090793	0.059376	0.074317	0.007342	0.008841	0.006579	0.065335	0.005141	0.007617	
0.005467	0.001130	0.001717	0.048639	0.002642	0.014225	0.009577	0.013081	0.116091	0.014827	0.019882	0.012989	0.003825	0.004925	0.005861	0.000175	0.002571	0.002184	0.052343	0.000175	0.024297	0.005286	0.003252	0.071244	0.007055	0.003076	0.009096	0.020729	0.022100	0.067541	0.000175	0.004827	0.004158	0.018910	0.002729	0.007451	0.001858	0.006837	0.052031	0.040821	0.086961	0.045240	0.028654	0.037676	0.004664	0.045276	0.001170	0.032581	0.002156	0.009826	
0.019903	0.000580	0.007972	0.048052	0.012661	0.002082	0.042709	0.050092	0.017085	0.026468	0.017015	0.012469	0.004377	0.024227	0.002144	0.000156	0.004132	0.004822	0.106107	0.000156	0.043287	0.010657	0.005397	0.009831	0.003205	0.003217	0.001272	0.004521	0.004812	0.030069	0.000156	0.000799	0.005294	0.033738	0.004837	0.013938	0.003919	0.033918	0.006638	0.077111	0.018586	0.080933	0.049290	0.068735	0.010191	0.006129	0.001808	0.058243	0.001827	0.004433	
