30
30
30
30
30
30
30
30
30
30
30
30
30
30
13
13
13
13
13
13
13
13
13
13
13
13
13
13
13
13
13
13
13
13
13
13
13
13
13
13
13
13
13
30
30
30
30
30
30
30
30
30
30
30
30
30
49
49
49
49
49
49
49
49
49
49
49
49
5
5
5
5
5
13
13
13
13
13
13
13
13
13
13
13
13
13
13
13
13
13
13
39
39
39
39
39
39
39
39
39
39
42
42
42
42
42
42
42
42
42
42
42
42
42
42
42
42
28
28
28
28
28
28
28
28
28
28
28
28
28
28
28
28
28
28
28
28
28
7
7
7
7
7
7
7
7
7
7
7
45
45
45
45
45
45
45
45
45
45
45
45
45
45
45
45
45
45
45
45
45
45
45
45
45
45
45
7
7
7
7
7
7
7
7
7
7
7
7
7
7
7
7
5
5
5
5
5
5
5
5
5
5
5
5
39
39
39
39
39
39
39
39
39
39
39
39
39
39
39
42
42
42
42
42
42
42
42
42
42
42
42
42
42
42
34
34
34
34
34
34
34
34
34
34
34
34
34
34
34
5
5
5
5
