0.037685	0.001265	0.003116	0.061675	0.053702	0.006415	0.005794	0.003516	0.051532	0.081682	0.034350	0.000952	0.001575	0.000148	0.003536	0.007546	0.033292	0.000148	0.011597	0.031537	0.068793	0.001289	0.042696	0.036353	0.006178	0.001265	0.003446	0.001168	0.058049	0.042148	0.002672	0.007835	0.002995	0.003435	0.022152	0.002188	0.049474	0.001088	0.000853	0.000456	0.000952	0.035078	0.050114	0.001120	0.010397	0.077495	0.000148	0.004483	0.027269	0.007352	
0.051999	0.004334	0.006673	0.020079	0.059934	0.013053	0.001988	0.007550	0.083839	0.018204	0.015843	0.003165	0.003291	0.000160	0.010971	0.002555	0.002345	0.000160	0.023863	0.047649	0.094751	0.002665	0.070154	0.039687	0.011890	0.004334	0.012428	0.003955	0.035664	0.003420	0.007956	0.011790	0.010751	0.010679	0.067104	0.007750	0.074785	0.002094	0.001611	0.001308	0.003165	0.011604	0.075755	0.003779	0.015667	0.012295	0.000160	0.016354	0.006295	0.002492	
0.053479	0.002948	0.006085	0.021603	0.060364	0.012707	0.002128	0.006883	0.078277	0.037384	0.014580	0.002167	0.003009	0.000161	0.008016	0.002739	0.011735	0.000161	0.023124	0.048226	0.096062	0.002439	0.069073	0.043230	0.011588	0.002948	0.003475	0.001186	0.037008	0.015115	0.002411	0.011932	0.003022	0.007790	0.050569	0.002211	0.075692	0.002043	0.001572	0.000471	0.002167	0.012464	0.076673	0.001138	0.015855	0.030644	0.000161	0.010974	0.011642	0.002671	
0.018227	0.002272	0.002818	0.057878	0.027260	0.031283	0.005441	0.003179	0.045840	0.063932	0.069548	0.001675	0.001429	0.000142	0.005397	0.007085	0.019670	0.000142	0.056756	0.006098	0.018997	0.001172	0.014012	0.027440	0.028535	0.002272	0.046779	0.014570	0.043925	0.025065	0.029925	0.001601	0.040405	0.005260	0.069913	0.028997	0.009501	0.004813	0.003646	0.004504	0.001675	0.033236	0.009622	0.013899	0.002087	0.058046	0.000142	0.008405	0.018581	0.006902	
0.008509	0.001236	0.007679	0.013697	0.018939	0.004270	0.001379	0.008694	0.095159	0.013026	0.138559	0.000928	0.003762	0.000135	0.005340	0.001766	0.003331	0.000135	0.007718	0.006760	0.014696	0.003036	0.027444	0.007903	0.003942	0.001236	0.123178	0.038198	0.012766	0.004304	0.078075	0.001757	0.106359	0.005151	0.018864	0.076262	0.010546	0.000755	0.000600	0.011642	0.000928	0.007869	0.010681	0.036428	0.002298	0.043777	0.000135	0.004408	0.004019	0.001723	
0.015545	0.002472	0.020147	0.037505	0.042279	0.016478	0.003581	0.022838	0.058927	0.029831	0.074729	0.001823	0.009765	0.000153	0.012773	0.004645	0.007685	0.000153	0.029928	0.009381	0.022773	0.007843	0.063278	0.017614	0.015082	0.002472	0.061518	0.019136	0.030892	0.009945	0.039102	0.002413	0.053130	0.012295	0.050632	0.038120	0.014655	0.002602	0.001989	0.005892	0.001823	0.021515	0.014843	0.018253	0.003166	0.045168	0.000153	0.009151	0.009382	0.004526	
0.009103	0.000961	0.002478	0.040511	0.018677	0.005958	0.003839	0.002793	0.058621	0.081999	0.115366	0.000729	0.001260	0.000133	0.002702	0.004989	0.033257	0.000133	0.010757	0.003358	0.011496	0.001035	0.009962	0.017130	0.005631	0.000961	0.077075	0.023935	0.030331	0.042073	0.049280	0.000923	0.066558	0.002624	0.018144	0.047738	0.005200	0.001007	0.000789	0.007329	0.000729	0.023079	0.005266	0.022828	0.001186	0.095934	0.000133	0.003344	0.025792	0.004861	
0.030663	0.002094	0.010999	0.092548	0.057442	0.041215	0.008633	0.012460	0.036644	0.031156	0.011770	0.001551	0.005368	0.000153	0.008337	0.011264	0.003920	0.000153	0.074732	0.016778	0.044080	0.004325	0.047283	0.034245	0.037693	0.002094	0.007484	0.002421	0.073405	0.005144	0.004844	0.004225	0.006482	0.008051	0.082128	0.004689	0.026278	0.006313	0.004773	0.000839	0.001551	0.053004	0.026617	0.002316	0.005582	0.017821	0.000153	0.007684	0.009624	0.010972	
0.026258	0.001471	0.003745	0.061513	0.025292	0.071013	0.005787	0.004228	0.016817	0.085820	0.026722	0.001103	0.001882	0.000157	0.004181	0.007535	0.022030	0.000157	0.128690	0.001922	0.011346	0.001537	0.011715	0.046316	0.064316	0.001471	0.005940	0.001946	0.044636	0.027944	0.004106	0.000589	0.005150	0.004060	0.118088	0.003735	0.002931	0.010785	0.008128	0.000698	0.001103	0.035798	0.002967	0.001863	0.000733	0.053304	0.000157	0.005255	0.019721	0.007341	
0.010586	0.001834	0.013305	0.176498	0.075046	0.005818	0.016318	0.015079	0.013015	0.045451	0.023368	0.001357	0.006465	0.000132	0.008788	0.021341	0.017319	0.000132	0.010573	0.004839	0.031583	0.005199	0.040230	0.012393	0.006365	0.001834	0.006798	0.002194	0.127822	0.022047	0.004578	0.001285	0.005887	0.008466	0.028051	0.004256	0.007529	0.000985	0.000772	0.000756	0.001357	0.100107	0.007625	0.002098	0.001669	0.049831	0.000132	0.006736	0.023368	0.020783	
0.010969	0.001944	0.009913	0.191743	0.073581	0.018440	0.017715	0.011230	0.009478	0.034130	0.014880	0.001436	0.004834	0.000130	0.007637	0.023172	0.009838	0.000130	0.033462	0.002029	0.028066	0.003893	0.028216	0.014470	0.017822	0.001944	0.005341	0.001742	0.137416	0.012610	0.003557	0.000595	0.004629	0.007376	0.047654	0.003354	0.003114	0.002877	0.002190	0.000617	0.001436	0.108899	0.003152	0.001667	0.000750	0.030846	0.000130	0.007170	0.019211	0.022566	
0.010982	0.001177	0.004060	0.133529	0.050398	0.010418	0.012371	0.004590	0.029005	0.062762	0.057472	0.000883	0.002019	0.000129	0.003770	0.016171	0.024180	0.000129	0.018862	0.003675	0.023889	0.001641	0.014521	0.016463	0.010233	0.001177	0.032062	0.010007	0.096705	0.030634	0.020662	0.000997	0.027697	0.003653	0.027161	0.019886	0.005701	0.001672	0.001286	0.003115	0.000883	0.075823	0.005773	0.009548	0.001287	0.065807	0.000129	0.004194	0.025063	0.015748	
0.019806	0.002469	0.002447	0.152814	0.063973	0.010589	0.014142	0.002759	0.028206	0.047491	0.026020	0.001814	0.001244	0.000130	0.005649	0.018491	0.016778	0.000130	0.019273	0.012983	0.044377	0.001021	0.020680	0.020191	0.010509	0.002469	0.009636	0.003071	0.114616	0.021439	0.006367	0.003278	0.008337	0.005511	0.042326	0.006012	0.020328	0.001699	0.001307	0.001019	0.001814	0.086750	0.020591	0.002934	0.004327	0.042661	0.000130	0.009203	0.022182	0.018008	
0.017504	0.002303	0.009876	0.161306	0.066722	0.033511	0.014929	0.011187	0.015622	0.028911	0.008934	0.001697	0.004820	0.000139	0.008314	0.019520	0.004338	0.000139	0.060799	0.005010	0.029984	0.003884	0.031422	0.022432	0.031194	0.002303	0.004536	0.001499	0.117081	0.005703	0.002978	0.001332	0.003935	0.008040	0.073550	0.002860	0.007793	0.005145	0.003893	0.000550	0.001697	0.091850	0.007893	0.001436	0.001729	0.018006	0.000139	0.008537	0.014011	0.019010	
0.031081	0.001871	0.006801	0.131500	0.075544	0.004944	0.012194	0.007698	0.046749	0.025449	0.015302	0.001386	0.003342	0.000138	0.006224	0.015935	0.008841	0.000138	0.008987	0.027061	0.068963	0.002701	0.047569	0.023885	0.005295	0.001871	0.006569	0.002128	0.105759	0.011339	0.004324	0.006732	0.005690	0.006027	0.027133	0.004117	0.042445	0.000859	0.000679	0.000740	0.001386	0.074609	0.042995	0.002035	0.008929	0.026490	0.000138	0.006860	0.015031	0.015519	
0.004796	0.030771	0.003101	0.010048	0.009250	0.003290	0.001062	0.003498	0.014721	0.067328	0.013335	0.022198	0.001571	0.000154	0.061355	0.001343	0.006819	0.000154	0.008287	0.003029	0.006980	0.001287	0.014763	0.006104	0.003039	0.030771	0.005439	0.001789	0.008490	0.012247	0.003587	0.000858	0.004717	0.060074	0.358643	0.003424	0.004672	0.000624	0.000506	0.000648	0.022198	0.005798	0.004730	0.001713	0.001092	0.018282	0.000154	0.118951	0.030996	0.001312	
0.006399	0.024217	0.006036	0.009340	0.012141	0.003650	0.000997	0.006828	0.015708	0.089557	0.029691	0.017480	0.002982	0.000154	0.049693	0.001259	0.020968	0.000154	0.008415	0.003043	0.006918	0.002417	0.021722	0.011329	0.003358	0.024217	0.008697	0.002797	0.007992	0.029332	0.005837	0.000862	0.007530	0.048618	0.283392	0.005440	0.004694	0.000679	0.000548	0.000953	0.017480	0.005401	0.004753	0.002674	0.001098	0.052517	0.000154	0.093519	0.035131	0.001230	
0.013474	0.024806	0.002822	0.006304	0.009441	0.027370	0.000723	0.003181	0.019484	0.063790	0.011172	0.017905	0.001439	0.000159	0.049542	0.000898	0.004714	0.000159	0.051450	0.004754	0.009845	0.001183	0.015197	0.019157	0.024688	0.024806	0.005457	0.001798	0.006597	0.008870	0.003573	0.001284	0.004733	0.048505	0.324531	0.003437	0.007379	0.004240	0.003220	0.000654	0.017905	0.003980	0.007473	0.001722	0.001659	0.013366	0.000159	0.095788	0.024329	0.000878	
0.013260	0.004175	0.004832	0.005517	0.008514	0.009440	0.000644	0.005462	0.008214	0.198605	0.080245	0.003049	0.002402	0.000152	0.009928	0.000797	0.081113	0.000152	0.017308	0.001884	0.004189	0.001952	0.014874	0.034957	0.008545	0.004175	0.005024	0.001659	0.004749	0.102902	0.004301	0.000576	0.004358	0.009677	0.060128	0.003166	0.002873	0.001545	0.001197	0.000608	0.003049	0.003307	0.002909	0.001589	0.000717	0.185353	0.000152	0.015762	0.059232	0.000780	
0.021412	0.003455	0.013854	0.017576	0.034375	0.019753	0.001752	0.015698	0.068553	0.030971	0.075541	0.002530	0.006740	0.000153	0.012158	0.002248	0.006818	0.000153	0.035942	0.014610	0.030388	0.005423	0.052578	0.022547	0.017903	0.003455	0.062946	0.019578	0.019050	0.008968	0.039995	0.003694	0.054363	0.011762	0.066744	0.039003	0.022871	0.003093	0.002358	0.006026	0.002530	0.010267	0.023166	0.018675	0.004874	0.039658	0.000153	0.012964	0.008479	0.002193	
0.003274	0.007114	0.082779	0.008536	0.091708	0.002640	0.000971	0.093894	0.007040	0.028043	0.011037	0.005180	0.039905	0.000207	0.047091	0.001209	0.006825	0.000207	0.005169	0.001742	0.004238	0.031965	0.220272	0.004869	0.002449	0.007114	0.004257	0.001460	0.006827	0.009395	0.002858	0.000583	0.003703	0.045227	0.083579	0.002713	0.002619	0.000572	0.000481	0.000586	0.005180	0.004956	0.002651	0.001401	0.000708	0.065363	0.000207	0.027006	0.011011	0.001182	
0.018689	0.001463	0.002560	0.017946	0.016970	0.028582	0.001776	0.002886	0.075057	0.039340	0.101551	0.001093	0.001305	0.000142	0.003707	0.002283	0.009932	0.000142	0.051796	0.008901	0.019377	0.001072	0.016324	0.024450	0.025851	0.001463	0.084032	0.026094	0.016751	0.012667	0.053381	0.002287	0.072565	0.003607	0.056643	0.052045	0.013906	0.004408	0.003342	0.007988	0.001093	0.010583	0.014084	0.024887	0.003002	0.045379	0.000142	0.005265	0.008964	0.002227	
0.010113	0.001375	0.046057	0.042638	0.069967	0.003665	0.004067	0.052234	0.046912	0.015671	0.059438	0.001038	0.022230	0.000169	0.021065	0.005276	0.005001	0.000169	0.006601	0.008018	0.020762	0.017818	0.129860	0.009007	0.003584	0.001375	0.049928	0.015562	0.033932	0.006418	0.031734	0.002091	0.043126	0.020134	0.019184	0.030955	0.012503	0.000693	0.000562	0.004823	0.001038	0.024270	0.012663	0.014846	0.002732	0.051625	0.000169	0.004850	0.006908	0.005142	
0.016874	0.005280	0.005134	0.020586	0.014025	0.041361	0.002027	0.005804	0.042554	0.071979	0.070023	0.003844	0.002547	0.000151	0.012216	0.002609	0.019010	0.000151	0.075254	0.002267	0.006840	0.002068	0.016224	0.029911	0.037369	0.005280	0.047663	0.014849	0.015651	0.024589	0.030479	0.000670	0.041168	0.011915	0.119197	0.029547	0.003476	0.006333	0.004787	0.004595	0.003844	0.012242	0.003519	0.014166	0.000842	0.057805	0.000151	0.020052	0.018527	0.002544	
