0.098428	0.021873	0.052973	0.050581	0.674983	0.060150	0.041012	
0.026342	0.246201	0.028707	0.028707	0.586626	0.031071	0.052347	
0.021821	0.207978	0.026594	0.036140	0.594613	0.026594	0.086260	
0.524150	0.245578	0.076531	0.040816	0.033673	0.024150	0.055102	
0.592318	0.023922	0.059299	0.177224	0.035714	0.038073	0.073450	
0.413073	0.203167	0.042790	0.118261	0.097035	0.094677	0.030997	
0.577170	0.023978	0.106721	0.116177	0.116177	0.023978	0.035799	
0.043197	0.359864	0.126531	0.155102	0.033673	0.252721	0.028912	
0.034161	0.490683	0.340925	0.041408	0.034161	0.029331	0.029331	
0.170250	0.036755	0.451803	0.252774	0.031900	0.022191	0.034327	
0.061950	0.199391	0.519296	0.106974	0.045362	0.031144	0.035884	
0.056446	0.027178	0.471080	0.351568	0.024739	0.041812	0.027178	
0.032890	0.221262	0.046844	0.395681	0.174751	0.088704	0.039867	
0.032967	0.161172	0.030636	0.494505	0.039960	0.105228	0.135531	
0.032890	0.116611	0.028239	0.700332	0.058472	0.028239	0.035216	
0.029120	0.199383	0.045906	0.045906	0.053100	0.079479	0.547105	
0.024323	0.132237	0.019527	0.026721	0.055498	0.041110	0.700582	
0.151059	0.055366	0.041012	0.021873	0.050581	0.017088	0.663021	
0.060585	0.188296	0.369019	0.017212	0.048537	0.026850	0.289501	
0.016966	0.088225	0.021717	0.052596	0.119104	0.563285	0.138107	
0.034161	0.145273	0.205659	0.152519	0.029331	0.275707	0.157350	
0.317537	0.162574	0.053615	0.051193	0.111726	0.162574	0.140782	
0.055901	0.029331	0.026915	0.087302	0.232229	0.423050	0.145273	
0.404190	0.298420	0.033997	0.024382	0.101305	0.058036	0.079670	
