0.000677	0.051407	0.002900	0.032323	0.000154	0.009895	0.002644	0.001451	0.157719	0.005436	0.009412	0.001199	0.015221	0.021489	0.031622	0.005740	0.005056	0.001463	0.003475	0.006578	0.017460	0.001390	0.026779	0.001233	0.030287	0.004296	0.017639	0.005554	0.022951	0.000154	0.083548	0.004497	0.066676	0.001906	0.001904	0.078213	0.001231	0.012927	0.071005	0.000154	0.025105	0.075766	0.043924	0.004520	0.000565	0.024609	0.005448	0.000827	0.003412	0.000154	
0.002439	0.008522	0.008768	0.006582	0.000140	0.028150	0.005981	0.003179	0.029169	0.007362	0.031384	0.004739	0.052103	0.073050	0.008322	0.013243	0.009123	0.005637	0.014756	0.015030	0.059827	0.004023	0.039197	0.001221	0.104066	0.018369	0.052878	0.012554	0.062443	0.000140	0.005103	0.011657	0.016528	0.004473	0.004245	0.012382	0.002666	0.015824	0.007901	0.000140	0.016855	0.016045	0.150656	0.019354	0.000552	0.001589	0.018397	0.001719	0.011375	0.000140	
0.002419	0.007472	0.006551	0.005918	0.000139	0.028575	0.003433	0.002286	0.017366	0.012893	0.031920	0.004699	0.057698	0.078384	0.007665	0.007529	0.006591	0.005614	0.014633	0.026740	0.066254	0.003025	0.042911	0.001546	0.115257	0.018215	0.038184	0.022280	0.041530	0.000139	0.003437	0.012923	0.019739	0.002965	0.002454	0.008869	0.001564	0.019317	0.006464	0.000139	0.012464	0.010368	0.166350	0.019192	0.000675	0.001097	0.020363	0.001030	0.012585	0.000139	
0.000783	0.004630	0.004006	0.003277	0.000142	0.016406	0.028047	0.013302	0.105542	0.007061	0.027429	0.001424	0.018111	0.026059	0.003714	0.062739	0.044686	0.002089	0.004218	0.014395	0.020783	0.001881	0.014277	0.006244	0.036081	0.005226	0.052438	0.012387	0.147626	0.000142	0.005248	0.012981	0.031950	0.017731	0.019751	0.008117	0.012209	0.069172	0.005317	0.000142	0.008287	0.039685	0.056390	0.005501	0.002466	0.001597	0.006456	0.007684	0.004027	0.000142	
0.001053	0.007597	0.002990	0.005267	0.000142	0.041762	0.016895	0.009528	0.073899	0.034148	0.022632	0.001965	0.022574	0.030915	0.005865	0.037723	0.025739	0.002505	0.005937	0.071060	0.025908	0.001424	0.018233	0.003146	0.045006	0.007369	0.034391	0.059118	0.090838	0.000142	0.009057	0.009183	0.057209	0.010859	0.011914	0.010723	0.007387	0.035147	0.009003	0.000142	0.007391	0.029177	0.067426	0.007760	0.001286	0.002736	0.008023	0.004670	0.004992	0.000142	
0.000667	0.004010	0.004554	0.002829	0.000141	0.017723	0.013604	0.006666	0.054546	0.007045	0.025729	0.001193	0.036978	0.050465	0.003184	0.030342	0.036368	0.002197	0.003486	0.014394	0.042454	0.002127	0.027951	0.011563	0.073816	0.004312	0.038960	0.012766	0.081509	0.000141	0.004795	0.022448	0.020961	0.009008	0.009602	0.008086	0.005963	0.127250	0.004649	0.000141	0.009136	0.022318	0.108357	0.004538	0.004492	0.001426	0.013084	0.003780	0.008106	0.000141	
0.000775	0.003719	0.001789	0.002705	0.000141	0.063133	0.019720	0.012003	0.074077	0.057552	0.018918	0.001409	0.010993	0.015244	0.003157	0.044061	0.026340	0.001733	0.004170	0.120509	0.012606	0.000883	0.008750	0.001515	0.021845	0.005166	0.031184	0.099973	0.099377	0.000141	0.003647	0.005086	0.081880	0.012458	0.013899	0.004773	0.008608	0.016806	0.004054	0.000141	0.003940	0.027293	0.034551	0.005437	0.000665	0.001160	0.003954	0.005433	0.002488	0.000141	
0.002999	0.009124	0.028793	0.007253	0.000147	0.096726	0.002010	0.002354	0.013307	0.027265	0.010766	0.005850	0.003633	0.027492	0.009444	0.004326	0.012110	0.007267	0.018274	0.056885	0.004151	0.013038	0.004108	0.005726	0.007118	0.022755	0.155005	0.047557	0.123746	0.000147	0.004038	0.008981	0.035404	0.001352	0.001456	0.029336	0.000953	0.066184	0.007785	0.000147	0.052612	0.021325	0.010482	0.023977	0.002273	0.001250	0.001372	0.000651	0.000901	0.000147	
0.000728	0.004150	0.044510	0.002948	0.000145	0.109795	0.003897	0.002023	0.020957	0.003342	0.007023	0.001312	0.002274	0.038342	0.003348	0.008563	0.010295	0.001750	0.003855	0.006614	0.002591	0.020109	0.003626	0.003359	0.004404	0.004773	0.240693	0.005735	0.195398	0.000145	0.004603	0.005097	0.009703	0.002506	0.002782	0.044047	0.001767	0.036593	0.004743	0.000145	0.081054	0.032748	0.006883	0.005023	0.001369	0.001430	0.000893	0.001159	0.000605	0.000145	
0.001094	0.018472	0.002682	0.012054	0.000149	0.059931	0.002573	0.003870	0.056463	0.053002	0.005113	0.002039	0.002789	0.005529	0.012438	0.005586	0.030812	0.003515	0.006155	0.109638	0.003181	0.001289	0.007146	0.016095	0.005429	0.007640	0.016458	0.092008	0.021814	0.000149	0.027354	0.021895	0.080708	0.001691	0.001852	0.026751	0.001197	0.177482	0.024167	0.000149	0.011147	0.027316	0.008140	0.008045	0.006224	0.008018	0.001077	0.000804	0.000720	0.000149	
0.000889	0.015517	0.007560	0.010106	0.000149	0.045843	0.004919	0.003695	0.057217	0.027849	0.007135	0.001630	0.004514	0.011623	0.010385	0.010850	0.041680	0.003362	0.004856	0.057048	0.005163	0.003484	0.007758	0.020705	0.008879	0.006019	0.045082	0.048762	0.052409	0.000149	0.023343	0.028304	0.051055	0.003173	0.003501	0.027404	0.002212	0.228052	0.020384	0.000149	0.018938	0.029272	0.013487	0.006337	0.007980	0.006809	0.001683	0.001438	0.001093	0.000149	
0.000684	0.015776	0.002827	0.010158	0.000147	0.068195	0.002958	0.004430	0.052644	0.060608	0.005136	0.001220	0.004456	0.007764	0.010260	0.006452	0.026769	0.002365	0.003558	0.125774	0.005097	0.001353	0.007828	0.013498	0.008765	0.004401	0.017644	0.105192	0.024197	0.000147	0.024406	0.018692	0.087469	0.001953	0.002122	0.024265	0.001363	0.148235	0.021101	0.000147	0.010716	0.025393	0.013005	0.004630	0.005233	0.007170	0.001661	0.000907	0.001079	0.000147	
0.001373	0.006418	0.023356	0.004704	0.000142	0.060592	0.002443	0.001430	0.018156	0.004893	0.018715	0.002603	0.031431	0.058458	0.005595	0.005303	0.013944	0.003494	0.007963	0.009803	0.036083	0.010588	0.024606	0.006473	0.062720	0.009896	0.126451	0.008599	0.103964	0.000142	0.005921	0.014406	0.011410	0.001995	0.001759	0.026136	0.001137	0.071929	0.006803	0.000142	0.043277	0.020448	0.090577	0.010423	0.002554	0.001793	0.011136	0.000764	0.006908	0.000142	
0.000823	0.008858	0.014843	0.005928	0.000143	0.054702	0.003065	0.002422	0.031433	0.019177	0.015438	0.001502	0.026669	0.045598	0.006304	0.006698	0.020942	0.002453	0.004462	0.039449	0.030612	0.006758	0.022081	0.010065	0.053195	0.005529	0.081786	0.033420	0.072811	0.000143	0.012235	0.018148	0.032265	0.002318	0.002197	0.024123	0.001407	0.110663	0.011170	0.000143	0.029449	0.021820	0.076968	0.005820	0.003923	0.003621	0.009463	0.000933	0.005879	0.000143	
0.000935	0.004751	0.002170	0.003433	0.000140	0.057260	0.001981	0.003522	0.014661	0.050987	0.019754	0.001730	0.039529	0.051799	0.003997	0.004270	0.012737	0.002439	0.005193	0.106662	0.045384	0.001054	0.029786	0.006099	0.078919	0.006442	0.013099	0.088827	0.017027	0.000140	0.004844	0.015190	0.062319	0.001817	0.001434	0.006104	0.000936	0.067136	0.005222	0.000140	0.004890	0.007340	0.113816	0.006783	0.002410	0.001478	0.013979	0.000638	0.008657	0.000140	
0.018475	0.046472	0.001696	0.038743	0.000166	0.008746	0.001304	0.000927	0.013485	0.005072	0.043818	0.036783	0.002529	0.004391	0.053058	0.002719	0.011364	0.043725	0.116555	0.010173	0.002880	0.000855	0.002909	0.005812	0.004891	0.145326	0.010912	0.008861	0.012977	0.000166	0.005551	0.013267	0.014155	0.000906	0.000966	0.006303	0.000658	0.091209	0.033347	0.000166	0.004180	0.006841	0.007151	0.153172	0.002317	0.001706	0.000996	0.000474	0.000677	0.000166	
0.014301	0.037347	0.009400	0.030841	0.000160	0.025170	0.002299	0.001280	0.019037	0.003082	0.038455	0.028443	0.010000	0.020052	0.041866	0.004959	0.006772	0.033658	0.090058	0.005936	0.011463	0.004318	0.008771	0.002467	0.019840	0.112280	0.052804	0.005110	0.048250	0.000160	0.006638	0.009066	0.012570	0.001623	0.001663	0.014300	0.001085	0.047876	0.027778	0.000160	0.018334	0.013268	0.028831	0.118341	0.001039	0.002044	0.003617	0.000738	0.002288	0.000160	
0.015960	0.039832	0.001270	0.033271	0.000162	0.023495	0.002276	0.002137	0.014719	0.020344	0.039065	0.031758	0.003426	0.005193	0.045630	0.004905	0.010884	0.037735	0.100591	0.042316	0.003911	0.000661	0.003328	0.004852	0.006689	0.125416	0.009587	0.035424	0.015719	0.000162	0.004328	0.011504	0.030746	0.001521	0.001648	0.004835	0.001077	0.076737	0.028393	0.000162	0.003129	0.006745	0.009898	0.132187	0.001949	0.001352	0.001309	0.000734	0.000868	0.000162	
0.001778	0.059565	0.002375	0.037987	0.000159	0.009692	0.001546	0.001001	0.170489	0.006721	0.006056	0.003398	0.002987	0.005525	0.038024	0.003271	0.006640	0.004173	0.010455	0.008751	0.003408	0.001156	0.019573	0.002917	0.005816	0.013000	0.013651	0.007475	0.015701	0.000159	0.092873	0.004805	0.074084	0.001059	0.001134	0.086155	0.000759	0.033144	0.080528	0.000159	0.026384	0.082087	0.008525	0.013694	0.001209	0.027336	0.001153	0.000534	0.000770	0.000159	
0.002338	0.008626	0.007153	0.006591	0.000148	0.059942	0.004016	0.004012	0.023403	0.042026	0.009000	0.004528	0.002505	0.008746	0.008238	0.008825	0.043109	0.006882	0.014069	0.087781	0.002856	0.003300	0.003075	0.022159	0.004862	0.017510	0.041996	0.074331	0.046618	0.000148	0.006199	0.030220	0.054648	0.002585	0.002866	0.011463	0.001821	0.246333	0.008232	0.000148	0.014083	0.013317	0.007560	0.018449	0.008533	0.001769	0.000976	0.001194	0.000658	0.000148	
0.003236	0.016565	0.006017	0.012010	0.000150	0.046595	0.003621	0.003316	0.039373	0.031977	0.012276	0.006323	0.006182	0.012506	0.014232	0.007935	0.036598	0.008749	0.019770	0.066134	0.007079	0.002790	0.007542	0.018692	0.012214	0.024620	0.035552	0.056147	0.040253	0.000150	0.015825	0.026560	0.050021	0.002389	0.002589	0.019242	0.001651	0.209492	0.017796	0.000150	0.014367	0.020503	0.018075	0.025943	0.007214	0.004619	0.002269	0.001088	0.001454	0.000150	
0.000800	0.003844	0.003532	0.002796	0.000144	0.012582	0.031971	0.014977	0.116666	0.004422	0.023568	0.001455	0.002797	0.006224	0.003263	0.071540	0.062653	0.002667	0.004311	0.008926	0.003191	0.001669	0.002835	0.013838	0.005450	0.005340	0.054358	0.008398	0.164275	0.000144	0.004062	0.020450	0.030869	0.019965	0.022509	0.006449	0.013907	0.152988	0.004191	0.000144	0.007104	0.042921	0.012941	0.005621	0.005361	0.001198	0.001076	0.008746	0.000718	0.000144	
0.000908	0.007039	0.001687	0.004841	0.000146	0.019275	0.004804	0.003035	0.031436	0.015354	0.013551	0.001670	0.020592	0.027351	0.005327	0.010594	0.057210	0.004054	0.004989	0.031607	0.023631	0.000840	0.016690	0.029718	0.041038	0.006186	0.013693	0.028326	0.028393	0.000146	0.009345	0.042932	0.026867	0.003318	0.003419	0.009235	0.002160	0.327464	0.008479	0.000146	0.004959	0.013781	0.059752	0.006513	0.011412	0.002638	0.007330	0.001405	0.004567	0.000146	
0.001655	0.010514	0.008836	0.007402	0.000146	0.025227	0.024874	0.011713	0.105977	0.004551	0.021157	0.003163	0.002748	0.010403	0.008435	0.055616	0.048002	0.004432	0.009733	0.008759	0.003135	0.004057	0.004382	0.010377	0.005350	0.012103	0.074597	0.008014	0.151967	0.000146	0.011745	0.015769	0.031475	0.015553	0.017522	0.018263	0.010839	0.115967	0.012054	0.000146	0.018513	0.044021	0.011645	0.012750	0.004044	0.003477	0.001061	0.006829	0.000709	0.000146	
