0.462936	0.009181	0.029433	0.002062	0.048580	0.027653	0.039209	0.064336	0.088714	0.133497	0.015936	0.029749	0.013961	0.030459	0.004294	
0.484501	0.006915	0.031676	0.000685	0.047620	0.024286	0.032128	0.090548	0.038351	0.125214	0.006527	0.015343	0.024951	0.050107	0.021150	
0.500957	0.006505	0.022332	0.000591	0.053777	0.033381	0.031583	0.108682	0.028210	0.133713	0.005390	0.011458	0.028899	0.025368	0.009156	
0.424469	0.001670	0.049849	0.006343	0.010356	0.058481	0.121847	0.022913	0.130990	0.022252	0.034766	0.017212	0.016125	0.058355	0.024373	
0.408323	0.001572	0.060520	0.005589	0.019754	0.066082	0.109198	0.041013	0.137912	0.029337	0.030886	0.028830	0.024481	0.031996	0.004507	
0.360992	0.002677	0.080060	0.004016	0.015093	0.041367	0.084093	0.028237	0.155549	0.020872	0.024583	0.050131	0.027506	0.081728	0.023096	
0.430297	0.001969	0.054776	0.007365	0.011164	0.066954	0.127505	0.020211	0.145548	0.028500	0.040033	0.017600	0.021008	0.022911	0.004158	
0.329849	0.002173	0.166195	0.000793	0.014789	0.013668	0.045077	0.026161	0.094997	0.021439	0.005966	0.048924	0.040577	0.137310	0.052083	
0.389981	0.001046	0.107334	0.002937	0.007032	0.026683	0.095012	0.010908	0.066759	0.009704	0.015837	0.012287	0.007474	0.163437	0.083570	
0.366356	0.000966	0.152125	0.005145	0.006891	0.047728	0.090323	0.016150	0.136846	0.013997	0.027455	0.036681	0.050765	0.043648	0.004926	
0.379313	0.001025	0.134372	0.004090	0.013090	0.045949	0.088472	0.025593	0.107102	0.020897	0.021707	0.028351	0.036577	0.069849	0.023615	
0.335470	0.001312	0.183742	0.003991	0.007561	0.037274	0.070105	0.014970	0.141177	0.013416	0.021861	0.049918	0.060056	0.054523	0.004625	
0.340559	0.001677	0.192582	0.000562	0.020936	0.021485	0.038185	0.039907	0.075503	0.033610	0.003275	0.043752	0.052655	0.101847	0.033467	
0.367988	0.002502	0.179592	0.000597	0.027511	0.024746	0.033860	0.051926	0.064163	0.054887	0.003361	0.037676	0.054089	0.075516	0.021588	
0.368310	0.001108	0.157381	0.000671	0.037429	0.047881	0.043872	0.077407	0.069872	0.051248	0.003188	0.040384	0.051895	0.045184	0.004172	
0.509511	0.001260	0.022989	0.000993	0.022031	0.019813	0.027106	0.137645	0.034848	0.074298	0.005267	0.012352	0.092989	0.028445	0.010453	
0.522673	0.001469	0.023905	0.000698	0.018607	0.009773	0.016184	0.142898	0.026115	0.079356	0.003650	0.010262	0.104961	0.028272	0.011177	
0.520592	0.001451	0.016615	0.001850	0.016772	0.018581	0.032532	0.131415	0.044150	0.073517	0.009891	0.009785	0.097120	0.019217	0.006512	
0.450303	0.004537	0.050095	0.003360	0.024226	0.031885	0.073608	0.046889	0.081644	0.070578	0.019983	0.015726	0.021049	0.072935	0.033185	
0.274144	0.007652	0.041819	0.000631	0.027784	0.006515	0.021834	0.037532	0.236876	0.039911	0.014132	0.115708	0.025374	0.127099	0.022989	
0.328690	0.004052	0.088018	0.001662	0.017230	0.016428	0.045681	0.037252	0.161270	0.027128	0.014176	0.071781	0.037980	0.115621	0.033030	
0.372741	0.007002	0.030605	0.002204	0.034504	0.027815	0.049715	0.048114	0.162545	0.071300	0.018578	0.065475	0.015489	0.077738	0.016175	
0.334457	0.006907	0.047971	0.000669	0.037100	0.019625	0.021844	0.064789	0.181521	0.067142	0.011492	0.089259	0.035259	0.076659	0.005307	
0.387188	0.004427	0.059970	0.002862	0.023062	0.030772	0.074393	0.031044	0.120111	0.046366	0.019009	0.039094	0.009568	0.108722	0.043410	
