0.026531	0.031293	0.759864	0.062245	0.026531	0.050340	0.043197	
0.049748	0.146218	0.600336	0.021513	0.042689	0.085042	0.054454	
0.046351	0.116569	0.569353	0.034244	0.063300	0.053615	0.116569	
0.234936	0.197021	0.035884	0.035884	0.433988	0.026405	0.035884	
0.318733	0.045148	0.127695	0.047507	0.347035	0.061658	0.052224	
0.148922	0.170148	0.042790	0.028639	0.519205	0.042790	0.047507	
0.047619	0.028707	0.035799	0.021614	0.808848	0.028707	0.028707	
0.040336	0.797983	0.028571	0.042689	0.037983	0.028571	0.023866	
0.219621	0.316007	0.034079	0.275043	0.077453	0.022031	0.055766	
0.125645	0.024441	0.029260	0.658176	0.075043	0.034079	0.053356	
0.030636	0.095904	0.021312	0.736930	0.063270	0.035298	0.016650	
0.257628	0.029473	0.024619	0.570735	0.051318	0.031900	0.034327	
0.027915	0.255501	0.080788	0.099179	0.027915	0.483087	0.025616	
0.217116	0.142524	0.030636	0.023643	0.028305	0.494505	0.063270	
0.101037	0.042489	0.049515	0.033121	0.040147	0.698227	0.035463	
0.026721	0.077081	0.129839	0.026721	0.038712	0.065091	0.635834	
0.024500	0.099379	0.118703	0.038992	0.043823	0.147688	0.526915	
0.024323	0.033916	0.029120	0.098664	0.065091	0.031518	0.717369	
0.024150	0.109864	0.031293	0.328912	0.047959	0.031293	0.426531	
0.490816	0.100340	0.036054	0.019388	0.071769	0.047959	0.233673	
0.427549	0.095806	0.036140	0.160245	0.060007	0.067167	0.153086	
0.255201	0.087725	0.143551	0.022191	0.364424	0.104716	0.022191	
0.072633	0.103959	0.190706	0.041308	0.349742	0.212392	0.029260	
0.071940	0.176952	0.019434	0.069553	0.491988	0.028981	0.141152	
