0.021262	0.015032	0.001049	0.001791	0.155480	0.036087	0.003496	0.012357	0.001297	0.000668	0.028910	0.000203	0.003309	0.004055	0.088226	0.000829	0.000203	0.131177	0.000203	0.006403	0.013813	0.008143	0.005590	0.124458	0.001049	0.005797	0.004974	0.003558	0.001806	0.002322	0.004432	0.000398	0.001106	0.001993	0.002150	0.000673	0.005119	0.007474	0.002724	0.004318	0.221617	0.004683	0.001125	0.009336	0.000203	0.000616	0.000579	0.004700	0.036087	0.007117	
0.085063	0.019142	0.002513	0.005498	0.060033	0.013529	0.012100	0.149636	0.004116	0.002039	0.010857	0.000166	0.012011	0.004408	0.034244	0.007857	0.000166	0.048942	0.000166	0.018594	0.023416	0.031293	0.018257	0.051989	0.002513	0.019189	0.017683	0.013691	0.007077	0.007952	0.011900	0.000893	0.003230	0.005920	0.007223	0.001693	0.013970	0.008035	0.008648	0.013067	0.095371	0.015210	0.001163	0.019746	0.000166	0.001831	0.000572	0.015758	0.013529	0.077937	
0.156816	0.035073	0.001368	0.002410	0.051046	0.011181	0.025779	0.086398	0.004193	0.003610	0.008976	0.000154	0.023829	0.005932	0.027942	0.004592	0.000154	0.040402	0.000154	0.009022	0.023360	0.059674	0.007807	0.047082	0.001368	0.013748	0.020290	0.025113	0.012059	0.016558	0.006223	0.001652	0.001746	0.008356	0.015306	0.003373	0.007516	0.010718	0.008204	0.017145	0.073007	0.006518	0.001493	0.029679	0.000154	0.003226	0.000700	0.018201	0.011181	0.049514	
0.014386	0.005303	0.013975	0.001638	0.011377	0.001612	0.003481	0.283654	0.001070	0.000471	0.001321	0.000157	0.002810	0.006270	0.006258	0.014744	0.000157	0.005467	0.000157	0.069132	0.067833	0.006193	0.005181	0.016998	0.013975	0.005442	0.004036	0.002424	0.002472	0.002210	0.069248	0.000336	0.000985	0.014924	0.002122	0.000670	0.077042	0.011728	0.032373	0.040611	0.013034	0.004335	0.001624	0.011766	0.000157	0.000436	0.000754	0.004492	0.001612	0.141547	
0.059522	0.029897	0.016017	0.008030	0.012924	0.001806	0.023978	0.018285	0.004697	0.001471	0.001477	0.000161	0.016247	0.007340	0.004353	0.001094	0.000161	0.006165	0.000161	0.087459	0.083582	0.030977	0.026859	0.019606	0.016017	0.029907	0.019064	0.009618	0.004607	0.014351	0.079440	0.001342	0.004522	0.022718	0.014244	0.003185	0.089149	0.013419	0.038032	0.057191	0.031314	0.022362	0.001842	0.023006	0.000161	0.001325	0.000846	0.026624	0.001806	0.011636	
0.026829	0.033038	0.017887	0.002212	0.022390	0.001283	0.026666	0.018152	0.001560	0.000744	0.001058	0.000156	0.015357	0.023565	0.003079	0.001082	0.000156	0.004271	0.000156	0.088870	0.087677	0.023391	0.007132	0.049836	0.017887	0.013397	0.006272	0.004405	0.002198	0.015467	0.088813	0.001374	0.001323	0.025107	0.015831	0.003797	0.098850	0.044236	0.042601	0.063865	0.012898	0.005957	0.005744	0.040313	0.000156	0.000679	0.002432	0.018361	0.001283	0.010205	
0.020044	0.110028	0.008580	0.002338	0.007933	0.001078	0.089500	0.021255	0.001476	0.000585	0.000892	0.000146	0.046577	0.005691	0.002618	0.001232	0.000146	0.003547	0.000146	0.043948	0.042874	0.057904	0.007582	0.012702	0.008580	0.030729	0.005765	0.003316	0.001704	0.050894	0.042317	0.004080	0.001369	0.032745	0.052981	0.011109	0.047239	0.009213	0.034406	0.071158	0.011738	0.006329	0.001296	0.016822	0.000146	0.000536	0.000614	0.053552	0.001078	0.011459	
0.062414	0.027554	0.001922	0.003452	0.041039	0.003860	0.021279	0.170628	0.002782	0.001516	0.003117	0.000142	0.015076	0.035334	0.010777	0.008915	0.000142	0.013713	0.000142	0.013149	0.016086	0.030474	0.011372	0.081735	0.001922	0.015652	0.012025	0.010063	0.005484	0.012852	0.009042	0.001214	0.002068	0.007738	0.012640	0.003341	0.010528	0.066720	0.009578	0.016338	0.032128	0.009481	0.008582	0.062168	0.000142	0.001363	0.003581	0.017461	0.003860	0.087408	
0.029749	0.009767	0.004387	0.002246	0.034196	0.003054	0.006773	0.278946	0.001626	0.000798	0.002473	0.000145	0.005519	0.030269	0.009767	0.014491	0.000145	0.010763	0.000145	0.023492	0.024232	0.012691	0.007272	0.069270	0.004387	0.008158	0.006641	0.004862	0.003570	0.004254	0.021353	0.000506	0.001343	0.006248	0.004064	0.001489	0.023983	0.057324	0.013026	0.015537	0.023908	0.006072	0.007394	0.049433	0.000145	0.000726	0.003098	0.007359	0.003054	0.139843	
0.029130	0.010007	0.004387	0.010910	0.058713	0.003747	0.007278	0.017349	0.005329	0.000788	0.003027	0.000149	0.005733	0.060495	0.009118	0.001034	0.000149	0.013282	0.000149	0.034925	0.026774	0.013080	0.036661	0.131720	0.004387	0.033971	0.020498	0.004766	0.002357	0.004533	0.021340	0.000530	0.005985	0.006693	0.004364	0.002093	0.024895	0.114797	0.011043	0.015797	0.051820	0.030511	0.014681	0.098247	0.000149	0.000717	0.006069	0.022180	0.003747	0.009899	
0.047778	0.012363	0.003143	0.004612	0.063746	0.002286	0.009528	0.030130	0.002989	0.001187	0.001856	0.000136	0.008142	0.076273	0.005671	0.001680	0.000136	0.007981	0.000136	0.020634	0.020564	0.019832	0.015323	0.158033	0.003143	0.015936	0.012351	0.007726	0.003773	0.006028	0.015170	0.000661	0.002651	0.005835	0.005690	0.002638	0.017420	0.144777	0.009113	0.013537	0.026487	0.012765	0.018471	0.120678	0.000136	0.001070	0.007606	0.012876	0.002286	0.017017	
0.018248	0.012469	0.001201	0.027278	0.031810	0.001432	0.009848	0.021884	0.012136	0.000558	0.001178	0.000159	0.006287	0.036904	0.003473	0.001277	0.000159	0.004807	0.000159	0.041049	0.014797	0.011274	0.092170	0.077934	0.001201	0.083160	0.045650	0.003041	0.001586	0.005857	0.005370	0.000624	0.014731	0.004781	0.005888	0.001993	0.008893	0.069881	0.004638	0.008216	0.081159	0.076674	0.008997	0.070531	0.000159	0.000514	0.003760	0.051072	0.001432	0.011702	
0.070278	0.030185	0.001204	0.001682	0.058750	0.005008	0.023299	0.084527	0.002176	0.001686	0.004034	0.000139	0.016633	0.053348	0.012824	0.004481	0.000139	0.017912	0.000139	0.007347	0.013148	0.034047	0.005376	0.121088	0.001204	0.010958	0.010012	0.011313	0.005674	0.014089	0.005467	0.001318	0.001138	0.007503	0.013834	0.003905	0.006391	0.100948	0.007834	0.015408	0.034681	0.004494	0.012917	0.088865	0.000139	0.001514	0.005345	0.015619	0.005008	0.044972	
0.080601	0.021418	0.002457	0.004930	0.044739	0.001864	0.016915	0.085906	0.003769	0.001912	0.001518	0.000137	0.014121	0.052291	0.005135	0.004550	0.000137	0.006439	0.000137	0.017719	0.020363	0.033253	0.016397	0.109006	0.002457	0.018866	0.016319	0.012956	0.006437	0.010606	0.011734	0.001064	0.002902	0.007150	0.010058	0.003108	0.013720	0.099044	0.009304	0.015531	0.024347	0.013658	0.012675	0.089785	0.000137	0.001715	0.005245	0.017518	0.001864	0.046086	
0.033977	0.042963	0.003082	0.006570	0.059300	0.007095	0.033331	0.021260	0.003565	0.000897	0.005706	0.000151	0.019207	0.041728	0.017352	0.001237	0.000151	0.025496	0.000151	0.022847	0.020444	0.029468	0.021931	0.104787	0.003082	0.028124	0.014033	0.005540	0.002733	0.019319	0.014804	0.001677	0.003673	0.012255	0.019770	0.004928	0.017186	0.078672	0.012922	0.025956	0.060092	0.018262	0.010104	0.070475	0.000151	0.000814	0.004206	0.029391	0.007095	0.012044	
0.242250	0.007317	0.001079	0.002486	0.010135	0.001393	0.005313	0.203721	0.005890	0.005475	0.001141	0.000135	0.019362	0.006628	0.005039	0.010610	0.000135	0.004727	0.000135	0.007824	0.028096	0.072046	0.008112	0.017089	0.001079	0.008500	0.029430	0.038707	0.018848	0.006029	0.004859	0.000953	0.001988	0.002559	0.003197	0.000880	0.006224	0.012398	0.004944	0.005527	0.014160	0.006768	0.001689	0.039654	0.000135	0.004882	0.000768	0.006963	0.001393	0.111333	
0.265405	0.016265	0.000998	0.001263	0.006106	0.001086	0.012724	0.182267	0.005818	0.005984	0.000896	0.000132	0.024688	0.002867	0.004100	0.009504	0.000132	0.003615	0.000132	0.005828	0.029468	0.082913	0.003970	0.008478	0.000998	0.006880	0.029908	0.042394	0.020452	0.010500	0.004464	0.001330	0.001388	0.004433	0.007578	0.001712	0.005711	0.005126	0.005904	0.009237	0.008982	0.003324	0.000765	0.036651	0.000132	0.005334	0.000390	0.009039	0.001086	0.101641	
0.264679	0.011421	0.002525	0.002367	0.021466	0.003884	0.008246	0.097487	0.006281	0.005974	0.003135	0.000139	0.022383	0.007618	0.010185	0.005148	0.000139	0.013808	0.000139	0.014657	0.037498	0.080141	0.007699	0.027075	0.002525	0.008930	0.031601	0.042284	0.020026	0.007963	0.012070	0.001140	0.001981	0.004790	0.004933	0.001258	0.014270	0.014229	0.007568	0.011121	0.028897	0.006426	0.001925	0.043854	0.000139	0.005326	0.000867	0.008391	0.003884	0.059509	
0.096156	0.007564	0.003825	0.015320	0.021125	0.004016	0.004982	0.149467	0.008538	0.002276	0.003245	0.000158	0.009179	0.006343	0.010946	0.007841	0.000158	0.014239	0.000158	0.037978	0.031621	0.030317	0.051599	0.025414	0.003825	0.046401	0.034642	0.015452	0.007885	0.004061	0.018493	0.000603	0.008516	0.005667	0.003011	0.000855	0.022370	0.011841	0.010131	0.012985	0.064219	0.042935	0.001639	0.028418	0.000158	0.002041	0.000762	0.028292	0.004016	0.078312	
0.043769	0.089020	0.001588	0.008960	0.021077	0.001188	0.072344	0.016972	0.004777	0.001104	0.000978	0.000142	0.039551	0.023754	0.002855	0.001008	0.000142	0.003959	0.000142	0.018811	0.013805	0.054817	0.030062	0.049415	0.001588	0.045746	0.018912	0.007092	0.003425	0.041487	0.007375	0.003388	0.004973	0.021367	0.042835	0.009342	0.009222	0.043854	0.016720	0.042491	0.030501	0.025022	0.005683	0.048568	0.000142	0.000997	0.002399	0.055127	0.001188	0.010318	
0.016897	0.007636	0.003237	0.027885	0.019643	0.001738	0.005723	0.082535	0.012373	0.000534	0.001424	0.000165	0.004117	0.017909	0.004756	0.004404	0.000165	0.005906	0.000165	0.051694	0.024550	0.008319	0.094214	0.041342	0.003237	0.083833	0.046478	0.002831	0.001764	0.003512	0.015525	0.000448	0.015056	0.005726	0.003452	0.001158	0.020226	0.033818	0.008527	0.011715	0.084246	0.078374	0.004431	0.042450	0.000165	0.000493	0.001903	0.049788	0.001738	0.041771	
0.094451	0.090471	0.002290	0.002015	0.010791	0.001198	0.073391	0.089236	0.002791	0.002218	0.000986	0.000137	0.043555	0.009224	0.003534	0.004722	0.000137	0.004010	0.000137	0.013059	0.019895	0.069706	0.006509	0.020403	0.002290	0.025451	0.013095	0.015162	0.007471	0.042697	0.010900	0.003553	0.001374	0.022104	0.043453	0.009206	0.012516	0.016208	0.018907	0.045021	0.011738	0.005436	0.002174	0.029717	0.000137	0.001986	0.000967	0.044057	0.001198	0.048317	
0.163959	0.072233	0.001582	0.001988	0.019732	0.001284	0.058628	0.015489	0.004140	0.003746	0.001054	0.000132	0.040877	0.021126	0.003092	0.000923	0.000132	0.004336	0.000132	0.009617	0.023039	0.080973	0.006428	0.044546	0.001582	0.021401	0.020380	0.026232	0.012247	0.035203	0.007383	0.003077	0.001528	0.017417	0.034721	0.007619	0.008781	0.039090	0.014180	0.035221	0.012436	0.005367	0.005071	0.054582	0.000132	0.003345	0.002144	0.035801	0.001284	0.014585	
0.089470	0.058155	0.005277	0.001642	0.013732	0.000885	0.047031	0.133356	0.002535	0.002110	0.000736	0.000140	0.029920	0.014782	0.003158	0.006994	0.000140	0.002861	0.000140	0.027038	0.033437	0.052984	0.005237	0.030831	0.005277	0.017233	0.011969	0.014371	0.007304	0.027738	0.025823	0.002398	0.001164	0.017971	0.027867	0.006103	0.029028	0.027210	0.020809	0.039395	0.008928	0.004379	0.003571	0.035632	0.000140	0.001892	0.001538	0.028758	0.000885	0.070023	
