0	0	222	0	55	0	0	
33	0	0	0	1	0	85	
19	70	0	0	2	0	49	
0	0	0	75	0	0	0	
0	0	0	77	0	0	58	
0	58	0	0	0	0	22	
0	0	2	0	0	110	0	
0	0	0	70	0	0	0	
0	0	0	0	0	0	0	
0	0	0	27	0	0	26	
0	0	54	0	0	0	13	
0	0	0	0	0	0	22	
0	0	25	0	0	0	0	
0	29	0	0	100	0	0	
63	1	78	0	74	0	6	
0	135	0	1	11	0	0	
0	0	33	0	0	0	0	
0	34	0	0	0	24	0	
0	0	0	0	0	0	0	
0	194	0	0	0	0	0	
293	0	0	0	0	0	0	
0	0	0	0	0	95	0	
0	0	121	0	0	0	0	
0	0	0	24	0	0	8	
0	0	0	0	0	25	0	
1	67	42	0	58	0	0	
0	0	0	0	0	25	0	
0	0	0	0	0	0	0	
0	0	0	0	0	0	77	
0	0	3	0	0	54	0	
0	0	0	0	153	0	8	
110	0	0	0	0	0	0	
0	0	0	0	0	25	0	
0	0	0	0	0	0	69	
0	0	44	0	0	0	0	
0	0	0	0	96	0	0	
0	46	0	0	0	0	0	
106	0	33	1	0	1	0	
0	0	0	56	4	0	0	
0	0	0	0	0	0	0	
0	0	0	90	0	0	0	
0	0	0	0	0	0	0	
0	0	0	0	0	0	0	
0	0	0	74	0	0	213	
0	0	29	0	0	0	0	
1	0	99	0	53	0	0	
0	0	0	130	0	0	0	
0	33	0	0	0	0	0	
0	0	0	0	0	0	0	
50	29	62	0	0	134	115	
