0.000849	0.001173	0.000849	0.000849	0.000849	0.000849	0.000849	0.000849	0.000849	0.000849	0.000849	0.000849	0.000849	0.001052	0.000849	0.000849	0.000849	0.000849	0.000849	0.000849	0.000849	0.000849	0.000849	0.000849	0.000849	0.000849	0.000849	0.000849	0.000849	0.001250	0.000849	0.000849	0.001456	0.001049	0.008130	0.000849	0.000849	0.001555	0.009768	0.000849	0.000849	0.000849	0.000849	0.000849	0.000849	0.000849	0.000849	0.000849	0.000849	0.939743	
0.000724	0.001301	0.000724	0.000724	0.000724	0.000724	0.000724	0.000724	0.000724	0.000724	0.000724	0.000724	0.000724	0.000881	0.000724	0.000724	0.000724	0.000724	0.000724	0.000724	0.000724	0.000724	0.000724	0.000724	0.000724	0.000724	0.000724	0.000724	0.000724	0.002038	0.000724	0.000724	0.001197	0.001381	0.003620	0.000724	0.000724	0.003110	0.012550	0.000724	0.000724	0.000724	0.000724	0.000724	0.000724	0.000724	0.000724	0.000724	0.000724	0.944251	
0.000684	0.002242	0.000684	0.000684	0.000684	0.000684	0.000684	0.000684	0.000684	0.000684	0.000684	0.000684	0.000684	0.000834	0.000684	0.000684	0.000684	0.000684	0.000684	0.000684	0.000684	0.000684	0.000684	0.000684	0.000684	0.000684	0.000684	0.000684	0.000684	0.001718	0.000684	0.000684	0.001135	0.001201	0.003231	0.000684	0.000684	0.005335	0.008460	0.000684	0.000684	0.000684	0.000684	0.000684	0.000684	0.000684	0.000684	0.000684	0.000684	0.947787	
0.000615	0.002015	0.000615	0.000615	0.000615	0.000615	0.000615	0.000615	0.000615	0.000615	0.000615	0.000615	0.000615	0.000829	0.000615	0.000615	0.000615	0.000615	0.000615	0.000615	0.000615	0.000615	0.000615	0.000615	0.000615	0.000615	0.000615	0.000615	0.000615	0.001077	0.000615	0.000615	0.001257	0.000846	0.001008	0.000615	0.000615	0.004779	0.019953	0.000615	0.000615	0.000615	0.000615	0.000615	0.000615	0.000615	0.000615	0.000615	0.000615	0.943028	
0.000641	0.002636	0.000641	0.000641	0.000641	0.000641	0.000641	0.000641	0.000641	0.000641	0.000641	0.000641	0.000641	0.000809	0.000641	0.000641	0.000641	0.000641	0.000641	0.000641	0.000641	0.000641	0.000641	0.000641	0.000641	0.000641	0.000641	0.000641	0.000641	0.000978	0.000641	0.000641	0.001144	0.000810	0.000902	0.000641	0.000641	0.009804	0.003708	0.000641	0.000641	0.000641	0.000641	0.000641	0.000641	0.000641	0.000641	0.000641	0.000641	0.952921	
0.000684	0.001174	0.000684	0.000684	0.000684	0.000684	0.000684	0.000684	0.000684	0.000684	0.000684	0.000684	0.000684	0.000972	0.000684	0.000684	0.000684	0.000684	0.000684	0.000684	0.000684	0.000684	0.000684	0.000684	0.000684	0.000684	0.000684	0.000684	0.000684	0.001079	0.000684	0.000684	0.001548	0.000882	0.000858	0.000684	0.000684	0.003107	0.002210	0.000684	0.000684	0.000684	0.000684	0.000684	0.000684	0.000684	0.000684	0.000684	0.000684	0.960133	
0.000588	0.003883	0.000588	0.000588	0.000588	0.000588	0.000588	0.000588	0.000588	0.000588	0.000588	0.000588	0.000588	0.000678	0.000588	0.000588	0.000588	0.000588	0.000588	0.000588	0.000588	0.000588	0.000588	0.000588	0.000588	0.000588	0.000588	0.000588	0.000588	0.001195	0.000588	0.000588	0.000857	0.000891	0.000805	0.000588	0.000588	0.013546	0.005251	0.000588	0.000588	0.000588	0.000588	0.000588	0.000588	0.000588	0.000588	0.000588	0.000588	0.948805	
0.000590	0.002978	0.000590	0.000590	0.000590	0.000590	0.000590	0.000590	0.000590	0.000590	0.000590	0.000590	0.000590	0.002231	0.000590	0.000590	0.000590	0.000590	0.000590	0.000590	0.000590	0.000590	0.000590	0.000590	0.000590	0.000590	0.000590	0.000590	0.000590	0.001576	0.000590	0.000590	0.005514	0.001083	0.001071	0.000590	0.000590	0.003552	0.006378	0.000590	0.000590	0.000590	0.000590	0.000590	0.000590	0.000590	0.000590	0.000590	0.000590	0.951434	
0.000629	0.001175	0.000629	0.000629	0.000629	0.000629	0.000629	0.000629	0.000629	0.000629	0.000629	0.000629	0.000629	0.000980	0.000629	0.000629	0.000629	0.000629	0.000629	0.000629	0.000629	0.000629	0.000629	0.000629	0.000629	0.000629	0.000629	0.000629	0.000629	0.000972	0.000629	0.000629	0.001681	0.000801	0.000916	0.000629	0.000629	0.002314	0.027845	0.000629	0.000629	0.000629	0.000629	0.000629	0.000629	0.000629	0.000629	0.000629	0.000629	0.937510	
0.000552	0.003942	0.000552	0.000552	0.000552	0.000552	0.000552	0.000552	0.000552	0.000552	0.000552	0.000552	0.000552	0.003683	0.000552	0.000552	0.000552	0.000552	0.000552	0.000552	0.000552	0.000552	0.000552	0.000552	0.000552	0.000552	0.000552	0.000552	0.000552	0.000962	0.000552	0.000552	0.009947	0.000757	0.000953	0.000552	0.000552	0.003364	0.002403	0.000552	0.000552	0.000552	0.000552	0.000552	0.000552	0.000552	0.000552	0.000552	0.000552	0.951358	
0.000537	0.003971	0.000537	0.000537	0.000537	0.000537	0.000537	0.000537	0.000537	0.000537	0.000537	0.000537	0.000537	0.003746	0.000537	0.000537	0.000537	0.000537	0.000537	0.000537	0.000537	0.000537	0.000537	0.000537	0.000537	0.000537	0.000537	0.000537	0.000537	0.001986	0.000537	0.000537	0.010163	0.001262	0.000988	0.000537	0.000537	0.001663	0.002364	0.000537	0.000537	0.000537	0.000537	0.000537	0.000537	0.000537	0.000537	0.000537	0.000537	0.951837	
0.000655	0.002567	0.000655	0.000655	0.000655	0.000655	0.000655	0.000655	0.000655	0.000655	0.000655	0.000655	0.000655	0.002332	0.000655	0.000655	0.000655	0.000655	0.000655	0.000655	0.000655	0.000655	0.000655	0.000655	0.000655	0.000655	0.000655	0.000655	0.000655	0.001098	0.000655	0.000655	0.005687	0.000876	0.001236	0.000655	0.000655	0.008104	0.002577	0.000655	0.000655	0.000655	0.000655	0.000655	0.000655	0.000655	0.000655	0.000655	0.000655	0.948685	
0.000553	0.003856	0.000553	0.000553	0.000553	0.000553	0.000553	0.000553	0.000553	0.000553	0.000553	0.000553	0.000553	0.002727	0.000553	0.000553	0.000553	0.000553	0.000553	0.000553	0.000553	0.000553	0.000553	0.000553	0.000553	0.000553	0.000553	0.000553	0.000553	0.000947	0.000553	0.000553	0.007074	0.000750	0.001130	0.000553	0.000553	0.004570	0.007147	0.000553	0.000553	0.000553	0.000553	0.000553	0.000553	0.000553	0.000553	0.000553	0.000553	0.949116	
0.000575	0.003342	0.000575	0.000575	0.000575	0.000575	0.000575	0.000575	0.000575	0.000575	0.000575	0.000575	0.000575	0.002591	0.000575	0.000575	0.000575	0.000575	0.000575	0.000575	0.000575	0.000575	0.000575	0.000575	0.000575	0.000575	0.000575	0.000575	0.000575	0.000998	0.000575	0.000575	0.006621	0.000787	0.000917	0.000575	0.000575	0.004780	0.007588	0.000575	0.000575	0.000575	0.000575	0.000575	0.000575	0.000575	0.000575	0.000575	0.000575	0.948786	
0.000589	0.003426	0.000589	0.000589	0.000589	0.000589	0.000589	0.000589	0.000589	0.000589	0.000589	0.000589	0.000589	0.002367	0.000589	0.000589	0.000589	0.000589	0.000589	0.000589	0.000589	0.000589	0.000589	0.000589	0.000589	0.000589	0.000589	0.000589	0.000589	0.001282	0.000589	0.000589	0.005924	0.000935	0.001017	0.000589	0.000589	0.006234	0.003045	0.000589	0.000589	0.000589	0.000589	0.000589	0.000589	0.000589	0.000589	0.000589	0.000589	0.951633	
0.000643	0.000891	0.000643	0.000643	0.000643	0.000643	0.000643	0.000643	0.000643	0.000643	0.000643	0.000643	0.000643	0.000769	0.000643	0.000643	0.000643	0.000643	0.000643	0.000643	0.000643	0.000643	0.000643	0.000643	0.000643	0.000643	0.000643	0.000643	0.000643	0.008795	0.000643	0.000643	0.001019	0.004719	0.000930	0.000643	0.000643	0.001506	0.009376	0.000643	0.000643	0.000643	0.000643	0.000643	0.000643	0.000643	0.000643	0.000643	0.000643	0.945628	
0.000626	0.001415	0.000626	0.000626	0.000626	0.000626	0.000626	0.000626	0.000626	0.000626	0.000626	0.000626	0.000626	0.000828	0.000626	0.000626	0.000626	0.000626	0.000626	0.000626	0.000626	0.000626	0.000626	0.000626	0.000626	0.000626	0.000626	0.000626	0.000626	0.006386	0.000626	0.000626	0.001233	0.003506	0.000823	0.000626	0.000626	0.002653	0.010894	0.000626	0.000626	0.000626	0.000626	0.000626	0.000626	0.000626	0.000626	0.000626	0.000626	0.946599	
0.000615	0.002076	0.000615	0.000615	0.000615	0.000615	0.000615	0.000615	0.000615	0.000615	0.000615	0.000615	0.000615	0.001217	0.000615	0.000615	0.000615	0.000615	0.000615	0.000615	0.000615	0.000615	0.000615	0.000615	0.000615	0.000615	0.000615	0.000615	0.000615	0.006878	0.000615	0.000615	0.002422	0.003746	0.001157	0.000615	0.000615	0.003571	0.005472	0.000615	0.000615	0.000615	0.000615	0.000615	0.000615	0.000615	0.000615	0.000615	0.000615	0.948250	
0.000642	0.001266	0.000642	0.000642	0.000642	0.000642	0.000642	0.000642	0.000642	0.000642	0.000642	0.000642	0.000642	0.001119	0.000642	0.000642	0.000642	0.000642	0.000642	0.000642	0.000642	0.000642	0.000642	0.000642	0.000642	0.000642	0.000642	0.000642	0.000642	0.006763	0.000642	0.000642	0.002072	0.003703	0.001061	0.000642	0.000642	0.002379	0.009393	0.000642	0.000642	0.000642	0.000642	0.000642	0.000642	0.000642	0.000642	0.000642	0.000642	0.945926	
0.000685	0.001263	0.000685	0.000685	0.000685	0.000685	0.000685	0.000685	0.000685	0.000685	0.000685	0.000685	0.000685	0.001034	0.000685	0.000685	0.000685	0.000685	0.000685	0.000685	0.000685	0.000685	0.000685	0.000685	0.000685	0.000685	0.000685	0.000685	0.000685	0.002403	0.000685	0.000685	0.001732	0.001544	0.001274	0.000685	0.000685	0.005513	0.009254	0.000685	0.000685	0.000685	0.000685	0.000685	0.000685	0.000685	0.000685	0.000685	0.000685	0.947903	
0.000683	0.001021	0.000683	0.000683	0.000683	0.000683	0.000683	0.000683	0.000683	0.000683	0.000683	0.000683	0.000683	0.000898	0.000683	0.000683	0.000683	0.000683	0.000683	0.000683	0.000683	0.000683	0.000683	0.000683	0.000683	0.000683	0.000683	0.000683	0.000683	0.003608	0.000683	0.000683	0.001330	0.002146	0.001013	0.000683	0.000683	0.005285	0.009817	0.000683	0.000683	0.000683	0.000683	0.000683	0.000683	0.000683	0.000683	0.000683	0.000683	0.946881	
0.000596	0.003268	0.000596	0.000596	0.000596	0.000596	0.000596	0.000596	0.000596	0.000596	0.000596	0.000596	0.000596	0.000711	0.000596	0.000596	0.000596	0.000596	0.000596	0.000596	0.000596	0.000596	0.000596	0.000596	0.000596	0.000596	0.000596	0.000596	0.000596	0.001345	0.000596	0.000596	0.000942	0.000971	0.000775	0.000596	0.000596	0.010903	0.009481	0.000596	0.000596	0.000596	0.000596	0.000596	0.000596	0.000596	0.000596	0.000596	0.000596	0.947175	
0.000598	0.003133	0.000598	0.000598	0.000598	0.000598	0.000598	0.000598	0.000598	0.000598	0.000598	0.000598	0.000598	0.000927	0.000598	0.000598	0.000598	0.000598	0.000598	0.000598	0.000598	0.000598	0.000598	0.000598	0.000598	0.000598	0.000598	0.000598	0.000598	0.002178	0.000598	0.000598	0.001587	0.001388	0.000908	0.000598	0.000598	0.008130	0.004563	0.000598	0.000598	0.000598	0.000598	0.000598	0.000598	0.000598	0.000598	0.000598	0.000598	0.952682	
0.000593	0.002972	0.000593	0.000593	0.000593	0.000593	0.000593	0.000593	0.000593	0.000593	0.000593	0.000593	0.000593	0.000975	0.000593	0.000593	0.000593	0.000593	0.000593	0.000593	0.000593	0.000593	0.000593	0.000593	0.000593	0.000593	0.000593	0.000593	0.000593	0.002106	0.000593	0.000593	0.001737	0.001350	0.000975	0.000593	0.000593	0.007671	0.010932	0.000593	0.000593	0.000593	0.000593	0.000593	0.000593	0.000593	0.000593	0.000593	0.000593	0.946954	
