0.000654	0.005665	0.000654	0.000654	0.000654	0.000654	0.000654	0.000654	0.000654	0.000654	0.000654	0.000654	0.000654	0.001684	0.000654	0.000654	0.000654	0.000654	0.000654	0.000654	0.000654	0.000654	0.000654	0.000654	0.000654	0.000654	0.000654	0.000654	0.000654	0.001173	0.000654	0.000654	0.002002	0.000913	0.001442	0.000654	0.000654	0.001756	0.002901	0.000654	0.000654	0.000654	0.000654	0.000654	0.000654	0.000654	0.000654	0.000654	0.000654	0.955652	
0.000630	0.005316	0.000630	0.000630	0.000630	0.000630	0.000630	0.000630	0.000630	0.000630	0.000630	0.000630	0.000630	0.001012	0.000630	0.000630	0.000630	0.000630	0.000630	0.000630	0.000630	0.000630	0.000630	0.000630	0.000630	0.000630	0.000630	0.000630	0.000630	0.000956	0.000630	0.000630	0.001220	0.000793	0.000944	0.000630	0.000630	0.001556	0.001707	0.000630	0.000630	0.000630	0.000630	0.000630	0.000630	0.000630	0.000630	0.000630	0.000630	0.960657	
0.000592	0.002071	0.000592	0.000592	0.000592	0.000592	0.000592	0.000592	0.000592	0.000592	0.000592	0.000592	0.000592	0.000883	0.000592	0.000592	0.000592	0.000592	0.000592	0.000592	0.000592	0.000592	0.000592	0.000592	0.000592	0.000592	0.000592	0.000592	0.000592	0.006083	0.000592	0.000592	0.004085	0.003337	0.000887	0.000592	0.000592	0.001529	0.008533	0.000592	0.000592	0.000592	0.000592	0.000592	0.000592	0.000592	0.000592	0.000592	0.000592	0.948317	
0.000688	0.001212	0.000688	0.000688	0.000688	0.000688	0.000688	0.000688	0.000688	0.000688	0.000688	0.000688	0.000688	0.000853	0.000688	0.000688	0.000688	0.000688	0.000688	0.000688	0.000688	0.000688	0.000688	0.000688	0.000688	0.000688	0.000688	0.000688	0.000688	0.001121	0.000688	0.000688	0.001336	0.000905	0.000957	0.000688	0.000688	0.028871	0.007568	0.000688	0.000688	0.000688	0.000688	0.000688	0.000688	0.000688	0.000688	0.000688	0.000688	0.928952	
0.000674	0.002922	0.000674	0.000674	0.000674	0.000674	0.000674	0.000674	0.000674	0.000674	0.000674	0.000674	0.000674	0.000852	0.000674	0.000674	0.000674	0.000674	0.000674	0.000674	0.000674	0.000674	0.000674	0.000674	0.000674	0.000674	0.000674	0.000674	0.000674	0.000972	0.000674	0.000674	0.003148	0.000823	0.002025	0.000674	0.000674	0.010936	0.007896	0.000674	0.000674	0.000674	0.000674	0.000674	0.000674	0.000674	0.000674	0.000674	0.000674	0.942786	
0.000670	0.001192	0.000670	0.000670	0.000670	0.000670	0.000670	0.000670	0.000670	0.000670	0.000670	0.000670	0.000670	0.001171	0.000670	0.000670	0.000670	0.000670	0.000670	0.000670	0.000670	0.000670	0.000670	0.000670	0.000670	0.000670	0.000670	0.000670	0.000670	0.001287	0.000670	0.000670	0.002446	0.000979	0.001952	0.000670	0.000670	0.014041	0.004891	0.000670	0.000670	0.000670	0.000670	0.000670	0.000670	0.000670	0.000670	0.000670	0.000670	0.944562	
0.000658	0.001008	0.000658	0.000658	0.000658	0.000658	0.000658	0.000658	0.000658	0.000658	0.000658	0.000658	0.000658	0.000781	0.000658	0.000658	0.000658	0.000658	0.000658	0.000658	0.000658	0.000658	0.000658	0.000658	0.000658	0.000658	0.000658	0.000658	0.000658	0.002264	0.000658	0.000658	0.004119	0.001461	0.001898	0.000658	0.000658	0.014143	0.012050	0.000658	0.000658	0.000658	0.000658	0.000658	0.000658	0.000658	0.000658	0.000658	0.000658	0.935306	
0.000568	0.000882	0.000568	0.000568	0.000568	0.000568	0.000568	0.000568	0.000568	0.000568	0.000568	0.000568	0.000568	0.002815	0.000568	0.000568	0.000568	0.000568	0.000568	0.000568	0.000568	0.000568	0.000568	0.000568	0.000568	0.000568	0.000568	0.000568	0.000568	0.001024	0.000568	0.000568	0.002726	0.000796	0.000769	0.000568	0.000568	0.001731	0.009905	0.000568	0.000568	0.000568	0.000568	0.000568	0.000568	0.000568	0.000568	0.000568	0.000568	0.956071	
0.000609	0.001031	0.000609	0.000609	0.000609	0.000609	0.000609	0.000609	0.000609	0.000609	0.000609	0.000609	0.000609	0.003400	0.000609	0.000609	0.000609	0.000609	0.000609	0.000609	0.000609	0.000609	0.000609	0.000609	0.000609	0.000609	0.000609	0.000609	0.000609	0.000882	0.000609	0.000609	0.002370	0.000745	0.001190	0.000609	0.000609	0.006282	0.007233	0.000609	0.000609	0.000609	0.000609	0.000609	0.000609	0.000609	0.000609	0.000609	0.000609	0.951913	
0.000578	0.001007	0.000578	0.000578	0.000578	0.000578	0.000578	0.000578	0.000578	0.000578	0.000578	0.000578	0.000578	0.001977	0.000578	0.000578	0.000578	0.000578	0.000578	0.000578	0.000578	0.000578	0.000578	0.000578	0.000578	0.000578	0.000578	0.000578	0.000578	0.001293	0.000578	0.000578	0.003827	0.000935	0.000921	0.000578	0.000578	0.004400	0.014804	0.000578	0.000578	0.000578	0.000578	0.000578	0.000578	0.000578	0.000578	0.000578	0.000578	0.947143	
0.000573	0.000954	0.000573	0.000573	0.000573	0.000573	0.000573	0.000573	0.000573	0.000573	0.000573	0.000573	0.000573	0.003747	0.000573	0.000573	0.000573	0.000573	0.000573	0.000573	0.000573	0.000573	0.000573	0.000573	0.000573	0.000573	0.000573	0.000573	0.000573	0.000947	0.000573	0.000573	0.002660	0.000760	0.000861	0.000573	0.000573	0.001240	0.009140	0.000573	0.000573	0.000573	0.000573	0.000573	0.000573	0.000573	0.000573	0.000573	0.000573	0.956201	
0.000629	0.004800	0.000629	0.000629	0.000629	0.000629	0.000629	0.000629	0.000629	0.000629	0.000629	0.000629	0.000629	0.000784	0.000629	0.000629	0.000629	0.000629	0.000629	0.000629	0.000629	0.000629	0.000629	0.000629	0.000629	0.000629	0.000629	0.000629	0.000629	0.000991	0.000629	0.000629	0.003522	0.000810	0.001065	0.000629	0.000629	0.005588	0.013361	0.000629	0.000629	0.000629	0.000629	0.000629	0.000629	0.000629	0.000629	0.000629	0.000629	0.943284	
0.000571	0.000845	0.000571	0.000571	0.000571	0.000571	0.000571	0.000571	0.000571	0.000571	0.000571	0.000571	0.000571	0.000954	0.000571	0.000571	0.000571	0.000571	0.000571	0.000571	0.000571	0.000571	0.000571	0.000571	0.000571	0.000571	0.000571	0.000571	0.000571	0.000835	0.000571	0.000571	0.001978	0.000703	0.000875	0.000571	0.000571	0.001387	0.005856	0.000571	0.000571	0.000571	0.000571	0.000571	0.000571	0.000571	0.000571	0.000571	0.000571	0.963144	
0.000599	0.003100	0.000599	0.000599	0.000599	0.000599	0.000599	0.000599	0.000599	0.000599	0.000599	0.000599	0.000599	0.001873	0.000599	0.000599	0.000599	0.000599	0.000599	0.000599	0.000599	0.000599	0.000599	0.000599	0.000599	0.000599	0.000599	0.000599	0.000599	0.001027	0.000599	0.000599	0.001152	0.000813	0.000778	0.000599	0.000599	0.001184	0.001945	0.000599	0.000599	0.000599	0.000599	0.000599	0.000599	0.000599	0.000599	0.000599	0.000599	0.963552	
0.000597	0.003041	0.000597	0.000597	0.000597	0.000597	0.000597	0.000597	0.000597	0.000597	0.000597	0.000597	0.000597	0.000855	0.000597	0.000597	0.000597	0.000597	0.000597	0.000597	0.000597	0.000597	0.000597	0.000597	0.000597	0.000597	0.000597	0.000597	0.000597	0.001292	0.000597	0.000597	0.002415	0.000945	0.000864	0.000597	0.000597	0.002337	0.007654	0.000597	0.000597	0.000597	0.000597	0.000597	0.000597	0.000597	0.000597	0.000597	0.000597	0.956109	
0.000588	0.001015	0.000588	0.000588	0.000588	0.000588	0.000588	0.000588	0.000588	0.000588	0.000588	0.000588	0.000588	0.001581	0.000588	0.000588	0.000588	0.000588	0.000588	0.000588	0.000588	0.000588	0.000588	0.000588	0.000588	0.000588	0.000588	0.000588	0.000588	0.008079	0.000588	0.000588	0.004862	0.004333	0.000951	0.000588	0.000588	0.001611	0.009108	0.000588	0.000588	0.000588	0.000588	0.000588	0.000588	0.000588	0.000588	0.000588	0.000588	0.944367	
0.000582	0.001040	0.000582	0.000582	0.000582	0.000582	0.000582	0.000582	0.000582	0.000582	0.000582	0.000582	0.000582	0.000734	0.000582	0.000582	0.000582	0.000582	0.000582	0.000582	0.000582	0.000582	0.000582	0.000582	0.000582	0.000582	0.000582	0.000582	0.000582	0.008622	0.000582	0.000582	0.005012	0.004602	0.000853	0.000582	0.000582	0.001429	0.009484	0.000582	0.000582	0.000582	0.000582	0.000582	0.000582	0.000582	0.000582	0.000582	0.000582	0.944355	
0.000616	0.004017	0.000616	0.000616	0.000616	0.000616	0.000616	0.000616	0.000616	0.000616	0.000616	0.000616	0.000616	0.001687	0.000616	0.000616	0.000616	0.000616	0.000616	0.000616	0.000616	0.000616	0.000616	0.000616	0.000616	0.000616	0.000616	0.000616	0.000616	0.005931	0.000616	0.000616	0.003640	0.003274	0.000844	0.000616	0.000616	0.001719	0.006848	0.000616	0.000616	0.000616	0.000616	0.000616	0.000616	0.000616	0.000616	0.000616	0.000616	0.946764	
0.000609	0.000960	0.000609	0.000609	0.000609	0.000609	0.000609	0.000609	0.000609	0.000609	0.000609	0.000609	0.000609	0.002439	0.000609	0.000609	0.000609	0.000609	0.000609	0.000609	0.000609	0.000609	0.000609	0.000609	0.000609	0.000609	0.000609	0.000609	0.000609	0.004389	0.000609	0.000609	0.003430	0.002499	0.001144	0.000609	0.000609	0.006007	0.007452	0.000609	0.000609	0.000609	0.000609	0.000609	0.000609	0.000609	0.000609	0.000609	0.000609	0.946699	
0.000649	0.005900	0.000649	0.000649	0.000649	0.000649	0.000649	0.000649	0.000649	0.000649	0.000649	0.000649	0.000649	0.001273	0.000649	0.000649	0.000649	0.000649	0.000649	0.000649	0.000649	0.000649	0.000649	0.000649	0.000649	0.000649	0.000649	0.000649	0.000649	0.002283	0.000649	0.000649	0.003488	0.001466	0.001426	0.000649	0.000649	0.001818	0.008743	0.000649	0.000649	0.000649	0.000649	0.000649	0.000649	0.000649	0.000649	0.000649	0.000649	0.946975	
0.000627	0.003496	0.000627	0.000627	0.000627	0.000627	0.000627	0.000627	0.000627	0.000627	0.000627	0.000627	0.000627	0.001504	0.000627	0.000627	0.000627	0.000627	0.000627	0.000627	0.000627	0.000627	0.000627	0.000627	0.000627	0.000627	0.000627	0.000627	0.000627	0.003145	0.000627	0.000627	0.003740	0.001886	0.001346	0.000627	0.000627	0.003316	0.009361	0.000627	0.000627	0.000627	0.000627	0.000627	0.000627	0.000627	0.000627	0.000627	0.000627	0.946492	
0.000785	0.001072	0.000785	0.000785	0.000785	0.000785	0.000785	0.000785	0.000785	0.000785	0.000785	0.000785	0.000785	0.001008	0.000785	0.000785	0.000785	0.000785	0.000785	0.000785	0.000785	0.000785	0.000785	0.000785	0.000785	0.000785	0.000785	0.000785	0.000785	0.001062	0.000785	0.000785	0.006626	0.000924	0.005721	0.000785	0.000785	0.008212	0.006384	0.000785	0.000785	0.000785	0.000785	0.000785	0.000785	0.000785	0.000785	0.000785	0.000785	0.936789	
0.000821	0.001495	0.000821	0.000821	0.000821	0.000821	0.000821	0.000821	0.000821	0.000821	0.000821	0.000821	0.000821	0.001691	0.000821	0.000821	0.000821	0.000821	0.000821	0.000821	0.000821	0.000821	0.000821	0.000821	0.000821	0.000821	0.000821	0.000821	0.000821	0.001451	0.000821	0.000821	0.007517	0.001136	0.007063	0.000821	0.000821	0.001423	0.002271	0.000821	0.000821	0.000821	0.000821	0.000821	0.000821	0.000821	0.000821	0.000821	0.000821	0.942279	
0.000710	0.001134	0.000710	0.000710	0.000710	0.000710	0.000710	0.000710	0.000710	0.000710	0.000710	0.000710	0.000710	0.002735	0.000710	0.000710	0.000710	0.000710	0.000710	0.000710	0.000710	0.000710	0.000710	0.000710	0.000710	0.000710	0.000710	0.000710	0.000710	0.001255	0.000710	0.000710	0.004944	0.000982	0.004134	0.000710	0.000710	0.002646	0.004330	0.000710	0.000710	0.000710	0.000710	0.000710	0.000710	0.000710	0.000710	0.000710	0.000710	0.948727	
