0.572535	0.001172	0.013957	0.000820	0.055144	0.032630	0.050250	0.117971	0.015408	0.103519	0.003127	0.006778	0.012975	0.010691	0.003021	
0.465563	0.010927	0.048566	0.000608	0.016862	0.020352	0.019455	0.113291	0.054464	0.103478	0.016512	0.024247	0.035511	0.058071	0.012091	
0.536175	0.013209	0.029343	0.000782	0.012363	0.021450	0.017195	0.134563	0.027567	0.122311	0.012101	0.013696	0.028845	0.026558	0.003842	
0.408699	0.001408	0.039644	0.007685	0.025480	0.056128	0.131935	0.019607	0.173875	0.018520	0.020378	0.057608	0.012326	0.019739	0.006968	
0.369341	0.002171	0.093374	0.004416	0.028124	0.035649	0.083591	0.025554	0.140262	0.023731	0.026126	0.066138	0.034640	0.060125	0.006759	
0.448912	0.003643	0.093709	0.004731	0.016907	0.041543	0.088154	0.036754	0.110704	0.033680	0.014626	0.046505	0.024512	0.028215	0.007404	
0.402970	0.000738	0.038446	0.008534	0.026884	0.060327	0.144986	0.009731	0.187331	0.009020	0.021951	0.063348	0.007373	0.013993	0.004369	
0.377276	0.008773	0.082783	0.000642	0.009971	0.032638	0.037385	0.081316	0.094328	0.074084	0.009406	0.014176	0.022937	0.107817	0.046467	
0.240851	0.003237	0.114731	0.000958	0.014272	0.047392	0.066767	0.033056	0.159743	0.029779	0.005450	0.011902	0.011029	0.175272	0.085561	
0.233089	0.002499	0.141958	0.000838	0.017025	0.038054	0.057615	0.020781	0.155388	0.019159	0.013419	0.032362	0.027066	0.170939	0.069809	
0.197263	0.003109	0.148499	0.000781	0.005817	0.049121	0.067726	0.014527	0.174010	0.013383	0.003746	0.011916	0.012074	0.199386	0.098642	
0.210701	0.000902	0.117541	0.001463	0.049217	0.014498	0.043394	0.019199	0.165932	0.017426	0.047263	0.097573	0.059035	0.145073	0.010780	
0.481980	0.001632	0.200206	0.000773	0.012946	0.022519	0.038341	0.031555	0.031639	0.028753	0.005143	0.037900	0.048296	0.047574	0.010744	
0.432276	0.002073	0.200416	0.000677	0.014414	0.017331	0.032055	0.026531	0.051135	0.025099	0.013236	0.051020	0.057985	0.066329	0.009422	
0.416774	0.003474	0.183943	0.000609	0.016890	0.016257	0.028954	0.034969	0.058365	0.032148	0.017704	0.054757	0.055144	0.072361	0.007652	
0.560082	0.001000	0.018881	0.000637	0.026975	0.005957	0.010685	0.114882	0.018208	0.116128	0.003353	0.007741	0.099113	0.012869	0.003489	
0.558657	0.004413	0.020854	0.000696	0.021690	0.010050	0.011955	0.121292	0.019017	0.119126	0.004891	0.007757	0.081186	0.014573	0.003844	
0.538616	0.001179	0.031156	0.000784	0.025935	0.009703	0.016902	0.105947	0.028446	0.106632	0.003904	0.010138	0.090556	0.022330	0.007773	
0.367209	0.002040	0.088118	0.000635	0.017363	0.030722	0.042994	0.061971	0.100198	0.060976	0.002835	0.008396	0.047324	0.113621	0.055598	
0.265296	0.001257	0.103683	0.001263	0.042010	0.012448	0.035701	0.034882	0.142175	0.034396	0.039062	0.080642	0.068738	0.126127	0.012319	
0.286610	0.002232	0.100887	0.000671	0.038805	0.011586	0.027632	0.046761	0.126178	0.045285	0.034839	0.070112	0.067715	0.124693	0.015994	
0.403641	0.000970	0.045506	0.008071	0.025420	0.058427	0.138645	0.011888	0.180365	0.011112	0.020808	0.060754	0.009529	0.018390	0.006473	
0.459118	0.004842	0.048629	0.003511	0.020206	0.033498	0.065547	0.070557	0.096335	0.066862	0.013729	0.032912	0.037313	0.035599	0.011344	
0.367847	0.001676	0.059939	0.006086	0.023276	0.053944	0.116713	0.021326	0.170530	0.019750	0.017082	0.047774	0.012118	0.056806	0.025135	
