0	0	0	11	54	83	0	
0	11	0	0	0	0	0	
54	0	12	0	0	0	0	
0	56	0	0	98	0	3	
0	0	0	0	0	11	0	
2	0	40	0	0	0	0	
15	0	0	0	0	0	0	
0	20	0	0	0	0	0	
0	20	0	0	0	0	0	
27	17	0	0	103	0	0	
35	0	0	0	0	0	0	
0	0	60	0	0	59	0	
0	1	176	0	0	0	0	
0	1	0	0	0	4	13	
0	0	0	37	0	0	0	
0	0	0	0	89	0	0	
0	8	13	13	0	30	0	
30	0	27	0	0	0	0	
0	1	0	0	0	77	0	
0	6	0	1	0	0	0	
3	32	0	0	0	0	0	
0	0	0	11	0	0	0	
0	0	0	0	55	0	0	
0	28	28	0	0	0	0	
0	100	0	0	0	0	0	
2	0	0	0	0	1	313	
1	8	0	0	72	0	0	
0	0	0	0	0	90	0	
1	0	0	0	45	0	0	
0	0	0	0	0	0	0	
0	3	0	67	92	81	214	
0	0	0	0	31	5	0	
0	4	0	53	0	8	0	
0	12	0	73	0	26	0	
0	0	0	0	0	0	275	
0	0	0	77	0	0	0	
0	0	228	0	0	0	0	
0	39	1	0	65	39	0	
296	0	0	0	0	0	0	
31	0	0	22	0	19	0	
0	47	0	0	0	1	0	
91	0	0	0	0	0	0	
15	0	0	0	0	0	0	
0	131	0	0	1	0	0	
0	112	0	0	0	0	0	
0	0	0	72	0	0	0	
1	0	0	0	0	76	0	
0	8	0	0	0	14	0	
0	0	0	88	0	0	0	
0	2	17	136	0	3	0	
