0.502910	0.000812	0.017622	0.000602	0.029447	0.023874	0.022192	0.159583	0.029081	0.174029	0.002363	0.008274	0.009104	0.015877	0.004230	
0.429653	0.003613	0.041413	0.001757	0.024952	0.033994	0.054128	0.108270	0.049071	0.112796	0.010647	0.019327	0.019284	0.066938	0.024156	
0.437344	0.003293	0.038644	0.001063	0.025053	0.028989	0.042955	0.120055	0.044735	0.116434	0.005910	0.016204	0.036684	0.060695	0.021941	
0.529933	0.001670	0.017497	0.011958	0.005250	0.050650	0.139136	0.015709	0.053852	0.013275	0.079771	0.032446	0.011233	0.027377	0.010243	
0.472441	0.000890	0.071136	0.004817	0.023990	0.021768	0.068303	0.049694	0.089534	0.039490	0.031184	0.044397	0.046867	0.030642	0.004847	
0.502240	0.001872	0.035480	0.010440	0.009620	0.046602	0.127931	0.013911	0.070590	0.012850	0.069481	0.038247	0.012946	0.036030	0.011760	
0.376997	0.002657	0.059848	0.004784	0.022223	0.037598	0.089418	0.011212	0.189139	0.011910	0.031050	0.061333	0.019479	0.063844	0.018508	
0.335089	0.006378	0.194897	0.000820	0.022977	0.035777	0.052367	0.018404	0.049047	0.025948	0.004804	0.033180	0.039530	0.136635	0.044149	
0.263238	0.009835	0.135068	0.002056	0.012433	0.061036	0.090185	0.011523	0.081052	0.015960	0.013553	0.026223	0.025860	0.182641	0.069336	
0.335245	0.001521	0.093320	0.000969	0.006676	0.042471	0.019936	0.014530	0.300735	0.016940	0.004729	0.042902	0.058898	0.046906	0.014221	
0.282523	0.004836	0.098686	0.000840	0.004820	0.054308	0.040516	0.010662	0.261732	0.013273	0.004335	0.035752	0.050575	0.099913	0.037228	
0.417818	0.000930	0.139572	0.003370	0.015359	0.030602	0.041170	0.008301	0.166996	0.014151	0.021218	0.044460	0.047098	0.041575	0.007380	
0.396832	0.003295	0.212129	0.000694	0.028030	0.020985	0.029969	0.024908	0.049624	0.036106	0.003552	0.038442	0.043244	0.090020	0.022169	
0.381740	0.003869	0.233471	0.000870	0.027905	0.022080	0.035040	0.008432	0.046907	0.020098	0.004859	0.041758	0.043815	0.102995	0.026162	
0.440693	0.000992	0.157639	0.001413	0.026524	0.016100	0.024482	0.044018	0.088975	0.047098	0.008060	0.039908	0.052800	0.044991	0.006307	
0.433082	0.003874	0.056835	0.000611	0.020962	0.021337	0.034293	0.115665	0.025694	0.084338	0.003031	0.011959	0.091597	0.070645	0.026078	
0.477576	0.001830	0.047348	0.000861	0.023485	0.014104	0.024330	0.126781	0.030320	0.098256	0.004440	0.013952	0.088776	0.036406	0.011534	
0.471540	0.002545	0.021778	0.000825	0.020330	0.015780	0.027409	0.138905	0.025508	0.097994	0.004299	0.007916	0.105798	0.042715	0.016659	
0.341432	0.007853	0.053144	0.002557	0.013578	0.054727	0.084738	0.071610	0.053290	0.067737	0.016655	0.013773	0.028779	0.135358	0.054768	
0.332714	0.004847	0.055063	0.000765	0.032004	0.026803	0.067743	0.060226	0.139018	0.043957	0.004136	0.053581	0.046518	0.099592	0.033032	
0.332786	0.006949	0.086865	0.003170	0.017118	0.048036	0.089453	0.033137	0.088348	0.027971	0.020752	0.033451	0.033389	0.130233	0.048343	
0.353102	0.001700	0.061235	0.002923	0.041674	0.018762	0.085838	0.012664	0.219962	0.011906	0.018349	0.091008	0.011366	0.058956	0.010553	
0.344221	0.001189	0.087257	0.000986	0.048094	0.010149	0.064531	0.019569	0.224347	0.022531	0.005135	0.095113	0.013188	0.056813	0.006876	
0.251400	0.007001	0.074507	0.001069	0.033793	0.039666	0.094271	0.016938	0.185426	0.015559	0.006445	0.070090	0.012618	0.142718	0.048499	
