0	0	1	0	185	0	0	
0	0	0	0	0	136	0	
18	126	1	0	0	1	0	
0	0	0	158	0	1	0	
112	0	0	0	0	0	0	
0	0	0	0	0	0	94	
0	0	19	71	1	27	0	
0	0	0	0	0	0	16	
0	0	0	0	0	63	0	
57	0	0	0	0	25	0	
0	0	29	2	164	0	0	
97	1	0	0	0	0	0	
0	1	0	52	0	0	0	
0	0	0	0	62	0	0	
0	0	0	0	0	20	0	
91	0	62	52	6	0	0	
0	24	0	0	8	6	0	
124	0	0	35	0	0	0	
0	0	13	0	0	0	0	
0	0	0	74	0	0	0	
0	0	0	0	25	0	0	
0	84	0	0	0	0	84	
0	5	0	8	0	0	0	
0	0	0	0	0	0	91	
0	0	0	0	0	0	76	
0	0	0	37	30	0	27	
0	0	0	38	0	0	0	
20	0	0	0	0	0	0	
0	0	32	91	0	0	0	
0	0	0	0	1	3	22	
0	0	0	0	0	0	0	
66	249	32	2	0	0	0	
70	1	68	0	0	0	0	
0	0	0	0	0	10	0	
23	0	0	0	0	25	0	
0	25	0	17	1	0	0	
0	0	0	18	0	0	0	
0	0	41	0	0	0	0	
0	0	0	0	0	38	0	
0	0	174	0	0	0	52	
0	0	45	0	65	0	84	
0	0	0	0	0	207	1	
0	0	0	0	0	0	149	
0	0	19	0	0	0	9	
0	70	0	19	0	97	2	
0	96	0	0	0	4	0	
0	1	0	0	0	9	0	
0	0	0	0	0	0	26	
0	0	0	0	0	173	0	
0	25	0	0	0	0	0	
