0.485222	0.009780	0.016145	0.001325	0.043811	0.032315	0.058166	0.163208	0.023066	0.116646	0.003053	0.007630	0.019511	0.014448	0.005674	
0.466851	0.005540	0.079629	0.002314	0.032684	0.028540	0.044899	0.086984	0.031845	0.075415	0.015103	0.038135	0.040340	0.031285	0.020435	
0.475594	0.008022	0.044392	0.002024	0.041215	0.022731	0.032741	0.113813	0.037539	0.106230	0.013904	0.025937	0.029839	0.027311	0.018708	
0.457137	0.001047	0.021332	0.006151	0.009032	0.077151	0.127195	0.050188	0.042745	0.015281	0.043041	0.036560	0.032989	0.023384	0.056765	
0.375079	0.002278	0.103383	0.001792	0.016575	0.043264	0.098258	0.059325	0.110629	0.016058	0.003723	0.047434	0.044557	0.069490	0.008155	
0.422362	0.001886	0.091426	0.003499	0.015538	0.051941	0.094787	0.054707	0.058981	0.019933	0.020693	0.046755	0.043352	0.045445	0.028697	
0.464742	0.006419	0.034416	0.003317	0.034114	0.032984	0.046199	0.091603	0.049304	0.089726	0.025267	0.027219	0.028258	0.032996	0.033438	
0.238481	0.002875	0.142137	0.001868	0.017351	0.019672	0.039407	0.041497	0.217846	0.039735	0.012176	0.022549	0.019336	0.162512	0.022559	
0.327355	0.000906	0.085408	0.005910	0.008908	0.053305	0.076888	0.015068	0.138117	0.014912	0.047737	0.037897	0.021655	0.101236	0.064699	
0.295369	0.001247	0.104677	0.003219	0.009371	0.044873	0.084185	0.042853	0.172125	0.019850	0.019535	0.021950	0.023490	0.125905	0.031353	
0.255049	0.000836	0.121644	0.001912	0.008735	0.032413	0.069893	0.036899	0.220926	0.026632	0.008419	0.012109	0.024096	0.161240	0.019196	
0.303814	0.002264	0.147774	0.002785	0.017171	0.027113	0.044643	0.034080	0.148469	0.029591	0.020373	0.039804	0.030814	0.120632	0.030673	
0.433670	0.001795	0.158578	0.001394	0.019418	0.034131	0.069716	0.058254	0.031752	0.021669	0.002308	0.056291	0.059619	0.046117	0.005289	
0.373116	0.001093	0.196407	0.001201	0.019288	0.016108	0.033657	0.021607	0.087630	0.021130	0.005672	0.063900	0.060640	0.088324	0.010228	
0.389640	0.002934	0.151264	0.001317	0.023061	0.024992	0.052390	0.055846	0.078469	0.034127	0.004357	0.052446	0.049969	0.070863	0.008325	
0.631446	0.000865	0.020352	0.000671	0.029201	0.006363	0.012201	0.024969	0.022878	0.119035	0.003032	0.021006	0.085612	0.015902	0.006467	
0.608695	0.001432	0.044907	0.000701	0.030296	0.006093	0.010241	0.030318	0.017590	0.111043	0.003507	0.028179	0.082523	0.017843	0.006633	
0.471311	0.003490	0.028633	0.001787	0.023913	0.039183	0.083405	0.078242	0.078796	0.066539	0.005304	0.023212	0.045167	0.040985	0.010032	
0.482878	0.002327	0.029919	0.004426	0.019440	0.049437	0.077562	0.050304	0.048758	0.055108	0.032302	0.031878	0.041294	0.031237	0.043129	
0.169741	0.006022	0.100760	0.000846	0.028895	0.007385	0.050946	0.024672	0.321067	0.025572	0.003970	0.068873	0.020347	0.162594	0.008310	
0.266652	0.004182	0.117836	0.002777	0.023666	0.023361	0.052909	0.023236	0.201864	0.020207	0.021271	0.067892	0.028794	0.116132	0.029223	
0.301768	0.004270	0.060771	0.003437	0.023843	0.029161	0.061732	0.023898	0.205222	0.034690	0.027005	0.057380	0.026165	0.104192	0.036464	
0.376322	0.005650	0.112549	0.000659	0.033690	0.008185	0.020623	0.072521	0.121348	0.078102	0.002410	0.035596	0.037514	0.088512	0.006320	
0.328578	0.003577	0.059014	0.001866	0.021740	0.030147	0.077717	0.041706	0.195866	0.037270	0.008652	0.044546	0.034628	0.100102	0.014592	
