0.432851	0.001377	0.013866	0.001186	0.022220	0.024481	0.065402	0.164116	0.026871	0.169452	0.006312	0.005775	0.013010	0.012459	0.040622	
0.425159	0.005549	0.040988	0.005096	0.013971	0.033205	0.084127	0.116398	0.041825	0.117418	0.033737	0.023713	0.020891	0.027457	0.010466	
0.409343	0.002905	0.030212	0.002452	0.017596	0.021494	0.052325	0.175462	0.023671	0.180270	0.015129	0.014764	0.021180	0.015038	0.018160	
0.483472	0.006651	0.050987	0.006260	0.020970	0.053110	0.138083	0.014841	0.059060	0.012656	0.042088	0.020567	0.019950	0.037684	0.033621	
0.431259	0.001739	0.082118	0.000944	0.035832	0.035850	0.076621	0.027708	0.097707	0.020794	0.004810	0.054255	0.026584	0.055720	0.048058	
0.430832	0.002909	0.065724	0.002348	0.026867	0.037296	0.085382	0.027877	0.110262	0.021739	0.014668	0.045715	0.023800	0.064785	0.039798	
0.514828	0.001093	0.037570	0.000701	0.042134	0.046881	0.123175	0.013971	0.060529	0.010967	0.003165	0.024651	0.013480	0.025287	0.081568	
0.302787	0.003280	0.141591	0.002839	0.013136	0.036987	0.051677	0.031669	0.158065	0.030118	0.018233	0.021880	0.041452	0.126622	0.019665	
0.366349	0.005307	0.118640	0.004810	0.015442	0.045270	0.087233	0.022462	0.113082	0.021077	0.032001	0.020345	0.036119	0.091938	0.019925	
0.269566	0.002046	0.171085	0.001462	0.016258	0.034460	0.032157	0.027138	0.173571	0.025936	0.008628	0.021740	0.049858	0.143265	0.022831	
0.254564	0.002041	0.158400	0.001842	0.009346	0.035400	0.038070	0.018254	0.207139	0.015728	0.011341	0.020775	0.040802	0.162672	0.023627	
0.329229	0.002695	0.139803	0.002122	0.020757	0.038412	0.057713	0.027389	0.137729	0.025623	0.013194	0.024601	0.040836	0.109848	0.030049	
0.354827	0.004238	0.176468	0.002639	0.036677	0.036177	0.047315	0.044946	0.057418	0.040174	0.016609	0.061872	0.053348	0.055072	0.012219	
0.331894	0.003880	0.197802	0.002107	0.037657	0.034213	0.033407	0.027563	0.082810	0.020748	0.012915	0.071798	0.060548	0.073791	0.008867	
0.337853	0.003693	0.239591	0.001135	0.054519	0.031917	0.018323	0.031976	0.033670	0.021951	0.005977	0.103977	0.069938	0.040025	0.005454	
0.578963	0.003834	0.012476	0.001152	0.034287	0.009711	0.016047	0.087942	0.022324	0.094810	0.006122	0.009173	0.105972	0.014064	0.003123	
0.582188	0.003833	0.014433	0.001153	0.035227	0.011049	0.019230	0.084990	0.018652	0.092169	0.006134	0.007151	0.106023	0.012413	0.005355	
0.519063	0.003518	0.018299	0.001567	0.027913	0.012810	0.025611	0.109890	0.035575	0.114855	0.009006	0.015880	0.078239	0.021346	0.006427	
0.488853	0.002478	0.031937	0.002136	0.031318	0.042156	0.110795	0.058721	0.046730	0.059396	0.013149	0.012638	0.016786	0.023427	0.059481	
0.381178	0.004578	0.075885	0.003886	0.016407	0.029777	0.062074	0.045501	0.135520	0.035801	0.025375	0.069588	0.026145	0.081220	0.007066	
0.397291	0.003834	0.074500	0.003133	0.018088	0.031580	0.063932	0.036336	0.134489	0.030417	0.020167	0.046913	0.034720	0.086376	0.018225	
0.336781	0.001987	0.062509	0.001724	0.009954	0.021513	0.037905	0.028944	0.226195	0.015635	0.010338	0.076775	0.020306	0.133808	0.015626	
0.331672	0.001249	0.036316	0.000991	0.007196	0.011217	0.018240	0.040131	0.259296	0.022166	0.005147	0.101668	0.014879	0.141923	0.007909	
0.414048	0.006166	0.048681	0.005932	0.007942	0.040367	0.099808	0.024564	0.136587	0.018031	0.039801	0.041040	0.019848	0.084886	0.012299	
