0.000808	0.001450	0.000808	0.000808	0.000808	0.000808	0.000808	0.000808	0.000808	0.000808	0.000808	0.000808	0.000808	0.007063	0.000808	0.000808	0.000808	0.000808	0.000808	0.000808	0.000808	0.000808	0.000808	0.000808	0.000808	0.000808	0.000808	0.000808	0.000808	0.001678	0.000808	0.000808	0.001991	0.001121	0.001022	0.000808	0.000808	0.001879	0.003765	0.000808	0.000808	0.000808	0.000808	0.000808	0.000808	0.000808	0.000808	0.000808	0.000808	0.946912	
0.000676	0.001726	0.000676	0.000676	0.000676	0.000676	0.000676	0.000676	0.000676	0.000676	0.000676	0.000676	0.000676	0.003641	0.000676	0.000676	0.000676	0.000676	0.000676	0.000676	0.000676	0.000676	0.000676	0.000676	0.000676	0.000676	0.000676	0.000676	0.000676	0.001143	0.000676	0.000676	0.001351	0.000885	0.000831	0.000676	0.000676	0.001449	0.005448	0.000676	0.000676	0.000676	0.000676	0.000676	0.000676	0.000676	0.000676	0.000676	0.000676	0.955811	
0.000791	0.001953	0.000791	0.000791	0.000791	0.000791	0.000791	0.000791	0.000791	0.000791	0.000791	0.000791	0.000791	0.006441	0.000791	0.000791	0.000791	0.000791	0.000791	0.000791	0.000791	0.000791	0.000791	0.000791	0.000791	0.000791	0.000791	0.000791	0.000791	0.001355	0.000791	0.000791	0.001701	0.001137	0.001016	0.000791	0.000791	0.001917	0.003812	0.000791	0.000791	0.000791	0.000791	0.000791	0.000791	0.000791	0.000791	0.000791	0.000791	0.948229	
0.000625	0.001186	0.000625	0.000625	0.000625	0.000625	0.000625	0.000625	0.000625	0.000625	0.000625	0.000625	0.000625	0.000988	0.000625	0.000625	0.000625	0.000625	0.000625	0.000625	0.000625	0.000625	0.000625	0.000625	0.000625	0.000625	0.000625	0.000625	0.000625	0.000900	0.000625	0.000625	0.001039	0.000764	0.000755	0.000625	0.000625	0.001276	0.011467	0.000625	0.000625	0.000625	0.000625	0.000625	0.000625	0.000625	0.000625	0.000625	0.000625	0.955985	
0.000530	0.001046	0.000530	0.000530	0.000530	0.000530	0.000530	0.000530	0.000530	0.000530	0.000530	0.000530	0.000530	0.000762	0.000530	0.000530	0.000530	0.000530	0.000530	0.000530	0.000530	0.000530	0.000530	0.000530	0.000530	0.000530	0.000530	0.000530	0.000530	0.001096	0.000530	0.000530	0.001317	0.000751	0.004330	0.000530	0.000530	0.019529	0.002727	0.000530	0.000530	0.000530	0.000530	0.000530	0.000530	0.000530	0.000530	0.000530	0.000530	0.946725	
0.000585	0.001666	0.000585	0.000585	0.000585	0.000585	0.000585	0.000585	0.000585	0.000585	0.000585	0.000585	0.000585	0.000863	0.000585	0.000585	0.000585	0.000585	0.000585	0.000585	0.000585	0.000585	0.000585	0.000585	0.000585	0.000585	0.000585	0.000585	0.000585	0.001055	0.000585	0.000585	0.001228	0.000758	0.001838	0.000585	0.000585	0.006853	0.007898	0.000585	0.000585	0.000585	0.000585	0.000585	0.000585	0.000585	0.000585	0.000585	0.000585	0.953870	
0.000588	0.000963	0.000588	0.000588	0.000588	0.000588	0.000588	0.000588	0.000588	0.000588	0.000588	0.000588	0.000588	0.000929	0.000588	0.000588	0.000588	0.000588	0.000588	0.000588	0.000588	0.000588	0.000588	0.000588	0.000588	0.000588	0.000588	0.000588	0.000588	0.001036	0.000588	0.000588	0.001174	0.000727	0.002244	0.000588	0.000588	0.008865	0.008242	0.000588	0.000588	0.000588	0.000588	0.000588	0.000588	0.000588	0.000588	0.000588	0.000588	0.951703	
0.000662	0.005615	0.000662	0.000662	0.000662	0.000662	0.000662	0.000662	0.000662	0.000662	0.000662	0.000662	0.000662	0.001557	0.000662	0.000662	0.000662	0.000662	0.000662	0.000662	0.000662	0.000662	0.000662	0.000662	0.000662	0.000662	0.000662	0.000662	0.000662	0.002822	0.000662	0.000662	0.003030	0.000870	0.001179	0.000662	0.000662	0.003250	0.012187	0.000662	0.000662	0.000662	0.000662	0.000662	0.000662	0.000662	0.000662	0.000662	0.000662	0.942363	
0.000694	0.008286	0.000694	0.000694	0.000694	0.000694	0.000694	0.000694	0.000694	0.000694	0.000694	0.000694	0.000694	0.001040	0.000694	0.000694	0.000694	0.000694	0.000694	0.000694	0.000694	0.000694	0.000694	0.000694	0.000694	0.000694	0.000694	0.000694	0.000694	0.001689	0.000694	0.000694	0.001882	0.000886	0.000861	0.000694	0.000694	0.001531	0.013611	0.000694	0.000694	0.000694	0.000694	0.000694	0.000694	0.000694	0.000694	0.000694	0.000694	0.941776	
0.000629	0.002707	0.000629	0.000629	0.000629	0.000629	0.000629	0.000629	0.000629	0.000629	0.000629	0.000629	0.000629	0.001136	0.000629	0.000629	0.000629	0.000629	0.000629	0.000629	0.000629	0.000629	0.000629	0.000629	0.000629	0.000629	0.000629	0.000629	0.000629	0.003788	0.000629	0.000629	0.004392	0.001232	0.000933	0.000629	0.000629	0.002150	0.012708	0.000629	0.000629	0.000629	0.000629	0.000629	0.000629	0.000629	0.000629	0.000629	0.000629	0.945172	
0.000618	0.003398	0.000618	0.000618	0.000618	0.000618	0.000618	0.000618	0.000618	0.000618	0.000618	0.000618	0.000618	0.000913	0.000618	0.000618	0.000618	0.000618	0.000618	0.000618	0.000618	0.000618	0.000618	0.000618	0.000618	0.000618	0.000618	0.000618	0.000618	0.004639	0.000618	0.000618	0.004843	0.000822	0.000723	0.000618	0.000618	0.001144	0.015454	0.000618	0.000618	0.000618	0.000618	0.000618	0.000618	0.000618	0.000618	0.000618	0.000618	0.942715	
0.000590	0.001167	0.000590	0.000590	0.000590	0.000590	0.000590	0.000590	0.000590	0.000590	0.000590	0.000590	0.000590	0.000832	0.000590	0.000590	0.000590	0.000590	0.000590	0.000590	0.000590	0.000590	0.000590	0.000590	0.000590	0.000590	0.000590	0.000590	0.000590	0.004325	0.000590	0.000590	0.004503	0.000768	0.000928	0.000590	0.000590	0.002280	0.014253	0.000590	0.000590	0.000590	0.000590	0.000590	0.000590	0.000590	0.000590	0.000590	0.000590	0.946769	
0.000613	0.001854	0.000613	0.000613	0.000613	0.000613	0.000613	0.000613	0.000613	0.000613	0.000613	0.000613	0.000613	0.001883	0.000613	0.000613	0.000613	0.000613	0.000613	0.000613	0.000613	0.000613	0.000613	0.000613	0.000613	0.000613	0.000613	0.000613	0.000613	0.001566	0.000613	0.000613	0.001886	0.000933	0.000832	0.000613	0.000613	0.001710	0.007009	0.000613	0.000613	0.000613	0.000613	0.000613	0.000613	0.000613	0.000613	0.000613	0.000613	0.957195	
0.000567	0.002098	0.000567	0.000567	0.000567	0.000567	0.000567	0.000567	0.000567	0.000567	0.000567	0.000567	0.000567	0.000756	0.000567	0.000567	0.000567	0.000567	0.000567	0.000567	0.000567	0.000567	0.000567	0.000567	0.000567	0.000567	0.000567	0.000567	0.000567	0.000978	0.000567	0.000567	0.001165	0.000753	0.000797	0.000567	0.000567	0.001720	0.007002	0.000567	0.000567	0.000567	0.000567	0.000567	0.000567	0.000567	0.000567	0.000567	0.000567	0.961503	
0.000556	0.001037	0.000556	0.000556	0.000556	0.000556	0.000556	0.000556	0.000556	0.000556	0.000556	0.000556	0.000556	0.000914	0.000556	0.000556	0.000556	0.000556	0.000556	0.000556	0.000556	0.000556	0.000556	0.000556	0.000556	0.000556	0.000556	0.000556	0.000556	0.001121	0.000556	0.000556	0.001393	0.000828	0.001411	0.000556	0.000556	0.004832	0.005674	0.000556	0.000556	0.000556	0.000556	0.000556	0.000556	0.000556	0.000556	0.000556	0.000556	0.960008	
0.000696	0.001302	0.000696	0.000696	0.000696	0.000696	0.000696	0.000696	0.000696	0.000696	0.000696	0.000696	0.000696	0.000892	0.000696	0.000696	0.000696	0.000696	0.000696	0.000696	0.000696	0.000696	0.000696	0.000696	0.000696	0.000696	0.000696	0.000696	0.000696	0.006557	0.000696	0.000696	0.012076	0.006215	0.000911	0.000696	0.000696	0.001770	0.002894	0.000696	0.000696	0.000696	0.000696	0.000696	0.000696	0.000696	0.000696	0.000696	0.000696	0.938845	
0.000673	0.001279	0.000673	0.000673	0.000673	0.000673	0.000673	0.000673	0.000673	0.000673	0.000673	0.000673	0.000673	0.001084	0.000673	0.000673	0.000673	0.000673	0.000673	0.000673	0.000673	0.000673	0.000673	0.000673	0.000673	0.000673	0.000673	0.000673	0.000673	0.005354	0.000673	0.000673	0.009870	0.005189	0.001574	0.000673	0.000673	0.005181	0.002430	0.000673	0.000673	0.000673	0.000673	0.000673	0.000673	0.000673	0.000673	0.000673	0.000673	0.940458	
0.000708	0.001166	0.000708	0.000708	0.000708	0.000708	0.000708	0.000708	0.000708	0.000708	0.000708	0.000708	0.000708	0.001142	0.000708	0.000708	0.000708	0.000708	0.000708	0.000708	0.000708	0.000708	0.000708	0.000708	0.000708	0.000708	0.000708	0.000708	0.000708	0.006587	0.000708	0.000708	0.012328	0.006449	0.000924	0.000708	0.000708	0.001785	0.002119	0.000708	0.000708	0.000708	0.000708	0.000708	0.000708	0.000708	0.000708	0.000708	0.000708	0.938459	
0.000709	0.005232	0.000709	0.000709	0.000709	0.000709	0.000709	0.000709	0.000709	0.000709	0.000709	0.000709	0.000709	0.001379	0.000709	0.000709	0.000709	0.000709	0.000709	0.000709	0.000709	0.000709	0.000709	0.000709	0.000709	0.000709	0.000709	0.000709	0.000709	0.003115	0.000709	0.000709	0.005302	0.002896	0.000877	0.000709	0.000709	0.001548	0.008928	0.000709	0.000709	0.000709	0.000709	0.000709	0.000709	0.000709	0.000709	0.000709	0.000709	0.941659	
0.000593	0.002889	0.000593	0.000593	0.000593	0.000593	0.000593	0.000593	0.000593	0.000593	0.000593	0.000593	0.000593	0.000765	0.000593	0.000593	0.000593	0.000593	0.000593	0.000593	0.000593	0.000593	0.000593	0.000593	0.000593	0.000593	0.000593	0.000593	0.000593	0.002779	0.000593	0.000593	0.003734	0.001548	0.002656	0.000593	0.000593	0.010908	0.007109	0.000593	0.000593	0.000593	0.000593	0.000593	0.000593	0.000593	0.000593	0.000593	0.000593	0.943289	
0.000650	0.005024	0.000650	0.000650	0.000650	0.000650	0.000650	0.000650	0.000650	0.000650	0.000650	0.000650	0.000650	0.001076	0.000650	0.000650	0.000650	0.000650	0.000650	0.000650	0.000650	0.000650	0.000650	0.000650	0.000650	0.000650	0.000650	0.000650	0.000650	0.002457	0.000650	0.000650	0.003312	0.001505	0.001714	0.000650	0.000650	0.005970	0.009723	0.000650	0.000650	0.000650	0.000650	0.000650	0.000650	0.000650	0.000650	0.000650	0.000650	0.942569	
0.000569	0.001638	0.000569	0.000569	0.000569	0.000569	0.000569	0.000569	0.000569	0.000569	0.000569	0.000569	0.000569	0.000745	0.000569	0.000569	0.000569	0.000569	0.000569	0.000569	0.000569	0.000569	0.000569	0.000569	0.000569	0.000569	0.000569	0.000569	0.000569	0.001444	0.000569	0.000569	0.001727	0.000851	0.002824	0.000569	0.000569	0.011844	0.006653	0.000569	0.000569	0.000569	0.000569	0.000569	0.000569	0.000569	0.000569	0.000569	0.000569	0.948966	
0.000550	0.000933	0.000550	0.000550	0.000550	0.000550	0.000550	0.000550	0.000550	0.000550	0.000550	0.000550	0.000550	0.000747	0.000550	0.000550	0.000550	0.000550	0.000550	0.000550	0.000550	0.000550	0.000550	0.000550	0.000550	0.000550	0.000550	0.000550	0.000550	0.002191	0.000550	0.000550	0.002889	0.001248	0.003538	0.000550	0.000550	0.015492	0.004548	0.000550	0.000550	0.000550	0.000550	0.000550	0.000550	0.000550	0.000550	0.000550	0.000550	0.945865	
0.000600	0.003538	0.000600	0.000600	0.000600	0.000600	0.000600	0.000600	0.000600	0.000600	0.000600	0.000600	0.000600	0.001112	0.000600	0.000600	0.000600	0.000600	0.000600	0.000600	0.000600	0.000600	0.000600	0.000600	0.000600	0.000600	0.000600	0.000600	0.000600	0.001921	0.000600	0.000600	0.002180	0.000859	0.002708	0.000600	0.000600	0.011139	0.007658	0.000600	0.000600	0.000600	0.000600	0.000600	0.000600	0.000600	0.000600	0.000600	0.000600	0.944273	
