0.000732	0.001327	0.000732	0.000732	0.000732	0.000732	0.000732	0.000732	0.000732	0.000732	0.000732	0.000732	0.000732	0.000971	0.000732	0.000732	0.000732	0.000732	0.000732	0.000732	0.000732	0.000732	0.000732	0.000732	0.000732	0.000732	0.000732	0.000732	0.000732	0.001065	0.000732	0.000732	0.006830	0.000899	0.001089	0.000732	0.000732	0.002076	0.003283	0.000732	0.000732	0.000732	0.000732	0.000732	0.000732	0.000732	0.000732	0.000732	0.000732	0.952435	
0.000666	0.002006	0.000666	0.000666	0.000666	0.000666	0.000666	0.000666	0.000666	0.000666	0.000666	0.000666	0.000666	0.001596	0.000666	0.000666	0.000666	0.000666	0.000666	0.000666	0.000666	0.000666	0.000666	0.000666	0.000666	0.000666	0.000666	0.000666	0.000666	0.001685	0.000666	0.000666	0.004794	0.001175	0.001076	0.000666	0.000666	0.001672	0.006153	0.000666	0.000666	0.000666	0.000666	0.000666	0.000666	0.000666	0.000666	0.000666	0.000666	0.952534	
0.000683	0.001833	0.000683	0.000683	0.000683	0.000683	0.000683	0.000683	0.000683	0.000683	0.000683	0.000683	0.000683	0.001618	0.000683	0.000683	0.000683	0.000683	0.000683	0.000683	0.000683	0.000683	0.000683	0.000683	0.000683	0.000683	0.000683	0.000683	0.000683	0.002017	0.000683	0.000683	0.005354	0.001350	0.000899	0.000683	0.000683	0.003566	0.004653	0.000683	0.000683	0.000683	0.000683	0.000683	0.000683	0.000683	0.000683	0.000683	0.000683	0.950689	
0.000580	0.001665	0.000580	0.000580	0.000580	0.000580	0.000580	0.000580	0.000580	0.000580	0.000580	0.000580	0.000580	0.001473	0.000580	0.000580	0.000580	0.000580	0.000580	0.000580	0.000580	0.000580	0.000580	0.000580	0.000580	0.000580	0.000580	0.000580	0.000580	0.001027	0.000580	0.000580	0.001254	0.000804	0.000773	0.000580	0.000580	0.001687	0.013105	0.000580	0.000580	0.000580	0.000580	0.000580	0.000580	0.000580	0.000580	0.000580	0.000580	0.954428	
0.000581	0.002203	0.000581	0.000581	0.000581	0.000581	0.000581	0.000581	0.000581	0.000581	0.000581	0.000581	0.000581	0.000740	0.000581	0.000581	0.000581	0.000581	0.000581	0.000581	0.000581	0.000581	0.000581	0.000581	0.000581	0.000581	0.000581	0.000581	0.000581	0.001021	0.000581	0.000581	0.001208	0.000801	0.002044	0.000581	0.000581	0.004412	0.014138	0.000581	0.000581	0.000581	0.000581	0.000581	0.000581	0.000581	0.000581	0.000581	0.000581	0.949631	
0.000595	0.001950	0.000595	0.000595	0.000595	0.000595	0.000595	0.000595	0.000595	0.000595	0.000595	0.000595	0.000595	0.001492	0.000595	0.000595	0.000595	0.000595	0.000595	0.000595	0.000595	0.000595	0.000595	0.000595	0.000595	0.000595	0.000595	0.000595	0.000595	0.001183	0.000595	0.000595	0.001760	0.000889	0.001053	0.000595	0.000595	0.003277	0.011525	0.000595	0.000595	0.000595	0.000595	0.000595	0.000595	0.000595	0.000595	0.000595	0.000595	0.952479	
0.000655	0.001016	0.000655	0.000655	0.000655	0.000655	0.000655	0.000655	0.000655	0.000655	0.000655	0.000655	0.000655	0.000827	0.000655	0.000655	0.000655	0.000655	0.000655	0.000655	0.000655	0.000655	0.000655	0.000655	0.000655	0.000655	0.000655	0.000655	0.000655	0.001022	0.000655	0.000655	0.001227	0.000839	0.000845	0.000655	0.000655	0.020883	0.006314	0.000655	0.000655	0.000655	0.000655	0.000655	0.000655	0.000655	0.000655	0.000655	0.000655	0.940160	
0.000632	0.003245	0.000632	0.000632	0.000632	0.000632	0.000632	0.000632	0.000632	0.000632	0.000632	0.000632	0.000632	0.002401	0.000632	0.000632	0.000632	0.000632	0.000632	0.000632	0.000632	0.000632	0.000632	0.000632	0.000632	0.000632	0.000632	0.000632	0.000632	0.001778	0.000632	0.000632	0.003369	0.001205	0.001476	0.000632	0.000632	0.005951	0.005344	0.000632	0.000632	0.000632	0.000632	0.000632	0.000632	0.000632	0.000632	0.000632	0.000632	0.949337	
0.000572	0.004935	0.000572	0.000572	0.000572	0.000572	0.000572	0.000572	0.000572	0.000572	0.000572	0.000572	0.000572	0.004251	0.000572	0.000572	0.000572	0.000572	0.000572	0.000572	0.000572	0.000572	0.000572	0.000572	0.000572	0.000572	0.000572	0.000572	0.000572	0.001017	0.000572	0.000572	0.001280	0.000794	0.001255	0.000572	0.000572	0.002093	0.004560	0.000572	0.000572	0.000572	0.000572	0.000572	0.000572	0.000572	0.000572	0.000572	0.000572	0.956367	
0.000562	0.003624	0.000562	0.000562	0.000562	0.000562	0.000562	0.000562	0.000562	0.000562	0.000562	0.000562	0.000562	0.000860	0.000562	0.000562	0.000562	0.000562	0.000562	0.000562	0.000562	0.000562	0.000562	0.000562	0.000562	0.000562	0.000562	0.000562	0.000562	0.001014	0.000562	0.000562	0.001490	0.000788	0.003326	0.000562	0.000562	0.003473	0.014880	0.000562	0.000562	0.000562	0.000562	0.000562	0.000562	0.000562	0.000562	0.000562	0.000562	0.947497	
0.000556	0.003896	0.000556	0.000556	0.000556	0.000556	0.000556	0.000556	0.000556	0.000556	0.000556	0.000556	0.000556	0.001415	0.000556	0.000556	0.000556	0.000556	0.000556	0.000556	0.000556	0.000556	0.000556	0.000556	0.000556	0.000556	0.000556	0.000556	0.000556	0.001029	0.000556	0.000556	0.001323	0.000793	0.003037	0.000556	0.000556	0.001226	0.013876	0.000556	0.000556	0.000556	0.000556	0.000556	0.000556	0.000556	0.000556	0.000556	0.000556	0.950595	
0.000538	0.003976	0.000538	0.000538	0.000538	0.000538	0.000538	0.000538	0.000538	0.000538	0.000538	0.000538	0.000538	0.000825	0.000538	0.000538	0.000538	0.000538	0.000538	0.000538	0.000538	0.000538	0.000538	0.000538	0.000538	0.000538	0.000538	0.000538	0.000538	0.000957	0.000538	0.000538	0.001188	0.000748	0.003689	0.000538	0.000538	0.005188	0.016918	0.000538	0.000538	0.000538	0.000538	0.000538	0.000538	0.000538	0.000538	0.000538	0.000538	0.944436	
0.000592	0.002961	0.000592	0.000592	0.000592	0.000592	0.000592	0.000592	0.000592	0.000592	0.000592	0.000592	0.000592	0.001380	0.000592	0.000592	0.000592	0.000592	0.000592	0.000592	0.000592	0.000592	0.000592	0.000592	0.000592	0.000592	0.000592	0.000592	0.000592	0.001168	0.000592	0.000592	0.002494	0.000880	0.002173	0.000592	0.000592	0.001665	0.012002	0.000592	0.000592	0.000592	0.000592	0.000592	0.000592	0.000592	0.000592	0.000592	0.000592	0.951024	
0.000572	0.003408	0.000572	0.000572	0.000572	0.000572	0.000572	0.000572	0.000572	0.000572	0.000572	0.000572	0.000572	0.001688	0.000572	0.000572	0.000572	0.000572	0.000572	0.000572	0.000572	0.000572	0.000572	0.000572	0.000572	0.000572	0.000572	0.000572	0.000572	0.001582	0.000572	0.000572	0.001930	0.001077	0.002292	0.000572	0.000572	0.001815	0.012179	0.000572	0.000572	0.000572	0.000572	0.000572	0.000572	0.000572	0.000572	0.000572	0.000572	0.950557	
0.000566	0.002632	0.000566	0.000566	0.000566	0.000566	0.000566	0.000566	0.000566	0.000566	0.000566	0.000566	0.000566	0.000853	0.000566	0.000566	0.000566	0.000566	0.000566	0.000566	0.000566	0.000566	0.000566	0.000566	0.000566	0.000566	0.000566	0.000566	0.000566	0.000931	0.000566	0.000566	0.001463	0.000748	0.002345	0.000566	0.000566	0.003457	0.015405	0.000566	0.000566	0.000566	0.000566	0.000566	0.000566	0.000566	0.000566	0.000566	0.000566	0.948961	
0.000690	0.001919	0.000690	0.000690	0.000690	0.000690	0.000690	0.000690	0.000690	0.000690	0.000690	0.000690	0.000690	0.000969	0.000690	0.000690	0.000690	0.000690	0.000690	0.000690	0.000690	0.000690	0.000690	0.000690	0.000690	0.000690	0.000690	0.000690	0.000690	0.010306	0.000690	0.000690	0.010569	0.005498	0.001640	0.000690	0.000690	0.002124	0.005765	0.000690	0.000690	0.000690	0.000690	0.000690	0.000690	0.000690	0.000690	0.000690	0.000690	0.932917	
0.000748	0.001005	0.000748	0.000748	0.000748	0.000748	0.000748	0.000748	0.000748	0.000748	0.000748	0.000748	0.000748	0.000869	0.000748	0.000748	0.000748	0.000748	0.000748	0.000748	0.000748	0.000748	0.000748	0.000748	0.000748	0.000748	0.000748	0.000748	0.000748	0.013288	0.000748	0.000748	0.013680	0.007018	0.000884	0.000748	0.000748	0.001597	0.001794	0.000748	0.000748	0.000748	0.000748	0.000748	0.000748	0.000748	0.000748	0.000748	0.000748	0.929180	
0.000736	0.000948	0.000736	0.000736	0.000736	0.000736	0.000736	0.000736	0.000736	0.000736	0.000736	0.000736	0.000736	0.000857	0.000736	0.000736	0.000736	0.000736	0.000736	0.000736	0.000736	0.000736	0.000736	0.000736	0.000736	0.000736	0.000736	0.000736	0.000736	0.009899	0.000736	0.000736	0.010181	0.005318	0.000827	0.000736	0.000736	0.004102	0.001641	0.000736	0.000736	0.000736	0.000736	0.000736	0.000736	0.000736	0.000736	0.000736	0.000736	0.936039	
0.000701	0.001107	0.000701	0.000701	0.000701	0.000701	0.000701	0.000701	0.000701	0.000701	0.000701	0.000701	0.000701	0.000982	0.000701	0.000701	0.000701	0.000701	0.000701	0.000701	0.000701	0.000701	0.000701	0.000701	0.000701	0.000701	0.000701	0.000701	0.000701	0.001332	0.000701	0.000701	0.001558	0.001016	0.000826	0.000701	0.000701	0.002313	0.001657	0.000701	0.000701	0.000701	0.000701	0.000701	0.000701	0.000701	0.000701	0.000701	0.000701	0.960487	
0.000632	0.002488	0.000632	0.000632	0.000632	0.000632	0.000632	0.000632	0.000632	0.000632	0.000632	0.000632	0.000632	0.001644	0.000632	0.000632	0.000632	0.000632	0.000632	0.000632	0.000632	0.000632	0.000632	0.000632	0.000632	0.000632	0.000632	0.000632	0.000632	0.001079	0.000632	0.000632	0.001586	0.000855	0.001476	0.000632	0.000632	0.014543	0.006155	0.000632	0.000632	0.000632	0.000632	0.000632	0.000632	0.000632	0.000632	0.000632	0.000632	0.944268	
0.000620	0.002999	0.000620	0.000620	0.000620	0.000620	0.000620	0.000620	0.000620	0.000620	0.000620	0.000620	0.000620	0.002007	0.000620	0.000620	0.000620	0.000620	0.000620	0.000620	0.000620	0.000620	0.000620	0.000620	0.000620	0.000620	0.000620	0.000620	0.000620	0.002617	0.000620	0.000620	0.002863	0.001618	0.001612	0.000620	0.000620	0.006965	0.006807	0.000620	0.000620	0.000620	0.000620	0.000620	0.000620	0.000620	0.000620	0.000620	0.000620	0.947111	
0.000657	0.002110	0.000657	0.000657	0.000657	0.000657	0.000657	0.000657	0.000657	0.000657	0.000657	0.000657	0.000657	0.001846	0.000657	0.000657	0.000657	0.000657	0.000657	0.000657	0.000657	0.000657	0.000657	0.000657	0.000657	0.000657	0.000657	0.000657	0.000657	0.001186	0.000657	0.000657	0.001416	0.000922	0.000921	0.000657	0.000657	0.021779	0.002764	0.000657	0.000657	0.000657	0.000657	0.000657	0.000657	0.000657	0.000657	0.000657	0.000657	0.940101	
0.000679	0.001809	0.000679	0.000679	0.000679	0.000679	0.000679	0.000679	0.000679	0.000679	0.000679	0.000679	0.000679	0.001377	0.000679	0.000679	0.000679	0.000679	0.000679	0.000679	0.000679	0.000679	0.000679	0.000679	0.000679	0.000679	0.000679	0.000679	0.000679	0.005578	0.000679	0.000679	0.005750	0.003128	0.001111	0.000679	0.000679	0.010194	0.003863	0.000679	0.000679	0.000679	0.000679	0.000679	0.000679	0.000679	0.000679	0.000679	0.000679	0.939349	
0.000630	0.002865	0.000630	0.000630	0.000630	0.000630	0.000630	0.000630	0.000630	0.000630	0.000630	0.000630	0.000630	0.002244	0.000630	0.000630	0.000630	0.000630	0.000630	0.000630	0.000630	0.000630	0.000630	0.000630	0.000630	0.000630	0.000630	0.000630	0.000630	0.001374	0.000630	0.000630	0.001545	0.001002	0.001251	0.000630	0.000630	0.010944	0.004472	0.000630	0.000630	0.000630	0.000630	0.000630	0.000630	0.000630	0.000630	0.000630	0.000630	0.948453	
