0.052847	0.518241	0.157859	0.045687	0.043300	0.110126	0.071940	
0.073277	0.428571	0.216807	0.066218	0.096807	0.073277	0.045042	
0.031518	0.530319	0.225762	0.048304	0.060295	0.053100	0.050702	
0.041012	0.052973	0.294600	0.471634	0.052973	0.033835	0.052973	
0.556941	0.045148	0.019205	0.170148	0.071092	0.092318	0.045148	
0.347133	0.062097	0.161860	0.159484	0.069223	0.145232	0.054971	
0.586054	0.028912	0.193197	0.033673	0.036054	0.093197	0.028912	
0.098193	0.114899	0.243778	0.138766	0.031367	0.153086	0.219911	
0.159765	0.077640	0.336094	0.077640	0.024500	0.034161	0.290200	
0.039277	0.029545	0.044143	0.075773	0.070907	0.109837	0.630518	
0.058608	0.037629	0.151848	0.072594	0.032967	0.133200	0.513154	
0.110374	0.029689	0.037024	0.305973	0.039469	0.054139	0.423332	
0.042095	0.401724	0.188266	0.032814	0.037454	0.035134	0.262512	
0.082302	0.215791	0.145534	0.068250	0.051857	0.063566	0.372700	
0.128838	0.308745	0.089119	0.061081	0.124166	0.030708	0.257343	
0.048537	0.041308	0.282272	0.034079	0.436489	0.130465	0.026850	
0.019527	0.062693	0.312093	0.065091	0.477561	0.033916	0.029120	
0.149024	0.048304	0.156218	0.038712	0.487153	0.096266	0.024323	
0.057897	0.055498	0.187393	0.427201	0.177801	0.065091	0.029120	
0.125633	0.031071	0.080716	0.075988	0.435326	0.045255	0.206011	
0.064935	0.031442	0.048189	0.232399	0.299385	0.045796	0.277854	
0.359570	0.046463	0.102288	0.131415	0.141123	0.172677	0.046463	
0.067167	0.040914	0.031367	0.031367	0.031367	0.761677	0.036140	
0.378657	0.029260	0.308778	0.050947	0.060585	0.087091	0.084682	
