0.506832	0.003950	0.096776	0.000958	0.036708	0.021491	0.051978	0.059636	0.037183	0.056451	0.007285	0.011967	0.046573	0.051800	0.010413	
0.499555	0.007589	0.018775	0.001515	0.017891	0.027898	0.040881	0.143434	0.031479	0.135728	0.014896	0.012729	0.020323	0.016152	0.011154	
0.500446	0.009288	0.017412	0.000623	0.018525	0.020306	0.026005	0.168831	0.024658	0.159818	0.011096	0.008557	0.015017	0.015069	0.004350	
0.528893	0.000810	0.016738	0.007920	0.022786	0.073380	0.139903	0.010592	0.072601	0.010017	0.047895	0.040953	0.008687	0.014317	0.004508	
0.351617	0.003102	0.091366	0.004870	0.026232	0.018026	0.063181	0.038069	0.150825	0.035962	0.029974	0.058836	0.027702	0.086108	0.014129	
0.456594	0.002716	0.044144	0.007254	0.026143	0.033666	0.095766	0.039231	0.102141	0.037110	0.045218	0.048355	0.014884	0.039834	0.006943	
0.486310	0.000767	0.024338	0.010645	0.030987	0.031193	0.121702	0.009347	0.111461	0.008830	0.064781	0.060559	0.008919	0.024863	0.005299	
0.530958	0.001633	0.102156	0.001060	0.040359	0.037226	0.074442	0.020287	0.036838	0.019201	0.005758	0.013577	0.052062	0.052457	0.011985	
0.307244	0.004249	0.186619	0.000755	0.018703	0.056348	0.068195	0.011446	0.123200	0.010823	0.003465	0.028710	0.040282	0.133493	0.006470	
0.207133	0.005445	0.232371	0.001038	0.017098	0.033689	0.043841	0.014059	0.164371	0.013276	0.005283	0.038267	0.044373	0.171622	0.008134	
0.308851	0.003490	0.162117	0.001085	0.020564	0.031096	0.047349	0.028687	0.128409	0.027015	0.005434	0.035181	0.053671	0.121915	0.025134	
0.311516	0.003606	0.151350	0.005055	0.027526	0.019425	0.066663	0.012508	0.155582	0.011836	0.030358	0.053374	0.029712	0.116961	0.004529	
0.349373	0.006579	0.148993	0.000793	0.022575	0.022668	0.035543	0.070820	0.097342	0.067033	0.006935	0.023245	0.037003	0.104869	0.006228	
0.328368	0.005590	0.163144	0.001542	0.022950	0.021088	0.040218	0.051368	0.110610	0.048587	0.010305	0.028091	0.042412	0.114897	0.010830	
0.341610	0.007237	0.122824	0.001817	0.019610	0.014092	0.029859	0.092098	0.106543	0.087149	0.014243	0.030037	0.030189	0.094302	0.008390	
0.486738	0.000863	0.031605	0.001067	0.013397	0.019386	0.034532	0.091867	0.024298	0.086422	0.005494	0.010111	0.091130	0.019823	0.083265	
0.480338	0.001303	0.013010	0.000743	0.005905	0.019397	0.025554	0.115712	0.016460	0.108897	0.004002	0.006613	0.095846	0.010491	0.095730	
0.469758	0.000832	0.017306	0.000870	0.005631	0.023585	0.030718	0.105255	0.025686	0.098996	0.004220	0.010004	0.095646	0.015721	0.095772	
0.423678	0.001944	0.070626	0.001002	0.008593	0.048721	0.057345	0.066063	0.057549	0.062152	0.004955	0.016164	0.069081	0.053235	0.058893	
0.301908	0.001044	0.071621	0.001360	0.032334	0.009636	0.037656	0.034792	0.213257	0.032772	0.007206	0.085167	0.038814	0.104304	0.028128	
0.356181	0.003113	0.118484	0.002596	0.021394	0.022758	0.050136	0.043969	0.114143	0.041441	0.015329	0.037146	0.051135	0.091690	0.030487	
0.260205	0.000871	0.065707	0.001134	0.032391	0.037497	0.062619	0.010168	0.268977	0.009616	0.005644	0.107723	0.010435	0.122512	0.004502	
0.348179	0.003533	0.059158	0.001245	0.030971	0.010092	0.034037	0.069472	0.173028	0.065692	0.009064	0.069056	0.026789	0.084544	0.015141	
0.361778	0.000909	0.049306	0.000653	0.021557	0.072010	0.087073	0.020217	0.176874	0.019063	0.002650	0.069851	0.019853	0.084032	0.014174	
