0.502561	0.003782	0.022778	0.001003	0.030909	0.049606	0.037489	0.102591	0.025644	0.164879	0.005101	0.008460	0.016582	0.020804	0.007809	
0.467561	0.002683	0.072064	0.002533	0.027050	0.035999	0.055970	0.072756	0.054771	0.077041	0.011901	0.030152	0.035324	0.041037	0.013156	
0.519631	0.004018	0.032780	0.002379	0.030470	0.052418	0.044752	0.086205	0.020980	0.127774	0.010682	0.011643	0.019024	0.021793	0.015451	
0.603360	0.003775	0.023173	0.011149	0.015658	0.094595	0.086834	0.014039	0.017000	0.012321	0.050676	0.009393	0.009271	0.019628	0.029128	
0.294641	0.001187	0.110693	0.001193	0.015293	0.011119	0.118027	0.026339	0.198428	0.017143	0.007687	0.077763	0.029172	0.084041	0.007275	
0.441276	0.004464	0.111384	0.002724	0.030122	0.032068	0.066777	0.031408	0.077808	0.011249	0.012861	0.045096	0.031840	0.065082	0.035842	
0.400499	0.009054	0.034867	0.000741	0.031027	0.031487	0.115838	0.011527	0.152297	0.016095	0.003256	0.054661	0.007834	0.055783	0.075034	
0.264029	0.002728	0.131972	0.001796	0.014804	0.026637	0.039982	0.031327	0.181701	0.042720	0.020815	0.045380	0.042040	0.137706	0.016364	
0.396951	0.004265	0.087195	0.004297	0.019428	0.049773	0.051196	0.028855	0.112196	0.039265	0.027073	0.029548	0.028587	0.091570	0.029800	
0.295199	0.005473	0.127408	0.001469	0.022192	0.028444	0.030205	0.023738	0.160227	0.025930	0.018806	0.039515	0.042115	0.136544	0.042736	
0.244774	0.002704	0.148079	0.002811	0.011901	0.029647	0.031665	0.018878	0.192216	0.021251	0.028076	0.044403	0.047236	0.157076	0.019284	
0.227567	0.004378	0.155216	0.001585	0.016347	0.023823	0.029682	0.010837	0.202017	0.010534	0.022733	0.048173	0.046085	0.166184	0.034839	
0.457769	0.001698	0.141207	0.001690	0.032819	0.024803	0.029508	0.069789	0.029198	0.055183	0.007937	0.036120	0.045588	0.060721	0.005969	
0.412979	0.001025	0.187321	0.001679	0.031796	0.014213	0.034044	0.049477	0.054039	0.010743	0.008581	0.051591	0.052539	0.084016	0.005958	
0.406621	0.001035	0.173660	0.001306	0.030948	0.013231	0.036212	0.056517	0.060974	0.024109	0.007104	0.050443	0.052423	0.080607	0.004808	
0.500646	0.001091	0.020275	0.002759	0.023778	0.022691	0.025088	0.142074	0.019807	0.113650	0.014556	0.008081	0.083619	0.015676	0.006210	
0.477675	0.002060	0.019180	0.002042	0.024590	0.020027	0.040556	0.128167	0.044887	0.103771	0.010844	0.016684	0.074925	0.019893	0.014700	
0.481877	0.001375	0.016534	0.001063	0.026403	0.011383	0.021431	0.156417	0.026411	0.127543	0.006675	0.010299	0.089870	0.014499	0.008219	
0.532554	0.010608	0.020202	0.001708	0.042196	0.048498	0.038649	0.055195	0.024669	0.059599	0.008658	0.009047	0.026755	0.036691	0.084972	
0.268073	0.002592	0.145397	0.002919	0.013526	0.028340	0.034928	0.023005	0.177445	0.017756	0.026829	0.044706	0.049196	0.145780	0.019508	
0.372401	0.004879	0.094954	0.002332	0.023869	0.031883	0.037580	0.045553	0.115260	0.038927	0.018614	0.031922	0.046156	0.097262	0.038408	
0.377664	0.004073	0.043248	0.002746	0.017462	0.033474	0.131922	0.021415	0.170995	0.027728	0.012734	0.061311	0.012229	0.052201	0.030798	
0.276742	0.001282	0.049375	0.000936	0.009115	0.009754	0.161572	0.031442	0.245368	0.034655	0.004957	0.085373	0.020410	0.061172	0.007847	
0.388223	0.001553	0.043011	0.004247	0.011096	0.039767	0.125252	0.034678	0.159056	0.044496	0.020461	0.054945	0.017666	0.048224	0.007325	
