4	0	0	0	46	0	95	
0	11	0	0	0	0	0	
0	0	66	0	0	0	0	
139	0	0	0	0	52	0	
0	0	0	0	0	0	11	
0	0	0	5	1	1	34	
0	0	15	1	0	0	0	
0	0	0	0	0	20	0	
0	0	0	0	0	20	0	
0	0	0	0	0	0	0	
0	0	37	0	0	0	0	
23	0	18	0	0	16	64	
11	0	0	0	0	166	0	
0	0	0	2	0	0	27	
0	9	0	0	24	0	0	
90	0	0	1	0	0	0	
0	7	0	0	15	1	39	
0	0	57	0	0	2	0	
0	0	0	0	0	0	86	
0	7	0	0	0	0	0	
0	0	0	2	0	33	0	
0	0	0	0	11	0	0	
57	0	0	0	0	0	0	
0	45	0	0	0	0	0	
0	20	0	0	0	91	0	
0	1	0	313	0	0	0	
51	32	1	0	4	0	4	
0	0	0	0	0	0	58	
45	0	0	0	0	0	0	
112	0	0	0	18	0	0	
27	0	0	255	63	0	118	
36	0	0	0	0	0	0	
1	28	0	31	0	0	0	
0	27	0	0	70	0	0	
1	0	0	250	0	0	11	
0	0	0	0	70	0	0	
0	0	0	0	0	204	0	
55	40	0	0	0	0	74	
3	0	288	0	7	0	0	
0	0	22	0	28	0	20	
0	23	0	0	0	25	0	
0	0	94	0	0	0	0	
0	0	15	0	0	0	0	
0	153	0	0	0	0	0	
0	94	0	0	0	0	0	
0	0	0	0	99	0	0	
0	0	0	0	0	0	94	
0	21	0	0	0	0	0	
0	0	0	0	70	0	0	
0	1	1	2	135	0	0	
