45
45
45
45
45
45
45
45
45
45
45
45
45
45
45
45
45
45
45
45
45
45
45
11
11
11
11
11
11
11
11
11
11
11
11
11
11
11
3
3
3
3
3
3
3
3
3
3
3
3
3
3
3
3
3
3
3
3
3
3
3
3
3
3
3
3
34
34
34
34
34
34
34
15
15
15
15
15
15
15
15
15
15
15
15
15
15
15
15
15
15
15
38
38
38
38
38
38
38
38
4
4
4
4
4
4
4
4
4
4
4
4
4
5
5
5
5
5
5
5
5
5
5
5
5
5
5
5
5
5
5
5
5
5
38
38
38
38
38
38
38
38
38
38
38
38
38
15
15
15
15
15
15
15
15
15
15
15
15
15
15
15
15
15
15
15
15
15
15
15
15
15
15
15
15
11
11
11
11
11
11
11
11
11
11
11
11
11
11
26
26
26
26
26
26
26
26
26
26
26
26
26
26
26
42
42
42
42
42
42
42
42
42
42
42
42
2
2
2
2
2
2
2
2
2
2
2
2
2
9
9
9
