0.038203	0.001249	0.005863	0.050833	0.027553	0.040129	0.005531	0.006330	0.031062	0.107258	0.037036	0.000940	0.002765	0.000144	0.003239	0.007820	0.018451	0.000144	0.044821	0.016138	0.061311	0.002241	0.020079	0.045800	0.009512	0.002061	0.004955	0.007858	0.050305	0.048300	0.003424	0.005581	0.003594	0.003150	0.080343	0.002866	0.044683	0.002187	0.000491	0.000555	0.000940	0.030983	0.035032	0.001473	0.003116	0.039753	0.000144	0.004433	0.032571	0.006751	
0.056537	0.003210	0.013325	0.023366	0.049074	0.054235	0.002142	0.015234	0.024283	0.013913	0.017228	0.002350	0.006535	0.000139	0.008739	0.004501	0.008134	0.000139	0.064385	0.023980	0.090778	0.005256	0.048841	0.046869	0.006495	0.003067	0.013214	0.012704	0.018788	0.030645	0.007933	0.008196	0.009515	0.008493	0.098234	0.007536	0.065558	0.000898	0.001097	0.001257	0.002350	0.011605	0.051837	0.003752	0.001244	0.031070	0.000139	0.012056	0.006313	0.002812	
0.054589	0.001895	0.010714	0.031712	0.039151	0.051809	0.001430	0.012270	0.064605	0.021228	0.011867	0.001405	0.005282	0.000144	0.005047	0.003596	0.020430	0.000144	0.060475	0.023070	0.087645	0.004254	0.039029	0.046515	0.003987	0.001928	0.005507	0.010889	0.012121	0.032484	0.004087	0.007922	0.003990	0.004907	0.084814	0.003178	0.063183	0.000632	0.000635	0.000603	0.001405	0.007507	0.050052	0.001626	0.000854	0.082724	0.000144	0.006938	0.007678	0.001902	
0.029304	0.002711	0.002823	0.035768	0.012158	0.028454	0.001579	0.003128	0.072408	0.049392	0.069201	0.001994	0.001411	0.000149	0.007323	0.002867	0.024818	0.000149	0.034645	0.012712	0.047006	0.001159	0.012189	0.029827	0.005085	0.002884	0.055480	0.015912	0.013459	0.027282	0.028145	0.004314	0.039827	0.007118	0.069857	0.031455	0.034328	0.000692	0.002118	0.004882	0.001994	0.008332	0.026875	0.015438	0.000938	0.092718	0.000149	0.010090	0.015526	0.001925	
0.004935	0.001335	0.009378	0.033511	0.035019	0.005555	0.001271	0.010735	0.071392	0.024744	0.124970	0.001005	0.004639	0.000156	0.003458	0.001634	0.021817	0.000156	0.007147	0.003119	0.007837	0.003742	0.039413	0.005997	0.003121	0.001360	0.120592	0.023987	0.010536	0.007140	0.059695	0.000839	0.086521	0.003364	0.020814	0.068297	0.006582	0.000579	0.003561	0.010456	0.001005	0.006538	0.004537	0.033434	0.000771	0.091415	0.000156	0.004732	0.005324	0.001681	
0.010676	0.003052	0.024211	0.026959	0.088987	0.012676	0.003345	0.027730	0.007494	0.040951	0.091867	0.002240	0.011838	0.000153	0.008269	0.004271	0.005207	0.000153	0.016304	0.005541	0.017065	0.009501	0.091772	0.013324	0.008126	0.003101	0.081544	0.017561	0.029866	0.014517	0.040564	0.001657	0.058519	0.008037	0.049171	0.046203	0.013171	0.001364	0.002875	0.007114	0.002240	0.018421	0.009800	0.022643	0.001914	0.009558	0.000153	0.011399	0.012423	0.004472	
0.002094	0.001880	0.002321	0.064840	0.010494	0.002915	0.001279	0.002570	0.164512	0.048357	0.077519	0.001400	0.001185	0.000166	0.004965	0.001539	0.051063	0.000166	0.004712	0.001433	0.003264	0.000981	0.010785	0.007878	0.003705	0.002106	0.064420	0.012769	0.010522	0.014846	0.031916	0.000442	0.046243	0.004828	0.029859	0.036520	0.002930	0.000588	0.002200	0.005662	0.001400	0.006533	0.001933	0.017921	0.000780	0.210707	0.000166	0.006816	0.014318	0.001549	
0.029463	0.001240	0.017970	0.088460	0.076993	0.036626	0.010877	0.019911	0.024513	0.030303	0.013520	0.000932	0.008516	0.000138	0.003225	0.013776	0.009465	0.000138	0.038695	0.012727	0.047268	0.006840	0.063389	0.027323	0.017622	0.001375	0.005463	0.006390	0.100121	0.021732	0.003463	0.004327	0.003956	0.003137	0.051042	0.003150	0.035148	0.004211	0.000498	0.000593	0.000932	0.061609	0.027020	0.001609	0.006063	0.031364	0.000138	0.004416	0.008877	0.013434	
0.029192	0.002100	0.003797	0.099987	0.028728	0.037061	0.011669	0.003451	0.040845	0.043863	0.022510	0.001550	0.001539	0.000133	0.005641	0.014696	0.015300	0.000133	0.039809	0.012365	0.046835	0.001258	0.011179	0.028983	0.019760	0.002277	0.010429	0.007287	0.107535	0.025422	0.005905	0.004285	0.007516	0.005484	0.062523	0.005958	0.034950	0.004509	0.000798	0.001014	0.001550	0.066166	0.026771	0.002978	0.006498	0.052288	0.000133	0.007765	0.013464	0.014112	
0.002873	0.001730	0.013574	0.136865	0.069705	0.017062	0.016824	0.014350	0.036619	0.065376	0.022711	0.001285	0.006161	0.000139	0.004594	0.019799	0.015918	0.000139	0.014535	0.001548	0.004533	0.004957	0.045623	0.010945	0.027173	0.002110	0.004508	0.001461	0.155482	0.018579	0.002360	0.000530	0.003272	0.004467	0.033634	0.002611	0.005051	0.006468	0.000572	0.000513	0.001285	0.095646	0.002645	0.001346	0.009345	0.046873	0.000139	0.006312	0.019234	0.020517	
0.004406	0.002461	0.010292	0.144034	0.061184	0.020432	0.019076	0.010375	0.008180	0.064131	0.026022	0.001809	0.004472	0.000131	0.006654	0.022495	0.007552	0.000131	0.018282	0.002141	0.007001	0.003604	0.033154	0.011823	0.031391	0.002762	0.008447	0.002481	0.176515	0.018331	0.004336	0.000742	0.006095	0.006468	0.042198	0.004836	0.007082	0.007317	0.000816	0.000843	0.001809	0.108575	0.004049	0.002429	0.010584	0.010442	0.000131	0.009171	0.019139	0.023169	
0.004884	0.001467	0.004244	0.137603	0.034154	0.016751	0.014299	0.003758	0.093730	0.032603	0.028832	0.001096	0.001674	0.000141	0.003853	0.016910	0.029280	0.000141	0.014898	0.002315	0.007764	0.001367	0.012619	0.007691	0.023054	0.001582	0.020807	0.004931	0.131960	0.010723	0.010451	0.000819	0.014961	0.003747	0.025132	0.011834	0.007219	0.005512	0.000950	0.001909	0.001096	0.081185	0.004489	0.005851	0.007953	0.120036	0.000141	0.005284	0.009009	0.017290	
0.026599	0.001824	0.005626	0.112974	0.038449	0.036859	0.014224	0.005364	0.023093	0.044520	0.019425	0.001349	0.002348	0.000130	0.004873	0.017599	0.010216	0.000130	0.038267	0.011295	0.042670	0.001904	0.017142	0.026921	0.023343	0.002022	0.007365	0.006237	0.131350	0.024005	0.004330	0.003911	0.005318	0.004737	0.056840	0.004223	0.032202	0.005476	0.000659	0.000748	0.001349	0.080806	0.024394	0.002129	0.007906	0.029548	0.000130	0.006702	0.013243	0.017228	
0.018922	0.001117	0.011698	0.130605	0.063614	0.032329	0.017239	0.012147	0.008929	0.039690	0.016069	0.000840	0.005221	0.000128	0.002896	0.020860	0.005640	0.000128	0.031138	0.008200	0.030332	0.004203	0.038689	0.019959	0.027156	0.001322	0.005842	0.004574	0.159431	0.018569	0.003395	0.002813	0.004226	0.002817	0.039605	0.003361	0.023638	0.006619	0.000476	0.000617	0.000840	0.098070	0.017356	0.001707	0.009569	0.011403	0.000128	0.003963	0.010925	0.020982	
0.017217	0.002123	0.014646	0.112840	0.067494	0.026454	0.012271	0.015954	0.065629	0.012980	0.010650	0.001568	0.006841	0.000141	0.005692	0.014972	0.019622	0.000141	0.027485	0.007576	0.027585	0.005501	0.050889	0.014927	0.020686	0.002033	0.007978	0.004686	0.113073	0.011243	0.004415	0.002580	0.005761	0.005533	0.041436	0.004575	0.021166	0.004742	0.000744	0.000811	0.001568	0.069573	0.015794	0.002307	0.006833	0.084036	0.000141	0.007833	0.004205	0.015048	
0.004252	0.027103	0.002769	0.010224	0.010488	0.004671	0.000981	0.003113	0.011538	0.058503	0.026752	0.019557	0.001408	0.000155	0.075608	0.001270	0.008604	0.000155	0.034083	0.001950	0.006739	0.001158	0.009847	0.011823	0.030512	0.025441	0.005977	0.001997	0.007848	0.018535	0.003125	0.000740	0.004330	0.073452	0.288393	0.003449	0.005009	0.000469	0.005698	0.000653	0.019557	0.004885	0.003910	0.001764	0.000611	0.014737	0.000155	0.104711	0.040085	0.001203	
0.003076	0.021606	0.008314	0.008899	0.029725	0.003519	0.000916	0.009533	0.009171	0.102577	0.040072	0.015601	0.004132	0.000160	0.060208	0.001150	0.011900	0.000160	0.026853	0.001576	0.004846	0.003337	0.030318	0.017313	0.024468	0.020762	0.006535	0.001897	0.007196	0.030428	0.003375	0.000577	0.004732	0.058492	0.242804	0.003767	0.003647	0.000447	0.004617	0.000706	0.015601	0.004486	0.002833	0.001922	0.000577	0.011704	0.000160	0.083369	0.048701	0.001231	
0.004022	0.028073	0.003690	0.017946	0.013747	0.004395	0.000909	0.004184	0.035766	0.013099	0.014584	0.020256	0.001862	0.000155	0.078324	0.001177	0.011443	0.000155	0.034845	0.001883	0.006369	0.001521	0.013334	0.004998	0.031450	0.025943	0.007562	0.002259	0.007174	0.005795	0.003902	0.000707	0.005467	0.076091	0.286698	0.004346	0.004747	0.000441	0.005933	0.000789	0.020256	0.004470	0.003699	0.002202	0.000571	0.045776	0.000155	0.108475	0.027226	0.001133	
0.003545	0.001449	0.003468	0.019522	0.013034	0.004015	0.000998	0.003919	0.038828	0.304414	0.099621	0.001092	0.001761	0.000174	0.003745	0.001261	0.038590	0.000174	0.005607	0.001687	0.005592	0.001443	0.012422	0.047132	0.002802	0.003951	0.007025	0.002083	0.007848	0.088130	0.003635	0.000656	0.005087	0.003643	0.090995	0.004050	0.004197	0.000487	0.000609	0.000760	0.001092	0.004892	0.003264	0.002067	0.000629	0.049693	0.000174	0.005122	0.092386	0.001232	
0.023837	0.002329	0.008521	0.014952	0.031714	0.023177	0.001344	0.009740	0.015553	0.047676	0.109999	0.001718	0.004211	0.000147	0.006257	0.002396	0.008053	0.000147	0.028306	0.010823	0.038220	0.003399	0.035218	0.024698	0.004319	0.002487	0.097928	0.023033	0.011291	0.022572	0.048958	0.003531	0.070266	0.006082	0.058523	0.055470	0.028270	0.000601	0.003156	0.008510	0.001718	0.006998	0.021863	0.027165	0.000807	0.019884	0.000147	0.008613	0.013622	0.001754	
0.002816	0.009518	0.048830	0.024905	0.172252	0.003906	0.001655	0.056345	0.040242	0.014143	0.011531	0.006902	0.023974	0.000172	0.026342	0.002005	0.012816	0.000172	0.013937	0.002267	0.004421	0.019214	0.179452	0.004166	0.012516	0.008882	0.006472	0.001846	0.013979	0.005524	0.003344	0.000550	0.004690	0.025594	0.099817	0.003737	0.003420	0.000735	0.002207	0.000711	0.006902	0.008661	0.002596	0.001913	0.000990	0.051505	0.000172	0.036436	0.011905	0.002914	
0.028260	0.001452	0.004452	0.019142	0.017040	0.026915	0.000914	0.005066	0.037271	0.039086	0.105241	0.001086	0.002231	0.000146	0.003803	0.002051	0.013530	0.000146	0.031795	0.012573	0.045330	0.001814	0.020230	0.027020	0.002722	0.001609	0.095792	0.023415	0.007301	0.022573	0.048009	0.004162	0.068734	0.003699	0.052799	0.054261	0.033320	0.000437	0.002924	0.008326	0.001086	0.004545	0.025918	0.026574	0.000570	0.047706	0.000146	0.005214	0.010405	0.001157	
0.005725	0.001181	0.053291	0.010106	0.187329	0.006173	0.001148	0.061545	0.006754	0.022775	0.066461	0.000898	0.026176	0.000169	0.003003	0.001515	0.003593	0.000169	0.007723	0.003926	0.009099	0.020975	0.198549	0.007089	0.002748	0.001246	0.061143	0.012794	0.009285	0.007717	0.030387	0.000963	0.043894	0.002922	0.020811	0.034667	0.007088	0.000540	0.001976	0.005384	0.000898	0.005774	0.005262	0.017017	0.000709	0.008605	0.000169	0.004095	0.006142	0.002391	
0.008550	0.006944	0.003394	0.039794	0.016528	0.010772	0.003426	0.003641	0.043728	0.082170	0.088281	0.005043	0.001631	0.000153	0.019169	0.004290	0.019431	0.000153	0.018304	0.004134	0.013649	0.001335	0.014231	0.017851	0.012454	0.007048	0.064494	0.013928	0.030626	0.025976	0.032100	0.001352	0.046292	0.018626	0.096109	0.036556	0.010612	0.001394	0.003204	0.005656	0.005043	0.018888	0.007850	0.017931	0.001958	0.055976	0.000153	0.026505	0.028506	0.004162	
