12
12
12
12
12
12
12
12
12
12
12
12
12
12
12
37
37
37
37
37
37
37
37
37
37
37
37
37
37
22
22
22
22
22
22
22
22
22
22
22
22
22
22
22
22
22
25
25
25
25
25
25
25
25
25
25
25
25
25
25
25
25
25
25
25
25
25
25
25
25
25
25
25
25
25
25
25
25
25
25
25
25
25
34
34
34
34
34
7
7
7
7
7
7
7
7
7
7
7
7
7
7
29
29
29
29
29
29
29
19
19
19
19
19
19
19
19
19
19
19
19
19
19
19
19
19
19
19
21
21
21
21
21
21
21
21
21
21
21
21
21
21
21
21
21
21
39
39
39
39
39
39
39
39
39
39
39
39
39
39
39
39
39
39
39
39
39
41
41
41
41
41
41
41
41
41
41
41
41
41
41
41
41
41
41
36
36
36
36
36
36
36
36
36
36
36
36
36
36
36
36
36
36
36
36
36
36
36
36
39
39
39
39
39
39
39
39
39
39
39
39
39
39
39
39
39
39
39
39
39
39
19
19
19
19
19
19
19
19
19
19
19
19
19
19
19
24
24
24
24
24
24
24
24
