7
7
7
7
7
7
7
7
7
7
7
7
7
7
7
7
7
7
7
7
7
7
7
7
7
7
7
7
7
7
7
7
7
41
41
41
41
41
41
41
41
41
11
11
11
11
11
11
9
9
9
9
9
5
5
5
5
5
5
5
5
5
5
5
5
5
5
5
5
5
5
5
32
32
32
32
32
32
32
32
32
32
32
32
32
32
32
32
32
32
32
32
32
32
32
20
20
20
20
20
20
20
20
20
20
20
20
20
20
20
20
20
20
20
20
20
20
20
20
20
20
20
21
21
21
21
21
21
21
21
21
21
21
21
21
21
21
21
21
21
21
21
21
21
15
15
15
15
15
15
15
15
5
5
5
5
5
5
5
5
5
5
5
5
5
5
5
5
5
5
5
25
25
25
25
25
25
25
25
25
25
25
25
25
25
25
25
25
25
25
32
32
32
32
32
32
32
32
32
32
