0	6	0	78	1	0	25	
0	0	0	0	121	0	0	
0	0	0	88	0	0	0	
132	0	0	0	0	0	0	
28	0	0	0	0	0	0	
50	0	6	71	0	0	0	
0	0	0	0	0	55	0	
0	1	0	0	30	0	0	
0	0	33	0	0	0	0	
0	0	0	0	0	0	154	
0	0	0	0	0	0	20	
0	0	0	0	0	0	0	
31	22	0	0	0	0	0	
0	114	0	0	0	0	0	
0	137	0	0	0	0	0	
0	0	3	0	28	0	0	
0	0	140	0	0	0	0	
0	73	0	1	0	0	0	
0	0	0	0	324	152	0	
3	0	0	0	137	0	0	
0	0	0	0	0	55	0	
0	1	0	0	42	0	0	
0	0	0	20	0	0	0	
153	26	22	0	2	0	0	
0	0	0	0	0	0	112	
0	0	0	0	16	0	0	
0	0	0	131	0	0	0	
0	0	0	0	0	0	0	
0	0	0	0	14	0	0	
0	0	48	0	0	0	0	
0	0	0	0	43	0	0	
0	0	52	4	0	0	0	
0	0	147	0	0	0	41	
0	0	0	0	0	0	0	
0	0	5	0	0	6	27	
0	0	126	0	0	0	0	
0	0	0	0	0	0	0	
0	0	40	56	0	0	0	
0	0	0	0	0	270	41	
0	0	0	135	0	0	0	
0	0	0	0	0	0	240	
0	34	22	0	0	0	0	
0	59	0	63	0	0	32	
34	69	0	0	0	0	0	
0	0	0	0	0	40	0	
0	0	0	0	14	0	0	
0	0	0	35	0	0	0	
0	0	0	0	72	0	57	
154	0	0	0	0	1	0	
0	0	1	0	0	120	0	
