0.000575	0.001276	0.000575	0.000575	0.000575	0.000575	0.000575	0.000575	0.000575	0.000575	0.000575	0.000575	0.000575	0.000926	0.000575	0.000575	0.000575	0.000575	0.000575	0.000575	0.000575	0.000575	0.000575	0.000575	0.000575	0.000575	0.000575	0.000575	0.000575	0.005709	0.000575	0.000575	0.002996	0.003142	0.001142	0.000575	0.000575	0.003699	0.007530	0.000575	0.000575	0.000575	0.000575	0.000575	0.000575	0.000575	0.000575	0.000575	0.000575	0.950006	
0.000592	0.001150	0.000592	0.000592	0.000592	0.000592	0.000592	0.000592	0.000592	0.000592	0.000592	0.000592	0.000592	0.000871	0.000592	0.000592	0.000592	0.000592	0.000592	0.000592	0.000592	0.000592	0.000592	0.000592	0.000592	0.000592	0.000592	0.000592	0.000592	0.004139	0.000592	0.000592	0.001440	0.002366	0.000822	0.000592	0.000592	0.002894	0.005576	0.000592	0.000592	0.000592	0.000592	0.000592	0.000592	0.000592	0.000592	0.000592	0.000592	0.956460	
0.000643	0.000842	0.000643	0.000643	0.000643	0.000643	0.000643	0.000643	0.000643	0.000643	0.000643	0.000643	0.000643	0.000743	0.000643	0.000643	0.000643	0.000643	0.000643	0.000643	0.000643	0.000643	0.000643	0.000643	0.000643	0.000643	0.000643	0.000643	0.000643	0.004639	0.000643	0.000643	0.005871	0.002641	0.000804	0.000643	0.000643	0.004354	0.005490	0.000643	0.000643	0.000643	0.000643	0.000643	0.000643	0.000643	0.000643	0.000643	0.000643	0.948246	
0.000619	0.000899	0.000619	0.000619	0.000619	0.000619	0.000619	0.000619	0.000619	0.000619	0.000619	0.000619	0.000619	0.000759	0.000619	0.000619	0.000619	0.000619	0.000619	0.000619	0.000619	0.000619	0.000619	0.000619	0.000619	0.000619	0.000619	0.000619	0.000619	0.000909	0.000619	0.000619	0.001385	0.000764	0.000901	0.000619	0.000619	0.001817	0.021715	0.000619	0.000619	0.000619	0.000619	0.000619	0.000619	0.000619	0.000619	0.000619	0.000619	0.945463	
0.000648	0.001229	0.000648	0.000648	0.000648	0.000648	0.000648	0.000648	0.000648	0.000648	0.000648	0.000648	0.000648	0.000938	0.000648	0.000648	0.000648	0.000648	0.000648	0.000648	0.000648	0.000648	0.000648	0.000648	0.000648	0.000648	0.000648	0.000648	0.000648	0.000893	0.000648	0.000648	0.004372	0.000770	0.002023	0.000648	0.000648	0.007547	0.007710	0.000648	0.000648	0.000648	0.000648	0.000648	0.000648	0.000648	0.000648	0.000648	0.000648	0.947959	
0.000623	0.001148	0.000623	0.000623	0.000623	0.000623	0.000623	0.000623	0.000623	0.000623	0.000623	0.000623	0.000623	0.000885	0.000623	0.000623	0.000623	0.000623	0.000623	0.000623	0.000623	0.000623	0.000623	0.000623	0.000623	0.000623	0.000623	0.000623	0.000623	0.001087	0.000623	0.000623	0.002495	0.000855	0.002013	0.000623	0.000623	0.006117	0.012262	0.000623	0.000623	0.000623	0.000623	0.000623	0.000623	0.000623	0.000623	0.000623	0.000623	0.947603	
0.000706	0.001541	0.000706	0.000706	0.000706	0.000706	0.000706	0.000706	0.000706	0.000706	0.000706	0.000706	0.000706	0.001124	0.000706	0.000706	0.000706	0.000706	0.000706	0.000706	0.000706	0.000706	0.000706	0.000706	0.000706	0.000706	0.000706	0.000706	0.000706	0.001396	0.000706	0.000706	0.006913	0.001051	0.002320	0.000706	0.000706	0.007992	0.010079	0.000706	0.000706	0.000706	0.000706	0.000706	0.000706	0.000706	0.000706	0.000706	0.000706	0.938625	
0.000741	0.004056	0.000741	0.000741	0.000741	0.000741	0.000741	0.000741	0.000741	0.000741	0.000741	0.000741	0.000741	0.002399	0.000741	0.000741	0.000741	0.000741	0.000741	0.000741	0.000741	0.000741	0.000741	0.000741	0.000741	0.000741	0.000741	0.000741	0.000741	0.000963	0.000741	0.000741	0.004463	0.000852	0.001003	0.000741	0.000741	0.003562	0.004803	0.000741	0.000741	0.000741	0.000741	0.000741	0.000741	0.000741	0.000741	0.000741	0.000741	0.947497	
0.000725	0.003165	0.000725	0.000725	0.000725	0.000725	0.000725	0.000725	0.000725	0.000725	0.000725	0.000725	0.000725	0.001945	0.000725	0.000725	0.000725	0.000725	0.000725	0.000725	0.000725	0.000725	0.000725	0.000725	0.000725	0.000725	0.000725	0.000725	0.000725	0.001016	0.000725	0.000725	0.002517	0.000871	0.001113	0.000725	0.000725	0.002690	0.007704	0.000725	0.000725	0.000725	0.000725	0.000725	0.000725	0.000725	0.000725	0.000725	0.000725	0.949249	
0.000630	0.008771	0.000630	0.000630	0.000630	0.000630	0.000630	0.000630	0.000630	0.000630	0.000630	0.000630	0.000630	0.004700	0.000630	0.000630	0.000630	0.000630	0.000630	0.000630	0.000630	0.000630	0.000630	0.000630	0.000630	0.000630	0.000630	0.000630	0.000630	0.000858	0.000630	0.000630	0.002736	0.000744	0.000864	0.000630	0.000630	0.002420	0.010543	0.000630	0.000630	0.000630	0.000630	0.000630	0.000630	0.000630	0.000630	0.000630	0.000630	0.942539	
0.000636	0.008972	0.000636	0.000636	0.000636	0.000636	0.000636	0.000636	0.000636	0.000636	0.000636	0.000636	0.000636	0.004804	0.000636	0.000636	0.000636	0.000636	0.000636	0.000636	0.000636	0.000636	0.000636	0.000636	0.000636	0.000636	0.000636	0.000636	0.000636	0.000835	0.000636	0.000636	0.002312	0.000735	0.000931	0.000636	0.000636	0.002298	0.009865	0.000636	0.000636	0.000636	0.000636	0.000636	0.000636	0.000636	0.000636	0.000636	0.000636	0.943191	
0.000627	0.003722	0.000627	0.000627	0.000627	0.000627	0.000627	0.000627	0.000627	0.000627	0.000627	0.000627	0.000627	0.002174	0.000627	0.000627	0.000627	0.000627	0.000627	0.000627	0.000627	0.000627	0.000627	0.000627	0.000627	0.000627	0.000627	0.000627	0.000627	0.000902	0.000627	0.000627	0.003894	0.000764	0.000844	0.000627	0.000627	0.004592	0.007218	0.000627	0.000627	0.000627	0.000627	0.000627	0.000627	0.000627	0.000627	0.000627	0.000627	0.950193	
0.000620	0.004115	0.000620	0.000620	0.000620	0.000620	0.000620	0.000620	0.000620	0.000620	0.000620	0.000620	0.000620	0.002368	0.000620	0.000620	0.000620	0.000620	0.000620	0.000620	0.000620	0.000620	0.000620	0.000620	0.000620	0.000620	0.000620	0.000620	0.000620	0.000817	0.000620	0.000620	0.002078	0.000718	0.000928	0.000620	0.000620	0.004097	0.005277	0.000620	0.000620	0.000620	0.000620	0.000620	0.000620	0.000620	0.000620	0.000620	0.000620	0.954174	
0.000590	0.002065	0.000590	0.000590	0.000590	0.000590	0.000590	0.000590	0.000590	0.000590	0.000590	0.000590	0.000590	0.001327	0.000590	0.000590	0.000590	0.000590	0.000590	0.000590	0.000590	0.000590	0.000590	0.000590	0.000590	0.000590	0.000590	0.000590	0.000590	0.001269	0.000590	0.000590	0.001390	0.000929	0.000782	0.000590	0.000590	0.004369	0.003379	0.000590	0.000590	0.000590	0.000590	0.000590	0.000590	0.000590	0.000590	0.000590	0.000590	0.960294	
0.000600	0.001835	0.000600	0.000600	0.000600	0.000600	0.000600	0.000600	0.000600	0.000600	0.000600	0.000600	0.000600	0.001217	0.000600	0.000600	0.000600	0.000600	0.000600	0.000600	0.000600	0.000600	0.000600	0.000600	0.000600	0.000600	0.000600	0.000600	0.000600	0.000887	0.000600	0.000600	0.003398	0.000744	0.000844	0.000600	0.000600	0.005814	0.002819	0.000600	0.000600	0.000600	0.000600	0.000600	0.000600	0.000600	0.000600	0.000600	0.000600	0.957855	
0.000529	0.001261	0.000529	0.000529	0.000529	0.000529	0.000529	0.000529	0.000529	0.000529	0.000529	0.000529	0.000529	0.000895	0.000529	0.000529	0.000529	0.000529	0.000529	0.000529	0.000529	0.000529	0.000529	0.000529	0.000529	0.000529	0.000529	0.000529	0.000529	0.007055	0.000529	0.000529	0.001343	0.003792	0.000939	0.000529	0.000529	0.002286	0.008501	0.000529	0.000529	0.000529	0.000529	0.000529	0.000529	0.000529	0.000529	0.000529	0.000529	0.952240	
0.000526	0.000780	0.000526	0.000526	0.000526	0.000526	0.000526	0.000526	0.000526	0.000526	0.000526	0.000526	0.000526	0.000653	0.000526	0.000526	0.000526	0.000526	0.000526	0.000526	0.000526	0.000526	0.000526	0.000526	0.000526	0.000526	0.000526	0.000526	0.000526	0.007545	0.000526	0.000526	0.001183	0.004035	0.000739	0.000526	0.000526	0.001660	0.008505	0.000526	0.000526	0.000526	0.000526	0.000526	0.000526	0.000526	0.000526	0.000526	0.000526	0.953337	
0.000552	0.001225	0.000552	0.000552	0.000552	0.000552	0.000552	0.000552	0.000552	0.000552	0.000552	0.000552	0.000552	0.000888	0.000552	0.000552	0.000552	0.000552	0.000552	0.000552	0.000552	0.000552	0.000552	0.000552	0.000552	0.000552	0.000552	0.000552	0.000552	0.006243	0.000552	0.000552	0.002726	0.003398	0.000872	0.000552	0.000552	0.003096	0.007510	0.000552	0.000552	0.000552	0.000552	0.000552	0.000552	0.000552	0.000552	0.000552	0.000552	0.951421	
0.000649	0.001782	0.000649	0.000649	0.000649	0.000649	0.000649	0.000649	0.000649	0.000649	0.000649	0.000649	0.000649	0.001215	0.000649	0.000649	0.000649	0.000649	0.000649	0.000649	0.000649	0.000649	0.000649	0.000649	0.000649	0.000649	0.000649	0.000649	0.000649	0.003760	0.000649	0.000649	0.004319	0.002204	0.001052	0.000649	0.000649	0.003628	0.009063	0.000649	0.000649	0.000649	0.000649	0.000649	0.000649	0.000649	0.000649	0.000649	0.000649	0.946384	
0.000672	0.001500	0.000672	0.000672	0.000672	0.000672	0.000672	0.000672	0.000672	0.000672	0.000672	0.000672	0.000672	0.001086	0.000672	0.000672	0.000672	0.000672	0.000672	0.000672	0.000672	0.000672	0.000672	0.000672	0.000672	0.000672	0.000672	0.000672	0.000672	0.001444	0.000672	0.000672	0.003580	0.001058	0.001926	0.000672	0.000672	0.006835	0.003031	0.000672	0.000672	0.000672	0.000672	0.000672	0.000672	0.000672	0.000672	0.000672	0.000672	0.952002	
0.000665	0.001865	0.000665	0.000665	0.000665	0.000665	0.000665	0.000665	0.000665	0.000665	0.000665	0.000665	0.000665	0.001265	0.000665	0.000665	0.000665	0.000665	0.000665	0.000665	0.000665	0.000665	0.000665	0.000665	0.000665	0.000665	0.000665	0.000665	0.000665	0.002337	0.000665	0.000665	0.004880	0.001501	0.001406	0.000665	0.000665	0.005627	0.005763	0.000665	0.000665	0.000665	0.000665	0.000665	0.000665	0.000665	0.000665	0.000665	0.000665	0.948087	
0.000706	0.001214	0.000706	0.000706	0.000706	0.000706	0.000706	0.000706	0.000706	0.000706	0.000706	0.000706	0.000706	0.000960	0.000706	0.000706	0.000706	0.000706	0.000706	0.000706	0.000706	0.000706	0.000706	0.000706	0.000706	0.000706	0.000706	0.000706	0.000706	0.000911	0.000706	0.000706	0.006364	0.000808	0.004766	0.000706	0.000706	0.013835	0.007128	0.000706	0.000706	0.000706	0.000706	0.000706	0.000706	0.000706	0.000706	0.000706	0.000706	0.935078	
0.000710	0.001134	0.000710	0.000710	0.000710	0.000710	0.000710	0.000710	0.000710	0.000710	0.000710	0.000710	0.000710	0.000922	0.000710	0.000710	0.000710	0.000710	0.000710	0.000710	0.000710	0.000710	0.000710	0.000710	0.000710	0.000710	0.000710	0.000710	0.000710	0.001363	0.000710	0.000710	0.006751	0.001036	0.006258	0.000710	0.000710	0.017776	0.002442	0.000710	0.000710	0.000710	0.000710	0.000710	0.000710	0.000710	0.000710	0.000710	0.000710	0.933219	
0.000730	0.002570	0.000730	0.000730	0.000730	0.000730	0.000730	0.000730	0.000730	0.000730	0.000730	0.000730	0.000730	0.001650	0.000730	0.000730	0.000730	0.000730	0.000730	0.000730	0.000730	0.000730	0.000730	0.000730	0.000730	0.000730	0.000730	0.000730	0.000730	0.001023	0.000730	0.000730	0.006451	0.000877	0.003723	0.000730	0.000730	0.011297	0.003980	0.000730	0.000730	0.000730	0.000730	0.000730	0.000730	0.000730	0.000730	0.000730	0.000730	0.938480	
