0.440780	0.000914	0.015208	0.000839	0.056468	0.032069	0.023385	0.212119	0.021090	0.149027	0.003085	0.006855	0.014381	0.018097	0.005683	
0.437751	0.003856	0.067848	0.002956	0.030937	0.035893	0.047970	0.118510	0.038042	0.082071	0.011543	0.017841	0.028967	0.067016	0.008799	
0.459820	0.003934	0.052920	0.002667	0.032328	0.033621	0.049876	0.115774	0.031914	0.082897	0.008232	0.014547	0.033750	0.068194	0.009524	
0.534713	0.002181	0.076572	0.009173	0.005640	0.041389	0.088167	0.048105	0.041691	0.013010	0.026093	0.021864	0.042961	0.042770	0.005670	
0.411424	0.000851	0.077987	0.004691	0.018725	0.033014	0.076532	0.034361	0.134402	0.034314	0.021338	0.045838	0.033569	0.043923	0.029033	
0.499549	0.001860	0.082517	0.008039	0.007802	0.038796	0.080317	0.045773	0.060588	0.020724	0.025979	0.027372	0.041803	0.045514	0.013366	
0.415185	0.001029	0.029615	0.003508	0.033932	0.038263	0.126304	0.022655	0.206315	0.010520	0.009320	0.058724	0.017885	0.019265	0.007477	
0.363116	0.008789	0.122836	0.001848	0.016570	0.041083	0.075747	0.030158	0.090647	0.023754	0.011532	0.037269	0.030436	0.138316	0.007898	
0.287147	0.016931	0.187380	0.000741	0.005507	0.053401	0.076512	0.012044	0.031944	0.013545	0.007492	0.027802	0.010876	0.260882	0.007796	
0.229338	0.001237	0.192734	0.000670	0.011043	0.025258	0.016538	0.017717	0.204911	0.039940	0.036716	0.076088	0.053055	0.058021	0.036734	
0.249159	0.003372	0.177355	0.000870	0.012741	0.030432	0.034266	0.018357	0.181666	0.035644	0.030099	0.068004	0.042179	0.084115	0.031741	
0.233584	0.000964	0.190270	0.000781	0.014363	0.028587	0.031901	0.018293	0.235729	0.022955	0.036795	0.083593	0.053336	0.031918	0.016930	
0.363058	0.003799	0.122431	0.002991	0.015481	0.033356	0.049120	0.046579	0.103343	0.046112	0.022212	0.041679	0.038125	0.085445	0.026269	
0.365574	0.003778	0.113727	0.003183	0.015272	0.033275	0.053868	0.040198	0.101176	0.047521	0.020782	0.040382	0.033526	0.093566	0.034171	
0.410053	0.001440	0.125990	0.005674	0.009775	0.035695	0.059082	0.044347	0.116724	0.022178	0.031397	0.046243	0.048435	0.033772	0.009195	
0.551906	0.000828	0.037862	0.000710	0.027985	0.008576	0.009905	0.089310	0.039377	0.077718	0.009573	0.014883	0.107436	0.016724	0.007207	
0.555776	0.002211	0.029143	0.001021	0.027249	0.011504	0.018706	0.085503	0.016841	0.080585	0.005730	0.008096	0.095866	0.046371	0.015398	
0.496661	0.000944	0.014114	0.000694	0.032020	0.012749	0.034501	0.068907	0.063267	0.088182	0.003833	0.019227	0.068926	0.054577	0.041397	
0.359374	0.001079	0.016309	0.000838	0.018953	0.006483	0.012675	0.012449	0.020017	0.152926	0.003125	0.010802	0.011711	0.200537	0.172722	
0.301250	0.004192	0.138712	0.000750	0.019557	0.032440	0.057952	0.021498	0.177609	0.026783	0.021031	0.062282	0.041252	0.078168	0.016524	
0.333970	0.004586	0.113359	0.001260	0.019457	0.031382	0.059744	0.023643	0.138155	0.040390	0.016250	0.049507	0.035305	0.100970	0.032022	
0.326085	0.003670	0.067447	0.000711	0.035438	0.039026	0.116359	0.013196	0.232866	0.011247	0.007408	0.068858	0.013658	0.056845	0.007187	
0.375886	0.000981	0.044648	0.001888	0.032831	0.029929	0.083997	0.037733	0.168667	0.051903	0.010004	0.050574	0.021058	0.051920	0.037982	
0.307037	0.005205	0.113568	0.000981	0.021140	0.034468	0.071170	0.015721	0.155732	0.036335	0.014432	0.054073	0.023374	0.112308	0.034456	
