0.042891	0.019250	0.031071	0.028707	0.023978	0.825397	0.028707	
0.062393	0.031367	0.028981	0.191272	0.222298	0.365496	0.098193	
0.040914	0.024207	0.153086	0.494374	0.210365	0.028981	0.048074	
0.795578	0.038435	0.028912	0.040816	0.021769	0.038435	0.036054	
0.350924	0.183866	0.028571	0.021513	0.360336	0.023866	0.030924	
0.708869	0.064320	0.073798	0.045362	0.045362	0.019296	0.042993	
0.477879	0.142182	0.213104	0.033435	0.021614	0.047619	0.064168	
0.040527	0.026342	0.213104	0.028707	0.210740	0.399865	0.080716	
0.103709	0.199863	0.363324	0.019574	0.041209	0.233516	0.038805	
0.054007	0.041812	0.400348	0.044251	0.136934	0.034495	0.288153	
0.037717	0.030708	0.687250	0.026035	0.042390	0.023698	0.152203	
0.064076	0.042017	0.064076	0.024860	0.463585	0.024860	0.316527	
0.039591	0.039591	0.282085	0.032662	0.416034	0.150445	0.039591	
0.032890	0.037542	0.307309	0.046844	0.484053	0.046844	0.044518	
0.089328	0.028438	0.096353	0.047173	0.656072	0.028438	0.054199	
0.031218	0.024092	0.026468	0.805565	0.038344	0.052596	0.021717	
0.040719	0.021717	0.050221	0.805565	0.026468	0.028843	0.026468	
0.038253	0.035884	0.038253	0.512187	0.031144	0.031144	0.313135	
0.086466	0.045796	0.048189	0.043404	0.045796	0.050581	0.679768	
0.028843	0.130981	0.176111	0.218867	0.247370	0.033593	0.164235	
0.024265	0.024265	0.323308	0.115174	0.021873	0.024265	0.466849	
0.043929	0.787271	0.029402	0.024559	0.031823	0.029402	0.053615	
0.024323	0.467968	0.168208	0.230558	0.038712	0.038712	0.031518	
0.064935	0.445318	0.179768	0.031442	0.055366	0.076897	0.146275	
