0.000570	0.000982	0.000570	0.000570	0.000570	0.000570	0.000570	0.000570	0.000570	0.000570	0.000570	0.000570	0.000570	0.001739	0.000570	0.000570	0.000570	0.000570	0.000570	0.000570	0.000570	0.000570	0.000570	0.000570	0.000570	0.000570	0.000570	0.000570	0.000570	0.001043	0.000570	0.000570	0.005285	0.000807	0.000725	0.000570	0.000570	0.006417	0.002562	0.000570	0.000570	0.000570	0.000570	0.000570	0.000570	0.000570	0.000570	0.000570	0.000570	0.957074	
0.000551	0.001403	0.000551	0.000551	0.000551	0.000551	0.000551	0.000551	0.000551	0.000551	0.000551	0.000551	0.000551	0.000820	0.000551	0.000551	0.000551	0.000551	0.000551	0.000551	0.000551	0.000551	0.000551	0.000551	0.000551	0.000551	0.000551	0.000551	0.000551	0.003726	0.000551	0.000551	0.005014	0.002138	0.000774	0.000551	0.000551	0.001896	0.008925	0.000551	0.000551	0.000551	0.000551	0.000551	0.000551	0.000551	0.000551	0.000551	0.000551	0.952727	
0.000572	0.001318	0.000572	0.000572	0.000572	0.000572	0.000572	0.000572	0.000572	0.000572	0.000572	0.000572	0.000572	0.000971	0.000572	0.000572	0.000572	0.000572	0.000572	0.000572	0.000572	0.000572	0.000572	0.000572	0.000572	0.000572	0.000572	0.000572	0.000572	0.002862	0.000572	0.000572	0.004378	0.001717	0.000902	0.000572	0.000572	0.002567	0.007014	0.000572	0.000572	0.000572	0.000572	0.000572	0.000572	0.000572	0.000572	0.000572	0.000572	0.954828	
0.000653	0.001564	0.000653	0.000653	0.000653	0.000653	0.000653	0.000653	0.000653	0.000653	0.000653	0.000653	0.000653	0.001526	0.000653	0.000653	0.000653	0.000653	0.000653	0.000653	0.000653	0.000653	0.000653	0.000653	0.000653	0.000653	0.000653	0.000653	0.000653	0.002492	0.000653	0.000653	0.002605	0.001573	0.001625	0.000653	0.000653	0.005018	0.008156	0.000653	0.000653	0.000653	0.000653	0.000653	0.000653	0.000653	0.000653	0.000653	0.000653	0.948654	
0.000637	0.002578	0.000637	0.000637	0.000637	0.000637	0.000637	0.000637	0.000637	0.000637	0.000637	0.000637	0.000637	0.001289	0.000637	0.000637	0.000637	0.000637	0.000637	0.000637	0.000637	0.000637	0.000637	0.000637	0.000637	0.000637	0.000637	0.000637	0.000637	0.001004	0.000637	0.000637	0.001871	0.000821	0.000942	0.000637	0.000637	0.003897	0.002250	0.000637	0.000637	0.000637	0.000637	0.000637	0.000637	0.000637	0.000637	0.000637	0.000637	0.959215	
0.000660	0.001569	0.000660	0.000660	0.000660	0.000660	0.000660	0.000660	0.000660	0.000660	0.000660	0.000660	0.000660	0.001124	0.000660	0.000660	0.000660	0.000660	0.000660	0.000660	0.000660	0.000660	0.000660	0.000660	0.000660	0.000660	0.000660	0.000660	0.000660	0.001082	0.000660	0.000660	0.001604	0.000871	0.002716	0.000660	0.000660	0.002977	0.003062	0.000660	0.000660	0.000660	0.000660	0.000660	0.000660	0.000660	0.000660	0.000660	0.000660	0.957923	
0.000714	0.001206	0.000714	0.000714	0.000714	0.000714	0.000714	0.000714	0.000714	0.000714	0.000714	0.000714	0.000714	0.005701	0.000714	0.000714	0.000714	0.000714	0.000714	0.000714	0.000714	0.000714	0.000714	0.000714	0.000714	0.000714	0.000714	0.000714	0.000714	0.000975	0.000714	0.000714	0.006013	0.000845	0.001684	0.000714	0.000714	0.025650	0.002427	0.000714	0.000714	0.000714	0.000714	0.000714	0.000714	0.000714	0.000714	0.000714	0.000714	0.926215	
0.000648	0.001710	0.000648	0.000648	0.000648	0.000648	0.000648	0.000648	0.000648	0.000648	0.000648	0.000648	0.000648	0.001311	0.000648	0.000648	0.000648	0.000648	0.000648	0.000648	0.000648	0.000648	0.000648	0.000648	0.000648	0.000648	0.000648	0.000648	0.000648	0.003338	0.000648	0.000648	0.003220	0.001993	0.000958	0.000648	0.000648	0.003963	0.015041	0.000648	0.000648	0.000648	0.000648	0.000648	0.000648	0.000648	0.000648	0.000648	0.000648	0.941891	
0.000714	0.001663	0.000714	0.000714	0.000714	0.000714	0.000714	0.000714	0.000714	0.000714	0.000714	0.000714	0.000714	0.001111	0.000714	0.000714	0.000714	0.000714	0.000714	0.000714	0.000714	0.000714	0.000714	0.000714	0.000714	0.000714	0.000714	0.000714	0.000714	0.001115	0.000714	0.000714	0.001449	0.000915	0.000923	0.000714	0.000714	0.002700	0.017770	0.000714	0.000714	0.000714	0.000714	0.000714	0.000714	0.000714	0.000714	0.000714	0.000714	0.943066	
0.000654	0.005441	0.000654	0.000654	0.000654	0.000654	0.000654	0.000654	0.000654	0.000654	0.000654	0.000654	0.000654	0.001819	0.000654	0.000654	0.000654	0.000654	0.000654	0.000654	0.000654	0.000654	0.000654	0.000654	0.000654	0.000654	0.000654	0.000654	0.000654	0.001167	0.000654	0.000654	0.002363	0.000910	0.000969	0.000654	0.000654	0.006477	0.005895	0.000654	0.000654	0.000654	0.000654	0.000654	0.000654	0.000654	0.000654	0.000654	0.000654	0.948143	
0.000696	0.002275	0.000696	0.000696	0.000696	0.000696	0.000696	0.000696	0.000696	0.000696	0.000696	0.000696	0.000696	0.002299	0.000696	0.000696	0.000696	0.000696	0.000696	0.000696	0.000696	0.000696	0.000696	0.000696	0.000696	0.000696	0.000696	0.000696	0.000696	0.001059	0.000696	0.000696	0.002625	0.000878	0.000882	0.000696	0.000696	0.008707	0.010755	0.000696	0.000696	0.000696	0.000696	0.000696	0.000696	0.000696	0.000696	0.000696	0.000696	0.941967	
0.000652	0.007246	0.000652	0.000652	0.000652	0.000652	0.000652	0.000652	0.000652	0.000652	0.000652	0.000652	0.000652	0.002375	0.000652	0.000652	0.000652	0.000652	0.000652	0.000652	0.000652	0.000652	0.000652	0.000652	0.000652	0.000652	0.000652	0.000652	0.000652	0.000977	0.000652	0.000652	0.002688	0.000814	0.000897	0.000652	0.000652	0.009268	0.003442	0.000652	0.000652	0.000652	0.000652	0.000652	0.000652	0.000652	0.000652	0.000652	0.000652	0.945552	
0.000592	0.001948	0.000592	0.000592	0.000592	0.000592	0.000592	0.000592	0.000592	0.000592	0.000592	0.000592	0.000592	0.000800	0.000592	0.000592	0.000592	0.000592	0.000592	0.000592	0.000592	0.000592	0.000592	0.000592	0.000592	0.000592	0.000592	0.000592	0.000592	0.000772	0.000592	0.000592	0.003588	0.000682	0.001495	0.000592	0.000592	0.001631	0.004359	0.000592	0.000592	0.000592	0.000592	0.000592	0.000592	0.000592	0.000592	0.000592	0.000592	0.960446	
0.000624	0.002660	0.000624	0.000624	0.000624	0.000624	0.000624	0.000624	0.000624	0.000624	0.000624	0.000624	0.000624	0.000901	0.000624	0.000624	0.000624	0.000624	0.000624	0.000624	0.000624	0.000624	0.000624	0.000624	0.000624	0.000624	0.000624	0.000624	0.000624	0.001791	0.000624	0.000624	0.002696	0.001208	0.001710	0.000624	0.000624	0.002008	0.006918	0.000624	0.000624	0.000624	0.000624	0.000624	0.000624	0.000624	0.000624	0.000624	0.000624	0.954529	
0.000589	0.004877	0.000589	0.000589	0.000589	0.000589	0.000589	0.000589	0.000589	0.000589	0.000589	0.000589	0.000589	0.000956	0.000589	0.000589	0.000589	0.000589	0.000589	0.000589	0.000589	0.000589	0.000589	0.000589	0.000589	0.000589	0.000589	0.000589	0.000589	0.001719	0.000589	0.000589	0.003270	0.001154	0.001123	0.000589	0.000589	0.002423	0.004417	0.000589	0.000589	0.000589	0.000589	0.000589	0.000589	0.000589	0.000589	0.000589	0.000589	0.955909	
0.000579	0.001467	0.000579	0.000579	0.000579	0.000579	0.000579	0.000579	0.000579	0.000579	0.000579	0.000579	0.000579	0.000743	0.000579	0.000579	0.000579	0.000579	0.000579	0.000579	0.000579	0.000579	0.000579	0.000579	0.000579	0.000579	0.000579	0.000579	0.000579	0.005308	0.000579	0.000579	0.004433	0.002944	0.001746	0.000579	0.000579	0.001397	0.012950	0.000579	0.000579	0.000579	0.000579	0.000579	0.000579	0.000579	0.000579	0.000579	0.000579	0.945274	
0.000602	0.001162	0.000602	0.000602	0.000602	0.000602	0.000602	0.000602	0.000602	0.000602	0.000602	0.000602	0.000602	0.001013	0.000602	0.000602	0.000602	0.000602	0.000602	0.000602	0.000602	0.000602	0.000602	0.000602	0.000602	0.000602	0.000602	0.000602	0.000602	0.007131	0.000602	0.000602	0.004438	0.003867	0.001659	0.000602	0.000602	0.002657	0.018437	0.000602	0.000602	0.000602	0.000602	0.000602	0.000602	0.000602	0.000602	0.000602	0.000602	0.934969	
0.000586	0.000968	0.000586	0.000586	0.000586	0.000586	0.000586	0.000586	0.000586	0.000586	0.000586	0.000586	0.000586	0.001559	0.000586	0.000586	0.000586	0.000586	0.000586	0.000586	0.000586	0.000586	0.000586	0.000586	0.000586	0.000586	0.000586	0.000586	0.000586	0.003738	0.000586	0.000586	0.005058	0.002162	0.001011	0.000586	0.000586	0.005449	0.009914	0.000586	0.000586	0.000586	0.000586	0.000586	0.000586	0.000586	0.000586	0.000586	0.000586	0.946107	
0.000622	0.001449	0.000622	0.000622	0.000622	0.000622	0.000622	0.000622	0.000622	0.000622	0.000622	0.000622	0.000622	0.002820	0.000622	0.000622	0.000622	0.000622	0.000622	0.000622	0.000622	0.000622	0.000622	0.000622	0.000622	0.000622	0.000622	0.000622	0.000622	0.006077	0.000622	0.000622	0.005757	0.003349	0.000829	0.000622	0.000622	0.011612	0.015130	0.000622	0.000622	0.000622	0.000622	0.000622	0.000622	0.000622	0.000622	0.000622	0.000622	0.927480	
0.000621	0.002541	0.000621	0.000621	0.000621	0.000621	0.000621	0.000621	0.000621	0.000621	0.000621	0.000621	0.000621	0.000941	0.000621	0.000621	0.000621	0.000621	0.000621	0.000621	0.000621	0.000621	0.000621	0.000621	0.000621	0.000621	0.000621	0.000621	0.000621	0.003409	0.000621	0.000621	0.003158	0.002015	0.002852	0.000621	0.000621	0.002221	0.008558	0.000621	0.000621	0.000621	0.000621	0.000621	0.000621	0.000621	0.000621	0.000621	0.000621	0.948860	
0.000622	0.005159	0.000622	0.000622	0.000622	0.000622	0.000622	0.000622	0.000622	0.000622	0.000622	0.000622	0.000622	0.000908	0.000622	0.000622	0.000622	0.000622	0.000622	0.000622	0.000622	0.000622	0.000622	0.000622	0.000622	0.000622	0.000622	0.000622	0.000622	0.003561	0.000622	0.000622	0.002574	0.002091	0.002087	0.000622	0.000622	0.002055	0.008997	0.000622	0.000622	0.000622	0.000622	0.000622	0.000622	0.000622	0.000622	0.000622	0.000622	0.947083	
0.000646	0.001878	0.000646	0.000646	0.000646	0.000646	0.000646	0.000646	0.000646	0.000646	0.000646	0.000646	0.000646	0.000830	0.000646	0.000646	0.000646	0.000646	0.000646	0.000646	0.000646	0.000646	0.000646	0.000646	0.000646	0.000646	0.000646	0.000646	0.000646	0.000998	0.000646	0.000646	0.001283	0.000822	0.001850	0.000646	0.000646	0.001569	0.002361	0.000646	0.000646	0.000646	0.000646	0.000646	0.000646	0.000646	0.000646	0.000646	0.000646	0.961942	
0.000694	0.001137	0.000694	0.000694	0.000694	0.000694	0.000694	0.000694	0.000694	0.000694	0.000694	0.000694	0.000694	0.001815	0.000694	0.000694	0.000694	0.000694	0.000694	0.000694	0.000694	0.000694	0.000694	0.000694	0.000694	0.000694	0.000694	0.000694	0.000694	0.001064	0.000694	0.000694	0.002258	0.000879	0.005390	0.000694	0.000694	0.006302	0.002380	0.000694	0.000694	0.000694	0.000694	0.000694	0.000694	0.000694	0.000694	0.000694	0.000694	0.950331	
0.000660	0.001010	0.000660	0.000660	0.000660	0.000660	0.000660	0.000660	0.000660	0.000660	0.000660	0.000660	0.000660	0.002694	0.000660	0.000660	0.000660	0.000660	0.000660	0.000660	0.000660	0.000660	0.000660	0.000660	0.000660	0.000660	0.000660	0.000660	0.000660	0.003376	0.000660	0.000660	0.004234	0.002018	0.001953	0.000660	0.000660	0.010829	0.009205	0.000660	0.000660	0.000660	0.000660	0.000660	0.000660	0.000660	0.000660	0.000660	0.000660	0.937624	
