0.000536	0.013900	0.065632	0.007665	0.045462	0.000960	0.029485	0.005628	0.056762	0.062977	0.001245	0.000156	0.001177	0.004285	0.058971	0.003475	0.000885	0.010115	0.002568	0.075825	0.075070	0.000156	0.005134	0.002901	0.001476	0.000156	0.000156	0.074658	0.003626	0.029921	0.018813	0.005994	0.053171	0.023620	0.017719	0.001592	0.072895	0.000788	0.002560	0.010942	0.003774	0.058817	0.041667	0.001177	0.003712	0.023620	0.007281	0.000874	0.000909	0.009116	
0.000985	0.014496	0.060228	0.005171	0.008853	0.002084	0.005784	0.001201	0.063962	0.064400	0.005021	0.000150	0.001353	0.010817	0.067543	0.004059	0.002032	0.012700	0.005951	0.076791	0.075950	0.000150	0.006013	0.003382	0.003551	0.000150	0.000150	0.102068	0.003168	0.007959	0.003856	0.026277	0.060766	0.015841	0.018958	0.003603	0.048792	0.001669	0.006362	0.033899	0.007454	0.039377	0.036705	0.001353	0.012469	0.015841	0.032034	0.001877	0.002095	0.014650	
0.000658	0.019070	0.061211	0.003555	0.011220	0.001181	0.007315	0.001484	0.079035	0.087721	0.001163	0.000147	0.001832	0.007158	0.080236	0.005621	0.001384	0.004962	0.003248	0.104506	0.103449	0.000147	0.008359	0.004674	0.002366	0.000147	0.000147	0.101478	0.002102	0.008693	0.004772	0.005598	0.075741	0.010798	0.026057	0.001993	0.033164	0.000959	0.004230	0.013370	0.005450	0.026773	0.036613	0.001832	0.004530	0.010798	0.006799	0.001070	0.001426	0.013757	
0.000775	0.001315	0.005393	0.000901	0.280900	0.001633	0.181894	0.034064	0.007810	0.005679	0.000783	0.000158	0.000760	0.004277	0.003896	0.002117	0.000884	0.046486	0.004584	0.003457	0.003379	0.000158	0.003096	0.001778	0.001523	0.000158	0.000158	0.011398	0.017026	0.180054	0.115515	0.003511	0.008696	0.002482	0.004336	0.002792	0.007364	0.001317	0.002556	0.006423	0.004860	0.005969	0.004716	0.000760	0.003645	0.002482	0.004250	0.001475	0.000909	0.009450	
0.003578	0.006663	0.026853	0.001700	0.074715	0.008682	0.048421	0.009158	0.032665	0.019688	0.010735	0.000153	0.001348	0.008719	0.035579	0.004035	0.001665	0.041274	0.025738	0.018044	0.017777	0.000153	0.005975	0.003363	0.003383	0.000153	0.000153	0.086655	0.015385	0.049514	0.031126	0.056908	0.024140	0.004987	0.010128	0.015382	0.015139	0.006854	0.005142	0.067349	0.022732	0.012238	0.012106	0.001348	0.027632	0.004987	0.069413	0.007768	0.001715	0.040984	
0.002035	0.003265	0.035791	0.007802	0.167380	0.004851	0.108410	0.020359	0.019216	0.008410	0.001011	0.000164	0.000643	0.009072	0.007241	0.001722	0.001736	0.033246	0.014225	0.007365	0.007194	0.000164	0.002501	0.001452	0.003223	0.000164	0.000164	0.023462	0.015243	0.108681	0.069047	0.004710	0.015010	0.024034	0.004161	0.008533	0.074161	0.003847	0.005351	0.007201	0.012881	0.059839	0.028501	0.000643	0.008400	0.024034	0.005711	0.004349	0.001788	0.021608	
0.004206	0.010284	0.025005	0.001189	0.103411	0.010362	0.066996	0.012625	0.045491	0.029611	0.004761	0.000154	0.000815	0.006694	0.035554	0.002301	0.001308	0.036888	0.030779	0.034695	0.034296	0.000154	0.003374	0.001929	0.002884	0.000154	0.000154	0.069795	0.019131	0.067384	0.042957	0.024863	0.029648	0.003387	0.009354	0.018383	0.010178	0.008175	0.003963	0.030015	0.025809	0.008238	0.013515	0.000815	0.019307	0.003387	0.030307	0.009268	0.001347	0.044703	
0.001206	0.008210	0.027377	0.001747	0.009545	0.002719	0.006224	0.001265	0.091447	0.035132	0.002743	0.000127	0.001084	0.082427	0.035342	0.003238	0.014651	0.009486	0.007904	0.040881	0.039541	0.000127	0.004793	0.002699	0.025487	0.000127	0.000127	0.124270	0.004053	0.023561	0.004571	0.014155	0.106710	0.005190	0.011939	0.004756	0.015821	0.002164	0.048055	0.019590	0.017540	0.012784	0.044996	0.001084	0.027213	0.005190	0.017245	0.002442	0.015135	0.015879	
0.001248	0.006175	0.017196	0.000876	0.050229	0.002739	0.032560	0.006179	0.083355	0.029089	0.001451	0.000128	0.001630	0.082200	0.024036	0.005007	0.014612	0.013448	0.007960	0.029372	0.028143	0.000128	0.007447	0.004163	0.025419	0.000128	0.000128	0.107599	0.006240	0.049456	0.021277	0.007222	0.102132	0.002464	0.013552	0.004790	0.007369	0.002179	0.047923	0.014357	0.018203	0.005967	0.039658	0.001630	0.025119	0.002464	0.008784	0.002459	0.015094	0.019015	
0.000765	0.002072	0.010440	0.001100	0.009760	0.001623	0.006359	0.001280	0.100117	0.010590	0.002558	0.000115	0.001035	0.127562	0.010968	0.003104	0.022606	0.007879	0.004638	0.009297	0.007726	0.000115	0.004598	0.002586	0.039207	0.000115	0.000115	0.135573	0.002620	0.033254	0.004879	0.013220	0.130918	0.003193	0.006896	0.002807	0.009656	0.001300	0.074334	0.018407	0.020504	0.007809	0.052834	0.001035	0.036997	0.003193	0.016107	0.001461	0.023355	0.011318	
0.000998	0.001759	0.006591	0.000844	0.008633	0.002227	0.005628	0.001142	0.106231	0.008065	0.001332	0.000112	0.000998	0.137586	0.006099	0.002989	0.024372	0.006214	0.006455	0.006327	0.004667	0.000112	0.004428	0.002491	0.042314	0.000112	0.000112	0.136256	0.003359	0.034658	0.004496	0.006652	0.138560	0.002399	0.006222	0.003888	0.007201	0.001774	0.080171	0.011079	0.023129	0.005829	0.055139	0.000998	0.038130	0.002399	0.008093	0.002000	0.025181	0.013548	
0.001028	0.001882	0.024294	0.000980	0.037059	0.002235	0.024039	0.004598	0.039263	0.009353	0.015718	0.000139	0.001187	0.044504	0.036584	0.003547	0.007968	0.036718	0.006428	0.005837	0.005267	0.000139	0.005251	0.002957	0.013859	0.000139	0.000139	0.127371	0.004871	0.033077	0.015635	0.083701	0.050378	0.002767	0.007335	0.003883	0.008287	0.001786	0.025975	0.096013	0.011806	0.006710	0.020578	0.001187	0.037982	0.002767	0.102113	0.002011	0.008229	0.014423	
0.000865	0.004138	0.067152	0.014031	0.010113	0.001812	0.006601	0.001358	0.051118	0.019903	0.001438	0.000155	0.001090	0.048892	0.016867	0.003194	0.008756	0.006039	0.005126	0.019494	0.018745	0.000155	0.004713	0.002668	0.015181	0.000155	0.000155	0.068341	0.002874	0.016826	0.004590	0.007036	0.062083	0.043518	0.008688	0.003114	0.134579	0.001457	0.028537	0.011709	0.011192	0.108561	0.065207	0.001090	0.015894	0.043518	0.008552	0.001635	0.009043	0.012042	
0.000720	0.002031	0.072817	0.014597	0.009493	0.001400	0.006203	0.001290	0.023589	0.012578	0.008370	0.000164	0.001288	0.022295	0.023140	0.003818	0.004069	0.018027	0.003873	0.008206	0.007873	0.000164	0.005645	0.003185	0.007022	0.000164	0.000164	0.070502	0.002293	0.010799	0.004169	0.044177	0.030954	0.045268	0.008214	0.002372	0.139987	0.001135	0.013052	0.053128	0.007147	0.112924	0.054443	0.001288	0.019922	0.045268	0.053875	0.001268	0.004199	0.011433	
0.000963	0.002823	0.067526	0.012917	0.018799	0.001963	0.012227	0.002414	0.023311	0.016703	0.008560	0.000163	0.001647	0.017559	0.025942	0.004985	0.003233	0.020496	0.005562	0.011364	0.011057	0.000163	0.007396	0.004150	0.005613	0.000163	0.000163	0.070547	0.003531	0.015731	0.007982	0.045201	0.029901	0.040018	0.010895	0.003377	0.123714	0.001577	0.010294	0.055798	0.008316	0.099801	0.048237	0.001647	0.019619	0.040018	0.055125	0.001770	0.003335	0.015707	
0.002290	0.002014	0.007805	0.001053	0.012012	0.002434	0.007831	0.001588	0.010059	0.103417	0.001482	0.000156	0.019976	0.003487	0.006983	0.064571	0.000744	0.007165	0.006989	0.005619	0.005529	0.000156	0.096778	0.053422	0.001338	0.000156	0.000156	0.016994	0.003796	0.008422	0.005126	0.007267	0.094494	0.002959	0.122364	0.004224	0.008845	0.001946	0.002096	0.093403	0.029473	0.007163	0.005373	0.019976	0.005366	0.002959	0.008833	0.002190	0.000764	0.120754	
0.002039	0.001599	0.016198	0.003302	0.013710	0.002002	0.008931	0.001796	0.008406	0.095907	0.001263	0.000159	0.018659	0.003522	0.005481	0.060285	0.000753	0.006499	0.005688	0.004228	0.004151	0.000159	0.090347	0.049878	0.001319	0.000159	0.000159	0.014243	0.003315	0.009513	0.005809	0.006082	0.087850	0.009980	0.114075	0.003450	0.030604	0.001607	0.002117	0.086416	0.026887	0.024712	0.011953	0.018659	0.004589	0.009980	0.007387	0.001805	0.000772	0.111594	
0.002339	0.010359	0.030649	0.001346	0.008914	0.004481	0.005822	0.001206	0.052044	0.075629	0.003966	0.000148	0.007975	0.016234	0.043956	0.025585	0.002986	0.013708	0.013148	0.048252	0.047615	0.000148	0.038303	0.021182	0.005378	0.000148	0.000148	0.079650	0.006340	0.009144	0.003997	0.020628	0.078515	0.003892	0.055252	0.007886	0.011754	0.003553	0.009516	0.056290	0.021644	0.009507	0.020620	0.007975	0.014530	0.003892	0.025141	0.004017	0.003081	0.061508	
0.001299	0.001780	0.010656	0.001473	0.045341	0.001394	0.029402	0.005601	0.039904	0.058340	0.001996	0.000143	0.010789	0.046089	0.008842	0.034742	0.008251	0.012019	0.003896	0.007135	0.006534	0.000143	0.052042	0.028754	0.014286	0.000143	0.000143	0.057883	0.004198	0.038695	0.019017	0.010085	0.095238	0.004301	0.066314	0.002377	0.013032	0.001126	0.026900	0.056923	0.021409	0.010537	0.022962	0.010789	0.015694	0.004301	0.012276	0.001260	0.008521	0.065030	
0.001173	0.003434	0.032579	0.001033	0.011113	0.002401	0.007245	0.001470	0.027322	0.021751	0.019458	0.000145	0.002406	0.019649	0.050645	0.007494	0.003587	0.039695	0.006913	0.013907	0.013551	0.000145	0.011169	0.006222	0.006272	0.000145	0.000145	0.131623	0.003709	0.011270	0.004844	0.103735	0.036848	0.002921	0.016019	0.004174	0.008751	0.001918	0.011503	0.123144	0.010558	0.007086	0.013244	0.002406	0.037946	0.002921	0.126560	0.002159	0.003702	0.021889	
0.001390	0.002985	0.023421	0.001114	0.022228	0.002651	0.014439	0.002809	0.039723	0.029164	0.012554	0.000141	0.004349	0.039148	0.033919	0.013818	0.007025	0.029173	0.007670	0.011063	0.010506	0.000141	0.020657	0.011451	0.012252	0.000141	0.000141	0.111068	0.004631	0.022486	0.009530	0.066721	0.062376	0.003182	0.027482	0.004623	0.009568	0.002113	0.022857	0.091076	0.015873	0.007743	0.020153	0.004349	0.032036	0.003182	0.081391	0.002382	0.007254	0.033852	
0.010902	0.011685	0.008549	0.000768	0.059560	0.027347	0.038612	0.007334	0.055026	0.008674	0.003373	0.000160	0.001136	0.009717	0.010430	0.003331	0.001847	0.048196	0.081721	0.005025	0.004869	0.000160	0.004916	0.002782	0.005025	0.000160	0.000160	0.057606	0.039242	0.040062	0.025579	0.017389	0.016451	0.002058	0.006846	0.048708	0.006043	0.021521	0.005726	0.023202	0.066583	0.004904	0.006684	0.001136	0.034819	0.002058	0.021185	0.024434	0.001903	0.114395	
0.014729	0.015950	0.007635	0.000995	0.009762	0.037054	0.006377	0.001323	0.071826	0.011514	0.000878	0.000164	0.001321	0.008482	0.007102	0.003923	0.001632	0.047741	0.110836	0.007546	0.007380	0.000164	0.005803	0.003273	0.005343	0.000164	0.000164	0.055752	0.049422	0.008046	0.005472	0.003992	0.017561	0.002760	0.008338	0.066040	0.008214	0.029149	0.005008	0.009338	0.089522	0.006656	0.007474	0.001321	0.040245	0.002760	0.004836	0.033102	0.001681	0.154234	
0.008518	0.009524	0.008034	0.001042	0.015167	0.021241	0.009868	0.001958	0.081818	0.011801	0.001394	0.000143	0.001532	0.059239	0.007361	0.004656	0.010572	0.030360	0.063437	0.006993	0.006240	0.000143	0.006912	0.003875	0.019726	0.000143	0.000143	0.086899	0.028821	0.022238	0.007413	0.006855	0.066590	0.002953	0.009568	0.037818	0.008852	0.016720	0.034558	0.013468	0.058823	0.007167	0.026525	0.001532	0.037832	0.002953	0.008333	0.018981	0.010919	0.092345	
