0.439877	0.005914	0.040464	0.000584	0.028139	0.043167	0.075102	0.088233	0.038672	0.095954	0.009468	0.008261	0.030737	0.050189	0.045240	
0.470501	0.006859	0.070627	0.001412	0.033721	0.027511	0.042628	0.105901	0.029931	0.085071	0.005746	0.019861	0.043527	0.040155	0.016548	
0.476318	0.010689	0.017247	0.000915	0.049087	0.028864	0.024363	0.163277	0.024147	0.118092	0.004739	0.007447	0.045639	0.018583	0.010593	
0.468664	0.000888	0.102486	0.009827	0.022667	0.054200	0.154610	0.011084	0.045305	0.015675	0.030405	0.026040	0.013121	0.030884	0.014145	
0.402279	0.002275	0.088914	0.007903	0.024354	0.041042	0.117274	0.033130	0.099245	0.025624	0.021132	0.051196	0.020429	0.059752	0.005450	
0.426228	0.003309	0.081803	0.007386	0.027754	0.041183	0.111738	0.048731	0.076316	0.037148	0.019618	0.041780	0.022314	0.048369	0.006322	
0.444170	0.000754	0.098420	0.010137	0.023391	0.054720	0.151307	0.009035	0.072615	0.010424	0.033780	0.030542	0.012407	0.036393	0.011905	
0.355271	0.003076	0.092737	0.001173	0.020337	0.031690	0.041326	0.047495	0.144922	0.047428	0.018933	0.041200	0.037102	0.088856	0.028454	
0.373289	0.000710	0.067396	0.001694	0.007176	0.052594	0.127924	0.007535	0.084142	0.060172	0.013273	0.029297	0.015665	0.092983	0.066149	
0.312952	0.001109	0.110398	0.000602	0.018131	0.048249	0.023051	0.014558	0.218605	0.021566	0.048830	0.013814	0.031565	0.089244	0.047326	
0.307163	0.001070	0.116308	0.000694	0.019324	0.047303	0.012660	0.014372	0.233391	0.015667	0.052635	0.013472	0.033540	0.088675	0.043724	
0.317404	0.000839	0.110544	0.001991	0.014245	0.041178	0.052498	0.010729	0.189905	0.022724	0.032770	0.039571	0.028295	0.100029	0.037279	
0.480632	0.001157	0.237428	0.000660	0.006319	0.009454	0.015416	0.015056	0.031623	0.015603	0.004730	0.047694	0.045806	0.079860	0.008561	
0.466906	0.003206	0.192326	0.000651	0.014980	0.012685	0.014455	0.046029	0.040308	0.035995	0.004382	0.043542	0.044750	0.072012	0.007773	
0.408142	0.002249	0.179175	0.001094	0.012033	0.012916	0.021951	0.032504	0.091715	0.027402	0.005316	0.060762	0.042292	0.094238	0.008212	
0.539938	0.005718	0.019860	0.000648	0.042362	0.005871	0.008947	0.124573	0.027923	0.087467	0.003053	0.010755	0.101119	0.018098	0.003668	
0.531781	0.007156	0.016768	0.000752	0.044588	0.013271	0.016453	0.136473	0.017692	0.098167	0.003415	0.006425	0.085773	0.014312	0.006972	
0.526048	0.005297	0.021293	0.000862	0.039611	0.013552	0.023849	0.113269	0.031804	0.085791	0.006435	0.007613	0.090645	0.021626	0.012305	
0.427409	0.001455	0.028464	0.001902	0.011859	0.058098	0.151433	0.023997	0.030945	0.081682	0.010213	0.009861	0.019826	0.068332	0.074523	
0.187447	0.001806	0.086277	0.000922	0.011815	0.009366	0.020835	0.031632	0.282896	0.027537	0.003342	0.118228	0.041723	0.168547	0.007624	
0.322511	0.003219	0.076932	0.001069	0.023557	0.025754	0.022877	0.055103	0.188707	0.044208	0.020326	0.051132	0.046559	0.097556	0.020491	
0.206548	0.000959	0.082305	0.001222	0.007178	0.026448	0.059995	0.012456	0.249309	0.032292	0.008676	0.097704	0.025439	0.159307	0.030161	
0.295751	0.004732	0.085878	0.000822	0.023164	0.015411	0.015083	0.072046	0.187214	0.052578	0.005242	0.078531	0.040939	0.115679	0.006929	
0.310831	0.001465	0.057002	0.001549	0.011273	0.038212	0.093644	0.023617	0.152228	0.054633	0.009418	0.058208	0.026794	0.115254	0.045871	
