0.013043	0.008554	0.008620	0.001423	0.000139	0.000139	0.040141	0.010382	0.000139	0.053045	0.001050	0.000139	0.000139	0.001159	0.012704	0.011124	0.053750	0.059830	0.057826	0.000139	0.026001	0.000139	0.000139	0.000139	0.068923	0.010647	0.001961	0.090618	0.010635	0.082769	0.039157	0.012000	0.000139	0.002471	0.000139	0.002838	0.005793	0.001566	0.000139	0.000139	0.010962	0.202166	0.001330	0.000868	0.025338	0.033261	0.018469	0.000139	0.000139	0.017491	
0.000888	0.051760	0.001324	0.014223	0.000135	0.000135	0.002469	0.001240	0.000135	0.003222	0.001221	0.000135	0.000135	0.001351	0.061695	0.074602	0.055905	0.008801	0.006357	0.000135	0.277796	0.000135	0.000135	0.000135	0.006457	0.009637	0.002306	0.006773	0.005141	0.011661	0.009073	0.001414	0.000135	0.002914	0.000135	0.029464	0.000927	0.000951	0.000135	0.000135	0.013031	0.016657	0.008210	0.001004	0.001647	0.117719	0.002112	0.000135	0.000135	0.188023	
0.003798	0.034269	0.001455	0.010136	0.000142	0.000142	0.011477	0.001675	0.000142	0.015133	0.001152	0.000142	0.000142	0.001273	0.035481	0.040523	0.081056	0.015088	0.008777	0.000142	0.197481	0.000142	0.000142	0.000142	0.018146	0.067054	0.002162	0.035369	0.034978	0.013023	0.029026	0.001917	0.000142	0.002728	0.000142	0.020873	0.001017	0.005856	0.000142	0.000142	0.012145	0.057337	0.004520	0.000950	0.007312	0.089040	0.002886	0.000142	0.000142	0.132759	
0.000772	0.005705	0.019578	0.006624	0.000135	0.000135	0.002108	0.010727	0.000135	0.002744	0.000963	0.000135	0.000135	0.001062	0.009043	0.006815	0.103001	0.062095	0.059781	0.000135	0.129204	0.000135	0.000135	0.000135	0.022219	0.011530	0.001790	0.006093	0.005533	0.188111	0.085233	0.012399	0.000135	0.002253	0.000135	0.013478	0.013097	0.001019	0.000135	0.000135	0.009961	0.042678	0.000860	0.000797	0.001409	0.055022	0.019088	0.000135	0.000135	0.085179	
0.003001	0.012874	0.015591	0.002372	0.000147	0.000147	0.008995	0.012484	0.000147	0.011849	0.001676	0.000147	0.000147	0.001859	0.015520	0.011054	0.120149	0.075289	0.069624	0.000147	0.045221	0.000147	0.000147	0.000147	0.033578	0.054762	0.003205	0.027855	0.027942	0.149585	0.083489	0.014432	0.000147	0.004061	0.000147	0.004775	0.010443	0.004708	0.000147	0.000147	0.018311	0.068267	0.001330	0.001370	0.005774	0.024349	0.022224	0.000147	0.000147	0.029782	
0.000581	0.006561	0.015868	0.006724	0.000137	0.000137	0.001513	0.007772	0.000137	0.001957	0.006064	0.000137	0.000137	0.006775	0.033758	0.008201	0.091206	0.045093	0.043136	0.000137	0.130905	0.000137	0.000137	0.000137	0.016190	0.010348	0.011991	0.004840	0.005014	0.152225	0.070851	0.008978	0.000137	0.015310	0.000137	0.013688	0.010624	0.000939	0.000137	0.000137	0.070549	0.033657	0.001011	0.004878	0.001239	0.059172	0.013800	0.000137	0.000137	0.086534	
0.001647	0.015488	0.032521	0.000895	0.000143	0.000143	0.004805	0.002616	0.000143	0.006309	0.001234	0.000143	0.000143	0.001364	0.020148	0.019832	0.177231	0.016116	0.014071	0.000143	0.017031	0.000143	0.000143	0.000143	0.010509	0.019929	0.002324	0.013477	0.010528	0.313209	0.142656	0.003007	0.000143	0.002935	0.000143	0.001804	0.021728	0.001836	0.000143	0.000143	0.013100	0.077844	0.002278	0.001015	0.003119	0.009653	0.004569	0.000143	0.000143	0.011026	
0.000836	0.007756	0.002199	0.008375	0.000138	0.000138	0.002300	0.001254	0.000138	0.002998	0.018291	0.000138	0.000138	0.020469	0.091637	0.009717	0.042707	0.007917	0.006419	0.000138	0.162593	0.000138	0.000138	0.000138	0.005678	0.011291	0.036443	0.007323	0.005939	0.020098	0.017678	0.001430	0.000138	0.046609	0.000138	0.017082	0.001512	0.001088	0.000138	0.000138	0.215790	0.014210	0.001177	0.014660	0.002224	0.081937	0.002134	0.000138	0.000138	0.108151	
0.000658	0.015438	0.006775	0.004996	0.000145	0.000145	0.001736	0.002509	0.000145	0.002249	0.017609	0.000145	0.000145	0.019705	0.096305	0.020069	0.073602	0.015540	0.013463	0.000145	0.096219	0.000145	0.000145	0.000145	0.006864	0.017795	0.035074	0.006981	0.009028	0.064266	0.038843	0.002883	0.000145	0.044854	0.000145	0.010210	0.004565	0.001612	0.000145	0.000145	0.207626	0.019800	0.002305	0.014116	0.001844	0.053375	0.004376	0.000145	0.000145	0.064538	
0.001116	0.016806	0.011639	0.000704	0.000154	0.000154	0.003135	0.002120	0.000154	0.004097	0.014999	0.000154	0.000154	0.016780	0.079776	0.014308	0.130509	0.017084	0.011221	0.000154	0.012072	0.000154	0.000154	0.000154	0.007476	0.070922	0.029843	0.017908	0.035673	0.111220	0.076593	0.002430	0.000154	0.038156	0.000154	0.001367	0.007811	0.006050	0.000154	0.000154	0.176506	0.034267	0.001689	0.012030	0.002623	0.016986	0.003671	0.000154	0.000154	0.008097	
0.000647	0.010108	0.006265	0.003028	0.000150	0.000150	0.001693	0.002042	0.000150	0.002191	0.019908	0.000150	0.000150	0.022279	0.097852	0.008082	0.088540	0.014790	0.010805	0.000150	0.057476	0.000150	0.000150	0.000150	0.005765	0.046188	0.039667	0.011213	0.023166	0.059287	0.047004	0.002340	0.000150	0.050732	0.000150	0.006098	0.004226	0.003973	0.000150	0.000150	0.234885	0.018128	0.001010	0.015957	0.001911	0.038825	0.003536	0.000150	0.000150	0.038142	
0.002283	0.060704	0.005578	0.000987	0.000158	0.000158	0.006745	0.003124	0.000158	0.008870	0.014684	0.000158	0.000158	0.016428	0.133377	0.086866	0.100157	0.019445	0.016863	0.000158	0.016900	0.000158	0.000158	0.000158	0.013836	0.015770	0.029211	0.017683	0.008722	0.052658	0.032654	0.003592	0.000158	0.037346	0.000158	0.002379	0.003771	0.001532	0.000158	0.000158	0.172735	0.044345	0.009560	0.011779	0.004882	0.021026	0.005466	0.000158	0.000158	0.015676	
0.000954	0.071236	0.001425	0.005149	0.000154	0.000154	0.002634	0.005633	0.000154	0.003433	0.009906	0.000154	0.000154	0.011077	0.123474	0.103008	0.081624	0.033905	0.031010	0.000154	0.098697	0.000154	0.000154	0.000154	0.013578	0.011460	0.019659	0.007663	0.005849	0.012482	0.012496	0.006498	0.000154	0.025120	0.000154	0.011014	0.001002	0.001083	0.000154	0.000154	0.116012	0.018865	0.011307	0.007956	0.002104	0.049497	0.009959	0.000154	0.000154	0.070919	
0.003096	0.100643	0.005421	0.003239	0.000159	0.000159	0.009263	0.001914	0.000159	0.012199	0.003602	0.000159	0.000159	0.004015	0.126731	0.145867	0.118980	0.013141	0.010039	0.000159	0.061226	0.000159	0.000159	0.000159	0.015059	0.013380	0.007045	0.022504	0.007963	0.051167	0.028469	0.002191	0.000159	0.008972	0.000159	0.007351	0.003667	0.001387	0.000159	0.000159	0.041057	0.058690	0.015959	0.002913	0.006023	0.032886	0.003299	0.000159	0.000159	0.048253	
0.002991	0.113135	0.002813	0.002629	0.000163	0.000163	0.008929	0.001657	0.000163	0.011756	0.005477	0.000163	0.000163	0.006115	0.150015	0.165102	0.114839	0.011386	0.008578	0.000163	0.048952	0.000163	0.000163	0.000163	0.014111	0.007305	0.010791	0.020928	0.004908	0.025926	0.016121	0.001893	0.000163	0.013767	0.000163	0.006213	0.001930	0.000883	0.000163	0.000163	0.063294	0.053610	0.018048	0.004414	0.005889	0.029021	0.002837	0.000163	0.000163	0.041293	
0.015676	0.005902	0.001230	0.004758	0.000133	0.000133	0.048315	0.001942	0.000133	0.063857	0.004045	0.000133	0.000133	0.004515	0.023923	0.007561	0.019102	0.011385	0.010319	0.000133	0.091356	0.000133	0.000133	0.000133	0.064448	0.007491	0.007957	0.108602	0.010691	0.011517	0.008317	0.002227	0.000133	0.010148	0.000133	0.009659	0.000865	0.001504	0.000133	0.000133	0.046609	0.227720	0.000938	0.003263	0.030597	0.067299	0.003370	0.000133	0.000133	0.060895	
0.016112	0.004325	0.001335	0.006634	0.000129	0.000129	0.049676	0.001250	0.000129	0.065658	0.000958	0.000129	0.000129	0.001058	0.007946	0.005360	0.014672	0.007440	0.006440	0.000129	0.128375	0.000129	0.000129	0.000129	0.065118	0.006631	0.001787	0.111396	0.010496	0.012581	0.007621	0.001427	0.000129	0.002251	0.000129	0.013495	0.000933	0.001457	0.000129	0.000129	0.009978	0.234177	0.000696	0.000792	0.031329	0.081233	0.002134	0.000129	0.000129	0.085296	
0.016338	0.011823	0.005554	0.001007	0.000142	0.000142	0.050349	0.001397	0.000142	0.066544	0.000788	0.000142	0.000142	0.000866	0.010428	0.009744	0.070712	0.011503	0.007211	0.000142	0.017790	0.000142	0.000142	0.000142	0.065638	0.052006	0.001434	0.119635	0.033153	0.053266	0.040732	0.001595	0.000142	0.001796	0.000142	0.001972	0.003750	0.005239	0.000142	0.000142	0.007818	0.244626	0.001183	0.000659	0.031749	0.035230	0.002388	0.000142	0.000142	0.011947	
0.002198	0.035754	0.001380	0.000771	0.000171	0.000171	0.006453	0.005295	0.000171	0.008479	0.001275	0.000171	0.000171	0.001408	0.019859	0.019362	0.190234	0.047342	0.029027	0.000171	0.013310	0.000171	0.000171	0.000171	0.017303	0.227154	0.002379	0.047976	0.113679	0.011954	0.083215	0.006104	0.000171	0.002997	0.000171	0.001516	0.000977	0.019039	0.000171	0.000171	0.013284	0.032528	0.002252	0.001054	0.004167	0.009328	0.009340	0.000171	0.000171	0.009038	
0.006949	0.028549	0.002630	0.000690	0.000150	0.000150	0.021227	0.027161	0.000150	0.028026	0.001241	0.000150	0.000150	0.001372	0.035572	0.040150	0.043944	0.156525	0.152263	0.000150	0.010993	0.000150	0.000150	0.000150	0.075055	0.014753	0.002332	0.048861	0.009057	0.024464	0.015096	0.031426	0.000150	0.002942	0.000150	0.001497	0.001804	0.001465	0.000150	0.000150	0.013107	0.104872	0.004488	0.001023	0.013452	0.016917	0.048485	0.000150	0.000150	0.009359	
0.003380	0.017660	0.005490	0.004742	0.000148	0.000148	0.010167	0.012060	0.000148	0.013398	0.002439	0.000148	0.000148	0.002714	0.021469	0.014234	0.096082	0.075047	0.067231	0.000148	0.091404	0.000148	0.000148	0.000148	0.034528	0.081078	0.004730	0.034424	0.041220	0.051950	0.050506	0.013941	0.000148	0.006013	0.000148	0.009650	0.003710	0.006913	0.000148	0.000148	0.027363	0.056753	0.001676	0.001981	0.006542	0.044958	0.021464	0.000148	0.000148	0.060857	
0.002509	0.011170	0.004535	0.002760	0.000150	0.000150	0.007461	0.027265	0.000150	0.009820	0.000987	0.000150	0.000150	0.001088	0.009726	0.007650	0.070986	0.160524	0.152848	0.000150	0.052158	0.000150	0.000150	0.000150	0.058130	0.062484	0.001824	0.025329	0.030787	0.042654	0.039140	0.031546	0.000150	0.002293	0.000150	0.005546	0.003073	0.005197	0.000150	0.000150	0.010094	0.042149	0.000963	0.000820	0.004783	0.026163	0.048671	0.000150	0.000150	0.034615	
0.000725	0.016113	0.002437	0.005312	0.000150	0.000150	0.001932	0.023565	0.000150	0.002507	0.001069	0.000150	0.000150	0.001180	0.013946	0.012704	0.075798	0.140658	0.132014	0.000150	0.102395	0.000150	0.000150	0.000150	0.044809	0.077206	0.001989	0.015281	0.037498	0.022289	0.035599	0.027262	0.000150	0.002504	0.000150	0.010808	0.001675	0.006360	0.000150	0.000150	0.011076	0.012974	0.001511	0.000885	0.001308	0.044119	0.042051	0.000150	0.000150	0.068196	
0.002605	0.011008	0.009138	0.004714	0.000143	0.000143	0.007774	0.019980	0.000143	0.010236	0.001516	0.000143	0.000143	0.001681	0.015487	0.011965	0.071659	0.116508	0.111857	0.000143	0.090904	0.000143	0.000143	0.000143	0.045698	0.030567	0.002889	0.021410	0.015340	0.087216	0.047920	0.023112	0.000143	0.003658	0.000143	0.009586	0.006139	0.002614	0.000143	0.000143	0.016456	0.051671	0.001425	0.001241	0.004998	0.042803	0.035641	0.000143	0.000143	0.060442	
