0.505621	0.006162	0.021290	0.004527	0.022710	0.050915	0.030805	0.086611	0.030477	0.088041	0.030794	0.011150	0.050713	0.018709	0.041474	
0.531012	0.001531	0.040045	0.001199	0.023660	0.011330	0.019473	0.117964	0.048098	0.091380	0.010743	0.017430	0.057176	0.021076	0.007883	
0.524411	0.001598	0.016812	0.001296	0.026509	0.014334	0.029276	0.127401	0.053624	0.098283	0.012299	0.019453	0.056132	0.013206	0.005366	
0.482324	0.009208	0.105107	0.007660	0.004110	0.060226	0.049059	0.037338	0.017711	0.027312	0.044677	0.006575	0.016904	0.127193	0.004595	
0.317242	0.001056	0.126171	0.000874	0.022029	0.015954	0.088005	0.040242	0.142998	0.029273	0.004409	0.051577	0.028953	0.127528	0.003688	
0.482704	0.003406	0.100078	0.002807	0.008810	0.024954	0.056802	0.057792	0.050644	0.041278	0.015759	0.018386	0.019188	0.112027	0.005365	
0.307497	0.001125	0.028598	0.000872	0.037618	0.032813	0.125966	0.023980	0.276592	0.020079	0.004118	0.099672	0.007567	0.026091	0.007412	
0.274425	0.001760	0.164733	0.001361	0.022066	0.015096	0.066826	0.052341	0.090297	0.043995	0.009154	0.032596	0.055148	0.160248	0.009955	
0.275694	0.002251	0.175843	0.000962	0.008964	0.031088	0.099314	0.012452	0.036903	0.038819	0.004585	0.013467	0.026106	0.212900	0.060651	
0.309829	0.005222	0.146595	0.004096	0.030275	0.038147	0.032532	0.013691	0.173858	0.019740	0.023555	0.062537	0.060904	0.059503	0.019517	
0.317288	0.005035	0.134386	0.003827	0.026407	0.041127	0.050979	0.013837	0.153139	0.023293	0.021913	0.055143	0.048311	0.078706	0.026609	
0.284138	0.003577	0.143245	0.002547	0.032918	0.032548	0.045295	0.008608	0.195903	0.021535	0.014109	0.070466	0.058494	0.056102	0.030513	
0.481770	0.002199	0.077217	0.001282	0.020050	0.023622	0.036536	0.053753	0.094582	0.056430	0.007357	0.034110	0.038424	0.034977	0.037693	
0.361629	0.001212	0.161524	0.000959	0.013823	0.009230	0.060913	0.047006	0.078683	0.034601	0.004670	0.028410	0.037245	0.153588	0.006507	
0.411218	0.002060	0.113223	0.001618	0.025548	0.016467	0.034132	0.043934	0.153099	0.034289	0.008646	0.055097	0.047096	0.044195	0.009378	
0.481436	0.004905	0.021240	0.004041	0.030926	0.033191	0.013568	0.132687	0.031208	0.106585	0.030882	0.011392	0.077798	0.013889	0.006251	
0.523712	0.001247	0.013449	0.000865	0.028411	0.011434	0.018025	0.147038	0.020465	0.119198	0.011588	0.007527	0.071512	0.011614	0.013914	
0.458447	0.001965	0.018478	0.000884	0.029295	0.028592	0.045095	0.102374	0.053493	0.104971	0.010103	0.019421	0.058707	0.017859	0.050316	
0.531701	0.003538	0.025633	0.000728	0.010212	0.059311	0.068854	0.010840	0.021847	0.079064	0.003146	0.008061	0.008912	0.025831	0.142324	
0.204834	0.002571	0.170484	0.002105	0.025860	0.025270	0.092017	0.019744	0.158657	0.017320	0.012001	0.057187	0.042825	0.163294	0.005829	
0.386111	0.004642	0.093115	0.003581	0.020929	0.040557	0.065564	0.036742	0.113369	0.037138	0.021140	0.040926	0.031587	0.083107	0.021490	
0.254189	0.002723	0.055075	0.002189	0.037152	0.042380	0.128525	0.009713	0.272270	0.011059	0.011901	0.098117	0.011762	0.054436	0.008507	
0.445361	0.003296	0.045043	0.002713	0.022824	0.034063	0.077703	0.047186	0.154285	0.034884	0.015394	0.055668	0.014198	0.041910	0.005474	
0.363853	0.004604	0.077795	0.003193	0.021662	0.049889	0.088216	0.015724	0.134582	0.033026	0.018062	0.048587	0.018778	0.078246	0.043784	
