0.000578	0.001740	0.000578	0.000578	0.000578	0.000578	0.000578	0.000578	0.000578	0.000578	0.000578	0.000578	0.000578	0.000716	0.000578	0.000578	0.000578	0.000578	0.000578	0.000578	0.000578	0.000578	0.000578	0.000578	0.000578	0.000578	0.000578	0.000578	0.000578	0.004790	0.000578	0.000578	0.001412	0.000947	0.000705	0.000578	0.000578	0.001214	0.002057	0.000578	0.000578	0.000578	0.000578	0.000578	0.000578	0.000578	0.000578	0.000578	0.000578	0.962718	
0.000603	0.002063	0.000603	0.000603	0.000603	0.000603	0.000603	0.000603	0.000603	0.000603	0.000603	0.000603	0.000603	0.000975	0.000603	0.000603	0.000603	0.000603	0.000603	0.000603	0.000603	0.000603	0.000603	0.000603	0.000603	0.000603	0.000603	0.000603	0.000603	0.003838	0.000603	0.000603	0.003408	0.001292	0.000810	0.000603	0.000603	0.001638	0.006323	0.000603	0.000603	0.000603	0.000603	0.000603	0.000603	0.000603	0.000603	0.000603	0.000603	0.954950	
0.000582	0.001614	0.000582	0.000582	0.000582	0.000582	0.000582	0.000582	0.000582	0.000582	0.000582	0.000582	0.000582	0.000812	0.000582	0.000582	0.000582	0.000582	0.000582	0.000582	0.000582	0.000582	0.000582	0.000582	0.000582	0.000582	0.000582	0.000582	0.000582	0.004230	0.000582	0.000582	0.002326	0.000990	0.001132	0.000582	0.000582	0.003331	0.004174	0.000582	0.000582	0.000582	0.000582	0.000582	0.000582	0.000582	0.000582	0.000582	0.000582	0.957517	
0.000635	0.001880	0.000635	0.000635	0.000635	0.000635	0.000635	0.000635	0.000635	0.000635	0.000635	0.000635	0.000635	0.000743	0.000635	0.000635	0.000635	0.000635	0.000635	0.000635	0.000635	0.000635	0.000635	0.000635	0.000635	0.000635	0.000635	0.000635	0.000635	0.001589	0.000635	0.000635	0.003026	0.000900	0.000860	0.000635	0.000635	0.001760	0.005317	0.000635	0.000635	0.000635	0.000635	0.000635	0.000635	0.000635	0.000635	0.000635	0.000635	0.957896	
0.000632	0.001168	0.000632	0.000632	0.000632	0.000632	0.000632	0.000632	0.000632	0.000632	0.000632	0.000632	0.000632	0.001227	0.000632	0.000632	0.000632	0.000632	0.000632	0.000632	0.000632	0.000632	0.000632	0.000632	0.000632	0.000632	0.000632	0.000632	0.000632	0.001368	0.000632	0.000632	0.001557	0.001099	0.002060	0.000632	0.000632	0.007772	0.003929	0.000632	0.000632	0.000632	0.000632	0.000632	0.000632	0.000632	0.000632	0.000632	0.000632	0.953927	
0.000642	0.003171	0.000642	0.000642	0.000642	0.000642	0.000642	0.000642	0.000642	0.000642	0.000642	0.000642	0.000642	0.001137	0.000642	0.000642	0.000642	0.000642	0.000642	0.000642	0.000642	0.000642	0.000642	0.000642	0.000642	0.000642	0.000642	0.000642	0.000642	0.001312	0.000642	0.000642	0.002819	0.000835	0.001003	0.000642	0.000642	0.002447	0.006590	0.000642	0.000642	0.000642	0.000642	0.000642	0.000642	0.000642	0.000642	0.000642	0.000642	0.954375	
0.000617	0.001126	0.000617	0.000617	0.000617	0.000617	0.000617	0.000617	0.000617	0.000617	0.000617	0.000617	0.000617	0.000870	0.000617	0.000617	0.000617	0.000617	0.000617	0.000617	0.000617	0.000617	0.000617	0.000617	0.000617	0.000617	0.000617	0.000617	0.000617	0.001001	0.000617	0.000617	0.001618	0.000860	0.003341	0.000617	0.000617	0.014238	0.003148	0.000617	0.000617	0.000617	0.000617	0.000617	0.000617	0.000617	0.000617	0.000617	0.000617	0.948517	
0.000638	0.004044	0.000638	0.000638	0.000638	0.000638	0.000638	0.000638	0.000638	0.000638	0.000638	0.000638	0.000638	0.002860	0.000638	0.000638	0.000638	0.000638	0.000638	0.000638	0.000638	0.000638	0.000638	0.000638	0.000638	0.000638	0.000638	0.000638	0.000638	0.000997	0.000638	0.000638	0.006324	0.000830	0.000818	0.000638	0.000638	0.001537	0.020515	0.000638	0.000638	0.000638	0.000638	0.000638	0.000638	0.000638	0.000638	0.000638	0.000638	0.935909	
0.000651	0.005105	0.000651	0.000651	0.000651	0.000651	0.000651	0.000651	0.000651	0.000651	0.000651	0.000651	0.000651	0.001987	0.000651	0.000651	0.000651	0.000651	0.000651	0.000651	0.000651	0.000651	0.000651	0.000651	0.000651	0.000651	0.000651	0.000651	0.000651	0.000923	0.000651	0.000651	0.004881	0.000830	0.000835	0.000651	0.000651	0.001572	0.014097	0.000651	0.000651	0.000651	0.000651	0.000651	0.000651	0.000651	0.000651	0.000651	0.000651	0.943063	
0.000650	0.003397	0.000650	0.000650	0.000650	0.000650	0.000650	0.000650	0.000650	0.000650	0.000650	0.000650	0.000650	0.003348	0.000650	0.000650	0.000650	0.000650	0.000650	0.000650	0.000650	0.000650	0.000650	0.000650	0.000650	0.000650	0.000650	0.000650	0.000650	0.001134	0.000650	0.000650	0.001272	0.000989	0.000892	0.000650	0.000650	0.001857	0.012008	0.000650	0.000650	0.000650	0.000650	0.000650	0.000650	0.000650	0.000650	0.000650	0.000650	0.948444	
0.000636	0.002790	0.000636	0.000636	0.000636	0.000636	0.000636	0.000636	0.000636	0.000636	0.000636	0.000636	0.000636	0.003556	0.000636	0.000636	0.000636	0.000636	0.000636	0.000636	0.000636	0.000636	0.000636	0.000636	0.000636	0.000636	0.000636	0.000636	0.000636	0.000945	0.000636	0.000636	0.002051	0.000792	0.001356	0.000636	0.000636	0.004237	0.014833	0.000636	0.000636	0.000636	0.000636	0.000636	0.000636	0.000636	0.000636	0.000636	0.000636	0.943355	
0.000641	0.001932	0.000641	0.000641	0.000641	0.000641	0.000641	0.000641	0.000641	0.000641	0.000641	0.000641	0.000641	0.003588	0.000641	0.000641	0.000641	0.000641	0.000641	0.000641	0.000641	0.000641	0.000641	0.000641	0.000641	0.000641	0.000641	0.000641	0.000641	0.000924	0.000641	0.000641	0.001058	0.000804	0.000927	0.000641	0.000641	0.002069	0.012940	0.000641	0.000641	0.000641	0.000641	0.000641	0.000641	0.000641	0.000641	0.000641	0.000641	0.949479	
0.000601	0.001748	0.000601	0.000601	0.000601	0.000601	0.000601	0.000601	0.000601	0.000601	0.000601	0.000601	0.000601	0.002515	0.000601	0.000601	0.000601	0.000601	0.000601	0.000601	0.000601	0.000601	0.000601	0.000601	0.000601	0.000601	0.000601	0.000601	0.000601	0.003160	0.000601	0.000601	0.002268	0.000925	0.000752	0.000601	0.000601	0.001353	0.010942	0.000601	0.000601	0.000601	0.000601	0.000601	0.000601	0.000601	0.000601	0.000601	0.000601	0.951685	
0.000608	0.002024	0.000608	0.000608	0.000608	0.000608	0.000608	0.000608	0.000608	0.000608	0.000608	0.000608	0.000608	0.002399	0.000608	0.000608	0.000608	0.000608	0.000608	0.000608	0.000608	0.000608	0.000608	0.000608	0.000608	0.000608	0.000608	0.000608	0.000608	0.002351	0.000608	0.000608	0.002966	0.000900	0.001424	0.000608	0.000608	0.004684	0.011904	0.000608	0.000608	0.000608	0.000608	0.000608	0.000608	0.000608	0.000608	0.000608	0.000608	0.946403	
0.000598	0.001565	0.000598	0.000598	0.000598	0.000598	0.000598	0.000598	0.000598	0.000598	0.000598	0.000598	0.000598	0.002736	0.000598	0.000598	0.000598	0.000598	0.000598	0.000598	0.000598	0.000598	0.000598	0.000598	0.000598	0.000598	0.000598	0.000598	0.000598	0.002935	0.000598	0.000598	0.002465	0.000821	0.000911	0.000598	0.000598	0.002163	0.012437	0.000598	0.000598	0.000598	0.000598	0.000598	0.000598	0.000598	0.000598	0.000598	0.000598	0.949438	
0.000707	0.001157	0.000707	0.000707	0.000707	0.000707	0.000707	0.000707	0.000707	0.000707	0.000707	0.000707	0.000707	0.001114	0.000707	0.000707	0.000707	0.000707	0.000707	0.000707	0.000707	0.000707	0.000707	0.000707	0.000707	0.000707	0.000707	0.000707	0.000707	0.006619	0.000707	0.000707	0.006703	0.006423	0.000848	0.000707	0.000707	0.001410	0.002896	0.000707	0.000707	0.000707	0.000707	0.000707	0.000707	0.000707	0.000707	0.000707	0.000707	0.943851	
0.000658	0.002215	0.000658	0.000658	0.000658	0.000658	0.000658	0.000658	0.000658	0.000658	0.000658	0.000658	0.000658	0.000840	0.000658	0.000658	0.000658	0.000658	0.000658	0.000658	0.000658	0.000658	0.000658	0.000658	0.000658	0.000658	0.000658	0.000658	0.000658	0.005159	0.000658	0.000658	0.006248	0.003918	0.000827	0.000658	0.000658	0.001501	0.006047	0.000658	0.000658	0.000658	0.000658	0.000658	0.000658	0.000658	0.000658	0.000658	0.000658	0.946265	
0.000707	0.001331	0.000707	0.000707	0.000707	0.000707	0.000707	0.000707	0.000707	0.000707	0.000707	0.000707	0.000707	0.000843	0.000707	0.000707	0.000707	0.000707	0.000707	0.000707	0.000707	0.000707	0.000707	0.000707	0.000707	0.000707	0.000707	0.000707	0.000707	0.006595	0.000707	0.000707	0.007276	0.006452	0.000971	0.000707	0.000707	0.002025	0.002901	0.000707	0.000707	0.000707	0.000707	0.000707	0.000707	0.000707	0.000707	0.000707	0.000707	0.942627	
0.000683	0.004508	0.000683	0.000683	0.000683	0.000683	0.000683	0.000683	0.000683	0.000683	0.000683	0.000683	0.000683	0.000879	0.000683	0.000683	0.000683	0.000683	0.000683	0.000683	0.000683	0.000683	0.000683	0.000683	0.000683	0.000683	0.000683	0.000683	0.000683	0.003004	0.000683	0.000683	0.003399	0.002848	0.000837	0.000683	0.000683	0.001451	0.002569	0.000683	0.000683	0.000683	0.000683	0.000683	0.000683	0.000683	0.000683	0.000683	0.000683	0.952483	
0.000625	0.001549	0.000625	0.000625	0.000625	0.000625	0.000625	0.000625	0.000625	0.000625	0.000625	0.000625	0.000625	0.001061	0.000625	0.000625	0.000625	0.000625	0.000625	0.000625	0.000625	0.000625	0.000625	0.000625	0.000625	0.000625	0.000625	0.000625	0.000625	0.001448	0.000625	0.000625	0.002192	0.001061	0.002381	0.000625	0.000625	0.009404	0.004629	0.000625	0.000625	0.000625	0.000625	0.000625	0.000625	0.000625	0.000625	0.000625	0.000625	0.950636	
0.000644	0.003366	0.000644	0.000644	0.000644	0.000644	0.000644	0.000644	0.000644	0.000644	0.000644	0.000644	0.000644	0.000842	0.000644	0.000644	0.000644	0.000644	0.000644	0.000644	0.000644	0.000644	0.000644	0.000644	0.000644	0.000644	0.000644	0.000644	0.000644	0.001161	0.000644	0.000644	0.002056	0.000978	0.001842	0.000644	0.000644	0.006635	0.003591	0.000644	0.000644	0.000644	0.000644	0.000644	0.000644	0.000644	0.000644	0.000644	0.000644	0.953128	
0.000612	0.001586	0.000612	0.000612	0.000612	0.000612	0.000612	0.000612	0.000612	0.000612	0.000612	0.000612	0.000612	0.000781	0.000612	0.000612	0.000612	0.000612	0.000612	0.000612	0.000612	0.000612	0.000612	0.000612	0.000612	0.000612	0.000612	0.000612	0.000612	0.000944	0.000612	0.000612	0.002322	0.000773	0.003584	0.000612	0.000612	0.015472	0.004386	0.000612	0.000612	0.000612	0.000612	0.000612	0.000612	0.000612	0.000612	0.000612	0.000612	0.945047	
0.000615	0.002128	0.000615	0.000615	0.000615	0.000615	0.000615	0.000615	0.000615	0.000615	0.000615	0.000615	0.000615	0.000842	0.000615	0.000615	0.000615	0.000615	0.000615	0.000615	0.000615	0.000615	0.000615	0.000615	0.000615	0.000615	0.000615	0.000615	0.000615	0.001562	0.000615	0.000615	0.004063	0.001366	0.003808	0.000615	0.000615	0.016582	0.006918	0.000615	0.000615	0.000615	0.000615	0.000615	0.000615	0.000615	0.000615	0.000615	0.000615	0.937531	
0.000617	0.002592	0.000617	0.000617	0.000617	0.000617	0.000617	0.000617	0.000617	0.000617	0.000617	0.000617	0.000617	0.000845	0.000617	0.000617	0.000617	0.000617	0.000617	0.000617	0.000617	0.000617	0.000617	0.000617	0.000617	0.000617	0.000617	0.000617	0.000617	0.001318	0.000617	0.000617	0.004377	0.001213	0.003693	0.000617	0.000617	0.015996	0.007855	0.000617	0.000617	0.000617	0.000617	0.000617	0.000617	0.000617	0.000617	0.000617	0.000617	0.936821	
