0	0	0	13	0	0	0	
0	0	0	14	0	0	15	
37	0	0	0	11	23	69	
0	0	0	0	0	0	16	
162	0	0	1	2	0	0	
0	28	0	0	0	0	0	
134	0	0	0	0	0	0	
25	0	0	0	0	0	0	
0	42	19	0	0	81	83	
0	0	151	0	0	0	0	
0	0	0	0	22	0	0	
0	0	0	0	0	0	0	
0	0	18	0	0	0	0	
0	0	0	0	0	174	0	
0	0	0	0	111	18	0	
0	0	64	0	0	0	0	
31	0	0	0	0	20	0	
40	17	0	23	28	0	0	
0	37	0	35	0	0	0	
0	0	0	0	0	50	59	
0	0	0	0	0	0	69	
0	0	0	0	0	0	0	
0	1	80	0	0	0	0	
0	0	42	0	2	0	0	
0	0	0	0	0	56	0	
0	0	0	0	0	0	0	
0	0	0	1	0	0	28	
0	0	0	79	112	176	24	
4	44	0	0	0	0	0	
105	30	0	0	0	36	0	
44	45	0	0	0	0	0	
1	0	0	0	92	0	0	
0	0	71	82	0	126	28	
0	0	0	0	1	0	49	
0	0	98	0	0	0	0	
0	50	0	0	0	0	0	
0	0	0	0	0	0	151	
0	22	0	0	0	0	0	
0	0	0	104	0	4	40	
6	0	84	0	111	0	0	
0	89	0	0	0	3	0	
55	0	14	0	0	0	69	
0	0	33	63	0	0	53	
0	0	18	0	0	0	0	
0	0	0	106	0	0	0	
0	0	0	0	0	0	50	
0	0	0	0	136	0	0	
0	0	0	26	0	0	0	
0	0	0	0	0	31	0	
0	59	95	52	1	0	0	
