0	0	0	1	0	0	84	
66	0	56	3	0	1	0	
0	0	0	0	0	0	69	
91	0	0	0	0	1	0	
0	33	0	0	0	54	0	
0	0	0	0	0	0	0	
0	0	0	9	0	0	0	
0	24	6	0	30	0	0	
0	0	55	0	0	1	0	
0	0	1	0	64	125	4	
0	0	0	11	0	0	0	
0	0	0	0	0	0	0	
131	0	0	0	0	0	272	
0	0	0	0	0	0	0	
0	12	0	0	0	0	0	
0	0	0	0	16	0	0	
27	1	3	47	46	0	0	
0	0	1	91	0	0	23	
98	1	38	35	50	1	0	
112	0	9	0	1	0	0	
0	0	0	0	0	0	45	
0	0	0	0	0	115	0	
0	0	0	0	0	0	68	
0	0	0	0	0	8	0	
0	18	0	0	0	0	42	
13	0	0	37	0	0	0	
0	0	0	0	69	0	0	
0	0	0	9	0	2	0	
0	0	3	243	0	0	0	
0	190	0	0	0	0	0	
123	0	0	0	0	0	0	
0	238	0	1	0	0	0	
0	0	30	0	0	0	0	
0	0	21	0	0	2	0	
0	0	0	0	0	8	0	
0	23	0	0	0	0	0	
3	0	0	0	56	138	0	
86	0	0	0	78	25	0	
0	0	28	0	71	0	0	
0	0	96	0	0	0	0	
0	54	0	0	18	0	0	
0	0	247	2	0	0	0	
0	0	0	0	0	8	0	
0	0	81	0	0	0	0	
0	0	0	0	6	0	3	
0	0	0	12	0	0	0	
0	0	2	0	0	76	0	
0	33	0	1	136	1	0	
0	0	0	3	0	125	1	
0	0	0	33	0	67	48	
