0.031071	0.021614	0.815941	0.023978	0.054711	0.019250	0.033435	
0.031293	0.171769	0.352721	0.338435	0.043197	0.033673	0.028912	
0.038712	0.096266	0.237753	0.125043	0.451182	0.021925	0.029120	
0.367637	0.282329	0.069059	0.052471	0.114083	0.083277	0.031144	
0.497997	0.030708	0.051736	0.299399	0.037717	0.037717	0.044726	
0.447959	0.086054	0.055102	0.147959	0.178912	0.045578	0.038435	
0.532101	0.141513	0.049748	0.028571	0.106218	0.023866	0.117983	
0.042689	0.030924	0.030924	0.094454	0.047395	0.668571	0.085042	
0.036227	0.375940	0.024265	0.038619	0.043404	0.450103	0.031442	
0.193031	0.024739	0.083275	0.110105	0.034495	0.458885	0.095470	
0.028438	0.079960	0.143192	0.065908	0.019070	0.585815	0.077618	
0.064076	0.152311	0.042017	0.260154	0.024860	0.426821	0.029762	
0.035134	0.086178	0.148823	0.459728	0.095459	0.144183	0.030494	
0.042193	0.072425	0.051495	0.670100	0.088704	0.049169	0.025914	
0.033044	0.035381	0.070427	0.712951	0.054072	0.051736	0.042390	
0.026594	0.083873	0.026594	0.026594	0.406069	0.024207	0.406069	
0.019527	0.103460	0.045906	0.129839	0.611853	0.031518	0.057897	
0.043404	0.031442	0.050581	0.024265	0.189337	0.031442	0.629528	
0.043197	0.202721	0.143197	0.040816	0.219388	0.031293	0.319388	
0.324150	0.033673	0.071769	0.140816	0.047959	0.038435	0.343197	
0.246784	0.073798	0.028775	0.088016	0.178064	0.042993	0.341571	
0.581067	0.262995	0.038898	0.034079	0.022031	0.034079	0.026850	
0.506308	0.028981	0.031367	0.050460	0.145926	0.172179	0.064780	
0.346403	0.207978	0.110126	0.043300	0.133992	0.069553	0.088646	
