1	0	0	0	0	0	119	
0	0	0	83	0	0	0	
0	0	0	0	0	0	40	
0	28	0	99	14	242	0	
174	0	0	0	0	1	0	
0	0	0	0	91	0	0	
0	0	0	50	0	0	0	
1	38	0	85	0	109	0	
116	0	38	32	0	0	26	
0	0	0	213	1	1	0	
0	0	46	0	0	0	0	
0	0	0	0	0	0	0	
197	0	0	1	0	0	0	
0	0	0	0	0	0	0	
0	0	0	0	109	0	0	
0	0	1	2	69	1	0	
0	232	0	0	0	0	0	
1	0	0	0	0	0	39	
174	0	0	0	0	0	0	
0	14	0	0	0	14	0	
0	0	0	0	0	265	0	
0	0	34	55	0	0	72	
0	0	75	1	0	0	0	
0	0	0	57	0	41	0	
0	71	0	0	0	0	0	
0	0	0	14	0	1	0	
0	0	0	0	0	26	0	
0	0	0	0	75	0	0	
0	1	0	4	95	0	0	
0	15	0	0	0	0	0	
0	0	0	0	38	0	0	
0	0	47	0	0	0	0	
0	0	161	0	0	0	0	
0	0	0	70	0	0	0	
0	0	0	0	0	0	40	
0	58	0	27	0	0	64	
0	0	0	0	38	0	0	
0	13	2	15	0	0	0	
0	0	0	0	20	0	0	
0	0	0	0	0	0	0	
0	91	0	0	0	0	0	
0	21	0	0	0	0	46	
0	22	0	0	64	0	0	
40	0	0	0	0	0	0	
0	0	134	0	66	0	0	
88	0	0	0	0	0	0	
0	0	0	58	0	0	0	
33	0	0	0	0	2	0	
0	0	0	0	51	0	0	
0	27	0	0	0	0	0	
