0.000602	0.001168	0.000602	0.000602	0.000602	0.000602	0.000602	0.000602	0.000602	0.000602	0.000602	0.000602	0.000602	0.000885	0.000602	0.000602	0.000602	0.000602	0.000602	0.000602	0.000602	0.000602	0.000602	0.000602	0.000602	0.000602	0.000602	0.000602	0.000602	0.001065	0.000602	0.000602	0.005097	0.000833	0.000755	0.000602	0.000602	0.005689	0.006745	0.000602	0.000602	0.000602	0.000602	0.000602	0.000602	0.000602	0.000602	0.000602	0.000602	0.953096	
0.000627	0.000963	0.000627	0.000627	0.000627	0.000627	0.000627	0.000627	0.000627	0.000627	0.000627	0.000627	0.000627	0.000795	0.000627	0.000627	0.000627	0.000627	0.000627	0.000627	0.000627	0.000627	0.000627	0.000627	0.000627	0.000627	0.000627	0.000627	0.000627	0.001905	0.000627	0.000627	0.004474	0.001266	0.000869	0.000627	0.000627	0.004670	0.003290	0.000627	0.000627	0.000627	0.000627	0.000627	0.000627	0.000627	0.000627	0.000627	0.000627	0.956075	
0.000664	0.001144	0.000664	0.000664	0.000664	0.000664	0.000664	0.000664	0.000664	0.000664	0.000664	0.000664	0.000664	0.000904	0.000664	0.000664	0.000664	0.000664	0.000664	0.000664	0.000664	0.000664	0.000664	0.000664	0.000664	0.000664	0.000664	0.000664	0.000664	0.004690	0.000664	0.000664	0.002381	0.002677	0.001133	0.000664	0.000664	0.009695	0.003322	0.000664	0.000664	0.000664	0.000664	0.000664	0.000664	0.000664	0.000664	0.000664	0.000664	0.946848	
0.000612	0.001892	0.000612	0.000612	0.000612	0.000612	0.000612	0.000612	0.000612	0.000612	0.000612	0.000612	0.000612	0.001252	0.000612	0.000612	0.000612	0.000612	0.000612	0.000612	0.000612	0.000612	0.000612	0.000612	0.000612	0.000612	0.000612	0.000612	0.000612	0.001226	0.000612	0.000612	0.001599	0.000919	0.002768	0.000612	0.000612	0.002434	0.005684	0.000612	0.000612	0.000612	0.000612	0.000612	0.000612	0.000612	0.000612	0.000612	0.000612	0.957125	
0.000593	0.001456	0.000593	0.000593	0.000593	0.000593	0.000593	0.000593	0.000593	0.000593	0.000593	0.000593	0.000593	0.001025	0.000593	0.000593	0.000593	0.000593	0.000593	0.000593	0.000593	0.000593	0.000593	0.000593	0.000593	0.000593	0.000593	0.000593	0.000593	0.003063	0.000593	0.000593	0.003232	0.001828	0.002903	0.000593	0.000593	0.006076	0.004156	0.000593	0.000593	0.000593	0.000593	0.000593	0.000593	0.000593	0.000593	0.000593	0.000593	0.951934	
0.000588	0.001158	0.000588	0.000588	0.000588	0.000588	0.000588	0.000588	0.000588	0.000588	0.000588	0.000588	0.000588	0.000873	0.000588	0.000588	0.000588	0.000588	0.000588	0.000588	0.000588	0.000588	0.000588	0.000588	0.000588	0.000588	0.000588	0.000588	0.000588	0.001444	0.000588	0.000588	0.005109	0.001016	0.001886	0.000588	0.000588	0.003094	0.003375	0.000588	0.000588	0.000588	0.000588	0.000588	0.000588	0.000588	0.000588	0.000588	0.000588	0.957930	
0.000622	0.001021	0.000622	0.000622	0.000622	0.000622	0.000622	0.000622	0.000622	0.000622	0.000622	0.000622	0.000622	0.000821	0.000622	0.000622	0.000622	0.000622	0.000622	0.000622	0.000622	0.000622	0.000622	0.000622	0.000622	0.000622	0.000622	0.000622	0.000622	0.004279	0.000622	0.000622	0.001174	0.002450	0.003241	0.000622	0.000622	0.008155	0.002239	0.000622	0.000622	0.000622	0.000622	0.000622	0.000622	0.000622	0.000622	0.000622	0.000622	0.951131	
0.000634	0.003048	0.000634	0.000634	0.000634	0.000634	0.000634	0.000634	0.000634	0.000634	0.000634	0.000634	0.000634	0.001841	0.000634	0.000634	0.000634	0.000634	0.000634	0.000634	0.000634	0.000634	0.000634	0.000634	0.000634	0.000634	0.000634	0.000634	0.000634	0.001032	0.000634	0.000634	0.003533	0.000833	0.001199	0.000634	0.000634	0.001583	0.009236	0.000634	0.000634	0.000634	0.000634	0.000634	0.000634	0.000634	0.000634	0.000634	0.000634	0.951680	
0.000641	0.002634	0.000641	0.000641	0.000641	0.000641	0.000641	0.000641	0.000641	0.000641	0.000641	0.000641	0.000641	0.001637	0.000641	0.000641	0.000641	0.000641	0.000641	0.000641	0.000641	0.000641	0.000641	0.000641	0.000641	0.000641	0.000641	0.000641	0.000641	0.001041	0.000641	0.000641	0.001333	0.000841	0.002060	0.000641	0.000641	0.001610	0.007785	0.000641	0.000641	0.000641	0.000641	0.000641	0.000641	0.000641	0.000641	0.000641	0.000641	0.954794	
0.000646	0.007119	0.000646	0.000646	0.000646	0.000646	0.000646	0.000646	0.000646	0.000646	0.000646	0.000646	0.000646	0.003883	0.000646	0.000646	0.000646	0.000646	0.000646	0.000646	0.000646	0.000646	0.000646	0.000646	0.000646	0.000646	0.000646	0.000646	0.000646	0.001049	0.000646	0.000646	0.001544	0.000847	0.001956	0.000646	0.000646	0.001718	0.023568	0.000646	0.000646	0.000646	0.000646	0.000646	0.000646	0.000646	0.000646	0.000646	0.000646	0.931826	
0.000686	0.007241	0.000686	0.000686	0.000686	0.000686	0.000686	0.000686	0.000686	0.000686	0.000686	0.000686	0.000686	0.003963	0.000686	0.000686	0.000686	0.000686	0.000686	0.000686	0.000686	0.000686	0.000686	0.000686	0.000686	0.000686	0.000686	0.000686	0.000686	0.001075	0.000686	0.000686	0.001082	0.000880	0.000938	0.000686	0.000686	0.001655	0.023820	0.000686	0.000686	0.000686	0.000686	0.000686	0.000686	0.000686	0.000686	0.000686	0.000686	0.931239	
0.000595	0.003814	0.000595	0.000595	0.000595	0.000595	0.000595	0.000595	0.000595	0.000595	0.000595	0.000595	0.000595	0.002205	0.000595	0.000595	0.000595	0.000595	0.000595	0.000595	0.000595	0.000595	0.000595	0.000595	0.000595	0.000595	0.000595	0.000595	0.000595	0.000929	0.000595	0.000595	0.003889	0.000762	0.002401	0.000595	0.000595	0.001433	0.012033	0.000595	0.000595	0.000595	0.000595	0.000595	0.000595	0.000595	0.000595	0.000595	0.000595	0.948129	
0.000609	0.003733	0.000609	0.000609	0.000609	0.000609	0.000609	0.000609	0.000609	0.000609	0.000609	0.000609	0.000609	0.002171	0.000609	0.000609	0.000609	0.000609	0.000609	0.000609	0.000609	0.000609	0.000609	0.000609	0.000609	0.000609	0.000609	0.000609	0.000609	0.001026	0.000609	0.000609	0.004169	0.000818	0.001164	0.000609	0.000609	0.004576	0.014674	0.000609	0.000609	0.000609	0.000609	0.000609	0.000609	0.000609	0.000609	0.000609	0.000609	0.942685	
0.000616	0.002903	0.000616	0.000616	0.000616	0.000616	0.000616	0.000616	0.000616	0.000616	0.000616	0.000616	0.000616	0.001759	0.000616	0.000616	0.000616	0.000616	0.000616	0.000616	0.000616	0.000616	0.000616	0.000616	0.000616	0.000616	0.000616	0.000616	0.000616	0.001003	0.000616	0.000616	0.005726	0.000810	0.000730	0.000616	0.000616	0.002264	0.009492	0.000616	0.000616	0.000616	0.000616	0.000616	0.000616	0.000616	0.000616	0.000616	0.000616	0.950066	
0.000593	0.002370	0.000593	0.000593	0.000593	0.000593	0.000593	0.000593	0.000593	0.000593	0.000593	0.000593	0.000593	0.001481	0.000593	0.000593	0.000593	0.000593	0.000593	0.000593	0.000593	0.000593	0.000593	0.000593	0.000593	0.000593	0.000593	0.000593	0.000593	0.001018	0.000593	0.000593	0.006525	0.000805	0.000820	0.000593	0.000593	0.003388	0.008759	0.000593	0.000593	0.000593	0.000593	0.000593	0.000593	0.000593	0.000593	0.000593	0.000593	0.950537	
0.000707	0.001219	0.000707	0.000707	0.000707	0.000707	0.000707	0.000707	0.000707	0.000707	0.000707	0.000707	0.000707	0.000963	0.000707	0.000707	0.000707	0.000707	0.000707	0.000707	0.000707	0.000707	0.000707	0.000707	0.000707	0.000707	0.000707	0.000707	0.000707	0.007202	0.000707	0.000707	0.001141	0.003954	0.000903	0.000707	0.000707	0.013865	0.002666	0.000707	0.000707	0.000707	0.000707	0.000707	0.000707	0.000707	0.000707	0.000707	0.000707	0.939097	
0.000695	0.001100	0.000695	0.000695	0.000695	0.000695	0.000695	0.000695	0.000695	0.000695	0.000695	0.000695	0.000695	0.000897	0.000695	0.000695	0.000695	0.000695	0.000695	0.000695	0.000695	0.000695	0.000695	0.000695	0.000695	0.000695	0.000695	0.000695	0.000695	0.008750	0.000695	0.000695	0.002323	0.004722	0.000824	0.000695	0.000695	0.016986	0.002293	0.000695	0.000695	0.000695	0.000695	0.000695	0.000695	0.000695	0.000695	0.000695	0.000695	0.933629	
0.000683	0.001228	0.000683	0.000683	0.000683	0.000683	0.000683	0.000683	0.000683	0.000683	0.000683	0.000683	0.000683	0.000956	0.000683	0.000683	0.000683	0.000683	0.000683	0.000683	0.000683	0.000683	0.000683	0.000683	0.000683	0.000683	0.000683	0.000683	0.000683	0.008728	0.000683	0.000683	0.002387	0.004705	0.000930	0.000683	0.000683	0.018107	0.003926	0.000683	0.000683	0.000683	0.000683	0.000683	0.000683	0.000683	0.000683	0.000683	0.000683	0.931031	
0.000657	0.002000	0.000657	0.000657	0.000657	0.000657	0.000657	0.000657	0.000657	0.000657	0.000657	0.000657	0.000657	0.001329	0.000657	0.000657	0.000657	0.000657	0.000657	0.000657	0.000657	0.000657	0.000657	0.000657	0.000657	0.000657	0.000657	0.000657	0.000657	0.002019	0.000657	0.000657	0.001693	0.001338	0.001542	0.000657	0.000657	0.004181	0.006158	0.000657	0.000657	0.000657	0.000657	0.000657	0.000657	0.000657	0.000657	0.000657	0.000657	0.952796	
0.000583	0.001020	0.000583	0.000583	0.000583	0.000583	0.000583	0.000583	0.000583	0.000583	0.000583	0.000583	0.000583	0.000802	0.000583	0.000583	0.000583	0.000583	0.000583	0.000583	0.000583	0.000583	0.000583	0.000583	0.000583	0.000583	0.000583	0.000583	0.000583	0.000943	0.000583	0.000583	0.008123	0.000763	0.000776	0.000583	0.000583	0.001468	0.002277	0.000583	0.000583	0.000583	0.000583	0.000583	0.000583	0.000583	0.000583	0.000583	0.000583	0.959915	
0.000596	0.000834	0.000596	0.000596	0.000596	0.000596	0.000596	0.000596	0.000596	0.000596	0.000596	0.000596	0.000596	0.000715	0.000596	0.000596	0.000596	0.000596	0.000596	0.000596	0.000596	0.000596	0.000596	0.000596	0.000596	0.000596	0.000596	0.000596	0.000596	0.001313	0.000596	0.000596	0.004972	0.000955	0.001912	0.000596	0.000596	0.002198	0.001597	0.000596	0.000596	0.000596	0.000596	0.000596	0.000596	0.000596	0.000596	0.000596	0.000596	0.961071	
0.000617	0.001063	0.000617	0.000617	0.000617	0.000617	0.000617	0.000617	0.000617	0.000617	0.000617	0.000617	0.000617	0.000840	0.000617	0.000617	0.000617	0.000617	0.000617	0.000617	0.000617	0.000617	0.000617	0.000617	0.000617	0.000617	0.000617	0.000617	0.000617	0.002506	0.000617	0.000617	0.001189	0.001561	0.003150	0.000617	0.000617	0.004648	0.002431	0.000617	0.000617	0.000617	0.000617	0.000617	0.000617	0.000617	0.000617	0.000617	0.000617	0.957320	
0.000660	0.001036	0.000660	0.000660	0.000660	0.000660	0.000660	0.000660	0.000660	0.000660	0.000660	0.000660	0.000660	0.000848	0.000660	0.000660	0.000660	0.000660	0.000660	0.000660	0.000660	0.000660	0.000660	0.000660	0.000660	0.000660	0.000660	0.000660	0.000660	0.005279	0.000660	0.000660	0.003420	0.002969	0.001101	0.000660	0.000660	0.010123	0.002201	0.000660	0.000660	0.000660	0.000660	0.000660	0.000660	0.000660	0.000660	0.000660	0.000660	0.945980	
0.000656	0.003025	0.000656	0.000656	0.000656	0.000656	0.000656	0.000656	0.000656	0.000656	0.000656	0.000656	0.000656	0.001840	0.000656	0.000656	0.000656	0.000656	0.000656	0.000656	0.000656	0.000656	0.000656	0.000656	0.000656	0.000656	0.000656	0.000656	0.000656	0.003362	0.000656	0.000656	0.001797	0.002009	0.001549	0.000656	0.000656	0.006767	0.009647	0.000656	0.000656	0.000656	0.000656	0.000656	0.000656	0.000656	0.000656	0.000656	0.000656	0.943123	
