0.001264	0.004740	0.005856	0.004801	0.001571	0.176723	0.004868	0.023134	0.018729	0.007532	0.005593	0.061246	0.008716	0.003503	0.001456	0.001650	0.007660	0.007206	0.001525	0.004575	0.004959	0.002065	0.000651	0.007591	0.182076	0.000239	0.001183	0.005380	0.000625	0.001294	0.000625	0.061246	0.001285	0.001371	0.001565	0.001047	0.000239	0.012534	0.008152	0.000672	0.001014	0.000239	0.000672	0.141948	0.001114	0.001862	0.000682	0.001717	0.200818	0.002785	
0.005641	0.110795	0.005100	0.019737	0.006955	0.017527	0.019971	0.046063	0.023094	0.113894	0.027468	0.006149	0.136203	0.007460	0.002868	0.026243	0.088561	0.018552	0.002289	0.007014	0.004308	0.004233	0.001901	0.016051	0.027281	0.000138	0.001716	0.026454	0.001791	0.004656	0.001791	0.006149	0.001840	0.004986	0.003165	0.019999	0.000138	0.088454	0.013437	0.010778	0.001875	0.000138	0.010778	0.016220	0.003884	0.001673	0.001131	0.001966	0.020439	0.011046	
0.002290	0.138192	0.004555	0.008102	0.001773	0.017817	0.008251	0.050834	0.019210	0.140426	0.006736	0.006247	0.150729	0.005736	0.002223	0.030810	0.109459	0.007467	0.002224	0.006777	0.003850	0.003268	0.000856	0.007950	0.022447	0.000135	0.001667	0.006460	0.000811	0.001984	0.000811	0.006247	0.001783	0.002119	0.002411	0.024914	0.000135	0.103107	0.012996	0.013410	0.001464	0.000135	0.013410	0.016979	0.001668	0.001519	0.000894	0.001668	0.020443	0.004599	
0.003006	0.009083	0.005451	0.008602	0.002059	0.005199	0.008752	0.221604	0.072393	0.022584	0.008138	0.001892	0.014940	0.039954	0.014989	0.003520	0.040476	0.016131	0.025305	0.076078	0.004604	0.022411	0.000910	0.064369	0.010072	0.000144	0.018596	0.007534	0.000862	0.002105	0.000862	0.001892	0.019491	0.002248	0.016049	0.001749	0.000144	0.026778	0.154136	0.001004	0.009591	0.000144	0.001004	0.004372	0.001770	0.004072	0.005542	0.006385	0.006125	0.004878	
0.004986	0.040712	0.008396	0.008008	0.004173	0.006089	0.008040	0.024277	0.180051	0.074970	0.017148	0.002204	0.054276	0.107358	0.040126	0.010103	0.039460	0.037080	0.001509	0.004927	0.007081	0.060114	0.000852	0.009702	0.011292	0.000151	0.001147	0.015678	0.000809	0.001948	0.000809	0.002204	0.001280	0.002080	0.042896	0.007431	0.000151	0.064920	0.012024	0.004051	0.025590	0.000151	0.004051	0.005696	0.001641	0.002480	0.014688	0.013586	0.007115	0.004490	
0.010326	0.036253	0.005708	0.009586	0.013149	0.006139	0.009234	0.086066	0.092030	0.053445	0.052607	0.002217	0.074627	0.052702	0.019743	0.011478	0.041768	0.041285	0.008785	0.026539	0.004821	0.029542	0.000953	0.041203	0.011285	0.000145	0.006481	0.050347	0.000903	0.002215	0.000903	0.002217	0.006828	0.002367	0.021129	0.006626	0.000145	0.046953	0.054343	0.003617	0.012616	0.000145	0.003617	0.005650	0.001862	0.002489	0.007272	0.007289	0.007206	0.005144	
0.015649	0.028278	0.009981	0.009942	0.021181	0.006128	0.009216	0.020450	0.121059	0.050642	0.084832	0.002215	0.088597	0.065223	0.024413	0.011354	0.026930	0.062829	0.001129	0.003927	0.008412	0.036546	0.000954	0.034892	0.012173	0.000148	0.000867	0.081346	0.000904	0.002214	0.000904	0.002215	0.001005	0.002365	0.026118	0.005197	0.000148	0.049124	0.008304	0.002853	0.015590	0.000148	0.002853	0.005488	0.001861	0.002861	0.008972	0.009233	0.007192	0.005135	
0.009282	0.040339	0.004855	0.077449	0.013043	0.020747	0.079041	0.045151	0.016460	0.042607	0.051765	0.007267	0.078652	0.003424	0.001368	0.013345	0.036137	0.029670	0.003895	0.011796	0.004104	0.001979	0.007158	0.029322	0.055753	0.000145	0.002895	0.049938	0.006720	0.018116	0.006720	0.007267	0.003070	0.019431	0.001890	0.007360	0.000145	0.053930	0.023007	0.004010	0.000923	0.000145	0.004010	0.017450	0.015048	0.001773	0.000590	0.001533	0.025736	0.043538	
0.002828	0.008682	0.004856	0.065869	0.002801	0.016241	0.067620	0.162698	0.031523	0.014148	0.010879	0.005710	0.016583	0.013523	0.005134	0.004359	0.030275	0.011410	0.018447	0.055449	0.004105	0.007628	0.006144	0.048952	0.046305	0.000146	0.013567	0.010395	0.005769	0.015515	0.005769	0.005710	0.014227	0.016640	0.005849	0.001678	0.000146	0.033393	0.111624	0.000967	0.003321	0.000146	0.000967	0.013226	0.012891	0.003229	0.001960	0.003132	0.020301	0.037257	
0.012204	0.009298	0.005261	0.122185	0.017767	0.009914	0.124829	0.017430	0.018940	0.012197	0.070679	0.003520	0.059013	0.004420	0.001737	0.008358	0.009184	0.039602	0.001459	0.004529	0.004444	0.002535	0.011225	0.030521	0.064462	0.000142	0.001108	0.068184	0.010532	0.028543	0.010532	0.003520	0.001206	0.030621	0.002539	0.001785	0.000142	0.044543	0.008279	0.001022	0.001157	0.000142	0.001022	0.008160	0.023694	0.001635	0.000722	0.001637	0.014705	0.068719	
0.010902	0.008932	0.007795	0.096053	0.015488	0.005602	0.098059	0.066385	0.029528	0.013552	0.061593	0.002028	0.052271	0.007394	0.002845	0.007489	0.015964	0.037320	0.007083	0.021621	0.006574	0.004197	0.008844	0.040660	0.049186	0.000140	0.005232	0.059390	0.008300	0.022444	0.008300	0.002028	0.005545	0.024076	0.003573	0.001718	0.000140	0.042258	0.042508	0.000985	0.001861	0.000140	0.000985	0.004692	0.018636	0.002870	0.001123	0.002636	0.009063	0.053995	
0.022403	0.007032	0.003999	0.062321	0.032841	0.015536	0.062533	0.015578	0.020755	0.010498	0.130985	0.005467	0.098666	0.007702	0.002965	0.010325	0.007335	0.069657	0.001165	0.003526	0.003384	0.004373	0.005693	0.052992	0.043232	0.000148	0.000894	0.126359	0.005347	0.014358	0.005347	0.005467	0.000968	0.015398	0.003504	0.001384	0.000148	0.026862	0.006572	0.000810	0.001941	0.000148	0.000810	0.012629	0.011932	0.001274	0.001172	0.001751	0.019358	0.034460	
0.007863	0.018857	0.004434	0.082781	0.010988	0.037707	0.084624	0.051619	0.020607	0.022152	0.043539	0.013137	0.050163	0.006914	0.002677	0.008326	0.021552	0.026038	0.005141	0.015471	0.003751	0.003937	0.007665	0.029372	0.075213	0.000157	0.003812	0.041971	0.007196	0.019397	0.007196	0.013137	0.004023	0.020805	0.003318	0.003514	0.000157	0.041060	0.030619	0.001955	0.001761	0.000157	0.001955	0.030649	0.016112	0.001793	0.001074	0.001887	0.045152	0.046614	
0.001663	0.018014	0.012306	0.129052	0.001728	0.009479	0.132660	0.058655	0.042418	0.024451	0.006567	0.003368	0.023479	0.008701	0.003332	0.006806	0.021618	0.012969	0.005901	0.018459	0.010364	0.004928	0.011919	0.016713	0.068872	0.000140	0.004365	0.006273	0.011183	0.030325	0.011183	0.003368	0.004686	0.032533	0.004286	0.003348	0.000140	0.062874	0.035382	0.001858	0.002171	0.000140	0.001858	0.007978	0.025171	0.003951	0.001301	0.003605	0.014429	0.073026	
0.012379	0.011992	0.010236	0.101606	0.017928	0.013939	0.103654	0.019525	0.035441	0.017396	0.071338	0.004913	0.062303	0.007398	0.002849	0.008630	0.011419	0.043750	0.001409	0.004798	0.008626	0.004202	0.009345	0.030688	0.060536	0.000145	0.001072	0.068796	0.008770	0.023722	0.008770	0.004913	0.001222	0.025447	0.003609	0.002271	0.000145	0.048273	0.008064	0.001284	0.001866	0.000145	0.001284	0.011442	0.019696	0.002955	0.001128	0.002918	0.018688	0.057075	
0.004284	0.048705	0.062839	0.004380	0.005464	0.004748	0.004246	0.067777	0.161975	0.071011	0.021501	0.001731	0.066373	0.006676	0.002575	0.012162	0.042844	0.052254	0.004112	0.017399	0.052833	0.003794	0.000502	0.018043	0.019904	0.000137	0.003052	0.020702	0.000479	0.001073	0.000479	0.001731	0.003852	0.001141	0.002764	0.008854	0.000137	0.116748	0.024475	0.004807	0.001689	0.000137	0.004807	0.004771	0.000913	0.017211	0.001024	0.012997	0.005488	0.002397	
0.002059	0.036854	0.080313	0.007558	0.002361	0.007740	0.007664	0.052306	0.205680	0.065262	0.009087	0.002767	0.045171	0.007567	0.002909	0.008843	0.031121	0.057393	0.001928	0.012327	0.067519	0.004294	0.000809	0.007994	0.028111	0.000140	0.001451	0.008715	0.000767	0.001854	0.000767	0.002767	0.002364	0.001979	0.003140	0.006730	0.000140	0.132006	0.011239	0.003670	0.001902	0.000140	0.003670	0.006945	0.001561	0.021641	0.001147	0.016370	0.008982	0.004278	
0.001896	0.067084	0.057413	0.009732	0.001768	0.008721	0.009928	0.048265	0.154905	0.088695	0.006750	0.003105	0.075497	0.010761	0.004099	0.015321	0.054207	0.042298	0.001626	0.009478	0.048273	0.006079	0.001008	0.006369	0.025202	0.000138	0.001229	0.006432	0.000954	0.002368	0.000954	0.003105	0.001888	0.002531	0.004423	0.012154	0.000138	0.124327	0.009530	0.006575	0.002658	0.000138	0.006575	0.008313	0.001987	0.015519	0.001578	0.012325	0.010159	0.005522	
0.002894	0.014421	0.067066	0.005926	0.003674	0.035112	0.005923	0.075391	0.170720	0.038041	0.014269	0.012241	0.025056	0.005705	0.002226	0.004360	0.018545	0.051119	0.005553	0.022039	0.056389	0.003260	0.000670	0.019115	0.052246	0.000158	0.004114	0.013731	0.000638	0.001471	0.000638	0.012241	0.005006	0.001567	0.002399	0.002718	0.000158	0.099195	0.033079	0.001529	0.001474	0.000158	0.001529	0.028482	0.001247	0.018492	0.000910	0.013761	0.040020	0.003328	
0.006824	0.021896	0.029522	0.007234	0.008732	0.004188	0.007025	0.162110	0.087818	0.034710	0.034604	0.001539	0.047131	0.011143	0.004243	0.007558	0.038423	0.038504	0.017041	0.053344	0.024833	0.006294	0.000752	0.054505	0.013435	0.000140	0.012534	0.033312	0.000713	0.001708	0.000713	0.001539	0.013410	0.001823	0.004561	0.004045	0.000140	0.058635	0.103047	0.002232	0.002751	0.000140	0.002232	0.003807	0.001440	0.009644	0.001632	0.007542	0.004929	0.003927	
0.009897	0.027896	0.027167	0.010689	0.013432	0.004159	0.010355	0.124340	0.083341	0.040140	0.053410	0.001529	0.066592	0.011970	0.004551	0.009864	0.037560	0.046583	0.012560	0.039700	0.022854	0.006756	0.001048	0.050814	0.014329	0.000140	0.009248	0.051455	0.000991	0.002466	0.000991	0.001529	0.009949	0.002637	0.004908	0.005121	0.000140	0.060236	0.075889	0.002808	0.002947	0.000140	0.002808	0.003899	0.002069	0.008570	0.001744	0.007032	0.004989	0.005758	
0.005510	0.027878	0.010002	0.008931	0.005083	0.004297	0.008946	0.051875	0.173153	0.060601	0.020727	0.001584	0.043242	0.100120	0.037427	0.007648	0.033398	0.038331	0.004964	0.015430	0.008430	0.056066	0.000932	0.019486	0.010207	0.000150	0.003681	0.019192	0.000883	0.002154	0.000883	0.001584	0.003946	0.002301	0.040018	0.005127	0.000150	0.057178	0.032743	0.002817	0.023872	0.000150	0.002817	0.004011	0.001812	0.003252	0.013706	0.013211	0.005105	0.004988	
0.008519	0.057243	0.009899	0.007973	0.010481	0.005258	0.007703	0.062660	0.099760	0.075199	0.041927	0.001911	0.089388	0.051065	0.019131	0.015293	0.053640	0.038267	0.005405	0.016760	0.008342	0.028625	0.000814	0.028879	0.010631	0.000142	0.004001	0.040053	0.000772	0.001864	0.000772	0.001911	0.004281	0.001990	0.020467	0.010391	0.000142	0.065527	0.033795	0.005633	0.012226	0.000142	0.005633	0.005345	0.001570	0.003263	0.007047	0.007796	0.006162	0.004300	
0.003156	0.004676	0.024770	0.008651	0.002077	0.010740	0.008802	0.103971	0.175663	0.035794	0.008504	0.003813	0.010304	0.077793	0.029104	0.002091	0.021724	0.036819	0.010982	0.034735	0.020842	0.043579	0.000922	0.029586	0.019808	0.000153	0.008094	0.007578	0.000874	0.002123	0.000874	0.003813	0.008717	0.002267	0.031126	0.000965	0.000153	0.055875	0.068480	0.000588	0.018576	0.000153	0.000588	0.008736	0.001787	0.007783	0.010681	0.013782	0.012418	0.004910	
