2
2
2
2
2
2
13
13
13
13
13
13
42
42
42
42
42
42
42
42
42
42
42
42
42
42
42
42
42
42
42
42
42
42
42
42
42
2
2
2
2
2
2
13
13
13
13
13
13
13
13
11
11
11
11
14
14
14
14
14
14
14
14
14
14
14
14
42
42
42
42
42
42
42
42
42
42
42
42
42
9
9
9
9
9
9
9
28
28
28
28
28
28
28
28
46
46
46
46
46
46
46
46
46
46
46
46
47
47
47
47
47
47
47
47
47
46
46
46
46
46
46
46
46
46
21
21
21
21
21
32
32
32
32
32
32
32
32
32
32
32
32
32
30
30
30
30
30
30
30
30
30
30
14
14
14
14
14
14
14
14
14
14
14
14
14
14
14
18
18
18
18
18
18
0
0
0
0
0
0
0
0
0
46
46
46
46
46
46
46
46
46
46
46
47
47
47
47
47
47
