0.000868	0.008304	0.001632	0.003005	0.002664	0.003239	0.002029	0.001345	0.346952	0.003467	0.005353	0.001265	0.002167	0.002801	0.004309	0.004963	0.004893	0.001382	0.002627	0.005477	0.004227	0.000919	0.131870	0.002428	0.004302	0.004405	0.008726	0.005960	0.020816	0.000205	0.061615	0.002369	0.006485	0.001345	0.003744	0.062211	0.004128	0.012488	0.002601	0.000205	0.064231	0.003931	0.064977	0.004558	0.000736	0.040436	0.042265	0.003062	0.025807	0.000205	
0.004094	0.006331	0.010513	0.015443	0.013584	0.005034	0.001776	0.001170	0.121380	0.012225	0.019175	0.005943	0.021558	0.027902	0.003795	0.005009	0.007406	0.004792	0.013378	0.010080	0.024693	0.005378	0.044617	0.002129	0.044844	0.023084	0.062067	0.011430	0.122640	0.000161	0.022244	0.023761	0.020730	0.001170	0.002292	0.023202	0.032354	0.031217	0.007944	0.000161	0.034530	0.005509	0.049474	0.023993	0.001404	0.013744	0.014362	0.031313	0.008805	0.000161	
0.004626	0.007494	0.006190	0.017828	0.015680	0.012627	0.002105	0.001377	0.129147	0.011591	0.020213	0.006847	0.022063	0.028565	0.004534	0.007914	0.007351	0.005097	0.015441	0.018827	0.025292	0.003139	0.047135	0.002530	0.045896	0.026662	0.036090	0.017965	0.072639	0.000162	0.026059	0.024317	0.026362	0.001377	0.002636	0.028510	0.034433	0.027638	0.012255	0.000162	0.030059	0.011831	0.051330	0.027543	0.001276	0.014515	0.015167	0.032047	0.009296	0.000162	
0.001346	0.072035	0.008519	0.005121	0.004516	0.009951	0.021017	0.013189	0.099999	0.016258	0.045716	0.002026	0.004456	0.006377	0.047110	0.047352	0.042362	0.004448	0.004448	0.020654	0.005100	0.004416	0.009932	0.025583	0.009151	0.007611	0.050333	0.012869	0.146984	0.000142	0.008066	0.004900	0.034223	0.013189	0.019848	0.009995	0.012917	0.066501	0.006402	0.000142	0.015769	0.022127	0.010475	0.008050	0.003358	0.003134	0.003269	0.006423	0.002046	0.000142	
0.001537	0.067848	0.003392	0.003540	0.003126	0.005764	0.019810	0.012432	0.085829	0.017048	0.056720	0.001424	0.022742	0.030005	0.044402	0.043578	0.038145	0.003360	0.003080	0.013583	0.025485	0.001787	0.006123	0.024113	0.047343	0.005242	0.019629	0.008278	0.084476	0.000136	0.004852	0.025069	0.036400	0.012432	0.018663	0.005958	0.036882	0.051147	0.003927	0.000136	0.007231	0.017756	0.032883	0.005472	0.002722	0.001965	0.002048	0.033048	0.001300	0.000136	
0.001464	0.058661	0.005564	0.002935	0.002594	0.006521	0.017141	0.010764	0.073455	0.017548	0.052762	0.001194	0.024729	0.032494	0.038398	0.038128	0.034078	0.003243	0.002556	0.014518	0.027690	0.002907	0.005021	0.020861	0.051493	0.004334	0.032670	0.008639	0.103630	0.000135	0.004612	0.027261	0.035256	0.010764	0.016146	0.005868	0.039530	0.051259	0.004049	0.000135	0.009582	0.016689	0.034993	0.004602	0.002642	0.001628	0.001696	0.035941	0.001085	0.000135	
0.000945	0.072561	0.005073	0.003520	0.003109	0.036358	0.021169	0.013283	0.100065	0.007697	0.044707	0.001419	0.002659	0.004057	0.047455	0.055351	0.036885	0.002286	0.003064	0.047911	0.003089	0.002654	0.009768	0.025769	0.005399	0.005211	0.029692	0.030782	0.107813	0.000140	0.017245	0.002918	0.046539	0.013283	0.019989	0.024364	0.015368	0.029564	0.017780	0.000140	0.011420	0.043797	0.008020	0.005487	0.001934	0.003082	0.003216	0.003807	0.002013	0.000140	
0.003794	0.005118	0.022232	0.016341	0.014371	0.040241	0.001560	0.001029	0.026053	0.004130	0.006720	0.006273	0.005177	0.006702	0.003329	0.014804	0.003991	0.003967	0.014152	0.050218	0.005878	0.011391	0.007968	0.001869	0.010655	0.024439	0.132449	0.037327	0.259739	0.000144	0.017781	0.005696	0.034440	0.001029	0.001580	0.025663	0.017364	0.011218	0.024217	0.000144	0.032923	0.034597	0.010500	0.025721	0.000608	0.002535	0.002643	0.007472	0.001666	0.000144	
0.001062	0.005105	0.030847	0.004193	0.003700	0.036963	0.001572	0.001034	0.013283	0.003927	0.004215	0.001673	0.001726	0.002237	0.003362	0.013884	0.004449	0.001641	0.003645	0.046608	0.001955	0.015904	0.003188	0.001885	0.003452	0.006220	0.184331	0.030612	0.362372	0.000139	0.014441	0.001889	0.028038	0.001034	0.001524	0.021680	0.012388	0.013876	0.018299	0.000139	0.042181	0.032169	0.003679	0.007260	0.000713	0.001071	0.001113	0.002449	0.000732	0.000139	
0.001639	0.007509	0.001892	0.006468	0.005700	0.068510	0.002225	0.001447	0.050241	0.036881	0.007444	0.002541	0.004339	0.005636	0.004818	0.024424	0.027339	0.009149	0.005615	0.103271	0.005060	0.001002	0.016580	0.002678	0.008898	0.009627	0.010517	0.062901	0.025605	0.000150	0.031636	0.004771	0.064203	0.001447	0.002323	0.045074	0.023172	0.155459	0.033422	0.000150	0.010670	0.057649	0.013453	0.009931	0.006218	0.005170	0.005399	0.006249	0.003345	0.000150	
0.000812	0.010687	0.007922	0.002927	0.002589	0.062713	0.003157	0.002028	0.047355	0.030750	0.007834	0.001199	0.002288	0.003011	0.006918	0.024723	0.024946	0.007201	0.002552	0.093027	0.002735	0.004127	0.014228	0.003815	0.004617	0.004317	0.046759	0.055937	0.098779	0.000147	0.028526	0.002508	0.057132	0.002028	0.003164	0.040825	0.019221	0.130702	0.029503	0.000147	0.017500	0.053679	0.009629	0.004651	0.005289	0.004450	0.004645	0.003263	0.002885	0.000147	
0.000788	0.005262	0.002668	0.002711	0.002399	0.078043	0.001608	0.001059	0.021422	0.042474	0.005335	0.001116	0.003160	0.004092	0.003438	0.025892	0.030355	0.009655	0.002365	0.118161	0.003600	0.001425	0.006322	0.001929	0.006441	0.003995	0.015250	0.070044	0.034035	0.000145	0.030274	0.003470	0.070785	0.001059	0.001603	0.045587	0.023870	0.180978	0.036368	0.000145	0.006999	0.065092	0.007053	0.004170	0.007183	0.002032	0.002118	0.004534	0.001346	0.000145	
0.002124	0.006095	0.011255	0.003469	0.003063	0.010013	0.001819	0.001188	0.038300	0.014554	0.035252	0.001397	0.043243	0.055974	0.003924	0.006583	0.005576	0.001731	0.003018	0.014525	0.048487	0.005831	0.012535	0.002187	0.090154	0.005135	0.066807	0.009997	0.133714	0.000136	0.009280	0.047681	0.028969	0.001188	0.001886	0.011221	0.063621	0.018683	0.005826	0.000136	0.020630	0.009661	0.063045	0.005587	0.000904	0.003924	0.004096	0.062895	0.002547	0.000136	
0.001884	0.006968	0.010735	0.003219	0.002845	0.004992	0.002049	0.001334	0.057619	0.022368	0.030946	0.001306	0.036768	0.047600	0.004432	0.005603	0.012327	0.003744	0.002803	0.013805	0.041349	0.005568	0.019714	0.002466	0.076626	0.004757	0.063656	0.008204	0.128049	0.000142	0.010812	0.040539	0.027120	0.001334	0.002201	0.011765	0.054075	0.060076	0.003462	0.000142	0.023293	0.005674	0.057860	0.005183	0.002518	0.006122	0.006394	0.053465	0.003948	0.000142	
0.002413	0.006372	0.001660	0.003790	0.003345	0.013377	0.001927	0.001254	0.020034	0.032497	0.041012	0.001517	0.050773	0.065723	0.004170	0.007794	0.016768	0.005338	0.003296	0.027862	0.056802	0.000893	0.005305	0.002319	0.105881	0.005619	0.009250	0.016141	0.021896	0.000133	0.007144	0.055985	0.041408	0.001254	0.001887	0.009748	0.075314	0.089956	0.007467	0.000133	0.004631	0.012219	0.069598	0.005809	0.003661	0.001713	0.001785	0.073858	0.001138	0.000133	
0.020477	0.003805	0.002371	0.093665	0.082294	0.003600	0.001196	0.000811	0.027104	0.016566	0.004568	0.035546	0.003314	0.004271	0.002480	0.003349	0.012414	0.022552	0.081030	0.013290	0.003789	0.000652	0.007712	0.001421	0.006737	0.140413	0.012114	0.039193	0.013627	0.000169	0.004828	0.003638	0.035284	0.000811	0.001237	0.005503	0.006463	0.070422	0.035837	0.000169	0.004993	0.003685	0.007894	0.144230	0.002870	0.002474	0.002579	0.004748	0.001636	0.000169	
0.013463	0.021838	0.005106	0.059273	0.052083	0.003202	0.006432	0.004077	0.044354	0.006876	0.026074	0.022523	0.018063	0.023526	0.014279	0.014380	0.011462	0.012682	0.051284	0.005276	0.020274	0.002290	0.007678	0.007805	0.037552	0.088833	0.029065	0.023919	0.063644	0.000154	0.004671	0.019906	0.031477	0.004077	0.006144	0.005270	0.027194	0.011911	0.023105	0.000154	0.009191	0.006893	0.027410	0.091348	0.000774	0.002453	0.002557	0.026227	0.001617	0.000154	
0.017838	0.014896	0.002543	0.081552	0.071654	0.008061	0.004413	0.002821	0.042802	0.013649	0.010667	0.030961	0.002714	0.003597	0.009722	0.011486	0.015422	0.019477	0.070554	0.017094	0.003144	0.000823	0.009536	0.005342	0.005488	0.122245	0.013329	0.037778	0.025314	0.000166	0.007227	0.002977	0.036397	0.002821	0.004278	0.008779	0.006931	0.057844	0.033437	0.000166	0.006337	0.009468	0.007964	0.125581	0.002487	0.003029	0.003159	0.003876	0.001988	0.000166	
0.009099	0.005853	0.001873	0.041214	0.036220	0.082374	0.001785	0.001172	0.023254	0.004815	0.005210	0.015688	0.002516	0.003263	0.003828	0.027518	0.004979	0.009221	0.035665	0.101895	0.002878	0.000751	0.006195	0.002143	0.005090	0.061746	0.009934	0.078659	0.019089	0.000150	0.031734	0.002760	0.067294	0.001172	0.001767	0.047898	0.021554	0.015736	0.052380	0.000150	0.005243	0.068722	0.006136	0.063444	0.000783	0.001997	0.002081	0.003594	0.001326	0.000150	
0.001950	0.006499	0.009446	0.008176	0.007200	0.014395	0.001980	0.001294	0.018681	0.071986	0.005454	0.003188	0.002312	0.003004	0.004265	0.008176	0.051579	0.017408	0.007091	0.058251	0.002629	0.004876	0.004677	0.002380	0.004663	0.012188	0.055812	0.029620	0.112088	0.000151	0.007217	0.002534	0.044256	0.001294	0.001928	0.010017	0.011366	0.314604	0.009531	0.000151	0.014484	0.013300	0.005148	0.012776	0.012365	0.001534	0.001597	0.003297	0.001031	0.000151	
0.003359	0.010372	0.008073	0.013174	0.011589	0.027278	0.003103	0.001994	0.022016	0.042191	0.016083	0.005075	0.013648	0.017712	0.006801	0.014316	0.031061	0.011267	0.011413	0.055222	0.015295	0.004132	0.004327	0.003750	0.028343	0.019688	0.047536	0.034134	0.098219	0.000145	0.011570	0.015038	0.045722	0.001994	0.002976	0.016904	0.028068	0.170890	0.017190	0.000145	0.012540	0.024571	0.019992	0.020438	0.006834	0.001423	0.001481	0.019804	0.000958	0.000145	
0.000855	0.071604	0.006501	0.002688	0.002378	0.011615	0.020908	0.013120	0.088109	0.024843	0.046415	0.001104	0.005703	0.007988	0.046868	0.047606	0.047850	0.005770	0.002344	0.027419	0.006432	0.003394	0.005513	0.025451	0.011757	0.003962	0.038273	0.015050	0.123592	0.000140	0.006624	0.006276	0.038637	0.013120	0.019685	0.008880	0.015391	0.103015	0.006268	0.000140	0.011091	0.023365	0.010040	0.004246	0.004767	0.001782	0.001857	0.008239	0.001185	0.000140	
0.001896	0.039296	0.002192	0.004543	0.004007	0.007391	0.011502	0.007241	0.058520	0.035994	0.043346	0.001805	0.027509	0.035915	0.025707	0.026394	0.037585	0.007475	0.003948	0.025765	0.030825	0.001164	0.006998	0.013988	0.057295	0.006745	0.012398	0.013803	0.050547	0.000139	0.005824	0.030327	0.040063	0.007241	0.010887	0.007250	0.043606	0.129782	0.005031	0.000139	0.006060	0.013603	0.039604	0.006981	0.005506	0.002235	0.002330	0.039987	0.001473	0.000139	
0.001482	0.048681	0.014523	0.005391	0.004753	0.011743	0.014232	0.008948	0.069897	0.017402	0.033903	0.002128	0.007133	0.009630	0.031844	0.033455	0.032313	0.004612	0.004682	0.023116	0.008059	0.007501	0.007630	0.017314	0.014741	0.008016	0.086360	0.014420	0.201034	0.000142	0.007639	0.007853	0.030860	0.008948	0.013455	0.009920	0.016353	0.068710	0.007312	0.000142	0.022585	0.019316	0.012931	0.008638	0.003231	0.002430	0.002534	0.010320	0.001598	0.000142	
