17
17
17
17
17
17
17
17
17
12
12
12
12
12
12
12
12
12
12
12
12
12
12
12
12
17
17
17
17
17
22
22
22
22
22
22
22
22
22
22
22
22
22
22
22
22
22
17
17
17
17
17
24
24
24
24
24
24
24
24
24
24
24
24
24
36
36
36
36
36
36
36
36
36
32
32
32
32
32
32
32
32
32
32
32
32
32
32
32
32
32
32
32
32
32
32
32
32
32
32
32
32
32
32
32
32
32
32
32
3
3
3
3
3
17
17
17
17
17
17
17
17
1
1
1
1
29
29
29
29
29
29
29
29
29
29
1
1
1
1
1
24
24
24
24
24
24
24
24
41
41
41
41
41
41
41
41
41
41
41
41
41
41
41
41
41
41
22
22
22
22
22
22
22
22
