0.498120	0.004130	0.069881	0.005235	0.022793	0.053004	0.037898	0.062739	0.044927	0.061373	0.034935	0.018648	0.048708	0.029901	0.007709	
0.466538	0.007748	0.051679	0.001573	0.035483	0.014403	0.031294	0.116373	0.036823	0.106576	0.009413	0.016031	0.063715	0.037948	0.004403	
0.485254	0.007223	0.043706	0.003070	0.030113	0.026686	0.045654	0.105200	0.027948	0.092992	0.019910	0.012026	0.049693	0.044931	0.005593	
0.482181	0.000737	0.067469	0.007311	0.006341	0.064747	0.112021	0.019362	0.033432	0.010632	0.049469	0.013789	0.010017	0.110470	0.012021	
0.296967	0.001017	0.094653	0.000866	0.017107	0.012591	0.095596	0.030693	0.182781	0.025142	0.004160	0.057649	0.024969	0.130495	0.025315	
0.388573	0.000810	0.094727	0.002683	0.014362	0.028026	0.123743	0.029327	0.051604	0.020864	0.017032	0.026294	0.019767	0.153940	0.028249	
0.406628	0.000931	0.023880	0.000890	0.040273	0.037443	0.097450	0.010911	0.120743	0.032299	0.004184	0.060232	0.008945	0.012860	0.142330	
0.328138	0.001275	0.151828	0.001002	0.015889	0.030368	0.069069	0.026307	0.111375	0.023552	0.005152	0.046912	0.034859	0.126999	0.027275	
0.374507	0.000604	0.170329	0.003599	0.006230	0.053813	0.069382	0.013720	0.068205	0.007882	0.023391	0.033296	0.029819	0.136480	0.008743	
0.363948	0.001225	0.167814	0.002982	0.012700	0.055840	0.033608	0.016115	0.116863	0.018258	0.018976	0.047874	0.038897	0.084065	0.020835	
0.300996	0.000802	0.184464	0.001343	0.011977	0.042414	0.038680	0.012743	0.157850	0.013437	0.007451	0.059695	0.037872	0.109213	0.021063	
0.335940	0.000761	0.085170	0.003652	0.016181	0.047323	0.045323	0.011430	0.244041	0.017329	0.023523	0.071864	0.024080	0.040545	0.032836	
0.390030	0.000932	0.169362	0.000721	0.027755	0.025986	0.014842	0.040779	0.069868	0.054936	0.003159	0.038251	0.090975	0.067395	0.005009	
0.408677	0.000669	0.121504	0.000810	0.030730	0.012845	0.050606	0.047610	0.055967	0.059940	0.003822	0.031207	0.085863	0.080670	0.009080	
0.401689	0.000868	0.137038	0.000694	0.031604	0.024941	0.031884	0.038237	0.070624	0.054687	0.002953	0.039744	0.080372	0.056214	0.028450	
0.458547	0.012457	0.018991	0.000597	0.040214	0.005674	0.012609	0.162131	0.058676	0.138314	0.002696	0.016840	0.051370	0.015809	0.005073	
0.463021	0.007188	0.057565	0.001412	0.034596	0.012456	0.040894	0.111932	0.025232	0.102201	0.008290	0.014076	0.063549	0.052755	0.004835	
0.509135	0.007194	0.029535	0.004232	0.030204	0.036721	0.034902	0.101760	0.040831	0.092620	0.028013	0.013498	0.049216	0.015908	0.006232	
0.453537	0.004006	0.032945	0.003540	0.028751	0.040867	0.066494	0.055870	0.091826	0.056541	0.022984	0.034823	0.026538	0.029167	0.052112	
0.370683	0.002996	0.091650	0.001361	0.020541	0.014258	0.089104	0.058772	0.085327	0.048602	0.007793	0.032013	0.037065	0.126922	0.012914	
0.375013	0.004577	0.072374	0.002252	0.019650	0.025051	0.072276	0.065662	0.122982	0.052007	0.014025	0.038422	0.024157	0.094667	0.016887	
0.283033	0.001144	0.057117	0.003423	0.015669	0.034480	0.034940	0.019101	0.351100	0.022526	0.021847	0.090858	0.024181	0.025760	0.014820	
0.261050	0.001220	0.076607	0.000952	0.015684	0.013868	0.093359	0.025466	0.254640	0.018761	0.004690	0.073567	0.010652	0.116256	0.033227	
0.278199	0.000669	0.078499	0.002401	0.011843	0.022566	0.081702	0.020577	0.266133	0.014997	0.014822	0.072354	0.016794	0.104863	0.013581	
