0.000713	0.001198	0.000713	0.000713	0.000713	0.000713	0.000713	0.000713	0.000713	0.000713	0.000713	0.000713	0.000713	0.000971	0.000713	0.000713	0.000713	0.000713	0.000713	0.000713	0.000713	0.000713	0.000713	0.000713	0.000713	0.000713	0.000713	0.000713	0.000713	0.001244	0.000713	0.000713	0.001076	0.000978	0.000834	0.000713	0.000713	0.001319	0.002768	0.000713	0.000713	0.000713	0.000713	0.000713	0.000713	0.000713	0.000713	0.000713	0.000713	0.960395	
0.000658	0.001332	0.000658	0.000658	0.000658	0.000658	0.000658	0.000658	0.000658	0.000658	0.000658	0.000658	0.000658	0.001152	0.000658	0.000658	0.000658	0.000658	0.000658	0.000658	0.000658	0.000658	0.000658	0.000658	0.000658	0.000658	0.000658	0.000658	0.000658	0.003286	0.000658	0.000658	0.001297	0.001972	0.000871	0.000658	0.000658	0.001723	0.008239	0.000658	0.000658	0.000658	0.000658	0.000658	0.000658	0.000658	0.000658	0.000658	0.000658	0.953148	
0.000631	0.000860	0.000631	0.000631	0.000631	0.000631	0.000631	0.000631	0.000631	0.000631	0.000631	0.000631	0.000631	0.000838	0.000631	0.000631	0.000631	0.000631	0.000631	0.000631	0.000631	0.000631	0.000631	0.000631	0.000631	0.000631	0.000631	0.000631	0.000631	0.003799	0.000631	0.000631	0.003024	0.002215	0.001429	0.000631	0.000631	0.004619	0.008894	0.000631	0.000631	0.000631	0.000631	0.000631	0.000631	0.000631	0.000631	0.000631	0.000631	0.948437	
0.000663	0.001665	0.000663	0.000663	0.000663	0.000663	0.000663	0.000663	0.000663	0.000663	0.000663	0.000663	0.000663	0.004245	0.000663	0.000663	0.000663	0.000663	0.000663	0.000663	0.000663	0.000663	0.000663	0.000663	0.000663	0.000663	0.000663	0.000663	0.000663	0.004069	0.000663	0.000663	0.001068	0.002366	0.000798	0.000663	0.000663	0.001338	0.010681	0.000663	0.000663	0.000663	0.000663	0.000663	0.000663	0.000663	0.000663	0.000663	0.000663	0.946595	
0.000641	0.001057	0.000641	0.000641	0.000641	0.000641	0.000641	0.000641	0.000641	0.000641	0.000641	0.000641	0.000641	0.003524	0.000641	0.000641	0.000641	0.000641	0.000641	0.000641	0.000641	0.000641	0.000641	0.000641	0.000641	0.000641	0.000641	0.000641	0.000641	0.001084	0.000641	0.000641	0.004577	0.000862	0.001953	0.000641	0.000641	0.007202	0.002372	0.000641	0.000641	0.000641	0.000641	0.000641	0.000641	0.000641	0.000641	0.000641	0.000641	0.951089	
0.000674	0.001888	0.000674	0.000674	0.000674	0.000674	0.000674	0.000674	0.000674	0.000674	0.000674	0.000674	0.000674	0.004502	0.000674	0.000674	0.000674	0.000674	0.000674	0.000674	0.000674	0.000674	0.000674	0.000674	0.000674	0.000674	0.000674	0.000674	0.000674	0.001698	0.000674	0.000674	0.001470	0.001186	0.000940	0.000674	0.000674	0.002000	0.005053	0.000674	0.000674	0.000674	0.000674	0.000674	0.000674	0.000674	0.000674	0.000674	0.000674	0.953614	
0.000609	0.000931	0.000609	0.000609	0.000609	0.000609	0.000609	0.000609	0.000609	0.000609	0.000609	0.000609	0.000609	0.002503	0.000609	0.000609	0.000609	0.000609	0.000609	0.000609	0.000609	0.000609	0.000609	0.000609	0.000609	0.000609	0.000609	0.000609	0.000609	0.001026	0.000609	0.000609	0.010308	0.000818	0.003842	0.000609	0.000609	0.016773	0.002133	0.000609	0.000609	0.000609	0.000609	0.000609	0.000609	0.000609	0.000609	0.000609	0.000609	0.936680	
0.000637	0.004006	0.000637	0.000637	0.000637	0.000637	0.000637	0.000637	0.000637	0.000637	0.000637	0.000637	0.000637	0.001305	0.000637	0.000637	0.000637	0.000637	0.000637	0.000637	0.000637	0.000637	0.000637	0.000637	0.000637	0.000637	0.000637	0.000637	0.000637	0.002140	0.000637	0.000637	0.002194	0.001389	0.001156	0.000637	0.000637	0.003232	0.009446	0.000637	0.000637	0.000637	0.000637	0.000637	0.000637	0.000637	0.000637	0.000637	0.000637	0.949000	
0.000651	0.003534	0.000651	0.000651	0.000651	0.000651	0.000651	0.000651	0.000651	0.000651	0.000651	0.000651	0.000651	0.001531	0.000651	0.000651	0.000651	0.000651	0.000651	0.000651	0.000651	0.000651	0.000651	0.000651	0.000651	0.000651	0.000651	0.000651	0.000651	0.001832	0.000651	0.000651	0.001420	0.001241	0.000907	0.000651	0.000651	0.001932	0.007928	0.000651	0.000651	0.000651	0.000651	0.000651	0.000651	0.000651	0.000651	0.000651	0.000651	0.952982	
0.000664	0.008834	0.000664	0.000664	0.000664	0.000664	0.000664	0.000664	0.000664	0.000664	0.000664	0.000664	0.000664	0.000997	0.000664	0.000664	0.000664	0.000664	0.000664	0.000664	0.000664	0.000664	0.000664	0.000664	0.000664	0.000664	0.000664	0.000664	0.000664	0.001121	0.000664	0.000664	0.001562	0.000893	0.000964	0.000664	0.000664	0.002161	0.014060	0.000664	0.000664	0.000664	0.000664	0.000664	0.000664	0.000664	0.000664	0.000664	0.000664	0.942174	
0.000651	0.006853	0.000651	0.000651	0.000651	0.000651	0.000651	0.000651	0.000651	0.000651	0.000651	0.000651	0.000651	0.000952	0.000651	0.000651	0.000651	0.000651	0.000651	0.000651	0.000651	0.000651	0.000651	0.000651	0.000651	0.000651	0.000651	0.000651	0.000651	0.001141	0.000651	0.000651	0.002822	0.000896	0.001375	0.000651	0.000651	0.004270	0.011178	0.000651	0.000651	0.000651	0.000651	0.000651	0.000651	0.000651	0.000651	0.000651	0.000651	0.943806	
0.000647	0.006591	0.000647	0.000647	0.000647	0.000647	0.000647	0.000647	0.000647	0.000647	0.000647	0.000647	0.000647	0.001383	0.000647	0.000647	0.000647	0.000647	0.000647	0.000647	0.000647	0.000647	0.000647	0.000647	0.000647	0.000647	0.000647	0.000647	0.000647	0.001418	0.000647	0.000647	0.003016	0.001032	0.001436	0.000647	0.000647	0.004595	0.011493	0.000647	0.000647	0.000647	0.000647	0.000647	0.000647	0.000647	0.000647	0.000647	0.000647	0.942523	
0.000619	0.001246	0.000619	0.000619	0.000619	0.000619	0.000619	0.000619	0.000619	0.000619	0.000619	0.000619	0.000619	0.000886	0.000619	0.000619	0.000619	0.000619	0.000619	0.000619	0.000619	0.000619	0.000619	0.000619	0.000619	0.000619	0.000619	0.000619	0.000619	0.001297	0.000619	0.000619	0.001204	0.000958	0.000814	0.000619	0.000619	0.001595	0.003256	0.000619	0.000619	0.000619	0.000619	0.000619	0.000619	0.000619	0.000619	0.000619	0.000619	0.963371	
0.000590	0.001291	0.000590	0.000590	0.000590	0.000590	0.000590	0.000590	0.000590	0.000590	0.000590	0.000590	0.000590	0.000912	0.000590	0.000590	0.000590	0.000590	0.000590	0.000590	0.000590	0.000590	0.000590	0.000590	0.000590	0.000590	0.000590	0.000590	0.000590	0.001170	0.000590	0.000590	0.000989	0.000880	0.000723	0.000590	0.000590	0.001255	0.003091	0.000590	0.000590	0.000590	0.000590	0.000590	0.000590	0.000590	0.000590	0.000590	0.000590	0.965499	
0.000594	0.000913	0.000594	0.000594	0.000594	0.000594	0.000594	0.000594	0.000594	0.000594	0.000594	0.000594	0.000594	0.001216	0.000594	0.000594	0.000594	0.000594	0.000594	0.000594	0.000594	0.000594	0.000594	0.000594	0.000594	0.000594	0.000594	0.000594	0.000594	0.001470	0.000594	0.000594	0.003059	0.001032	0.001416	0.000594	0.000594	0.004702	0.003261	0.000594	0.000594	0.000594	0.000594	0.000594	0.000594	0.000594	0.000594	0.000594	0.000594	0.958558	
0.000611	0.000872	0.000611	0.000611	0.000611	0.000611	0.000611	0.000611	0.000611	0.000611	0.000611	0.000611	0.000611	0.000852	0.000611	0.000611	0.000611	0.000611	0.000611	0.000611	0.000611	0.000611	0.000611	0.000611	0.000611	0.000611	0.000611	0.000611	0.000611	0.007636	0.000611	0.000611	0.001333	0.004124	0.000852	0.000611	0.000611	0.001814	0.018565	0.000611	0.000611	0.000611	0.000611	0.000611	0.000611	0.000611	0.000611	0.000611	0.000611	0.938893	
0.000600	0.000861	0.000600	0.000600	0.000600	0.000600	0.000600	0.000600	0.000600	0.000600	0.000600	0.000600	0.000600	0.000756	0.000600	0.000600	0.000600	0.000600	0.000600	0.000600	0.000600	0.000600	0.000600	0.000600	0.000600	0.000600	0.000600	0.000600	0.000600	0.008735	0.000600	0.000600	0.001839	0.004668	0.001013	0.000600	0.000600	0.002665	0.021329	0.000600	0.000600	0.000600	0.000600	0.000600	0.000600	0.000600	0.000600	0.000600	0.000600	0.933524	
0.000638	0.000994	0.000638	0.000638	0.000638	0.000638	0.000638	0.000638	0.000638	0.000638	0.000638	0.000638	0.000638	0.001559	0.000638	0.000638	0.000638	0.000638	0.000638	0.000638	0.000638	0.000638	0.000638	0.000638	0.000638	0.000638	0.000638	0.000638	0.000638	0.004961	0.000638	0.000638	0.001675	0.002799	0.000984	0.000638	0.000638	0.002367	0.011979	0.000638	0.000638	0.000638	0.000638	0.000638	0.000638	0.000638	0.000638	0.000638	0.000638	0.946522	
0.000645	0.004272	0.000645	0.000645	0.000645	0.000645	0.000645	0.000645	0.000645	0.000645	0.000645	0.000645	0.000645	0.001801	0.000645	0.000645	0.000645	0.000645	0.000645	0.000645	0.000645	0.000645	0.000645	0.000645	0.000645	0.000645	0.000645	0.000645	0.000645	0.003563	0.000645	0.000645	0.001173	0.002104	0.000821	0.000645	0.000645	0.001525	0.013381	0.000645	0.000645	0.000645	0.000645	0.000645	0.000645	0.000645	0.000645	0.000645	0.000645	0.944901	
0.000591	0.001669	0.000591	0.000591	0.000591	0.000591	0.000591	0.000591	0.000591	0.000591	0.000591	0.000591	0.000591	0.000963	0.000591	0.000591	0.000591	0.000591	0.000591	0.000591	0.000591	0.000591	0.000591	0.000591	0.000591	0.000591	0.000591	0.000591	0.000591	0.002045	0.000591	0.000591	0.003695	0.001318	0.001625	0.000591	0.000591	0.005764	0.005843	0.000591	0.000591	0.000591	0.000591	0.000591	0.000591	0.000591	0.000591	0.000591	0.000591	0.952850	
0.000630	0.004299	0.000630	0.000630	0.000630	0.000630	0.000630	0.000630	0.000630	0.000630	0.000630	0.000630	0.000630	0.001306	0.000630	0.000630	0.000630	0.000630	0.000630	0.000630	0.000630	0.000630	0.000630	0.000630	0.000630	0.000630	0.000630	0.000630	0.000630	0.002937	0.000630	0.000630	0.002206	0.001784	0.001155	0.000630	0.000630	0.003257	0.011901	0.000630	0.000630	0.000630	0.000630	0.000630	0.000630	0.000630	0.000630	0.000630	0.000630	0.945319	
0.000580	0.001109	0.000580	0.000580	0.000580	0.000580	0.000580	0.000580	0.000580	0.000580	0.000580	0.000580	0.000580	0.001227	0.000580	0.000580	0.000580	0.000580	0.000580	0.000580	0.000580	0.000580	0.000580	0.000580	0.000580	0.000580	0.000580	0.000580	0.000580	0.001520	0.000580	0.000580	0.008879	0.001050	0.003346	0.000580	0.000580	0.014411	0.003723	0.000580	0.000580	0.000580	0.000580	0.000580	0.000580	0.000580	0.000580	0.000580	0.000580	0.940953	
0.000591	0.001364	0.000591	0.000591	0.000591	0.000591	0.000591	0.000591	0.000591	0.000591	0.000591	0.000591	0.000591	0.000781	0.000591	0.000591	0.000591	0.000591	0.000591	0.000591	0.000591	0.000591	0.000591	0.000591	0.000591	0.000591	0.000591	0.000591	0.000591	0.000789	0.000591	0.000591	0.011973	0.000690	0.004385	0.000591	0.000591	0.019561	0.002246	0.000591	0.000591	0.000591	0.000591	0.000591	0.000591	0.000591	0.000591	0.000591	0.000591	0.934001	
0.000627	0.001213	0.000627	0.000627	0.000627	0.000627	0.000627	0.000627	0.000627	0.000627	0.000627	0.000627	0.000627	0.002144	0.000627	0.000627	0.000627	0.000627	0.000627	0.000627	0.000627	0.000627	0.000627	0.000627	0.000627	0.000627	0.000627	0.000627	0.000627	0.002508	0.000627	0.000627	0.005452	0.001567	0.002235	0.000627	0.000627	0.008668	0.006210	0.000627	0.000627	0.000627	0.000627	0.000627	0.000627	0.000627	0.000627	0.000627	0.000627	0.944310	
