0.026905	0.001829	0.000770	0.093568	0.000821	0.000910	0.006224	0.077986	0.005354	0.000685	0.001582	0.000636	0.000134	0.003496	0.006595	0.007931	0.005860	0.000747	0.083101	0.001001	0.006868	0.006521	0.018385	0.001229	0.001438	0.006891	0.356211	0.001829	0.005791	0.001476	0.001391	0.005430	0.007165	0.008872	0.007636	0.001710	0.002251	0.004963	0.002183	0.006248	0.008195	0.094368	0.006003	0.000134	0.011675	0.049258	0.001464	0.045811	0.001681	0.000785	
0.006759	0.014774	0.005629	0.035422	0.003567	0.006455	0.038740	0.028565	0.027730	0.004622	0.002902	0.001097	0.000141	0.006248	0.012457	0.060876	0.010445	0.001309	0.020987	0.001674	0.035432	0.026694	0.004683	0.002727	0.001322	0.029714	0.089084	0.014774	0.046170	0.004375	0.001280	0.045870	0.005803	0.075594	0.007367	0.008470	0.004176	0.020099	0.001997	0.010917	0.060840	0.023435	0.016320	0.000141	0.052488	0.087909	0.007169	0.012024	0.007291	0.005436	
0.005699	0.019024	0.007223	0.038990	0.001933	0.006015	0.033256	0.020903	0.014402	0.004310	0.003347	0.001251	0.000142	0.009188	0.014443	0.056597	0.015344	0.001498	0.017731	0.002442	0.018533	0.035531	0.003964	0.002641	0.001342	0.031981	0.075180	0.019024	0.042960	0.002625	0.001300	0.059150	0.005853	0.097505	0.007229	0.004447	0.004827	0.013331	0.002029	0.016288	0.067595	0.019705	0.017424	0.000142	0.047256	0.103679	0.003774	0.010347	0.005532	0.005068	
0.004950	0.001508	0.000647	0.116293	0.000624	0.011238	0.005173	0.015103	0.003813	0.008013	0.001731	0.000684	0.000130	0.044048	0.007271	0.105259	0.074273	0.000807	0.015443	0.011444	0.005952	0.055709	0.003450	0.001281	0.001322	0.049890	0.064750	0.001508	0.081110	0.001212	0.001279	0.004438	0.005772	0.007237	0.006969	0.001242	0.002469	0.023678	0.002003	0.079373	0.006400	0.017095	0.017198	0.000130	0.065052	0.039051	0.001068	0.009931	0.005532	0.009446	
0.005676	0.001631	0.000712	0.081912	0.004891	0.001395	0.031806	0.029014	0.037944	0.001036	0.012654	0.004485	0.000160	0.027909	0.055901	0.015869	0.047658	0.005446	0.018216	0.007357	0.049001	0.036944	0.004008	0.009398	0.002878	0.038915	0.078216	0.001631	0.009163	0.006509	0.002781	0.004756	0.012804	0.007744	0.016305	0.011567	0.018420	0.036684	0.004430	0.050638	0.024097	0.019576	0.045163	0.000160	0.058721	0.024615	0.009784	0.011792	0.010434	0.001196	
0.003649	0.009018	0.003474	0.074224	0.004123	0.004504	0.035720	0.021220	0.032030	0.003239	0.005307	0.001934	0.000147	0.027366	0.023168	0.043175	0.046516	0.002330	0.011655	0.007181	0.041456	0.045522	0.002594	0.004423	0.001991	0.035181	0.048628	0.009018	0.031909	0.005280	0.001926	0.027868	0.008717	0.045887	0.011220	0.009772	0.007689	0.032850	0.003045	0.049446	0.044665	0.012472	0.022704	0.000147	0.050652	0.057136	0.008268	0.007721	0.008029	0.003801	
0.001146	0.017426	0.006626	0.113787	0.001037	0.001756	0.026049	0.005351	0.006922	0.001288	0.002363	0.000913	0.000146	0.047739	0.010038	0.016034	0.081092	0.001084	0.003887	0.012494	0.010010	0.081069	0.000886	0.001787	0.001827	0.032650	0.014281	0.017426	0.011882	0.001881	0.001767	0.054146	0.007872	0.089246	0.009821	0.002191	0.003386	0.027197	0.002788	0.086644	0.058678	0.003666	0.009568	0.000146	0.018939	0.083314	0.001872	0.003867	0.002517	0.001496	
0.001481	0.018058	0.006874	0.035095	0.002019	0.000943	0.028566	0.007266	0.009797	0.000717	0.001880	0.000758	0.000164	0.013235	0.007820	0.008151	0.022450	0.000890	0.011634	0.003552	0.012772	0.039368	0.001733	0.001558	0.019037	0.016682	0.018313	0.018058	0.005847	0.010873	0.018363	0.056083	0.086494	0.092430	0.107519	0.003072	0.002672	0.012365	0.029822	0.024558	0.062109	0.004799	0.006975	0.000164	0.014052	0.136234	0.002618	0.010870	0.002398	0.000818	
0.001793	0.001645	0.000710	0.062235	0.002467	0.009261	0.013626	0.009912	0.014744	0.006616	0.002811	0.001071	0.000149	0.025005	0.012024	0.086971	0.042073	0.001275	0.011021	0.006529	0.019375	0.032644	0.001795	0.002303	0.014937	0.039532	0.023002	0.001645	0.066580	0.009471	0.014408	0.004823	0.067814	0.007861	0.084395	0.004555	0.004039	0.021195	0.023386	0.045335	0.012352	0.005935	0.018871	0.000149	0.061469	0.071914	0.003867	0.009989	0.006628	0.007792	
0.008861	0.002695	0.001109	0.090087	0.001426	0.001187	0.007307	0.026599	0.005096	0.000888	0.001507	0.000624	0.000157	0.027010	0.006180	0.010313	0.045833	0.000728	0.034263	0.007123	0.007144	0.036592	0.006739	0.001180	0.018738	0.016536	0.116258	0.002695	0.007664	0.010100	0.018074	0.008088	0.085445	0.013244	0.105762	0.001648	0.002130	0.016107	0.029355	0.049585	0.010763	0.030793	0.005945	0.000157	0.011962	0.080648	0.001415	0.023491	0.001727	0.001021	
0.005031	0.002178	0.000918	0.026963	0.001549	0.006933	0.005996	0.015525	0.004556	0.004967	0.005084	0.001865	0.000162	0.005206	0.022120	0.065351	0.008413	0.002244	0.024493	0.001415	0.005883	0.008782	0.004322	0.003504	0.023919	0.030456	0.066724	0.002178	0.049527	0.012621	0.023070	0.006462	0.108959	0.010557	0.135149	0.001488	0.007355	0.005394	0.037494	0.009784	0.008826	0.017303	0.024378	0.000162	0.052912	0.100603	0.001281	0.018839	0.005256	0.005841	
0.000800	0.005728	0.002246	0.080778	0.005948	0.001987	0.041497	0.017346	0.044163	0.001456	0.001519	0.000628	0.000156	0.034125	0.006238	0.018600	0.058261	0.000733	0.006481	0.008964	0.057083	0.049962	0.000989	0.002293	0.011208	0.022419	0.009231	0.005728	0.013505	0.011494	0.010814	0.017569	0.050707	0.028887	0.063748	0.013441	0.002148	0.043494	0.017524	0.062204	0.040335	0.002423	0.006817	0.000156	0.029350	0.061650	0.011365	0.006908	0.007201	0.001692	
0.018160	0.005084	0.001999	0.066621	0.001253	0.000832	0.010200	0.053216	0.005636	0.000634	0.001690	0.000682	0.000149	0.003927	0.007026	0.007103	0.006590	0.000801	0.060366	0.001124	0.007234	0.011209	0.012828	0.001312	0.012221	0.008113	0.239933	0.005084	0.005130	0.006909	0.011790	0.015571	0.056056	0.025596	0.068804	0.001805	0.002402	0.005340	0.019119	0.007408	0.018675	0.063549	0.006249	0.000149	0.011436	0.083246	0.001546	0.035738	0.001731	0.000722	
0.004902	0.003031	0.001232	0.023605	0.008619	0.005130	0.055267	0.036705	0.066231	0.003685	0.001577	0.000646	0.000153	0.003845	0.006508	0.048668	0.006785	0.000755	0.018761	0.001070	0.084401	0.009445	0.003744	0.002954	0.010286	0.018593	0.063769	0.003031	0.036440	0.013947	0.009924	0.009146	0.046666	0.014992	0.058942	0.020101	0.002234	0.042530	0.016076	0.006937	0.042989	0.016870	0.010276	0.000153	0.053574	0.059519	0.016984	0.012621	0.011355	0.004327	
0.007209	0.009815	0.003777	0.034743	0.006263	0.001984	0.049633	0.037238	0.048994	0.001453	0.006867	0.002478	0.000155	0.005280	0.030102	0.020117	0.009234	0.002995	0.023191	0.001471	0.062487	0.019704	0.005071	0.005926	0.003483	0.023449	0.096424	0.009815	0.013493	0.008270	0.003364	0.030344	0.015654	0.049967	0.019978	0.014899	0.009965	0.032597	0.005386	0.009484	0.055829	0.024987	0.025537	0.000155	0.048160	0.064570	0.012595	0.013823	0.009895	0.001689	
0.001224	0.002638	0.001071	0.009140	0.000763	0.021508	0.005937	0.004520	0.003805	0.015301	0.006461	0.002322	0.000130	0.003169	0.028376	0.203265	0.004161	0.002809	0.005501	0.000740	0.004871	0.006311	0.001056	0.004374	0.005222	0.071531	0.017097	0.002638	0.155978	0.003161	0.005040	0.007967	0.023448	0.013060	0.029111	0.001239	0.009383	0.004202	0.008131	0.004583	0.009995	0.003982	0.044355	0.000130	0.133705	0.071683	0.001066	0.004455	0.011326	0.018060	
0.001220	0.005826	0.002260	0.012257	0.000913	0.023078	0.011553	0.005377	0.006235	0.016413	0.002518	0.000950	0.000120	0.004512	0.010816	0.217131	0.006389	0.001135	0.003976	0.001069	0.008003	0.012051	0.000911	0.001861	0.001315	0.069627	0.015644	0.005826	0.167492	0.001525	0.001273	0.017951	0.005627	0.029541	0.007021	0.001966	0.003624	0.006365	0.001998	0.006801	0.021423	0.003991	0.032210	0.000120	0.130781	0.076847	0.001678	0.002667	0.010737	0.019375	
0.005792	0.005023	0.001984	0.028468	0.000754	0.007953	0.009329	0.017711	0.004617	0.005690	0.021643	0.007596	0.000160	0.004795	0.096005	0.079429	0.007659	0.009249	0.018023	0.001299	0.005950	0.011882	0.004037	0.014332	0.001473	0.066485	0.083219	0.005023	0.056971	0.001405	0.001426	0.015356	0.006388	0.025233	0.007700	0.001506	0.031558	0.005251	0.002223	0.008177	0.017930	0.019986	0.083393	0.000160	0.110103	0.048513	0.001295	0.011125	0.012028	0.006696	
0.007029	0.001620	0.000690	0.099543	0.001648	0.010207	0.011458	0.023808	0.011844	0.007282	0.001334	0.000548	0.000132	0.033893	0.005496	0.095575	0.057127	0.000640	0.022251	0.008817	0.015917	0.043512	0.004902	0.001249	0.002362	0.042569	0.092189	0.001620	0.073581	0.002794	0.002282	0.004783	0.010601	0.007806	0.013015	0.003668	0.001889	0.023705	0.003636	0.061004	0.010843	0.024410	0.014740	0.000132	0.061198	0.043327	0.003115	0.013589	0.006041	0.008582	
0.000775	0.004421	0.001753	0.011166	0.008987	0.007966	0.061156	0.026892	0.071693	0.005698	0.008748	0.003128	0.000153	0.004249	0.038500	0.077418	0.007368	0.003789	0.002734	0.001151	0.091366	0.011715	0.000636	0.007797	0.001842	0.040848	0.011726	0.004421	0.057118	0.010446	0.001782	0.013492	0.007900	0.022162	0.011095	0.021750	0.012715	0.046121	0.002807	0.007203	0.050204	0.002344	0.038302	0.000153	0.092604	0.040340	0.018375	0.002353	0.015932	0.006706	
0.000933	0.002985	0.001214	0.082029	0.008817	0.002705	0.058725	0.026822	0.070203	0.001964	0.003573	0.001336	0.000151	0.034534	0.015417	0.026447	0.059166	0.001599	0.003378	0.009060	0.090259	0.047422	0.000757	0.004371	0.002241	0.027592	0.011840	0.002985	0.018767	0.010448	0.002167	0.009007	0.009736	0.014763	0.013340	0.021299	0.005152	0.059672	0.003435	0.062589	0.044871	0.002901	0.014763	0.000151	0.048237	0.024798	0.017995	0.003382	0.011708	0.002293	
0.001038	0.001444	0.000643	0.067563	0.001428	0.006772	0.009714	0.006084	0.010007	0.004853	0.021796	0.007652	0.000163	0.028304	0.096679	0.068423	0.047770	0.009316	0.003487	0.007417	0.013426	0.036446	0.000815	0.014586	0.001766	0.071250	0.020100	0.001444	0.048343	0.002265	0.001708	0.004164	0.007524	0.006765	0.009448	0.003135	0.031780	0.019833	0.002681	0.050998	0.009259	0.003242	0.082700	0.000163	0.105765	0.025245	0.002671	0.003877	0.012342	0.005706	
0.001023	0.027204	0.010298	0.028391	0.002089	0.001647	0.042391	0.007445	0.013975	0.001214	0.002955	0.001124	0.000154	0.010849	0.012649	0.015229	0.018398	0.001339	0.005461	0.002920	0.018033	0.048208	0.000984	0.002377	0.006855	0.022952	0.012764	0.027204	0.011036	0.005330	0.006615	0.084685	0.030819	0.139630	0.038463	0.004327	0.004247	0.013793	0.010683	0.019751	0.093417	0.003211	0.011497	0.000154	0.023146	0.139480	0.003675	0.004869	0.003635	0.001406	
0.004403	0.001869	0.000805	0.021526	0.000995	0.008094	0.006285	0.014028	0.005411	0.005793	0.023818	0.008354	0.000167	0.003775	0.105687	0.081308	0.005920	0.010173	0.015250	0.001037	0.006933	0.006583	0.003232	0.015779	0.005351	0.069633	0.065519	0.001869	0.057963	0.003451	0.005166	0.005487	0.024035	0.008946	0.029704	0.001750	0.034734	0.005249	0.008313	0.006447	0.008265	0.015078	0.091129	0.000167	0.117591	0.045084	0.001502	0.010502	0.013025	0.006816	
