0.000653	0.001364	0.000653	0.000653	0.000653	0.000653	0.000653	0.000653	0.000653	0.000653	0.000653	0.000653	0.000653	0.001240	0.000653	0.000653	0.000653	0.000653	0.000653	0.000653	0.000653	0.000653	0.000653	0.000653	0.000653	0.000653	0.000653	0.000653	0.000653	0.001193	0.000653	0.000653	0.002202	0.000923	0.000843	0.000653	0.000653	0.004516	0.004019	0.000653	0.000653	0.000653	0.000653	0.000653	0.000653	0.000653	0.000653	0.000653	0.000653	0.956915	
0.000642	0.001446	0.000642	0.000642	0.000642	0.000642	0.000642	0.000642	0.000642	0.000642	0.000642	0.000642	0.000642	0.000853	0.000642	0.000642	0.000642	0.000642	0.000642	0.000642	0.000642	0.000642	0.000642	0.000642	0.000642	0.000642	0.000642	0.000642	0.000642	0.002222	0.000642	0.000642	0.001294	0.001432	0.000893	0.000642	0.000642	0.001594	0.004505	0.000642	0.000642	0.000642	0.000642	0.000642	0.000642	0.000642	0.000642	0.000642	0.000642	0.959431	
0.000645	0.001228	0.000645	0.000645	0.000645	0.000645	0.000645	0.000645	0.000645	0.000645	0.000645	0.000645	0.000645	0.000795	0.000645	0.000645	0.000645	0.000645	0.000645	0.000645	0.000645	0.000645	0.000645	0.000645	0.000645	0.000645	0.000645	0.000645	0.000645	0.001878	0.000645	0.000645	0.001679	0.001261	0.001310	0.000645	0.000645	0.001738	0.004138	0.000645	0.000645	0.000645	0.000645	0.000645	0.000645	0.000645	0.000645	0.000645	0.000645	0.959541	
0.000566	0.001682	0.000566	0.000566	0.000566	0.000566	0.000566	0.000566	0.000566	0.000566	0.000566	0.000566	0.000566	0.000821	0.000566	0.000566	0.000566	0.000566	0.000566	0.000566	0.000566	0.000566	0.000566	0.000566	0.000566	0.000566	0.000566	0.000566	0.000566	0.000987	0.000566	0.000566	0.004790	0.000776	0.000741	0.000566	0.000566	0.019536	0.010018	0.000566	0.000566	0.000566	0.000566	0.000566	0.000566	0.000566	0.000566	0.000566	0.000566	0.937440	
0.000633	0.001275	0.000633	0.000633	0.000633	0.000633	0.000633	0.000633	0.000633	0.000633	0.000633	0.000633	0.000633	0.001091	0.000633	0.000633	0.000633	0.000633	0.000633	0.000633	0.000633	0.000633	0.000633	0.000633	0.000633	0.000633	0.000633	0.000633	0.000633	0.000951	0.000633	0.000633	0.004105	0.000792	0.002466	0.000633	0.000633	0.006538	0.007228	0.000633	0.000633	0.000633	0.000633	0.000633	0.000633	0.000633	0.000633	0.000633	0.000633	0.949594	
0.000614	0.002694	0.000614	0.000614	0.000614	0.000614	0.000614	0.000614	0.000614	0.000614	0.000614	0.000614	0.000614	0.001367	0.000614	0.000614	0.000614	0.000614	0.000614	0.000614	0.000614	0.000614	0.000614	0.000614	0.000614	0.000614	0.000614	0.000614	0.000614	0.001568	0.000614	0.000614	0.004127	0.001091	0.001413	0.000614	0.000614	0.010415	0.007661	0.000614	0.000614	0.000614	0.000614	0.000614	0.000614	0.000614	0.000614	0.000614	0.000614	0.944486	
0.000576	0.001441	0.000576	0.000576	0.000576	0.000576	0.000576	0.000576	0.000576	0.000576	0.000576	0.000576	0.000576	0.001198	0.000576	0.000576	0.000576	0.000576	0.000576	0.000576	0.000576	0.000576	0.000576	0.000576	0.000576	0.000576	0.000576	0.000576	0.000576	0.000820	0.000576	0.000576	0.005435	0.000698	0.000857	0.000576	0.000576	0.020359	0.009526	0.000576	0.000576	0.000576	0.000576	0.000576	0.000576	0.000576	0.000576	0.000576	0.000576	0.936061	
0.000671	0.005481	0.000671	0.000671	0.000671	0.000671	0.000671	0.000671	0.000671	0.000671	0.000671	0.000671	0.000671	0.002084	0.000671	0.000671	0.000671	0.000671	0.000671	0.000671	0.000671	0.000671	0.000671	0.000671	0.000671	0.000671	0.000671	0.000671	0.000671	0.001257	0.000671	0.000671	0.002495	0.000964	0.000891	0.000671	0.000671	0.001623	0.006422	0.000671	0.000671	0.000671	0.000671	0.000671	0.000671	0.000671	0.000671	0.000671	0.000671	0.951257	
0.000619	0.004565	0.000619	0.000619	0.000619	0.000619	0.000619	0.000619	0.000619	0.000619	0.000619	0.000619	0.000619	0.001021	0.000619	0.000619	0.000619	0.000619	0.000619	0.000619	0.000619	0.000619	0.000619	0.000619	0.000619	0.000619	0.000619	0.000619	0.000619	0.000966	0.000619	0.000619	0.002693	0.000792	0.000826	0.000619	0.000619	0.007945	0.008048	0.000619	0.000619	0.000619	0.000619	0.000619	0.000619	0.000619	0.000619	0.000619	0.000619	0.947775	
0.000713	0.004664	0.000713	0.000713	0.000713	0.000713	0.000713	0.000713	0.000713	0.000713	0.000713	0.000713	0.000713	0.004335	0.000713	0.000713	0.000713	0.000713	0.000713	0.000713	0.000713	0.000713	0.000713	0.000713	0.000713	0.000713	0.000713	0.000713	0.000713	0.001140	0.000713	0.000713	0.005849	0.000926	0.001114	0.000713	0.000713	0.006274	0.006151	0.000713	0.000713	0.000713	0.000713	0.000713	0.000713	0.000713	0.000713	0.000713	0.000713	0.940317	
0.000769	0.006484	0.000769	0.000769	0.000769	0.000769	0.000769	0.000769	0.000769	0.000769	0.000769	0.000769	0.000769	0.006031	0.000769	0.000769	0.000769	0.000769	0.000769	0.000769	0.000769	0.000769	0.000769	0.000769	0.000769	0.000769	0.000769	0.000769	0.000769	0.001349	0.000769	0.000769	0.007100	0.001059	0.001388	0.000769	0.000769	0.003020	0.003597	0.000769	0.000769	0.000769	0.000769	0.000769	0.000769	0.000769	0.000769	0.000769	0.000769	0.938434	
0.000689	0.003768	0.000689	0.000689	0.000689	0.000689	0.000689	0.000689	0.000689	0.000689	0.000689	0.000689	0.000689	0.003437	0.000689	0.000689	0.000689	0.000689	0.000689	0.000689	0.000689	0.000689	0.000689	0.000689	0.000689	0.000689	0.000689	0.000689	0.000689	0.000968	0.000689	0.000689	0.004821	0.000828	0.000900	0.000689	0.000689	0.006550	0.008051	0.000689	0.000689	0.000689	0.000689	0.000689	0.000689	0.000689	0.000689	0.000689	0.000689	0.942439	
0.000633	0.002134	0.000633	0.000633	0.000633	0.000633	0.000633	0.000633	0.000633	0.000633	0.000633	0.000633	0.000633	0.000858	0.000633	0.000633	0.000633	0.000633	0.000633	0.000633	0.000633	0.000633	0.000633	0.000633	0.000633	0.000633	0.000633	0.000633	0.000633	0.001560	0.000633	0.000633	0.001540	0.001096	0.001030	0.000633	0.000633	0.002054	0.010415	0.000633	0.000633	0.000633	0.000633	0.000633	0.000633	0.000633	0.000633	0.000633	0.000633	0.953381	
0.000631	0.002557	0.000631	0.000631	0.000631	0.000631	0.000631	0.000631	0.000631	0.000631	0.000631	0.000631	0.000631	0.000960	0.000631	0.000631	0.000631	0.000631	0.000631	0.000631	0.000631	0.000631	0.000631	0.000631	0.000631	0.000631	0.000631	0.000631	0.000631	0.002160	0.000631	0.000631	0.001434	0.001396	0.000893	0.000631	0.000631	0.001691	0.009692	0.000631	0.000631	0.000631	0.000631	0.000631	0.000631	0.000631	0.000631	0.000631	0.000631	0.953366	
0.000647	0.001207	0.000647	0.000647	0.000647	0.000647	0.000647	0.000647	0.000647	0.000647	0.000647	0.000647	0.000647	0.001056	0.000647	0.000647	0.000647	0.000647	0.000647	0.000647	0.000647	0.000647	0.000647	0.000647	0.000647	0.000647	0.000647	0.000647	0.000647	0.001031	0.000647	0.000647	0.001595	0.000839	0.001000	0.000647	0.000647	0.001580	0.010742	0.000647	0.000647	0.000647	0.000647	0.000647	0.000647	0.000647	0.000647	0.000647	0.000647	0.954407	
0.000547	0.001052	0.000547	0.000547	0.000547	0.000547	0.000547	0.000547	0.000547	0.000547	0.000547	0.000547	0.000547	0.000865	0.000547	0.000547	0.000547	0.000547	0.000547	0.000547	0.000547	0.000547	0.000547	0.000547	0.000547	0.000547	0.000547	0.000547	0.000547	0.008642	0.000547	0.000547	0.001246	0.004595	0.000786	0.000547	0.000547	0.001258	0.013873	0.000547	0.000547	0.000547	0.000547	0.000547	0.000547	0.000547	0.000547	0.000547	0.000547	0.945260	
0.000576	0.001286	0.000576	0.000576	0.000576	0.000576	0.000576	0.000576	0.000576	0.000576	0.000576	0.000576	0.000576	0.000747	0.000576	0.000576	0.000576	0.000576	0.000576	0.000576	0.000576	0.000576	0.000576	0.000576	0.000576	0.000576	0.000576	0.000576	0.000576	0.006297	0.000576	0.000576	0.001899	0.003436	0.001523	0.000576	0.000576	0.001603	0.010571	0.000576	0.000576	0.000576	0.000576	0.000576	0.000576	0.000576	0.000576	0.000576	0.000576	0.949025	
0.000565	0.001121	0.000565	0.000565	0.000565	0.000565	0.000565	0.000565	0.000565	0.000565	0.000565	0.000565	0.000565	0.000904	0.000565	0.000565	0.000565	0.000565	0.000565	0.000565	0.000565	0.000565	0.000565	0.000565	0.000565	0.000565	0.000565	0.000565	0.000565	0.007464	0.000565	0.000565	0.001961	0.004015	0.001480	0.000565	0.000565	0.001274	0.011694	0.000565	0.000565	0.000565	0.000565	0.000565	0.000565	0.000565	0.000565	0.000565	0.000565	0.946906	
0.000558	0.001384	0.000558	0.000558	0.000558	0.000558	0.000558	0.000558	0.000558	0.000558	0.000558	0.000558	0.000558	0.001026	0.000558	0.000558	0.000558	0.000558	0.000558	0.000558	0.000558	0.000558	0.000558	0.000558	0.000558	0.000558	0.000558	0.000558	0.000558	0.006740	0.000558	0.000558	0.002217	0.003649	0.000798	0.000558	0.000558	0.005310	0.012650	0.000558	0.000558	0.000558	0.000558	0.000558	0.000558	0.000558	0.000558	0.000558	0.000558	0.943332	
0.000631	0.002615	0.000631	0.000631	0.000631	0.000631	0.000631	0.000631	0.000631	0.000631	0.000631	0.000631	0.000631	0.000865	0.000631	0.000631	0.000631	0.000631	0.000631	0.000631	0.000631	0.000631	0.000631	0.000631	0.000631	0.000631	0.000631	0.000631	0.000631	0.002328	0.000631	0.000631	0.003014	0.001479	0.002601	0.000631	0.000631	0.001531	0.006364	0.000631	0.000631	0.000631	0.000631	0.000631	0.000631	0.000631	0.000631	0.000631	0.000631	0.953331	
0.000597	0.002955	0.000597	0.000597	0.000597	0.000597	0.000597	0.000597	0.000597	0.000597	0.000597	0.000597	0.000597	0.001270	0.000597	0.000597	0.000597	0.000597	0.000597	0.000597	0.000597	0.000597	0.000597	0.000597	0.000597	0.000597	0.000597	0.000597	0.000597	0.004370	0.000597	0.000597	0.002504	0.002484	0.000992	0.000597	0.000597	0.004795	0.010084	0.000597	0.000597	0.000597	0.000597	0.000597	0.000597	0.000597	0.000597	0.000597	0.000597	0.946072	
0.000623	0.001573	0.000623	0.000623	0.000623	0.000623	0.000623	0.000623	0.000623	0.000623	0.000623	0.000623	0.000623	0.000965	0.000623	0.000623	0.000623	0.000623	0.000623	0.000623	0.000623	0.000623	0.000623	0.000623	0.000623	0.000623	0.000623	0.000623	0.000623	0.002215	0.000623	0.000623	0.005091	0.001419	0.003922	0.000623	0.000623	0.004753	0.005680	0.000623	0.000623	0.000623	0.000623	0.000623	0.000623	0.000623	0.000623	0.000623	0.000623	0.948857	
0.000644	0.002560	0.000644	0.000644	0.000644	0.000644	0.000644	0.000644	0.000644	0.000644	0.000644	0.000644	0.000644	0.000858	0.000644	0.000644	0.000644	0.000644	0.000644	0.000644	0.000644	0.000644	0.000644	0.000644	0.000644	0.000644	0.000644	0.000644	0.000644	0.001340	0.000644	0.000644	0.004296	0.000992	0.003849	0.000644	0.000644	0.001807	0.004198	0.000644	0.000644	0.000644	0.000644	0.000644	0.000644	0.000644	0.000644	0.000644	0.000644	0.953693	
0.000660	0.003078	0.000660	0.000660	0.000660	0.000660	0.000660	0.000660	0.000660	0.000660	0.000660	0.000660	0.000660	0.001705	0.000660	0.000660	0.000660	0.000660	0.000660	0.000660	0.000660	0.000660	0.000660	0.000660	0.000660	0.000660	0.000660	0.000660	0.000660	0.001906	0.000660	0.000660	0.004430	0.001283	0.003257	0.000660	0.000660	0.001301	0.004589	0.000660	0.000660	0.000660	0.000660	0.000660	0.000660	0.000660	0.000660	0.000660	0.000660	0.951374	
