0.000646	0.001227	0.000646	0.000646	0.000646	0.000646	0.000646	0.000646	0.000646	0.000646	0.000646	0.000646	0.000646	0.000937	0.000646	0.000646	0.000646	0.000646	0.000646	0.000646	0.000646	0.000646	0.000646	0.000646	0.000646	0.000646	0.000646	0.000646	0.000646	0.001132	0.000646	0.000646	0.002936	0.000889	0.004199	0.000646	0.000646	0.001628	0.005473	0.000646	0.000646	0.000646	0.000646	0.000646	0.000646	0.000646	0.000646	0.000646	0.000646	0.955074	
0.000642	0.000877	0.000642	0.000642	0.000642	0.000642	0.000642	0.000642	0.000642	0.000642	0.000642	0.000642	0.000642	0.000759	0.000642	0.000642	0.000642	0.000642	0.000642	0.000642	0.000642	0.000642	0.000642	0.000642	0.000642	0.000642	0.000642	0.000642	0.000642	0.001547	0.000642	0.000642	0.002660	0.001095	0.004278	0.000642	0.000642	0.002025	0.007145	0.000642	0.000642	0.000642	0.000642	0.000642	0.000642	0.000642	0.000642	0.000642	0.000642	0.953274	
0.000639	0.001077	0.000639	0.000639	0.000639	0.000639	0.000639	0.000639	0.000639	0.000639	0.000639	0.000639	0.000639	0.000858	0.000639	0.000639	0.000639	0.000639	0.000639	0.000639	0.000639	0.000639	0.000639	0.000639	0.000639	0.000639	0.000639	0.000639	0.000639	0.002876	0.000639	0.000639	0.002156	0.001757	0.004695	0.000639	0.000639	0.002352	0.009081	0.000639	0.000639	0.000639	0.000639	0.000639	0.000639	0.000639	0.000639	0.000639	0.000639	0.948940	
0.000591	0.000913	0.000591	0.000591	0.000591	0.000591	0.000591	0.000591	0.000591	0.000591	0.000591	0.000591	0.000591	0.000752	0.000591	0.000591	0.000591	0.000591	0.000591	0.000591	0.000591	0.000591	0.000591	0.000591	0.000591	0.000591	0.000591	0.000591	0.000591	0.000987	0.000591	0.000591	0.001689	0.000789	0.000794	0.000591	0.000591	0.003681	0.016701	0.000591	0.000591	0.000591	0.000591	0.000591	0.000591	0.000591	0.000591	0.000591	0.000591	0.949469	
0.000650	0.002075	0.000650	0.000650	0.000650	0.000650	0.000650	0.000650	0.000650	0.000650	0.000650	0.000650	0.000650	0.001362	0.000650	0.000650	0.000650	0.000650	0.000650	0.000650	0.000650	0.000650	0.000650	0.000650	0.000650	0.000650	0.000650	0.000650	0.000650	0.001069	0.000650	0.000650	0.002224	0.000860	0.000972	0.000650	0.000650	0.017713	0.003517	0.000650	0.000650	0.000650	0.000650	0.000650	0.000650	0.000650	0.000650	0.000650	0.000650	0.943563	
0.000624	0.001550	0.000624	0.000624	0.000624	0.000624	0.000624	0.000624	0.000624	0.000624	0.000624	0.000624	0.000624	0.001087	0.000624	0.000624	0.000624	0.000624	0.000624	0.000624	0.000624	0.000624	0.000624	0.000624	0.000624	0.000624	0.000624	0.000624	0.000624	0.000869	0.000624	0.000624	0.002888	0.000747	0.001599	0.000624	0.000624	0.004838	0.008748	0.000624	0.000624	0.000624	0.000624	0.000624	0.000624	0.000624	0.000624	0.000624	0.000624	0.952089	
0.000627	0.000972	0.000627	0.000627	0.000627	0.000627	0.000627	0.000627	0.000627	0.000627	0.000627	0.000627	0.000627	0.000799	0.000627	0.000627	0.000627	0.000627	0.000627	0.000627	0.000627	0.000627	0.000627	0.000627	0.000627	0.000627	0.000627	0.000627	0.000627	0.002141	0.000627	0.000627	0.001930	0.001384	0.000796	0.000627	0.000627	0.014311	0.010636	0.000627	0.000627	0.000627	0.000627	0.000627	0.000627	0.000627	0.000627	0.000627	0.000627	0.941313	
0.000635	0.003943	0.000635	0.000635	0.000635	0.000635	0.000635	0.000635	0.000635	0.000635	0.000635	0.000635	0.000635	0.002289	0.000635	0.000635	0.000635	0.000635	0.000635	0.000635	0.000635	0.000635	0.000635	0.000635	0.000635	0.000635	0.000635	0.000635	0.000635	0.001233	0.000635	0.000635	0.004299	0.000934	0.000820	0.000635	0.000635	0.002243	0.003798	0.000635	0.000635	0.000635	0.000635	0.000635	0.000635	0.000635	0.000635	0.000635	0.000635	0.954427	
0.000628	0.003156	0.000628	0.000628	0.000628	0.000628	0.000628	0.000628	0.000628	0.000628	0.000628	0.000628	0.000628	0.001892	0.000628	0.000628	0.000628	0.000628	0.000628	0.000628	0.000628	0.000628	0.000628	0.000628	0.000628	0.000628	0.000628	0.000628	0.000628	0.000932	0.000628	0.000628	0.004155	0.000780	0.000768	0.000628	0.000628	0.001605	0.005833	0.000628	0.000628	0.000628	0.000628	0.000628	0.000628	0.000628	0.000628	0.000628	0.000628	0.955135	
0.000604	0.007140	0.000604	0.000604	0.000604	0.000604	0.000604	0.000604	0.000604	0.000604	0.000604	0.000604	0.000604	0.003872	0.000604	0.000604	0.000604	0.000604	0.000604	0.000604	0.000604	0.000604	0.000604	0.000604	0.000604	0.000604	0.000604	0.000604	0.000604	0.001124	0.000604	0.000604	0.001457	0.000864	0.000855	0.000604	0.000604	0.002162	0.007057	0.000604	0.000604	0.000604	0.000604	0.000604	0.000604	0.000604	0.000604	0.000604	0.000604	0.950708	
0.000604	0.006870	0.000604	0.000604	0.000604	0.000604	0.000604	0.000604	0.000604	0.000604	0.000604	0.000604	0.000604	0.003737	0.000604	0.000604	0.000604	0.000604	0.000604	0.000604	0.000604	0.000604	0.000604	0.000604	0.000604	0.000604	0.000604	0.000604	0.000604	0.001106	0.000604	0.000604	0.001753	0.000855	0.000711	0.000604	0.000604	0.001560	0.007287	0.000604	0.000604	0.000604	0.000604	0.000604	0.000604	0.000604	0.000604	0.000604	0.000604	0.951371	
0.000617	0.005705	0.000617	0.000617	0.000617	0.000617	0.000617	0.000617	0.000617	0.000617	0.000617	0.000617	0.000617	0.003161	0.000617	0.000617	0.000617	0.000617	0.000617	0.000617	0.000617	0.000617	0.000617	0.000617	0.000617	0.000617	0.000617	0.000617	0.000617	0.001020	0.000617	0.000617	0.001643	0.000818	0.000808	0.000617	0.000617	0.006891	0.006025	0.000617	0.000617	0.000617	0.000617	0.000617	0.000617	0.000617	0.000617	0.000617	0.000617	0.948639	
0.000634	0.004242	0.000634	0.000634	0.000634	0.000634	0.000634	0.000634	0.000634	0.000634	0.000634	0.000634	0.000634	0.002438	0.000634	0.000634	0.000634	0.000634	0.000634	0.000634	0.000634	0.000634	0.000634	0.000634	0.000634	0.000634	0.000634	0.000634	0.000634	0.001138	0.000634	0.000634	0.002977	0.000886	0.002506	0.000634	0.000634	0.001277	0.004057	0.000634	0.000634	0.000634	0.000634	0.000634	0.000634	0.000634	0.000634	0.000634	0.000634	0.954465	
0.000629	0.004677	0.000629	0.000629	0.000629	0.000629	0.000629	0.000629	0.000629	0.000629	0.000629	0.000629	0.000629	0.002653	0.000629	0.000629	0.000629	0.000629	0.000629	0.000629	0.000629	0.000629	0.000629	0.000629	0.000629	0.000629	0.000629	0.000629	0.000629	0.001041	0.000629	0.000629	0.001996	0.000835	0.003126	0.000629	0.000629	0.001423	0.004739	0.000629	0.000629	0.000629	0.000629	0.000629	0.000629	0.000629	0.000629	0.000629	0.000629	0.953702	
0.000629	0.005032	0.000629	0.000629	0.000629	0.000629	0.000629	0.000629	0.000629	0.000629	0.000629	0.000629	0.000629	0.002830	0.000629	0.000629	0.000629	0.000629	0.000629	0.000629	0.000629	0.000629	0.000629	0.000629	0.000629	0.000629	0.000629	0.000629	0.000629	0.001042	0.000629	0.000629	0.001253	0.000835	0.003526	0.000629	0.000629	0.002447	0.004938	0.000629	0.000629	0.000629	0.000629	0.000629	0.000629	0.000629	0.000629	0.000629	0.000629	0.952328	
0.000630	0.000920	0.000630	0.000630	0.000630	0.000630	0.000630	0.000630	0.000630	0.000630	0.000630	0.000630	0.000630	0.000775	0.000630	0.000630	0.000630	0.000630	0.000630	0.000630	0.000630	0.000630	0.000630	0.000630	0.000630	0.000630	0.000630	0.000630	0.000630	0.011390	0.000630	0.000630	0.006359	0.006010	0.000739	0.000630	0.000630	0.001524	0.017421	0.000630	0.000630	0.000630	0.000630	0.000630	0.000630	0.000630	0.000630	0.000630	0.000630	0.929042	
0.000632	0.000893	0.000632	0.000632	0.000632	0.000632	0.000632	0.000632	0.000632	0.000632	0.000632	0.000632	0.000632	0.000763	0.000632	0.000632	0.000632	0.000632	0.000632	0.000632	0.000632	0.000632	0.000632	0.000632	0.000632	0.000632	0.000632	0.000632	0.000632	0.010705	0.000632	0.000632	0.006345	0.005668	0.000803	0.000632	0.000632	0.001606	0.016347	0.000632	0.000632	0.000632	0.000632	0.000632	0.000632	0.000632	0.000632	0.000632	0.000632	0.930965	
0.000633	0.000926	0.000633	0.000633	0.000633	0.000633	0.000633	0.000633	0.000633	0.000633	0.000633	0.000633	0.000633	0.000780	0.000633	0.000633	0.000633	0.000633	0.000633	0.000633	0.000633	0.000633	0.000633	0.000633	0.000633	0.000633	0.000633	0.000633	0.000633	0.007679	0.000633	0.000633	0.004602	0.004156	0.000805	0.000633	0.000633	0.007838	0.013801	0.000633	0.000633	0.000633	0.000633	0.000633	0.000633	0.000633	0.000633	0.000633	0.000633	0.933441	
0.000636	0.001039	0.000636	0.000636	0.000636	0.000636	0.000636	0.000636	0.000636	0.000636	0.000636	0.000636	0.000636	0.000838	0.000636	0.000636	0.000636	0.000636	0.000636	0.000636	0.000636	0.000636	0.000636	0.000636	0.000636	0.000636	0.000636	0.000636	0.000636	0.004187	0.000636	0.000636	0.005411	0.002411	0.000791	0.000636	0.000636	0.002488	0.009533	0.000636	0.000636	0.000636	0.000636	0.000636	0.000636	0.000636	0.000636	0.000636	0.000636	0.947237	
0.000642	0.001218	0.000642	0.000642	0.000642	0.000642	0.000642	0.000642	0.000642	0.000642	0.000642	0.000642	0.000642	0.000930	0.000642	0.000642	0.000642	0.000642	0.000642	0.000642	0.000642	0.000642	0.000642	0.000642	0.000642	0.000642	0.000642	0.000642	0.000642	0.001660	0.000642	0.000642	0.005341	0.001151	0.001134	0.000642	0.000642	0.002976	0.004585	0.000642	0.000642	0.000642	0.000642	0.000642	0.000642	0.000642	0.000642	0.000642	0.000642	0.954664	
0.000639	0.001366	0.000639	0.000639	0.000639	0.000639	0.000639	0.000639	0.000639	0.000639	0.000639	0.000639	0.000639	0.001003	0.000639	0.000639	0.000639	0.000639	0.000639	0.000639	0.000639	0.000639	0.000639	0.000639	0.000639	0.000639	0.000639	0.000639	0.000639	0.001699	0.000639	0.000639	0.004233	0.001169	0.000827	0.000639	0.000639	0.007294	0.006089	0.000639	0.000639	0.000639	0.000639	0.000639	0.000639	0.000639	0.000639	0.000639	0.000639	0.950106	
0.000631	0.000955	0.000631	0.000631	0.000631	0.000631	0.000631	0.000631	0.000631	0.000631	0.000631	0.000631	0.000631	0.000793	0.000631	0.000631	0.000631	0.000631	0.000631	0.000631	0.000631	0.000631	0.000631	0.000631	0.000631	0.000631	0.000631	0.000631	0.000631	0.000939	0.000631	0.000631	0.004951	0.000785	0.000773	0.000631	0.000631	0.002434	0.006549	0.000631	0.000631	0.000631	0.000631	0.000631	0.000631	0.000631	0.000631	0.000631	0.000631	0.955941	
0.000652	0.001003	0.000652	0.000652	0.000652	0.000652	0.000652	0.000652	0.000652	0.000652	0.000652	0.000652	0.000652	0.000827	0.000652	0.000652	0.000652	0.000652	0.000652	0.000652	0.000652	0.000652	0.000652	0.000652	0.000652	0.000652	0.000652	0.000652	0.000652	0.001049	0.000652	0.000652	0.004949	0.000850	0.000871	0.000652	0.000652	0.008441	0.002551	0.000652	0.000652	0.000652	0.000652	0.000652	0.000652	0.000652	0.000652	0.000652	0.000652	0.952724	
0.000636	0.001273	0.000636	0.000636	0.000636	0.000636	0.000636	0.000636	0.000636	0.000636	0.000636	0.000636	0.000636	0.000955	0.000636	0.000636	0.000636	0.000636	0.000636	0.000636	0.000636	0.000636	0.000636	0.000636	0.000636	0.000636	0.000636	0.000636	0.000636	0.001091	0.000636	0.000636	0.002167	0.000864	0.000762	0.000636	0.000636	0.015322	0.007243	0.000636	0.000636	0.000636	0.000636	0.000636	0.000636	0.000636	0.000636	0.000636	0.000636	0.944238	
