0	13	0	0	0	0	0	
0	12	0	0	0	17	0	
0	0	140	0	0	0	0	
0	0	16	0	0	0	0	
163	0	0	0	0	0	2	
0	28	0	0	0	0	0	
134	0	0	0	0	0	0	
25	0	0	0	0	0	0	
0	0	0	0	0	222	2	
1	0	24	0	3	0	147	
0	0	0	0	22	0	0	
0	0	0	0	0	0	0	
0	0	0	0	0	0	18	
0	0	0	173	1	0	0	
2	0	0	0	125	0	0	
0	0	0	0	0	0	64	
35	0	2	14	0	0	0	
44	37	0	0	26	0	1	
0	72	0	0	0	0	0	
0	0	10	0	0	100	0	
0	0	0	0	0	101	0	
0	0	0	0	0	0	0	
0	0	0	0	0	0	81	
0	0	0	0	0	0	44	
0	0	0	54	0	0	0	
0	0	0	0	0	0	0	
0	0	0	0	0	0	0	
2	32	0	180	141	34	0	
0	48	0	0	0	0	0	
171	0	0	0	0	0	0	
89	0	0	0	0	0	0	
0	0	0	0	93	0	0	
0	2	34	188	0	0	83	
0	0	52	0	0	0	0	
0	0	0	0	0	0	98	
0	50	0	0	0	0	0	
0	0	150	0	0	6	0	
0	22	0	0	0	0	0	
0	0	0	39	0	37	55	
0	0	0	0	115	0	87	
1	52	0	37	0	0	0	
0	0	141	0	0	0	0	
0	0	2	32	0	47	55	
0	0	0	0	0	0	18	
0	41	0	63	2	0	0	
0	0	52	0	0	0	0	
0	0	3	0	134	0	0	
0	26	0	0	0	0	0	
0	0	0	31	0	0	0	
0	99	0	0	0	0	108	
