37
37
37
37
37
37
37
37
37
37
37
37
37
37
37
37
37
37
37
37
37
11
11
11
11
11
11
11
11
11
11
11
11
11
11
11
11
7
7
7
7
7
7
7
7
7
7
7
7
7
7
7
7
7
24
24
24
24
24
24
24
24
24
24
24
24
24
24
24
24
24
28
28
28
28
28
28
28
28
28
28
28
28
28
28
28
28
28
28
28
28
28
15
15
15
15
15
15
15
15
15
15
15
15
15
15
15
15
15
15
15
15
11
11
11
11
11
11
11
11
11
11
17
17
17
17
17
17
17
17
17
17
39
39
39
39
39
39
39
39
39
39
39
39
39
39
39
39
39
39
43
43
43
43
43
43
43
43
43
43
43
43
43
28
28
28
28
28
28
28
28
28
28
28
28
28
28
28
28
28
28
28
28
24
24
24
24
24
24
24
24
9
9
9
9
9
9
9
9
9
39
39
39
39
39
39
39
39
39
39
39
39
39
39
39
39
39
39
39
39
39
39
39
