0	0	0	0	0	0	83	
0	0	0	1	2	113	0	
1	4	0	0	26	0	34	
18	0	56	15	0	0	0	
89	0	7	0	41	2	1	
0	62	64	1	34	0	0	
0	0	0	0	1	42	0	
0	73	0	3	0	0	0	
0	0	58	0	0	0	0	
0	66	0	0	0	76	0	
8	0	0	0	0	0	1	
30	0	0	0	59	0	0	
0	0	0	0	0	0	270	
59	0	0	0	0	0	0	
25	0	0	0	0	0	27	
0	16	0	0	0	0	0	
0	0	53	0	0	0	0	
77	0	0	0	0	0	0	
35	49	121	0	0	0	0	
73	0	0	2	0	16	0	
0	0	0	0	0	0	26	
59	0	0	0	61	0	0	
0	0	0	0	0	0	57	
0	0	0	0	8	0	0	
0	0	14	0	0	0	44	
49	0	0	0	0	0	0	
0	42	0	0	27	0	0	
6	0	0	0	0	0	0	
134	0	34	0	0	47	49	
0	0	0	184	0	0	0	
48	0	0	96	0	0	0	
1	0	0	230	0	0	1	
0	0	0	0	0	8	0	
0	0	0	0	0	12	0	
4	0	0	3	0	0	0	
0	0	22	0	0	0	0	
26	46	0	0	80	116	0	
0	52	0	103	1	0	14	
0	0	0	0	0	0	0	
0	0	95	0	0	36	0	
0	53	2	14	1	0	0	
0	0	205	0	0	0	0	
0	0	0	0	6	2	0	
2	0	0	0	0	73	0	
0	0	0	0	18	0	0	
10	0	0	0	0	0	0	
0	0	1	0	0	76	1	
0	157	20	2	0	1	0	
0	0	0	0	95	18	0	
0	1	0	1	150	0	0	
