0.000754	0.001394	0.000754	0.000754	0.000754	0.000754	0.000754	0.000754	0.000754	0.000754	0.000754	0.000754	0.000754	0.000871	0.000754	0.000754	0.000754	0.000754	0.000754	0.000754	0.000754	0.000754	0.000754	0.000754	0.000754	0.000754	0.000754	0.000754	0.000754	0.001238	0.000754	0.000754	0.001118	0.000996	0.000866	0.000754	0.000754	0.032442	0.002357	0.000754	0.000754	0.000754	0.000754	0.000754	0.000754	0.000754	0.000754	0.000754	0.000754	0.927813	
0.000605	0.001214	0.000605	0.000605	0.000605	0.000605	0.000605	0.000605	0.000605	0.000605	0.000605	0.000605	0.000605	0.000787	0.000605	0.000605	0.000605	0.000605	0.000605	0.000605	0.000605	0.000605	0.000605	0.000605	0.000605	0.000605	0.000605	0.000605	0.000605	0.001510	0.000605	0.000605	0.002503	0.001058	0.000877	0.000605	0.000605	0.003036	0.008774	0.000605	0.000605	0.000605	0.000605	0.000605	0.000605	0.000605	0.000605	0.000605	0.000605	0.955441	
0.000621	0.001774	0.000621	0.000621	0.000621	0.000621	0.000621	0.000621	0.000621	0.000621	0.000621	0.000621	0.000621	0.000792	0.000621	0.000621	0.000621	0.000621	0.000621	0.000621	0.000621	0.000621	0.000621	0.000621	0.000621	0.000621	0.000621	0.000621	0.000621	0.001080	0.000621	0.000621	0.001957	0.000851	0.000880	0.000621	0.000621	0.002419	0.009680	0.000621	0.000621	0.000621	0.000621	0.000621	0.000621	0.000621	0.000621	0.000621	0.000621	0.955103	
0.000629	0.000988	0.000629	0.000629	0.000629	0.000629	0.000629	0.000629	0.000629	0.000629	0.000629	0.000629	0.000629	0.001720	0.000629	0.000629	0.000629	0.000629	0.000629	0.000629	0.000629	0.000629	0.000629	0.000629	0.000629	0.000629	0.000629	0.000629	0.000629	0.001338	0.000629	0.000629	0.003190	0.000984	0.001311	0.000629	0.000629	0.012028	0.004755	0.000629	0.000629	0.000629	0.000629	0.000629	0.000629	0.000629	0.000629	0.000629	0.000629	0.947886	
0.000675	0.003853	0.000675	0.000675	0.000675	0.000675	0.000675	0.000675	0.000675	0.000675	0.000675	0.000675	0.000675	0.001018	0.000675	0.000675	0.000675	0.000675	0.000675	0.000675	0.000675	0.000675	0.000675	0.000675	0.000675	0.000675	0.000675	0.000675	0.000675	0.001342	0.000675	0.000675	0.004052	0.001009	0.002079	0.000675	0.000675	0.009176	0.007509	0.000675	0.000675	0.000675	0.000675	0.000675	0.000675	0.000675	0.000675	0.000675	0.000675	0.942291	
0.000652	0.001331	0.000652	0.000652	0.000652	0.000652	0.000652	0.000652	0.000652	0.000652	0.000652	0.000652	0.000652	0.000911	0.000652	0.000652	0.000652	0.000652	0.000652	0.000652	0.000652	0.000652	0.000652	0.000652	0.000652	0.000652	0.000652	0.000652	0.000652	0.001363	0.000652	0.000652	0.004451	0.001007	0.002095	0.000652	0.000652	0.010501	0.008532	0.000652	0.000652	0.000652	0.000652	0.000652	0.000652	0.000652	0.000652	0.000652	0.000652	0.943073	
0.000697	0.004600	0.000697	0.000697	0.000697	0.000697	0.000697	0.000697	0.000697	0.000697	0.000697	0.000697	0.000697	0.000864	0.000697	0.000697	0.000697	0.000697	0.000697	0.000697	0.000697	0.000697	0.000697	0.000697	0.000697	0.000697	0.000697	0.000697	0.000697	0.001019	0.000697	0.000697	0.004017	0.000858	0.002048	0.000697	0.000697	0.013302	0.005623	0.000697	0.000697	0.000697	0.000697	0.000697	0.000697	0.000697	0.000697	0.000697	0.000697	0.939113	
0.000576	0.003404	0.000576	0.000576	0.000576	0.000576	0.000576	0.000576	0.000576	0.000576	0.000576	0.000576	0.000576	0.001370	0.000576	0.000576	0.000576	0.000576	0.000576	0.000576	0.000576	0.000576	0.000576	0.000576	0.000576	0.000576	0.000576	0.000576	0.000576	0.001252	0.000576	0.000576	0.003522	0.000914	0.000815	0.000576	0.000576	0.002436	0.002577	0.000576	0.000576	0.000576	0.000576	0.000576	0.000576	0.000576	0.000576	0.000576	0.000576	0.960088	
0.000527	0.000996	0.000527	0.000527	0.000527	0.000527	0.000527	0.000527	0.000527	0.000527	0.000527	0.000527	0.000527	0.001783	0.000527	0.000527	0.000527	0.000527	0.000527	0.000527	0.000527	0.000527	0.000527	0.000527	0.000527	0.000527	0.000527	0.000527	0.000527	0.000822	0.000527	0.000527	0.003932	0.000674	0.000672	0.000527	0.000527	0.001755	0.001653	0.000527	0.000527	0.000527	0.000527	0.000527	0.000527	0.000527	0.000527	0.000527	0.000527	0.966119	
0.000630	0.004521	0.000630	0.000630	0.000630	0.000630	0.000630	0.000630	0.000630	0.000630	0.000630	0.000630	0.000630	0.003236	0.000630	0.000630	0.000630	0.000630	0.000630	0.000630	0.000630	0.000630	0.000630	0.000630	0.000630	0.000630	0.000630	0.000630	0.000630	0.001226	0.000630	0.000630	0.001686	0.000928	0.001086	0.000630	0.000630	0.003875	0.003296	0.000630	0.000630	0.000630	0.000630	0.000630	0.000630	0.000630	0.000630	0.000630	0.000630	0.954316	
0.000580	0.002134	0.000580	0.000580	0.000580	0.000580	0.000580	0.000580	0.000580	0.000580	0.000580	0.000580	0.000580	0.003463	0.000580	0.000580	0.000580	0.000580	0.000580	0.000580	0.000580	0.000580	0.000580	0.000580	0.000580	0.000580	0.000580	0.000580	0.000580	0.001031	0.000580	0.000580	0.001985	0.000806	0.000818	0.000580	0.000580	0.003357	0.002361	0.000580	0.000580	0.000580	0.000580	0.000580	0.000580	0.000580	0.000580	0.000580	0.000580	0.960253	
0.000620	0.005224	0.000620	0.000620	0.000620	0.000620	0.000620	0.000620	0.000620	0.000620	0.000620	0.000620	0.000620	0.003583	0.000620	0.000620	0.000620	0.000620	0.000620	0.000620	0.000620	0.000620	0.000620	0.000620	0.000620	0.000620	0.000620	0.000620	0.000620	0.001022	0.000620	0.000620	0.001190	0.000821	0.000851	0.000620	0.000620	0.001685	0.002287	0.000620	0.000620	0.000620	0.000620	0.000620	0.000620	0.000620	0.000620	0.000620	0.000620	0.957906	
0.000634	0.003172	0.000634	0.000634	0.000634	0.000634	0.000634	0.000634	0.000634	0.000634	0.000634	0.000634	0.000634	0.000937	0.000634	0.000634	0.000634	0.000634	0.000634	0.000634	0.000634	0.000634	0.000634	0.000634	0.000634	0.000634	0.000634	0.000634	0.000634	0.001078	0.000634	0.000634	0.002927	0.000856	0.001148	0.000634	0.000634	0.006461	0.006035	0.000634	0.000634	0.000634	0.000634	0.000634	0.000634	0.000634	0.000634	0.000634	0.000634	0.951406	
0.000619	0.003008	0.000619	0.000619	0.000619	0.000619	0.000619	0.000619	0.000619	0.000619	0.000619	0.000619	0.000619	0.001109	0.000619	0.000619	0.000619	0.000619	0.000619	0.000619	0.000619	0.000619	0.000619	0.000619	0.000619	0.000619	0.000619	0.000619	0.000619	0.000937	0.000619	0.000619	0.003115	0.000778	0.001316	0.000619	0.000619	0.002441	0.007557	0.000619	0.000619	0.000619	0.000619	0.000619	0.000619	0.000619	0.000619	0.000619	0.000619	0.954351	
0.000640	0.003992	0.000640	0.000640	0.000640	0.000640	0.000640	0.000640	0.000640	0.000640	0.000640	0.000640	0.000640	0.001652	0.000640	0.000640	0.000640	0.000640	0.000640	0.000640	0.000640	0.000640	0.000640	0.000640	0.000640	0.000640	0.000640	0.000640	0.000640	0.001339	0.000640	0.000640	0.001238	0.000989	0.000813	0.000640	0.000640	0.001931	0.007562	0.000640	0.000640	0.000640	0.000640	0.000640	0.000640	0.000640	0.000640	0.000640	0.000640	0.954254	
0.000670	0.001210	0.000670	0.000670	0.000670	0.000670	0.000670	0.000670	0.000670	0.000670	0.000670	0.000670	0.000670	0.000878	0.000670	0.000670	0.000670	0.000670	0.000670	0.000670	0.000670	0.000670	0.000670	0.000670	0.000670	0.000670	0.000670	0.000670	0.000670	0.011505	0.000670	0.000670	0.001334	0.006087	0.000943	0.000670	0.000670	0.001804	0.018108	0.000670	0.000670	0.000670	0.000670	0.000670	0.000670	0.000670	0.000670	0.000670	0.000670	0.930671	
0.000642	0.001117	0.000642	0.000642	0.000642	0.000642	0.000642	0.000642	0.000642	0.000642	0.000642	0.000642	0.000642	0.000775	0.000642	0.000642	0.000642	0.000642	0.000642	0.000642	0.000642	0.000642	0.000642	0.000642	0.000642	0.000642	0.000642	0.000642	0.000642	0.007126	0.000642	0.000642	0.003908	0.003884	0.001839	0.000642	0.000642	0.002831	0.014571	0.000642	0.000642	0.000642	0.000642	0.000642	0.000642	0.000642	0.000642	0.000642	0.000642	0.937607	
0.000672	0.001469	0.000672	0.000672	0.000672	0.000672	0.000672	0.000672	0.000672	0.000672	0.000672	0.000672	0.000672	0.001182	0.000672	0.000672	0.000672	0.000672	0.000672	0.000672	0.000672	0.000672	0.000672	0.000672	0.000672	0.000672	0.000672	0.000672	0.000672	0.009045	0.000672	0.000672	0.001333	0.004859	0.000932	0.000672	0.000672	0.005580	0.014499	0.000672	0.000672	0.000672	0.000672	0.000672	0.000672	0.000672	0.000672	0.000672	0.000672	0.933540	
0.000613	0.001047	0.000613	0.000613	0.000613	0.000613	0.000613	0.000613	0.000613	0.000613	0.000613	0.000613	0.000613	0.003124	0.000613	0.000613	0.000613	0.000613	0.000613	0.000613	0.000613	0.000613	0.000613	0.000613	0.000613	0.000613	0.000613	0.000613	0.000613	0.006017	0.000613	0.000613	0.000967	0.003315	0.000743	0.000613	0.000613	0.001935	0.009534	0.000613	0.000613	0.000613	0.000613	0.000613	0.000613	0.000613	0.000613	0.000613	0.000613	0.948184	
0.000652	0.005739	0.000652	0.000652	0.000652	0.000652	0.000652	0.000652	0.000652	0.000652	0.000652	0.000652	0.000652	0.001156	0.000652	0.000652	0.000652	0.000652	0.000652	0.000652	0.000652	0.000652	0.000652	0.000652	0.000652	0.000652	0.000652	0.000652	0.000652	0.001718	0.000652	0.000652	0.004754	0.001185	0.002257	0.000652	0.000652	0.001874	0.007461	0.000652	0.000652	0.000652	0.000652	0.000652	0.000652	0.000652	0.000652	0.000652	0.000652	0.947128	
0.000619	0.003023	0.000619	0.000619	0.000619	0.000619	0.000619	0.000619	0.000619	0.000619	0.000619	0.000619	0.000619	0.001866	0.000619	0.000619	0.000619	0.000619	0.000619	0.000619	0.000619	0.000619	0.000619	0.000619	0.000619	0.000619	0.000619	0.000619	0.000619	0.002763	0.000619	0.000619	0.004156	0.001691	0.001933	0.000619	0.000619	0.001663	0.008261	0.000619	0.000619	0.000619	0.000619	0.000619	0.000619	0.000619	0.000619	0.000619	0.000619	0.949246	
0.000628	0.000996	0.000628	0.000628	0.000628	0.000628	0.000628	0.000628	0.000628	0.000628	0.000628	0.000628	0.000628	0.000971	0.000628	0.000628	0.000628	0.000628	0.000628	0.000628	0.000628	0.000628	0.000628	0.000628	0.000628	0.000628	0.000628	0.000628	0.000628	0.000896	0.000628	0.000628	0.010303	0.000762	0.005000	0.000628	0.000628	0.001685	0.014361	0.000628	0.000628	0.000628	0.000628	0.000628	0.000628	0.000628	0.000628	0.000628	0.000628	0.939261	
0.000667	0.002475	0.000667	0.000667	0.000667	0.000667	0.000667	0.000667	0.000667	0.000667	0.000667	0.000667	0.000667	0.000917	0.000667	0.000667	0.000667	0.000667	0.000667	0.000667	0.000667	0.000667	0.000667	0.000667	0.000667	0.000667	0.000667	0.000667	0.000667	0.001161	0.000667	0.000667	0.009030	0.000914	0.004760	0.000667	0.000667	0.002851	0.014815	0.000667	0.000667	0.000667	0.000667	0.000667	0.000667	0.000667	0.000667	0.000667	0.000667	0.935722	
0.000568	0.001036	0.000568	0.000568	0.000568	0.000568	0.000568	0.000568	0.000568	0.000568	0.000568	0.000568	0.000568	0.001228	0.000568	0.000568	0.000568	0.000568	0.000568	0.000568	0.000568	0.000568	0.000568	0.000568	0.000568	0.000568	0.000568	0.000568	0.000568	0.000863	0.000568	0.000568	0.006360	0.000715	0.002304	0.000568	0.000568	0.001513	0.007005	0.000568	0.000568	0.000568	0.000568	0.000568	0.000568	0.000568	0.000568	0.000568	0.000568	0.955696	
