0.012452	0.049078	0.075102	0.024900	0.004851	0.012754	0.016825	0.016361	0.010677	0.042416	0.010770	0.006671	0.007347	0.002931	0.003445	0.006473	0.003299	0.013551	0.000629	0.010196	0.001309	0.044730	0.002458	0.059479	0.007941	0.013087	0.005312	0.000925	0.004654	0.026488	0.000157	0.028169	0.005602	0.010285	0.005692	0.004134	0.002599	0.001339	0.038641	0.015363	0.017260	0.173336	0.061844	0.002760	0.051443	0.041776	0.010285	0.002820	0.027278	0.002105	
0.006715	0.047134	0.078806	0.013763	0.004183	0.014205	0.007805	0.014776	0.011350	0.038205	0.010076	0.003711	0.002180	0.002536	0.003655	0.014950	0.007861	0.006016	0.001266	0.002982	0.001146	0.051953	0.002606	0.054493	0.008838	0.003820	0.001608	0.000816	0.010734	0.023913	0.000157	0.072320	0.009742	0.009294	0.005888	0.006627	0.000844	0.001280	0.034877	0.021735	0.018308	0.156397	0.057948	0.003240	0.055826	0.046530	0.009294	0.003127	0.029013	0.005452	
0.013943	0.037480	0.075478	0.008742	0.010600	0.022014	0.005234	0.015322	0.004839	0.041969	0.015989	0.007731	0.002049	0.006327	0.001618	0.012289	0.006070	0.010800	0.001059	0.002799	0.002718	0.051889	0.001179	0.058585	0.013661	0.003645	0.001512	0.001863	0.008784	0.024803	0.000154	0.050083	0.011261	0.009634	0.003986	0.004586	0.000797	0.002762	0.036179	0.027228	0.031591	0.162266	0.065920	0.004698	0.044527	0.043061	0.009634	0.004775	0.012233	0.003634	
0.064514	0.006711	0.029340	0.007775	0.054474	0.010260	0.005188	0.000940	0.003118	0.022397	0.077151	0.035805	0.002358	0.032246	0.001069	0.058581	0.024878	0.045141	0.004493	0.003237	0.013475	0.030817	0.000790	0.006112	0.006392	0.004611	0.001730	0.009029	0.041674	0.001442	0.000138	0.110910	0.055138	0.000640	0.010380	0.010615	0.000892	0.013651	0.002044	0.043856	0.052494	0.008714	0.010761	0.003453	0.028883	0.022538	0.000640	0.002278	0.007822	0.008405	
0.055906	0.018059	0.028442	0.007561	0.047271	0.010641	0.004813	0.006119	0.003915	0.032652	0.072516	0.031040	0.001991	0.027991	0.001321	0.068821	0.025404	0.039073	0.005270	0.002724	0.011709	0.020233	0.000967	0.024072	0.006629	0.003886	0.001468	0.007853	0.049062	0.009855	0.000141	0.015117	0.056747	0.003877	0.009563	0.002781	0.000770	0.012070	0.014339	0.050337	0.047399	0.064030	0.027561	0.003768	0.031045	0.016011	0.003877	0.002361	0.009871	0.001069	
0.078098	0.020732	0.023499	0.014768	0.065884	0.006605	0.008916	0.001604	0.010824	0.028310	0.081825	0.043328	0.002892	0.038988	0.003477	0.033905	0.014632	0.054684	0.002630	0.003984	0.016275	0.022246	0.002475	0.007213	0.004134	0.005674	0.002113	0.010896	0.023912	0.002521	0.000137	0.073584	0.047712	0.001054	0.015738	0.007317	0.001073	0.016061	0.003622	0.025776	0.057285	0.015817	0.009967	0.002166	0.032387	0.017386	0.001054	0.001504	0.027689	0.005627	
0.123216	0.007834	0.004843	0.009283	0.105419	0.007010	0.006201	0.000621	0.004166	0.040611	0.116719	0.068396	0.002704	0.062344	0.001388	0.011609	0.004327	0.084993	0.000916	0.003726	0.025970	0.007109	0.001009	0.003850	0.004379	0.005706	0.001974	0.017355	0.007671	0.000931	0.000125	0.012531	0.054331	0.000435	0.019186	0.001844	0.001001	0.025134	0.001303	0.012662	0.087920	0.005426	0.007192	0.001712	0.009957	0.003442	0.000435	0.001580	0.010543	0.000961	
0.008625	0.007853	0.096224	0.016450	0.002648	0.006606	0.011962	0.000890	0.003910	0.002923	0.008668	0.004603	0.005988	0.001627	0.001327	0.009431	0.016631	0.010007	0.000849	0.008300	0.000766	0.090776	0.000975	0.004574	0.004141	0.010635	0.004337	0.000562	0.006787	0.001350	0.000153	0.391160	0.007209	0.000614	0.002264	0.033917	0.002135	0.000850	0.001902	0.011540	0.008983	0.008021	0.007641	0.001627	0.053846	0.075804	0.000614	0.001518	0.009837	0.029943	
0.034297	0.008010	0.044999	0.036946	0.017445	0.003890	0.028234	0.000901	0.003994	0.008479	0.045896	0.018464	0.015046	0.010369	0.001350	0.063613	0.029075	0.033753	0.004905	0.020949	0.004393	0.042046	0.000989	0.004170	0.002460	0.027009	0.010829	0.002978	0.045524	0.001373	0.000148	0.176207	0.040904	0.000619	0.004721	0.019316	0.005207	0.004968	0.001938	0.041248	0.017373	0.008205	0.005533	0.002342	0.038699	0.035068	0.000619	0.000939	0.010065	0.013496	
0.062891	0.006796	0.007437	0.117211	0.012423	0.006344	0.091915	0.000961	0.003176	0.006761	0.048969	0.032776	0.050735	0.007400	0.001092	0.032268	0.012342	0.078359	0.002550	0.070781	0.003159	0.008532	0.000808	0.004899	0.003975	0.090937	0.036417	0.002154	0.023090	0.001471	0.000145	0.017755	0.022170	0.000655	0.003527	0.014433	0.017327	0.003417	0.002083	0.024849	0.016174	0.008865	0.007685	0.002095	0.013638	0.005115	0.000655	0.001455	0.007958	0.001370	
0.062022	0.006212	0.016004	0.134895	0.005045	0.003767	0.106006	0.000756	0.003078	0.003495	0.037061	0.031947	0.058617	0.003041	0.001063	0.006333	0.004254	0.083363	0.000608	0.081785	0.001349	0.015497	0.000788	0.003306	0.002384	0.104997	0.042069	0.000948	0.004549	0.001137	0.000147	0.056550	0.005712	0.000527	0.002277	0.019188	0.020005	0.001375	0.001593	0.007100	0.007773	0.006657	0.004973	0.000995	0.013052	0.012156	0.000527	0.000912	0.007705	0.004399	
0.044591	0.013747	0.007867	0.088367	0.008408	0.006804	0.067982	0.000782	0.007584	0.004812	0.051294	0.023238	0.036501	0.005029	0.002472	0.076602	0.028670	0.055916	0.005887	0.050905	0.002175	0.009517	0.001774	0.004664	0.004261	0.065384	0.026212	0.001499	0.054893	0.001178	0.000148	0.023392	0.042893	0.000544	0.004869	0.012128	0.012494	0.002983	0.001654	0.051683	0.013599	0.006927	0.007473	0.003213	0.028007	0.005801	0.000544	0.001555	0.019319	0.001758	
0.009813	0.103075	0.034897	0.058816	0.004097	0.007250	0.031487	0.001535	0.060661	0.005057	0.009521	0.005289	0.005510	0.002488	0.019069	0.008048	0.007099	0.010466	0.000754	0.007628	0.001130	0.033276	0.013398	0.006938	0.004542	0.009782	0.003997	0.000808	0.005789	0.002392	0.000164	0.122824	0.006350	0.001021	0.028220	0.011618	0.001980	0.001184	0.003420	0.011289	0.010772	0.014814	0.010179	0.001728	0.103468	0.028116	0.001021	0.001662	0.156131	0.009429	
0.007329	0.090542	0.024328	0.050178	0.003233	0.012466	0.026219	0.000949	0.053749	0.003275	0.019718	0.003977	0.003955	0.001976	0.016908	0.046187	0.019848	0.007688	0.003618	0.005458	0.000916	0.027357	0.011884	0.006636	0.007765	0.006989	0.002882	0.000664	0.033131	0.001442	0.000162	0.090375	0.025250	0.000654	0.024946	0.009097	0.001450	0.001419	0.002032	0.038751	0.015711	0.008578	0.012475	0.003626	0.095479	0.020157	0.000654	0.002763	0.138317	0.006835	
0.018544	0.108227	0.007709	0.063728	0.010876	0.005789	0.034546	0.001197	0.064171	0.006741	0.028491	0.010095	0.006512	0.006493	0.020165	0.044147	0.016589	0.017067	0.003460	0.009027	0.002792	0.008067	0.014164	0.005573	0.003639	0.011640	0.004715	0.001915	0.031619	0.001843	0.000162	0.014977	0.027494	0.000809	0.030919	0.003571	0.002319	0.003202	0.002619	0.031415	0.014382	0.011217	0.007943	0.002275	0.101643	0.006994	0.000809	0.001352	0.165185	0.001172	
0.005220	0.014597	0.020537	0.010797	0.003310	0.119980	0.004414	0.003365	0.004513	0.009378	0.006834	0.002897	0.001650	0.002014	0.001509	0.008359	0.004070	0.004637	0.000759	0.002247	0.000921	0.075126	0.001099	0.045365	0.074189	0.002872	0.001224	0.000662	0.006012	0.005379	0.000143	0.051714	0.005862	0.002157	0.002642	0.002975	0.000655	0.000986	0.007795	0.114137	0.131166	0.034576	0.105892	0.023715	0.017463	0.012855	0.002157	0.025475	0.011409	0.002291	
0.007421	0.038068	0.021937	0.021945	0.004910	0.095000	0.010311	0.003207	0.019000	0.009569	0.007966	0.004105	0.002038	0.002962	0.006039	0.005928	0.003477	0.006395	0.000579	0.002787	0.001317	0.063734	0.004272	0.037685	0.058756	0.003579	0.001503	0.000927	0.004260	0.005118	0.000148	0.055577	0.005387	0.002060	0.009469	0.003754	0.000790	0.001340	0.007412	0.089933	0.105577	0.032834	0.085470	0.018789	0.038085	0.014606	0.002060	0.020198	0.048749	0.002966	
0.023421	0.008410	0.007134	0.027566	0.012671	0.113865	0.018046	0.000890	0.003697	0.006686	0.019972	0.012665	0.009416	0.007545	0.001252	0.005949	0.002750	0.022426	0.000568	0.013092	0.003216	0.064327	0.000918	0.035113	0.070409	0.016882	0.006791	0.002190	0.004222	0.001359	0.000140	0.038350	0.008896	0.000609	0.003802	0.003831	0.003290	0.003168	0.001922	0.107085	0.131756	0.008158	0.093142	0.022462	0.009518	0.004964	0.000609	0.024179	0.009312	0.001359	
0.034022	0.006202	0.012756	0.059731	0.009175	0.078268	0.044765	0.001071	0.002331	0.005831	0.024360	0.017888	0.024598	0.005480	0.000826	0.007116	0.003874	0.040345	0.000660	0.034288	0.002359	0.050650	0.000621	0.025606	0.048415	0.044061	0.017677	0.001620	0.005082	0.001652	0.000142	0.051795	0.007947	0.000723	0.002612	0.009260	0.008448	0.002357	0.002348	0.075384	0.090883	0.010070	0.065350	0.015546	0.010534	0.009189	0.000723	0.016657	0.005784	0.002920	
0.008380	0.007722	0.011537	0.009000	0.005770	0.053193	0.004852	0.000585	0.003947	0.003338	0.046873	0.004639	0.002009	0.003469	0.001334	0.127692	0.047919	0.007023	0.009727	0.002748	0.001527	0.037420	0.000978	0.017484	0.032923	0.003537	0.001482	0.001067	0.091530	0.000858	0.000146	0.051915	0.067728	0.000420	0.002789	0.006112	0.000779	0.002949	0.001187	0.124356	0.061369	0.004829	0.043808	0.013445	0.033855	0.008825	0.000420	0.011360	0.009946	0.003200	
0.021170	0.015783	0.022825	0.035343	0.007961	0.017642	0.025557	0.001203	0.008269	0.005696	0.048161	0.011275	0.012696	0.004765	0.002687	0.106941	0.041579	0.023230	0.008169	0.017667	0.002067	0.028156	0.001926	0.009367	0.010958	0.022709	0.009145	0.001428	0.076642	0.001862	0.000149	0.081079	0.058290	0.000808	0.005107	0.011376	0.004410	0.003229	0.002653	0.079616	0.024887	0.011415	0.017447	0.006030	0.041665	0.017238	0.000808	0.003847	0.021084	0.005981	
0.056128	0.023631	0.026481	0.012624	0.047266	0.005562	0.007441	0.003778	0.010044	0.026797	0.072414	0.031154	0.002229	0.027988	0.003237	0.068123	0.026277	0.039391	0.005219	0.003056	0.011709	0.020282	0.002308	0.014574	0.003491	0.004311	0.001638	0.007854	0.048561	0.006051	0.000142	0.047615	0.056492	0.002415	0.012340	0.005594	0.000851	0.012062	0.008778	0.045296	0.041944	0.039002	0.016050	0.002762	0.038747	0.017285	0.002415	0.001288	0.025671	0.003631	
0.051227	0.053049	0.031323	0.030280	0.040658	0.004710	0.017768	0.006241	0.024938	0.030480	0.053750	0.028311	0.005008	0.024086	0.007895	0.026269	0.010271	0.038053	0.002083	0.006934	0.010091	0.019580	0.005571	0.022540	0.002967	0.009228	0.003633	0.006777	0.018607	0.010049	0.000148	0.023466	0.032097	0.003956	0.018010	0.003614	0.001799	0.010021	0.014619	0.019634	0.035978	0.065268	0.023204	0.001634	0.054381	0.018828	0.003956	0.001112	0.064059	0.001840	
0.087195	0.006065	0.022501	0.017519	0.070703	0.013571	0.012810	0.000572	0.003135	0.027535	0.085098	0.048216	0.006604	0.041834	0.001071	0.021942	0.010733	0.063455	0.001724	0.009168	0.017455	0.026928	0.000790	0.005589	0.008437	0.012373	0.004773	0.011681	0.015305	0.000847	0.000133	0.088947	0.043882	0.000408	0.013041	0.009184	0.002331	0.017058	0.001176	0.024972	0.068445	0.004827	0.012240	0.003245	0.019014	0.017511	0.000408	0.002974	0.007872	0.006704	
