0.735475	0.000879	0.015246	0.000748	0.034589	0.005551	0.067473	0.019569	0.017443	0.060309	0.004090	0.006500	0.014729	0.011596	0.005802	
0.451428	0.004143	0.103178	0.003039	0.032452	0.022377	0.035335	0.107150	0.027719	0.084703	0.012680	0.013208	0.042954	0.054831	0.004804	
0.444955	0.002721	0.094598	0.002021	0.037049	0.016406	0.024514	0.129307	0.027991	0.099962	0.015672	0.011904	0.048525	0.039085	0.005290	
0.441016	0.004929	0.095434	0.003607	0.015993	0.030540	0.060427	0.034524	0.069310	0.050963	0.025452	0.027662	0.020569	0.076414	0.043159	
0.403167	0.002222	0.068349	0.001672	0.019669	0.021317	0.079254	0.050533	0.128241	0.053731	0.020238	0.043867	0.027571	0.050505	0.029666	
0.426600	0.002901	0.079791	0.002154	0.024414	0.018214	0.070960	0.075875	0.092254	0.067726	0.016198	0.032621	0.029286	0.045040	0.015964	
0.307301	0.002248	0.080088	0.001688	0.017552	0.034231	0.105400	0.024010	0.212500	0.022945	0.005524	0.071754	0.027582	0.080624	0.006554	
0.344226	0.007539	0.145321	0.005466	0.018539	0.055853	0.053994	0.027444	0.093402	0.024833	0.004715	0.039033	0.035288	0.136472	0.007877	
0.357285	0.010044	0.164535	0.007251	0.008327	0.056231	0.070318	0.009355	0.069090	0.020517	0.012851	0.033040	0.012545	0.144966	0.023644	
0.236231	0.000726	0.103094	0.000603	0.027315	0.055210	0.027418	0.020422	0.210978	0.029421	0.015395	0.072107	0.048486	0.125334	0.027260	
0.238314	0.002914	0.122247	0.002163	0.022809	0.059008	0.038173	0.014702	0.193079	0.022546	0.012834	0.068133	0.041660	0.138090	0.023330	
0.261560	0.000773	0.096951	0.000638	0.025164	0.051997	0.028526	0.015949	0.198614	0.031794	0.020409	0.067947	0.043838	0.118364	0.037477	
0.468180	0.004575	0.099400	0.003352	0.026872	0.023708	0.060568	0.072336	0.051355	0.066765	0.010109	0.021180	0.025995	0.060901	0.004703	
0.431404	0.004216	0.108359	0.003090	0.029912	0.024890	0.039922	0.093863	0.044412	0.079382	0.014857	0.018846	0.034610	0.062793	0.009446	
0.307632	0.000725	0.101471	0.000596	0.037107	0.036416	0.015048	0.089759	0.133457	0.071669	0.013796	0.045887	0.054909	0.082415	0.009113	
0.503335	0.000841	0.020527	0.000699	0.040380	0.015600	0.016282	0.145638	0.021314	0.080659	0.004567	0.007684	0.124652	0.011139	0.006682	
0.466351	0.003177	0.057681	0.002359	0.022812	0.020186	0.051064	0.081136	0.052509	0.064730	0.021268	0.019971	0.060580	0.039849	0.036327	
0.504818	0.000762	0.019507	0.000642	0.034176	0.014715	0.017414	0.122998	0.025546	0.079954	0.017793	0.009035	0.107283	0.012536	0.032821	
0.549209	0.000808	0.021838	0.000677	0.007103	0.007731	0.024827	0.016672	0.026096	0.082148	0.077147	0.009389	0.013206	0.016593	0.146555	
0.213562	0.003872	0.136378	0.002843	0.024900	0.063257	0.036123	0.030504	0.187023	0.021598	0.005269	0.067095	0.052308	0.147348	0.007920	
0.316510	0.003760	0.109631	0.002768	0.022162	0.046797	0.037686	0.042241	0.128013	0.040323	0.017487	0.046840	0.047389	0.108383	0.030010	
0.379027	0.002658	0.046863	0.001984	0.006781	0.016903	0.159104	0.010938	0.213709	0.016640	0.008206	0.070893	0.010286	0.041544	0.014464	
0.333263	0.000987	0.058478	0.000788	0.019286	0.023029	0.114949	0.039569	0.214204	0.032961	0.006041	0.070528	0.028985	0.052502	0.004429	
0.342738	0.007336	0.119198	0.005318	0.005758	0.040525	0.121849	0.008569	0.147714	0.012705	0.007036	0.054939	0.009615	0.104347	0.012354	
