18
18
18
18
18
18
18
30
30
30
30
30
30
30
30
30
18
18
18
18
18
18
22
22
22
22
22
22
22
9
9
9
9
9
9
9
9
9
12
12
12
12
12
12
12
12
41
41
41
41
41
41
41
41
41
41
41
41
41
41
16
16
16
16
16
16
16
16
16
16
16
41
41
41
41
41
41
41
41
41
41
41
41
41
41
41
41
41
41
41
41
41
41
41
41
41
41
41
41
41
41
23
23
23
23
23
22
22
22
22
22
22
22
22
22
22
1
1
1
1
1
1
1
1
6
6
6
6
6
6
6
6
6
22
22
22
22
22
22
22
22
22
22
22
22
22
22
22
22
22
22
22
22
22
1
1
1
1
1
1
1
1
41
41
41
41
41
41
41
41
16
16
16
16
16
16
16
16
17
17
17
17
17
45
45
45
45
12
12
12
12
12
12
12
30
30
30
30
30
30
30
30
30
30
8
8
8
8
8
8
8
8
8
