0.024207	0.060007	0.019434	0.024207	0.028981	0.816570	0.026594	
0.119388	0.102721	0.017007	0.357483	0.043197	0.224150	0.136054	
0.074683	0.113052	0.031518	0.218568	0.026721	0.194587	0.340870	
0.814626	0.019388	0.043197	0.017007	0.052721	0.021769	0.031293	
0.311081	0.114820	0.040053	0.152203	0.311081	0.019025	0.051736	
0.531293	0.059864	0.043197	0.121769	0.126531	0.047959	0.069388	
0.090172	0.716650	0.035799	0.033435	0.047619	0.031071	0.045255	
0.186218	0.040336	0.642689	0.028571	0.026218	0.035630	0.040336	
0.031293	0.224150	0.247959	0.105102	0.186054	0.178912	0.026531	
0.148766	0.039277	0.581856	0.034411	0.095238	0.066041	0.034411	
0.051736	0.082109	0.694259	0.019025	0.063418	0.047063	0.042390	
0.066364	0.144604	0.442892	0.222843	0.056584	0.032134	0.034579	
0.030780	0.040147	0.185346	0.445299	0.030780	0.161927	0.105721	
0.054326	0.042589	0.054326	0.648223	0.068410	0.070758	0.061368	
0.117156	0.028371	0.058745	0.673231	0.033044	0.037717	0.051736	
0.080249	0.058457	0.034244	0.019716	0.019716	0.063300	0.724317	
0.048304	0.026721	0.029120	0.029120	0.029120	0.055498	0.782117	
0.041012	0.060150	0.033835	0.026658	0.057758	0.100820	0.679768	
0.033514	0.419770	0.026405	0.033514	0.066689	0.227827	0.192282	
0.028912	0.047959	0.026531	0.121769	0.528912	0.067007	0.178912	
0.217525	0.186498	0.110126	0.055234	0.193658	0.045687	0.191272	
0.033916	0.232956	0.055498	0.033916	0.559096	0.038712	0.045906	
0.179523	0.082670	0.118990	0.031823	0.346593	0.031823	0.208578	
0.098193	0.133992	0.064780	0.024207	0.477668	0.112513	0.088646	
