0.066824	0.000898	0.000153	0.026969	0.002926	0.034260	0.001284	0.007991	0.002992	0.052565	0.039581	0.001303	0.003228	0.004250	0.004677	0.006220	0.170300	0.006029	0.000555	0.028379	0.002048	0.000498	0.002766	0.000877	0.003688	0.005619	0.001791	0.010290	0.001693	0.002293	0.001791	0.068557	0.002458	0.002696	0.005297	0.074547	0.004102	0.154076	0.008336	0.009056	0.076943	0.001686	0.006607	0.000929	0.000462	0.000774	0.076189	0.009461	0.001394	0.001690	
0.019095	0.001268	0.000152	0.006064	0.008900	0.055834	0.001545	0.083410	0.004397	0.011706	0.025542	0.031022	0.082730	0.004742	0.024132	0.051068	0.038577	0.008953	0.010957	0.013615	0.005182	0.009413	0.004058	0.001237	0.009532	0.006929	0.002829	0.050091	0.002447	0.003351	0.002829	0.042448	0.006269	0.002404	0.138296	0.016604	0.041091	0.036036	0.019870	0.011841	0.017080	0.002322	0.011316	0.020990	0.000614	0.001082	0.029795	0.014092	0.002012	0.004230	
0.011430	0.009014	0.000149	0.002570	0.004129	0.070689	0.001552	0.080657	0.005128	0.004880	0.013228	0.020409	0.054344	0.005325	0.017531	0.035453	0.016705	0.070083	0.007240	0.006774	0.002221	0.006227	0.004731	0.008558	0.004012	0.007010	0.003339	0.038392	0.002817	0.003902	0.003339	0.062459	0.002668	0.016019	0.090812	0.006933	0.025451	0.030838	0.012521	0.040307	0.007081	0.002599	0.012365	0.013825	0.000690	0.007537	0.022545	0.106757	0.014924	0.001829	
0.011539	0.001552	0.000129	0.001416	0.003357	0.119847	0.001004	0.010710	0.084769	0.002645	0.005158	0.001282	0.003212	0.078333	0.003794	0.005211	0.029727	0.011355	0.000533	0.005204	0.002342	0.000475	0.078022	0.002087	0.004256	0.004680	0.005910	0.031227	0.035421	0.063916	0.005910	0.064016	0.002821	0.002718	0.005286	0.004924	0.008067	0.010249	0.063761	0.010121	0.003815	0.032380	0.041696	0.000907	0.009329	0.001315	0.089753	0.029393	0.002501	0.001924	
0.009184	0.001174	0.000135	0.001325	0.010220	0.013021	0.005422	0.038779	0.068419	0.002461	0.014257	0.011177	0.029672	0.062861	0.024820	0.036849	0.024974	0.008333	0.003999	0.016461	0.006790	0.003447	0.062976	0.001611	0.012547	0.025171	0.000733	0.022367	0.028651	0.051595	0.000733	0.011790	0.008229	0.002036	0.049547	0.004425	0.024244	0.009582	0.070958	0.032784	0.003543	0.028028	0.023309	0.007588	0.007557	0.001001	0.085379	0.022444	0.001867	0.005531	
0.007533	0.003402	0.000134	0.001023	0.006764	0.062614	0.001527	0.042716	0.063452	0.001871	0.010676	0.011051	0.029336	0.058471	0.011643	0.021619	0.021806	0.025912	0.003955	0.008058	0.004381	0.003409	0.058405	0.003679	0.008055	0.006930	0.003083	0.030430	0.026440	0.047852	0.003083	0.040873	0.005300	0.005984	0.048986	0.003515	0.020635	0.011544	0.055870	0.019714	0.002678	0.024563	0.028205	0.007503	0.007017	0.002857	0.067947	0.048341	0.005580	0.003578	
0.007631	0.002621	0.000121	0.002181	0.002702	0.018277	0.001668	0.016273	0.102763	0.004147	0.005955	0.002378	0.006160	0.094118	0.006736	0.009429	0.039167	0.019843	0.000911	0.006175	0.001844	0.000798	0.094582	0.003226	0.003334	0.007493	0.000936	0.010610	0.042100	0.077475	0.000936	0.019248	0.002216	0.004659	0.010223	0.007320	0.009395	0.016757	0.075939	0.017727	0.006019	0.039431	0.031621	0.001645	0.011278	0.002204	0.101066	0.044858	0.004288	0.001518	
0.005874	0.001335	0.000172	0.000892	0.074755	0.017585	0.001719	0.081723	0.003330	0.001580	0.069474	0.002709	0.006959	0.003275	0.006962	0.009892	0.005524	0.009348	0.001060	0.067489	0.052151	0.000933	0.003078	0.001293	0.097106	0.007544	0.000987	0.047474	0.001781	0.002552	0.000987	0.013029	0.063389	0.002272	0.011526	0.002215	0.073342	0.006673	0.124427	0.012876	0.002235	0.001995	0.023219	0.001884	0.000515	0.001141	0.012770	0.014523	0.002110	0.042317	
0.025439	0.000785	0.000161	0.003521	0.022113	0.144085	0.008113	0.031588	0.008950	0.006728	0.025708	0.003719	0.009679	0.009697	0.029131	0.036131	0.023619	0.005081	0.001406	0.032595	0.015361	0.001228	0.008249	0.000814	0.028508	0.038248	0.007141	0.047514	0.005809	0.006784	0.007141	0.077664	0.018648	0.001423	0.016083	0.009605	0.024998	0.021514	0.054009	0.045819	0.009783	0.006726	0.029306	0.002563	0.001116	0.000681	0.062450	0.008884	0.001201	0.012486	
0.032597	0.001562	0.000157	0.003871	0.005621	0.011509	0.023056	0.015266	0.012834	0.007417	0.010844	0.002369	0.006073	0.013014	0.078563	0.091892	0.026839	0.011241	0.000931	0.038364	0.003894	0.000821	0.011823	0.001576	0.007126	0.108443	0.000671	0.009203	0.008497	0.009710	0.000671	0.016273	0.004702	0.002824	0.010053	0.010639	0.008191	0.027036	0.053936	0.130212	0.010793	0.014302	0.006682	0.001650	0.001535	0.001328	0.118926	0.018776	0.002499	0.003187	
0.029385	0.001376	0.000163	0.000877	0.010160	0.062422	0.023662	0.018084	0.002608	0.001558	0.010745	0.001984	0.005034	0.003923	0.080342	0.093640	0.005292	0.009729	0.000800	0.040385	0.007079	0.000709	0.002413	0.001326	0.013060	0.111462	0.003157	0.021983	0.004787	0.002005	0.003157	0.034743	0.008574	0.002351	0.008312	0.002177	0.011618	0.009713	0.055264	0.132784	0.002207	0.010697	0.012502	0.001392	0.000429	0.001174	0.109800	0.015001	0.002184	0.005770	
0.011433	0.001060	0.000167	0.000916	0.057169	0.020388	0.007358	0.063444	0.008833	0.001630	0.053527	0.002513	0.006443	0.008578	0.025820	0.031409	0.007095	0.007212	0.000988	0.059698	0.039879	0.000871	0.008143	0.001074	0.074224	0.034227	0.001126	0.038697	0.004801	0.006698	0.001126	0.013730	0.048465	0.001789	0.010665	0.002368	0.056789	0.007088	0.108911	0.042663	0.002311	0.006374	0.020506	0.001751	0.001109	0.000912	0.041909	0.012090	0.001656	0.032366	
0.020254	0.002800	0.000155	0.003119	0.009630	0.033444	0.011099	0.060817	0.005654	0.005947	0.018414	0.018654	0.049639	0.006029	0.048529	0.069724	0.020273	0.021021	0.006630	0.024696	0.006124	0.005705	0.005216	0.002693	0.011286	0.052001	0.001702	0.032689	0.004100	0.004299	0.001702	0.029455	0.007414	0.004992	0.082936	0.008452	0.028808	0.023481	0.036833	0.069548	0.008641	0.006704	0.008715	0.012642	0.000753	0.002359	0.062116	0.032545	0.004564	0.004995	
0.011894	0.001846	0.000152	0.001256	0.004487	0.081327	0.004220	0.086969	0.004308	0.002310	0.015764	0.033561	0.089521	0.004739	0.034714	0.065145	0.008181	0.013517	0.011845	0.008830	0.002013	0.010175	0.003977	0.001782	0.003621	0.019658	0.004053	0.055938	0.002950	0.003284	0.004053	0.047404	0.002415	0.003214	0.149657	0.003273	0.039597	0.010179	0.017038	0.028550	0.003314	0.003382	0.013795	0.022703	0.000604	0.001564	0.031594	0.020990	0.002976	0.001661	
0.005168	0.000764	0.000152	0.001102	0.016041	0.016042	0.001688	0.109622	0.007747	0.002009	0.028030	0.040166	0.107189	0.007308	0.030328	0.065108	0.008081	0.004980	0.014157	0.015095	0.009847	0.012156	0.007142	0.000785	0.018233	0.007469	0.000908	0.055404	0.003551	0.005876	0.000908	0.013162	0.011944	0.001283	0.179213	0.002896	0.057599	0.006915	0.033990	0.010776	0.002872	0.003642	0.008214	0.027161	0.000977	0.000662	0.017893	0.008563	0.001172	0.008013	
0.041123	0.007067	0.000151	0.016058	0.008415	0.042710	0.000950	0.034556	0.006569	0.031242	0.029726	0.001461	0.003654	0.007039	0.003655	0.005168	0.102283	0.054713	0.000609	0.022781	0.005875	0.000544	0.006058	0.006730	0.010825	0.004060	0.002033	0.014635	0.003133	0.004988	0.002033	0.068144	0.007112	0.013170	0.006011	0.044350	0.009605	0.103705	0.019026	0.029866	0.045703	0.002896	0.010115	0.001035	0.000849	0.005915	0.051489	0.083693	0.011678	0.004792	
0.006360	0.020406	0.000146	0.001442	0.002311	0.044290	0.001201	0.075528	0.003365	0.002680	0.004488	0.002162	0.005538	0.003420	0.004956	0.007197	0.009152	0.159975	0.000851	0.004507	0.001587	0.000751	0.003108	0.019304	0.002833	0.005249	0.001745	0.010714	0.001824	0.002572	0.001745	0.075939	0.001898	0.036223	0.009167	0.003787	0.004450	0.045924	0.007506	0.080190	0.003858	0.001791	0.007499	0.001507	0.000496	0.017029	0.013495	0.242608	0.033913	0.001314	
0.044714	0.005914	0.000146	0.018145	0.002537	0.018182	0.001201	0.026635	0.017799	0.035326	0.027469	0.002162	0.005538	0.017233	0.004956	0.007197	0.118344	0.045652	0.000851	0.019887	0.001744	0.000751	0.016392	0.005722	0.003127	0.005187	0.000867	0.007369	0.007557	0.013450	0.000867	0.057292	0.002090	0.011219	0.009167	0.050308	0.005291	0.113452	0.017596	0.027053	0.051688	0.007230	0.008095	0.001507	0.002065	0.004953	0.065267	0.071604	0.009760	0.001442	
0.031587	0.006405	0.000154	0.008179	0.003199	0.179978	0.001540	0.029501	0.005422	0.015840	0.014549	0.002427	0.006236	0.006616	0.006238	0.008864	0.052197	0.049466	0.000950	0.011822	0.002201	0.000836	0.005002	0.006095	0.003971	0.007320	0.008726	0.042439	0.003705	0.004124	0.008726	0.118049	0.002643	0.011631	0.010328	0.022483	0.005650	0.057750	0.010839	0.030636	0.023136	0.002706	0.028444	0.001688	0.000726	0.005363	0.045647	0.075580	0.010572	0.001813	
0.015354	0.002478	0.000133	0.004370	0.005814	0.049775	0.002216	0.025973	0.069742	0.008414	0.012700	0.005530	0.014572	0.064312	0.010514	0.016144	0.044557	0.018635	0.002022	0.011427	0.003910	0.001752	0.064193	0.002852	0.007178	0.010149	0.002483	0.021550	0.029000	0.052592	0.002483	0.038274	0.004727	0.004495	0.024287	0.012889	0.014202	0.028920	0.059576	0.020096	0.012266	0.027215	0.027910	0.003776	0.007699	0.002087	0.083286	0.038235	0.004042	0.003196	
0.016477	0.003060	0.000148	0.002883	0.018340	0.117885	0.002415	0.034117	0.037778	0.005494	0.021226	0.003012	0.007809	0.035540	0.009562	0.013130	0.026973	0.023125	0.001150	0.021288	0.012748	0.001007	0.034779	0.003171	0.023646	0.011267	0.005792	0.039366	0.016533	0.028507	0.005792	0.069684	0.015472	0.005450	0.012965	0.008277	0.021962	0.021499	0.058347	0.023192	0.007980	0.015255	0.032373	0.002081	0.004238	0.002575	0.058875	0.040391	0.005002	0.010364	
0.012865	0.004279	0.000133	0.002095	0.003209	0.092834	0.002521	0.020512	0.068600	0.003968	0.006041	0.001596	0.004047	0.063472	0.009079	0.011517	0.029896	0.032840	0.000645	0.007671	0.002230	0.000572	0.063142	0.004545	0.004043	0.011735	0.004527	0.024939	0.028870	0.051731	0.004527	0.059239	0.002683	0.007593	0.006681	0.006566	0.007553	0.019439	0.055035	0.028359	0.005752	0.026909	0.033193	0.001121	0.007575	0.003588	0.081579	0.059577	0.007043	0.001833	
0.006708	0.012355	0.000146	0.001201	0.015278	0.017246	0.003287	0.065316	0.023784	0.002209	0.016512	0.004157	0.010876	0.021991	0.013219	0.018200	0.012809	0.096462	0.001550	0.018206	0.010570	0.001349	0.021900	0.011848	0.019585	0.015032	0.000647	0.015778	0.010238	0.017960	0.000647	0.041886	0.012824	0.021899	0.018096	0.003415	0.019673	0.029632	0.045422	0.062047	0.003168	0.010338	0.012782	0.002853	0.002715	0.010320	0.037367	0.149403	0.020494	0.008598	
0.016802	0.002307	0.000141	0.000952	0.003826	0.177835	0.003787	0.013686	0.052748	0.001726	0.004936	0.001296	0.003231	0.049602	0.013125	0.015930	0.018605	0.017229	0.000546	0.008831	0.002673	0.000488	0.048555	0.002568	0.004863	0.017987	0.008721	0.043082	0.023212	0.039787	0.008721	0.093028	0.003221	0.004029	0.005310	0.003151	0.007121	0.009336	0.047326	0.027967	0.002463	0.021456	0.041444	0.000921	0.005860	0.001946	0.078039	0.033638	0.003751	0.002194	
