0.000802	0.001184	0.000802	0.000802	0.000802	0.000802	0.000802	0.000802	0.000802	0.000802	0.000802	0.000802	0.000802	0.001028	0.000802	0.000802	0.000802	0.000802	0.000802	0.000802	0.000802	0.000802	0.000802	0.000802	0.000802	0.000802	0.000802	0.000802	0.000802	0.001338	0.000802	0.000802	0.001602	0.001070	0.000948	0.000802	0.000802	0.001934	0.002406	0.000802	0.000802	0.000802	0.000802	0.000802	0.000802	0.000802	0.000802	0.000802	0.000802	0.955623	
0.000635	0.002715	0.000635	0.000635	0.000635	0.000635	0.000635	0.000635	0.000635	0.000635	0.000635	0.000635	0.000635	0.001204	0.000635	0.000635	0.000635	0.000635	0.000635	0.000635	0.000635	0.000635	0.000635	0.000635	0.000635	0.000635	0.000635	0.000635	0.000635	0.001076	0.000635	0.000635	0.007772	0.000856	0.000860	0.000635	0.000635	0.003480	0.011375	0.000635	0.000635	0.000635	0.000635	0.000635	0.000635	0.000635	0.000635	0.000635	0.000635	0.944624	
0.000650	0.000952	0.000650	0.000650	0.000650	0.000650	0.000650	0.000650	0.000650	0.000650	0.000650	0.000650	0.000650	0.000862	0.000650	0.000650	0.000650	0.000650	0.000650	0.000650	0.000650	0.000650	0.000650	0.000650	0.000650	0.000650	0.000650	0.000650	0.000650	0.001469	0.000650	0.000650	0.011279	0.001059	0.000810	0.000650	0.000650	0.001710	0.006816	0.000650	0.000650	0.000650	0.000650	0.000650	0.000650	0.000650	0.000650	0.000650	0.000650	0.948407	
0.000621	0.001890	0.000621	0.000621	0.000621	0.000621	0.000621	0.000621	0.000621	0.000621	0.000621	0.000621	0.000621	0.004909	0.000621	0.000621	0.000621	0.000621	0.000621	0.000621	0.000621	0.000621	0.000621	0.000621	0.000621	0.000621	0.000621	0.000621	0.000621	0.001248	0.000621	0.000621	0.001465	0.000935	0.000767	0.000621	0.000621	0.022061	0.005326	0.000621	0.000621	0.000621	0.000621	0.000621	0.000621	0.000621	0.000621	0.000621	0.000621	0.935921	
0.000629	0.001004	0.000629	0.000629	0.000629	0.000629	0.000629	0.000629	0.000629	0.000629	0.000629	0.000629	0.000629	0.003741	0.000629	0.000629	0.000629	0.000629	0.000629	0.000629	0.000629	0.000629	0.000629	0.000629	0.000629	0.000629	0.000629	0.000629	0.000629	0.000971	0.000629	0.000629	0.002694	0.000800	0.000824	0.000629	0.000629	0.016191	0.002889	0.000629	0.000629	0.000629	0.000629	0.000629	0.000629	0.000629	0.000629	0.000629	0.000629	0.945116	
0.000626	0.000925	0.000626	0.000626	0.000626	0.000626	0.000626	0.000626	0.000626	0.000626	0.000626	0.000626	0.000626	0.003300	0.000626	0.000626	0.000626	0.000626	0.000626	0.000626	0.000626	0.000626	0.000626	0.000626	0.000626	0.000626	0.000626	0.000626	0.000626	0.001282	0.000626	0.000626	0.003488	0.000954	0.000941	0.000626	0.000626	0.013997	0.002939	0.000626	0.000626	0.000626	0.000626	0.000626	0.000626	0.000626	0.000626	0.000626	0.000626	0.946521	
0.000617	0.001048	0.000617	0.000617	0.000617	0.000617	0.000617	0.000617	0.000617	0.000617	0.000617	0.000617	0.000617	0.004800	0.000617	0.000617	0.000617	0.000617	0.000617	0.000617	0.000617	0.000617	0.000617	0.000617	0.000617	0.000617	0.000617	0.000617	0.000617	0.001054	0.000617	0.000617	0.001055	0.000835	0.001476	0.000617	0.000617	0.021535	0.002236	0.000617	0.000617	0.000617	0.000617	0.000617	0.000617	0.000617	0.000617	0.000617	0.000617	0.940674	
0.000608	0.004611	0.000608	0.000608	0.000608	0.000608	0.000608	0.000608	0.000608	0.000608	0.000608	0.000608	0.000608	0.000877	0.000608	0.000608	0.000608	0.000608	0.000608	0.000608	0.000608	0.000608	0.000608	0.000608	0.000608	0.000608	0.000608	0.000608	0.000608	0.001109	0.000608	0.000608	0.003886	0.000858	0.001654	0.000608	0.000608	0.001954	0.016132	0.000608	0.000608	0.000608	0.000608	0.000608	0.000608	0.000608	0.000608	0.000608	0.000608	0.944010	
0.000688	0.001887	0.000688	0.000688	0.000688	0.000688	0.000688	0.000688	0.000688	0.000688	0.000688	0.000688	0.000688	0.001111	0.000688	0.000688	0.000688	0.000688	0.000688	0.000688	0.000688	0.000688	0.000688	0.000688	0.000688	0.000688	0.000688	0.000688	0.000688	0.001070	0.000688	0.000688	0.001196	0.000879	0.001641	0.000688	0.000688	0.002802	0.005043	0.000688	0.000688	0.000688	0.000688	0.000688	0.000688	0.000688	0.000688	0.000688	0.000688	0.956148	
0.000581	0.005286	0.000581	0.000581	0.000581	0.000581	0.000581	0.000581	0.000581	0.000581	0.000581	0.000581	0.000581	0.000842	0.000581	0.000581	0.000581	0.000581	0.000581	0.000581	0.000581	0.000581	0.000581	0.000581	0.000581	0.000581	0.000581	0.000581	0.000581	0.000999	0.000581	0.000581	0.001300	0.000790	0.002695	0.000581	0.000581	0.001885	0.017304	0.000581	0.000581	0.000581	0.000581	0.000581	0.000581	0.000581	0.000581	0.000581	0.000581	0.945074	
0.000575	0.005236	0.000575	0.000575	0.000575	0.000575	0.000575	0.000575	0.000575	0.000575	0.000575	0.000575	0.000575	0.000767	0.000575	0.000575	0.000575	0.000575	0.000575	0.000575	0.000575	0.000575	0.000575	0.000575	0.000575	0.000575	0.000575	0.000575	0.000575	0.000977	0.000575	0.000575	0.001085	0.000776	0.002841	0.000575	0.000575	0.001537	0.017043	0.000575	0.000575	0.000575	0.000575	0.000575	0.000575	0.000575	0.000575	0.000575	0.000575	0.946166	
0.000626	0.003089	0.000626	0.000626	0.000626	0.000626	0.000626	0.000626	0.000626	0.000626	0.000626	0.000626	0.000626	0.001240	0.000626	0.000626	0.000626	0.000626	0.000626	0.000626	0.000626	0.000626	0.000626	0.000626	0.000626	0.000626	0.000626	0.000626	0.000626	0.000950	0.000626	0.000626	0.001174	0.000788	0.001918	0.000626	0.000626	0.003693	0.009439	0.000626	0.000626	0.000626	0.000626	0.000626	0.000626	0.000626	0.000626	0.000626	0.000626	0.952030	
0.000613	0.008474	0.000613	0.000613	0.000613	0.000613	0.000613	0.000613	0.000613	0.000613	0.000613	0.000613	0.000613	0.000775	0.000613	0.000613	0.000613	0.000613	0.000613	0.000613	0.000613	0.000613	0.000613	0.000613	0.000613	0.000613	0.000613	0.000613	0.000613	0.000861	0.000613	0.000613	0.001194	0.000737	0.000819	0.000613	0.000613	0.001423	0.028354	0.000613	0.000613	0.000613	0.000613	0.000613	0.000613	0.000613	0.000613	0.000613	0.000613	0.932230	
0.000601	0.006412	0.000601	0.000601	0.000601	0.000601	0.000601	0.000601	0.000601	0.000601	0.000601	0.000601	0.000601	0.000704	0.000601	0.000601	0.000601	0.000601	0.000601	0.000601	0.000601	0.000601	0.000601	0.000601	0.000601	0.000601	0.000601	0.000601	0.000601	0.000939	0.000601	0.000601	0.003160	0.000770	0.000756	0.000601	0.000601	0.001120	0.022135	0.000601	0.000601	0.000601	0.000601	0.000601	0.000601	0.000601	0.000601	0.000601	0.000601	0.939378	
0.000598	0.006331	0.000598	0.000598	0.000598	0.000598	0.000598	0.000598	0.000598	0.000598	0.000598	0.000598	0.000598	0.000819	0.000598	0.000598	0.000598	0.000598	0.000598	0.000598	0.000598	0.000598	0.000598	0.000598	0.000598	0.000598	0.000598	0.000598	0.000598	0.001152	0.000598	0.000598	0.002700	0.000875	0.000805	0.000598	0.000598	0.001704	0.021575	0.000598	0.000598	0.000598	0.000598	0.000598	0.000598	0.000598	0.000598	0.000598	0.000598	0.939524	
0.000648	0.001245	0.000648	0.000648	0.000648	0.000648	0.000648	0.000648	0.000648	0.000648	0.000648	0.000648	0.000648	0.000799	0.000648	0.000648	0.000648	0.000648	0.000648	0.000648	0.000648	0.000648	0.000648	0.000648	0.000648	0.000648	0.000648	0.000648	0.000648	0.010542	0.000648	0.000648	0.006064	0.005595	0.000820	0.000648	0.000648	0.001405	0.002973	0.000648	0.000648	0.000648	0.000648	0.000648	0.000648	0.000648	0.000648	0.000648	0.000648	0.943987	
0.000652	0.001009	0.000652	0.000652	0.000652	0.000652	0.000652	0.000652	0.000652	0.000652	0.000652	0.000652	0.000652	0.000805	0.000652	0.000652	0.000652	0.000652	0.000652	0.000652	0.000652	0.000652	0.000652	0.000652	0.000652	0.000652	0.000652	0.000652	0.000652	0.008921	0.000652	0.000652	0.007819	0.004787	0.000773	0.000652	0.000652	0.001414	0.003418	0.000652	0.000652	0.000652	0.000652	0.000652	0.000652	0.000652	0.000652	0.000652	0.000652	0.944310	
0.000649	0.000953	0.000649	0.000649	0.000649	0.000649	0.000649	0.000649	0.000649	0.000649	0.000649	0.000649	0.000649	0.000847	0.000649	0.000649	0.000649	0.000649	0.000649	0.000649	0.000649	0.000649	0.000649	0.000649	0.000649	0.000649	0.000649	0.000649	0.000649	0.009946	0.000649	0.000649	0.005709	0.005298	0.001221	0.000649	0.000649	0.001639	0.001917	0.000649	0.000649	0.000649	0.000649	0.000649	0.000649	0.000649	0.000649	0.000649	0.000649	0.945848	
0.000636	0.001021	0.000636	0.000636	0.000636	0.000636	0.000636	0.000636	0.000636	0.000636	0.000636	0.000636	0.000636	0.001301	0.000636	0.000636	0.000636	0.000636	0.000636	0.000636	0.000636	0.000636	0.000636	0.000636	0.000636	0.000636	0.000636	0.000636	0.000636	0.004168	0.000636	0.000636	0.002782	0.002402	0.002770	0.000636	0.000636	0.003960	0.002174	0.000636	0.000636	0.000636	0.000636	0.000636	0.000636	0.000636	0.000636	0.000636	0.000636	0.953344	
0.000614	0.001211	0.000614	0.000614	0.000614	0.000614	0.000614	0.000614	0.000614	0.000614	0.000614	0.000614	0.000614	0.000884	0.000614	0.000614	0.000614	0.000614	0.000614	0.000614	0.000614	0.000614	0.000614	0.000614	0.000614	0.000614	0.000614	0.000614	0.000614	0.002084	0.000614	0.000614	0.001973	0.001349	0.000904	0.000614	0.000614	0.001967	0.003016	0.000614	0.000614	0.000614	0.000614	0.000614	0.000614	0.000614	0.000614	0.000614	0.000614	0.961448	
0.000610	0.000938	0.000610	0.000610	0.000610	0.000610	0.000610	0.000610	0.000610	0.000610	0.000610	0.000610	0.000610	0.000777	0.000610	0.000610	0.000610	0.000610	0.000610	0.000610	0.000610	0.000610	0.000610	0.000610	0.000610	0.000610	0.000610	0.000610	0.000610	0.003391	0.000610	0.000610	0.004051	0.002001	0.002186	0.000610	0.000610	0.001441	0.002782	0.000610	0.000610	0.000610	0.000610	0.000610	0.000610	0.000610	0.000610	0.000610	0.000610	0.957407	
0.000611	0.001271	0.000611	0.000611	0.000611	0.000611	0.000611	0.000611	0.000611	0.000611	0.000611	0.000611	0.000611	0.001400	0.000611	0.000611	0.000611	0.000611	0.000611	0.000611	0.000611	0.000611	0.000611	0.000611	0.000611	0.000611	0.000611	0.000611	0.000611	0.001027	0.000611	0.000611	0.002081	0.000819	0.002369	0.000611	0.000611	0.004556	0.003554	0.000611	0.000611	0.000611	0.000611	0.000611	0.000611	0.000611	0.000611	0.000611	0.000611	0.957881	
0.000628	0.001451	0.000628	0.000628	0.000628	0.000628	0.000628	0.000628	0.000628	0.000628	0.000628	0.000628	0.000628	0.001249	0.000628	0.000628	0.000628	0.000628	0.000628	0.000628	0.000628	0.000628	0.000628	0.000628	0.000628	0.000628	0.000628	0.000628	0.000628	0.001201	0.000628	0.000628	0.005373	0.000914	0.000882	0.000628	0.000628	0.003734	0.005737	0.000628	0.000628	0.000628	0.000628	0.000628	0.000628	0.000628	0.000628	0.000628	0.000628	0.953712	
0.000605	0.001342	0.000605	0.000605	0.000605	0.000605	0.000605	0.000605	0.000605	0.000605	0.000605	0.000605	0.000605	0.001974	0.000605	0.000605	0.000605	0.000605	0.000605	0.000605	0.000605	0.000605	0.000605	0.000605	0.000605	0.000605	0.000605	0.000605	0.000605	0.001835	0.000605	0.000605	0.001724	0.001220	0.002958	0.000605	0.000605	0.007452	0.003437	0.000605	0.000605	0.000605	0.000605	0.000605	0.000605	0.000605	0.000605	0.000605	0.000605	0.953259	
