18
18
18
18
18
18
18
18
18
18
18
18
18
18
18
18
18
18
18
18
18
12
12
12
12
12
12
12
12
12
12
12
12
6
6
6
6
6
6
6
6
6
6
6
6
6
6
6
6
6
6
49
49
49
49
25
25
25
25
25
25
25
25
25
25
25
25
25
25
25
25
25
25
27
27
27
27
27
27
27
27
27
27
27
6
6
6
6
6
6
6
6
6
6
6
6
6
15
15
15
15
15
15
15
15
15
15
15
15
15
15
15
15
15
15
15
15
15
15
15
15
15
15
15
21
21
21
21
21
21
21
21
21
21
21
21
21
21
21
27
27
27
27
27
27
27
27
27
27
27
27
27
27
27
27
27
27
27
27
27
27
27
27
27
27
27
27
27
27
27
27
27
27
27
27
15
15
15
15
15
15
15
15
15
15
15
15
15
15
15
38
38
38
38
38
38
38
38
38
38
38
38
38
38
38
38
38
38
38
38
38
38
38
38
38
38
38
23
23
23
23
23
23
23
23
23
23
23
23
23
23
23
23
23
23
23
23
23
23
23
23
23
23
23
23
23
23
23
23
23
23
15
