0.555488	0.000656	0.012832	0.004585	0.045803	0.011372	0.034477	0.117410	0.015724	0.102332	0.023911	0.005966	0.011012	0.013218	0.045215	
0.488825	0.001537	0.022710	0.000733	0.061868	0.007380	0.016975	0.168141	0.034738	0.142160	0.004070	0.013241	0.011461	0.020861	0.005303	
0.447241	0.003070	0.039103	0.001223	0.042023	0.029211	0.046265	0.118457	0.064460	0.099163	0.007521	0.024618	0.018769	0.048714	0.010163	
0.535340	0.002219	0.032430	0.006459	0.010822	0.039477	0.078545	0.016964	0.049974	0.027218	0.036897	0.019304	0.035969	0.044136	0.064247	
0.325292	0.007104	0.102312	0.004598	0.013412	0.010957	0.059775	0.051608	0.161484	0.022783	0.023821	0.060202	0.017165	0.094325	0.045165	
0.350595	0.007108	0.086803	0.004805	0.011795	0.023114	0.075730	0.038588	0.152311	0.013018	0.025098	0.058230	0.015322	0.090302	0.047181	
0.503276	0.001071	0.032055	0.000841	0.062670	0.077012	0.144895	0.008866	0.086798	0.007654	0.003171	0.041929	0.007706	0.017311	0.004747	
0.330054	0.002176	0.131041	0.000981	0.016850	0.055436	0.072863	0.029854	0.124819	0.031993	0.006933	0.042187	0.046907	0.100710	0.007196	
0.388734	0.001258	0.085875	0.001494	0.005962	0.120195	0.128956	0.012061	0.071563	0.010207	0.007100	0.023444	0.021703	0.109169	0.012280	
0.285898	0.001451	0.189139	0.003802	0.010414	0.015585	0.042063	0.012184	0.158617	0.013205	0.020159	0.050414	0.052132	0.108242	0.036696	
0.274926	0.001036	0.185892	0.002615	0.009984	0.044445	0.063256	0.010986	0.149686	0.009377	0.012909	0.047044	0.044669	0.118953	0.024223	
0.294312	0.001285	0.187497	0.004442	0.011378	0.013531	0.043314	0.011515	0.156228	0.009577	0.022639	0.049624	0.046385	0.104915	0.043357	
0.339280	0.000750	0.129155	0.000692	0.031109	0.040606	0.045379	0.081708	0.100948	0.070007	0.003093	0.031204	0.032596	0.088965	0.004507	
0.338789	0.002391	0.124863	0.000788	0.033673	0.009945	0.024668	0.087646	0.121879	0.079328	0.006059	0.040838	0.045184	0.078336	0.005612	
0.342259	0.001386	0.134053	0.000830	0.033591	0.013584	0.026676	0.077710	0.118009	0.074473	0.006180	0.038464	0.048843	0.077969	0.005973	
0.563632	0.000902	0.025708	0.001338	0.023924	0.011447	0.020594	0.053006	0.029493	0.104666	0.020131	0.010810	0.103841	0.019311	0.011195	
0.567517	0.001692	0.022516	0.000862	0.011178	0.018697	0.026216	0.024880	0.034800	0.095328	0.021578	0.013302	0.128703	0.026591	0.006141	
0.561619	0.000860	0.016583	0.003137	0.024507	0.033851	0.049225	0.059665	0.019347	0.083759	0.023314	0.007261	0.059593	0.027410	0.029870	
0.593219	0.000916	0.026941	0.007250	0.012366	0.013212	0.052419	0.010708	0.032319	0.041129	0.044351	0.012171	0.060717	0.019740	0.072541	
0.353113	0.006652	0.080150	0.000716	0.016523	0.026975	0.058180	0.052737	0.141581	0.052871	0.009893	0.054259	0.055677	0.086024	0.004649	
0.358173	0.004946	0.109193	0.001786	0.008146	0.015238	0.042461	0.027033	0.140381	0.044689	0.017098	0.050428	0.077446	0.087187	0.015793	
0.293677	0.007806	0.091980	0.001773	0.013199	0.047838	0.084368	0.059801	0.159743	0.028075	0.009295	0.060617	0.013933	0.112241	0.015654	
0.247093	0.009865	0.105122	0.001425	0.015934	0.035904	0.089562	0.048798	0.204664	0.011725	0.007548	0.079836	0.013249	0.117364	0.011911	
0.383640	0.006257	0.066419	0.002039	0.012477	0.038516	0.072547	0.042972	0.124602	0.040417	0.015426	0.048200	0.044461	0.083668	0.018357	
