0.002814	0.003556	0.075325	0.002713	0.000160	0.029875	0.068291	0.001534	0.003305	0.000704	0.003133	0.137279	0.000160	0.014282	0.003910	0.000703	0.015572	0.001482	0.004894	0.074905	0.164236	0.001102	0.042031	0.004317	0.005896	0.009492	0.024472	0.000704	0.002628	0.108214	0.050669	0.000446	0.002031	0.000631	0.000704	0.001803	0.004202	0.006113	0.001021	0.026497	0.012583	0.004147	0.005368	0.003133	0.001835	0.051969	0.002995	0.002873	0.000160	0.013138	
0.007681	0.013092	0.040629	0.012197	0.000156	0.012450	0.028864	0.005221	0.007389	0.003302	0.017354	0.070969	0.000156	0.030990	0.014504	0.003229	0.100861	0.005285	0.022575	0.044982	0.078752	0.005609	0.017480	0.006978	0.014432	0.023433	0.010215	0.003302	0.016886	0.044863	0.046359	0.001249	0.002264	0.002882	0.003302	0.006442	0.010379	0.016141	0.001126	0.022106	0.037193	0.014095	0.013080	0.017354	0.004298	0.031176	0.010702	0.009136	0.000156	0.086724	
0.002431	0.005089	0.053283	0.004814	0.000157	0.020180	0.046140	0.002209	0.005971	0.001540	0.007718	0.092659	0.000157	0.017603	0.004750	0.001492	0.092801	0.001824	0.019980	0.062560	0.114443	0.002555	0.028371	0.004680	0.004035	0.020820	0.016539	0.001540	0.017539	0.072967	0.057934	0.000507	0.001417	0.001356	0.001540	0.002169	0.003119	0.007987	0.000737	0.024879	0.019110	0.004771	0.003616	0.007718	0.001245	0.038254	0.007882	0.002885	0.000157	0.085868	
0.017295	0.009175	0.007799	0.005910	0.000146	0.001177	0.003733	0.007852	0.003009	0.000985	0.004734	0.050495	0.000146	0.046119	0.010845	0.001031	0.181130	0.003870	0.028179	0.035921	0.008847	0.001601	0.001599	0.008474	0.040272	0.048319	0.000989	0.000985	0.036427	0.003895	0.061176	0.000961	0.004109	0.000873	0.000985	0.004833	0.029102	0.028004	0.001969	0.006174	0.026638	0.011162	0.036737	0.004734	0.011976	0.008362	0.004615	0.012242	0.000146	0.174244	
0.026376	0.031575	0.018399	0.015938	0.000154	0.001683	0.004612	0.010925	0.016020	0.001458	0.007286	0.071332	0.000154	0.081624	0.035158	0.001705	0.044641	0.012242	0.032576	0.012461	0.013281	0.002415	0.002309	0.011365	0.061942	0.015217	0.001405	0.001458	0.007442	0.005716	0.016078	0.002821	0.002375	0.001284	0.001458	0.015489	0.043385	0.053127	0.001175	0.030729	0.068878	0.033401	0.056308	0.007286	0.018235	0.008604	0.025120	0.026990	0.000154	0.038234	
0.023835	0.027754	0.019251	0.014900	0.000149	0.002465	0.007365	0.010022	0.010423	0.001470	0.007367	0.074493	0.000149	0.078151	0.032281	0.001688	0.054512	0.011254	0.023820	0.020949	0.017621	0.002438	0.003412	0.015174	0.055612	0.030765	0.002044	0.001470	0.009485	0.008570	0.024616	0.002598	0.005989	0.001294	0.001470	0.014226	0.039130	0.045147	0.002836	0.020774	0.065243	0.031657	0.050623	0.007367	0.016428	0.012970	0.016259	0.024586	0.000149	0.047749	
0.055450	0.006061	0.006619	0.004387	0.000148	0.001269	0.003264	0.021484	0.004143	0.001051	0.005084	0.135937	0.000148	0.100019	0.006375	0.001050	0.019743	0.002343	0.008807	0.007098	0.009574	0.001713	0.001728	0.004869	0.131648	0.008715	0.001065	0.001051	0.002785	0.004225	0.007735	0.000622	0.001776	0.000931	0.001051	0.002876	0.092714	0.081475	0.000897	0.008419	0.018827	0.006383	0.120148	0.005084	0.038979	0.005986	0.006371	0.026919	0.000148	0.014805	
0.004977	0.006955	0.018395	0.006750	0.000129	0.005272	0.020281	0.003178	0.004134	0.001931	0.009977	0.078674	0.000129	0.112692	0.007607	0.001882	0.045644	0.002813	0.011284	0.056837	0.034788	0.003252	0.007376	0.051629	0.009594	0.112270	0.004337	0.001931	0.007194	0.018831	0.051505	0.000699	0.028086	0.001690	0.001931	0.003405	0.006839	0.021224	0.012989	0.011685	0.086363	0.014377	0.008708	0.009977	0.002883	0.037738	0.006086	0.005177	0.000129	0.037764	
0.005576	0.010117	0.010940	0.007125	0.000130	0.002028	0.012199	0.003279	0.005001	0.001456	0.007382	0.062674	0.000130	0.107630	0.011344	0.001475	0.079338	0.004063	0.017871	0.051572	0.015347	0.002429	0.002804	0.047777	0.011674	0.110037	0.001683	0.001456	0.014762	0.007032	0.055212	0.000984	0.025664	0.001279	0.001456	0.005043	0.008437	0.022433	0.011876	0.010986	0.084665	0.017235	0.010591	0.007382	0.003486	0.029228	0.007694	0.007223	0.000130	0.072665	
0.005543	0.010943	0.009676	0.005602	0.000125	0.001969	0.014104	0.002702	0.010778	0.000926	0.004503	0.074091	0.000125	0.143147	0.010270	0.000969	0.020016	0.003657	0.020866	0.051489	0.013116	0.001513	0.002723	0.061857	0.012509	0.123551	0.001634	0.000926	0.003154	0.006828	0.045130	0.000898	0.032045	0.000819	0.000926	0.004570	0.008611	0.031611	0.014808	0.022064	0.108396	0.017893	0.011256	0.004503	0.003660	0.033059	0.016775	0.006850	0.000125	0.016685	
0.004080	0.007660	0.006780	0.005042	0.000122	0.001057	0.012577	0.002331	0.004631	0.001010	0.004976	0.069984	0.000122	0.135307	0.008268	0.001028	0.049427	0.002974	0.013763	0.057031	0.008478	0.001661	0.001439	0.062942	0.008650	0.137405	0.000887	0.001010	0.009143	0.003522	0.055431	0.000742	0.034256	0.000891	0.001010	0.003691	0.006194	0.023981	0.015824	0.009858	0.101451	0.016600	0.007834	0.004976	0.002590	0.033717	0.007175	0.005293	0.000122	0.045058	
0.012000	0.008630	0.010716	0.004456	0.000130	0.002825	0.014678	0.005127	0.011886	0.000985	0.004806	0.085021	0.000130	0.139289	0.006863	0.000992	0.013118	0.002495	0.021876	0.045866	0.017968	0.001612	0.003928	0.054135	0.027949	0.104669	0.002335	0.000985	0.001645	0.009931	0.038663	0.000643	0.027419	0.000871	0.000985	0.003080	0.019424	0.039802	0.012683	0.024718	0.095806	0.013510	0.025335	0.004806	0.008215	0.030616	0.018440	0.008138	0.000130	0.009673	
0.003154	0.011879	0.014831	0.003871	0.000147	0.004607	0.014492	0.002153	0.030577	0.001191	0.005857	0.047131	0.000147	0.112060	0.004174	0.001160	0.063995	0.001597	0.061929	0.036535	0.028302	0.001957	0.006431	0.035638	0.007249	0.056267	0.003796	0.001191	0.011999	0.016364	0.038875	0.000454	0.012125	0.001052	0.001191	0.001911	0.004534	0.040635	0.005657	0.061130	0.088660	0.007020	0.006123	0.005857	0.001882	0.021469	0.047664	0.003021	0.000147	0.059913	
0.002731	0.021816	0.013028	0.009426	0.000143	0.001825	0.009263	0.002002	0.026099	0.001260	0.006252	0.040527	0.000143	0.115368	0.018718	0.001363	0.057014	0.006586	0.052851	0.034244	0.013417	0.002080	0.002514	0.040518	0.005965	0.069650	0.001520	0.001260	0.010402	0.006261	0.036932	0.001558	0.016048	0.001111	0.001260	0.008281	0.003723	0.036880	0.007459	0.050544	0.104455	0.021615	0.005025	0.006252	0.001554	0.020371	0.040887	0.009329	0.000143	0.052325	
0.005557	0.024183	0.009195	0.006116	0.000161	0.001256	0.004331	0.002950	0.059281	0.001334	0.006574	0.022392	0.000161	0.142008	0.009456	0.001345	0.021693	0.003426	0.107935	0.007194	0.010436	0.002195	0.001704	0.030677	0.013997	0.008821	0.001057	0.001334	0.003056	0.004144	0.008054	0.000869	0.001752	0.001178	0.001334	0.004233	0.008272	0.070080	0.000893	0.112984	0.118946	0.009250	0.011799	0.006574	0.003540	0.007793	0.093023	0.006409	0.000161	0.018885	
0.010422	0.007741	0.033032	0.037203	0.000163	0.001550	0.003876	0.013960	0.010992	0.016505	0.089503	0.012381	0.000163	0.029977	0.006020	0.015472	0.134327	0.003260	0.023718	0.010223	0.067652	0.028490	0.002117	0.007220	0.004297	0.010668	0.001297	0.016505	0.006932	0.005206	0.013816	0.000609	0.001303	0.014326	0.016505	0.002729	0.002911	0.014161	0.000687	0.021585	0.062209	0.005926	0.003757	0.089503	0.001256	0.048446	0.017104	0.003459	0.000163	0.068674	
0.013098	0.003934	0.038408	0.045768	0.000164	0.001124	0.002786	0.017497	0.003192	0.020880	0.113412	0.011055	0.000164	0.014013	0.003959	0.019535	0.140779	0.002846	0.007053	0.006121	0.081358	0.036072	0.001516	0.003806	0.004801	0.007244	0.000949	0.020880	0.002661	0.003654	0.006873	0.000453	0.001432	0.018118	0.020880	0.001827	0.003398	0.006457	0.000747	0.006526	0.056268	0.004036	0.004348	0.113412	0.001499	0.059563	0.004869	0.002688	0.000164	0.057710	
0.015829	0.007937	0.035784	0.040175	0.000162	0.001721	0.004181	0.016483	0.005002	0.017466	0.094755	0.024408	0.000162	0.024915	0.008504	0.016392	0.122156	0.004176	0.010489	0.007905	0.072112	0.030155	0.002359	0.004616	0.015777	0.007677	0.001438	0.017466	0.003147	0.005831	0.008504	0.000798	0.001428	0.015159	0.017466	0.003817	0.011089	0.014656	0.000744	0.010292	0.056364	0.008277	0.014341	0.094755	0.004722	0.051257	0.007690	0.006713	0.000162	0.052585	
0.036729	0.005566	0.018665	0.005914	0.000149	0.005706	0.013906	0.015043	0.002609	0.001767	0.008995	0.113743	0.000149	0.073357	0.006375	0.001718	0.057710	0.002391	0.010175	0.025739	0.036396	0.002954	0.007979	0.007583	0.085809	0.022635	0.004696	0.001767	0.009810	0.020357	0.027340	0.000623	0.003759	0.001551	0.001767	0.002876	0.060627	0.053801	0.001809	0.008593	0.022183	0.006899	0.078324	0.008995	0.025448	0.017020	0.003644	0.018562	0.000149	0.049639	
0.003002	0.062624	0.029614	0.029928	0.000159	0.000939	0.002957	0.002206	0.021746	0.001360	0.006724	0.014000	0.000159	0.056177	0.073408	0.001977	0.068335	0.025353	0.045446	0.014204	0.008817	0.002240	0.001258	0.013507	0.006286	0.018949	0.000797	0.001360	0.012434	0.002995	0.022232	0.005739	0.002158	0.001199	0.001360	0.032249	0.004136	0.026203	0.001078	0.040381	0.114002	0.069045	0.005402	0.006724	0.001719	0.007124	0.034324	0.033910	0.000159	0.061896	
0.008737	0.040789	0.030104	0.020716	0.000149	0.004673	0.013300	0.004213	0.009678	0.001189	0.005831	0.054499	0.000149	0.063582	0.049551	0.001590	0.057565	0.017156	0.022638	0.031297	0.028636	0.001951	0.006524	0.020258	0.019758	0.043473	0.003850	0.001189	0.010473	0.016599	0.033106	0.003913	0.009112	0.001050	0.001189	0.021792	0.013926	0.024522	0.004272	0.020626	0.087001	0.048588	0.017904	0.005831	0.005840	0.018501	0.015002	0.025777	0.000149	0.051781	
0.009134	0.049904	0.026771	0.025487	0.000151	0.001545	0.005497	0.004545	0.009608	0.001366	0.006795	0.037932	0.000151	0.055864	0.061383	0.001869	0.076217	0.021226	0.024853	0.023429	0.012210	0.002258	0.002115	0.016146	0.020478	0.038063	0.001291	0.001366	0.014063	0.005219	0.031119	0.004816	0.006814	0.001204	0.001366	0.026976	0.014511	0.023932	0.003216	0.018083	0.092913	0.059033	0.018562	0.006795	0.006054	0.011960	0.015162	0.031206	0.000151	0.069191	
0.003630	0.070763	0.049532	0.037342	0.000156	0.006471	0.016383	0.002538	0.004454	0.001854	0.009439	0.044611	0.000156	0.032294	0.090517	0.002602	0.026148	0.031250	0.007623	0.025703	0.040828	0.003099	0.009054	0.012378	0.006437	0.025564	0.005323	0.001854	0.002990	0.023120	0.021032	0.007041	0.006192	0.001628	0.001854	0.039743	0.004550	0.009619	0.002932	0.011136	0.110215	0.086063	0.005838	0.009439	0.001975	0.020447	0.006828	0.041727	0.000156	0.017468	
0.004545	0.041647	0.023875	0.021262	0.000145	0.001936	0.007674	0.002672	0.003628	0.000864	0.004074	0.036971	0.000145	0.052647	0.052870	0.001318	0.106863	0.018270	0.018723	0.036290	0.012549	0.001391	0.002668	0.021679	0.009887	0.062151	0.001610	0.000864	0.021092	0.006657	0.047849	0.004162	0.011478	0.000768	0.000864	0.023243	0.007369	0.013589	0.005358	0.007258	0.084862	0.052301	0.008991	0.004074	0.002990	0.015292	0.005705	0.025503	0.000145	0.101235	
