0.000901	0.001068	0.000901	0.000901	0.000901	0.000901	0.000901	0.000901	0.000901	0.000901	0.000901	0.000901	0.000901	0.001066	0.000901	0.000901	0.000901	0.000901	0.000901	0.000901	0.000901	0.000901	0.000901	0.000901	0.000901	0.000901	0.000901	0.000901	0.000901	0.001231	0.000901	0.000901	0.001314	0.001066	0.001214	0.000901	0.000901	0.001515	0.010251	0.000901	0.000901	0.000901	0.000901	0.000901	0.000901	0.000901	0.000901	0.000901	0.000901	0.944348	
0.000648	0.001387	0.000648	0.000648	0.000648	0.000648	0.000648	0.000648	0.000648	0.000648	0.000648	0.000648	0.000648	0.001036	0.000648	0.000648	0.000648	0.000648	0.000648	0.000648	0.000648	0.000648	0.000648	0.000648	0.000648	0.000648	0.000648	0.000648	0.000648	0.001424	0.000648	0.000648	0.001793	0.001036	0.004310	0.000648	0.000648	0.001907	0.009240	0.000648	0.000648	0.000648	0.000648	0.000648	0.000648	0.000648	0.000648	0.000648	0.000648	0.951298	
0.000665	0.001050	0.000665	0.000665	0.000665	0.000665	0.000665	0.000665	0.000665	0.000665	0.000665	0.000665	0.000665	0.000985	0.000665	0.000665	0.000665	0.000665	0.000665	0.000665	0.000665	0.000665	0.000665	0.000665	0.000665	0.000665	0.000665	0.000665	0.000665	0.001305	0.000665	0.000665	0.001497	0.000985	0.004194	0.000665	0.000665	0.002887	0.011142	0.000665	0.000665	0.000665	0.000665	0.000665	0.000665	0.000665	0.000665	0.000665	0.000665	0.948672	
0.000678	0.001035	0.000678	0.000678	0.000678	0.000678	0.000678	0.000678	0.000678	0.000678	0.000678	0.000678	0.000678	0.000844	0.000678	0.000678	0.000678	0.000678	0.000678	0.000678	0.000678	0.000678	0.000678	0.000678	0.000678	0.000678	0.000678	0.000678	0.000678	0.001010	0.000678	0.000678	0.001189	0.000844	0.000962	0.000678	0.000678	0.006682	0.018141	0.000678	0.000678	0.000678	0.000678	0.000678	0.000678	0.000678	0.000678	0.000678	0.000678	0.941498	
0.000628	0.001166	0.000628	0.000628	0.000628	0.000628	0.000628	0.000628	0.000628	0.000628	0.000628	0.000628	0.000628	0.000846	0.000628	0.000628	0.000628	0.000628	0.000628	0.000628	0.000628	0.000628	0.000628	0.000628	0.000628	0.000628	0.000628	0.000628	0.000628	0.001064	0.000628	0.000628	0.001333	0.000846	0.001356	0.000628	0.000628	0.005887	0.010013	0.000628	0.000628	0.000628	0.000628	0.000628	0.000628	0.000628	0.000628	0.000628	0.000628	0.951734	
0.000656	0.001103	0.000656	0.000656	0.000656	0.000656	0.000656	0.000656	0.000656	0.000656	0.000656	0.000656	0.000656	0.000753	0.000656	0.000656	0.000656	0.000656	0.000656	0.000656	0.000656	0.000656	0.000656	0.000656	0.000656	0.000656	0.000656	0.000656	0.000656	0.000850	0.000656	0.000656	0.001073	0.000753	0.002039	0.000656	0.000656	0.005799	0.015514	0.000656	0.000656	0.000656	0.000656	0.000656	0.000656	0.000656	0.000656	0.000656	0.000656	0.945206	
0.000622	0.000813	0.000622	0.000622	0.000622	0.000622	0.000622	0.000622	0.000622	0.000622	0.000622	0.000622	0.000622	0.000869	0.000622	0.000622	0.000622	0.000622	0.000622	0.000622	0.000622	0.000622	0.000622	0.000622	0.000622	0.000622	0.000622	0.000622	0.000622	0.001115	0.000622	0.000622	0.001210	0.000869	0.000982	0.000622	0.000622	0.008869	0.013816	0.000622	0.000622	0.000622	0.000622	0.000622	0.000622	0.000622	0.000622	0.000622	0.000622	0.945950	
0.000613	0.004332	0.000613	0.000613	0.000613	0.000613	0.000613	0.000613	0.000613	0.000613	0.000613	0.000613	0.000613	0.000793	0.000613	0.000613	0.000613	0.000613	0.000613	0.000613	0.000613	0.000613	0.000613	0.000613	0.000613	0.000613	0.000613	0.000613	0.000613	0.000972	0.000613	0.000613	0.002832	0.000793	0.003100	0.000613	0.000613	0.003430	0.007752	0.000613	0.000613	0.000613	0.000613	0.000613	0.000613	0.000613	0.000613	0.000613	0.000613	0.950858	
0.000613	0.006088	0.000613	0.000613	0.000613	0.000613	0.000613	0.000613	0.000613	0.000613	0.000613	0.000613	0.000613	0.000752	0.000613	0.000613	0.000613	0.000613	0.000613	0.000613	0.000613	0.000613	0.000613	0.000613	0.000613	0.000613	0.000613	0.000613	0.000613	0.000892	0.000613	0.000613	0.003629	0.000752	0.000914	0.000613	0.000613	0.004804	0.006060	0.000613	0.000613	0.000613	0.000613	0.000613	0.000613	0.000613	0.000613	0.000613	0.000613	0.950975	
0.000593	0.004664	0.000593	0.000593	0.000593	0.000593	0.000593	0.000593	0.000593	0.000593	0.000593	0.000593	0.000593	0.000933	0.000593	0.000593	0.000593	0.000593	0.000593	0.000593	0.000593	0.000593	0.000593	0.000593	0.000593	0.000593	0.000593	0.000593	0.000593	0.001272	0.000593	0.000593	0.003307	0.000933	0.000949	0.000593	0.000593	0.005995	0.006540	0.000593	0.000593	0.000593	0.000593	0.000593	0.000593	0.000593	0.000593	0.000593	0.000593	0.951083	
0.000541	0.007215	0.000541	0.000541	0.000541	0.000541	0.000541	0.000541	0.000541	0.000541	0.000541	0.000541	0.000541	0.000718	0.000541	0.000541	0.000541	0.000541	0.000541	0.000541	0.000541	0.000541	0.000541	0.000541	0.000541	0.000541	0.000541	0.000541	0.000541	0.000896	0.000541	0.000541	0.004232	0.000718	0.000852	0.000541	0.000541	0.006045	0.004151	0.000541	0.000541	0.000541	0.000541	0.000541	0.000541	0.000541	0.000541	0.000541	0.000541	0.952994	
0.000680	0.000973	0.000680	0.000680	0.000680	0.000680	0.000680	0.000680	0.000680	0.000680	0.000680	0.000680	0.000680	0.000822	0.000680	0.000680	0.000680	0.000680	0.000680	0.000680	0.000680	0.000680	0.000680	0.000680	0.000680	0.000680	0.000680	0.000680	0.000680	0.000964	0.000680	0.000680	0.001110	0.000822	0.000858	0.000680	0.000680	0.002244	0.005112	0.000680	0.000680	0.000680	0.000680	0.000680	0.000680	0.000680	0.000680	0.000680	0.000680	0.959216	
0.000651	0.003217	0.000651	0.000651	0.000651	0.000651	0.000651	0.000651	0.000651	0.000651	0.000651	0.000651	0.000651	0.000854	0.000651	0.000651	0.000651	0.000651	0.000651	0.000651	0.000651	0.000651	0.000651	0.000651	0.000651	0.000651	0.000651	0.000651	0.000651	0.001057	0.000651	0.000651	0.002340	0.000854	0.000991	0.000651	0.000651	0.002783	0.004217	0.000651	0.000651	0.000651	0.000651	0.000651	0.000651	0.000651	0.000651	0.000651	0.000651	0.956975	
0.000608	0.003394	0.000608	0.000608	0.000608	0.000608	0.000608	0.000608	0.000608	0.000608	0.000608	0.000608	0.000608	0.001067	0.000608	0.000608	0.000608	0.000608	0.000608	0.000608	0.000608	0.000608	0.000608	0.000608	0.000608	0.000608	0.000608	0.000608	0.000608	0.001527	0.000608	0.000608	0.002920	0.001067	0.001226	0.000608	0.000608	0.003126	0.003222	0.000608	0.000608	0.000608	0.000608	0.000608	0.000608	0.000608	0.000608	0.000608	0.000608	0.957531	
0.000648	0.001248	0.000648	0.000648	0.000648	0.000648	0.000648	0.000648	0.000648	0.000648	0.000648	0.000648	0.000648	0.000956	0.000648	0.000648	0.000648	0.000648	0.000648	0.000648	0.000648	0.000648	0.000648	0.000648	0.000648	0.000648	0.000648	0.000648	0.000648	0.001264	0.000648	0.000648	0.001564	0.000956	0.001869	0.000648	0.000648	0.001945	0.004791	0.000648	0.000648	0.000648	0.000648	0.000648	0.000648	0.000648	0.000648	0.000648	0.000648	0.958822	
0.000599	0.000839	0.000599	0.000599	0.000599	0.000599	0.000599	0.000599	0.000599	0.000599	0.000599	0.000599	0.000599	0.005114	0.000599	0.000599	0.000599	0.000599	0.000599	0.000599	0.000599	0.000599	0.000599	0.000599	0.000599	0.000599	0.000599	0.000599	0.000599	0.009628	0.000599	0.000599	0.009748	0.005114	0.000852	0.000599	0.000599	0.005955	0.002861	0.000599	0.000599	0.000599	0.000599	0.000599	0.000599	0.000599	0.000599	0.000599	0.000599	0.935334	
0.000618	0.000812	0.000618	0.000618	0.000618	0.000618	0.000618	0.000618	0.000618	0.000618	0.000618	0.000618	0.000618	0.003756	0.000618	0.000618	0.000618	0.000618	0.000618	0.000618	0.000618	0.000618	0.000618	0.000618	0.000618	0.000618	0.000618	0.000618	0.000618	0.006894	0.000618	0.000618	0.006991	0.003756	0.002739	0.000618	0.000618	0.004350	0.006037	0.000618	0.000618	0.000618	0.000618	0.000618	0.000618	0.000618	0.000618	0.000618	0.000618	0.939339	
0.000594	0.001682	0.000594	0.000594	0.000594	0.000594	0.000594	0.000594	0.000594	0.000594	0.000594	0.000594	0.000594	0.004605	0.000594	0.000594	0.000594	0.000594	0.000594	0.000594	0.000594	0.000594	0.000594	0.000594	0.000594	0.000594	0.000594	0.000594	0.000594	0.008616	0.000594	0.000594	0.009160	0.004605	0.000878	0.000594	0.000594	0.005793	0.002925	0.000594	0.000594	0.000594	0.000594	0.000594	0.000594	0.000594	0.000594	0.000594	0.000594	0.937386	
0.000611	0.004197	0.000611	0.000611	0.000611	0.000611	0.000611	0.000611	0.000611	0.000611	0.000611	0.000611	0.000611	0.002337	0.000611	0.000611	0.000611	0.000611	0.000611	0.000611	0.000611	0.000611	0.000611	0.000611	0.000611	0.000611	0.000611	0.000611	0.000611	0.004063	0.000611	0.000611	0.005856	0.002337	0.000863	0.000611	0.000611	0.005244	0.005037	0.000611	0.000611	0.000611	0.000611	0.000611	0.000611	0.000611	0.000611	0.000611	0.000611	0.945036	
0.000595	0.001251	0.000595	0.000595	0.000595	0.000595	0.000595	0.000595	0.000595	0.000595	0.000595	0.000595	0.000595	0.002720	0.000595	0.000595	0.000595	0.000595	0.000595	0.000595	0.000595	0.000595	0.000595	0.000595	0.000595	0.000595	0.000595	0.000595	0.000595	0.004845	0.000595	0.000595	0.005173	0.002720	0.000768	0.000595	0.000595	0.006952	0.005812	0.000595	0.000595	0.000595	0.000595	0.000595	0.000595	0.000595	0.000595	0.000595	0.000595	0.945344	
0.000617	0.001681	0.000617	0.000617	0.000617	0.000617	0.000617	0.000617	0.000617	0.000617	0.000617	0.000617	0.000617	0.002466	0.000617	0.000617	0.000617	0.000617	0.000617	0.000617	0.000617	0.000617	0.000617	0.000617	0.000617	0.000617	0.000617	0.000617	0.000617	0.004315	0.000617	0.000617	0.004847	0.002466	0.000979	0.000617	0.000617	0.005995	0.006472	0.000617	0.000617	0.000617	0.000617	0.000617	0.000617	0.000617	0.000617	0.000617	0.000617	0.945487	
0.000601	0.001201	0.000601	0.000601	0.000601	0.000601	0.000601	0.000601	0.000601	0.000601	0.000601	0.000601	0.000601	0.000894	0.000601	0.000601	0.000601	0.000601	0.000601	0.000601	0.000601	0.000601	0.000601	0.000601	0.000601	0.000601	0.000601	0.000601	0.000601	0.001186	0.000601	0.000601	0.001486	0.000894	0.000873	0.000601	0.000601	0.009297	0.011901	0.000601	0.000601	0.000601	0.000601	0.000601	0.000601	0.000601	0.000601	0.000601	0.000601	0.947635	
0.000598	0.001125	0.000598	0.000598	0.000598	0.000598	0.000598	0.000598	0.000598	0.000598	0.000598	0.000598	0.000598	0.002023	0.000598	0.000598	0.000598	0.000598	0.000598	0.000598	0.000598	0.000598	0.000598	0.000598	0.000598	0.000598	0.000598	0.000598	0.000598	0.003448	0.000598	0.000598	0.003711	0.002023	0.001992	0.000598	0.000598	0.007143	0.008794	0.000598	0.000598	0.000598	0.000598	0.000598	0.000598	0.000598	0.000598	0.000598	0.000598	0.945232	
0.000602	0.002543	0.000602	0.000602	0.000602	0.000602	0.000602	0.000602	0.000602	0.000602	0.000602	0.000602	0.000602	0.000837	0.000602	0.000602	0.000602	0.000602	0.000602	0.000602	0.000602	0.000602	0.000602	0.000602	0.000602	0.000602	0.000602	0.000602	0.000602	0.001072	0.000602	0.000602	0.002042	0.000837	0.000839	0.000602	0.000602	0.008396	0.010356	0.000602	0.000602	0.000602	0.000602	0.000602	0.000602	0.000602	0.000602	0.000602	0.000602	0.948411	
