0.576046	0.001299	0.030357	0.000628	0.027436	0.028908	0.030588	0.102756	0.039235	0.053126	0.063274	0.013324	0.013157	0.016016	0.003851	
0.504039	0.001689	0.063001	0.001209	0.025154	0.034368	0.031001	0.085189	0.036342	0.053373	0.038603	0.013249	0.030076	0.058582	0.024126	
0.492564	0.005616	0.065960	0.001108	0.027998	0.025696	0.029304	0.089965	0.032029	0.086983	0.025517	0.012354	0.054144	0.036606	0.014156	
0.446518	0.000796	0.046943	0.004875	0.020590	0.037809	0.067954	0.051606	0.104485	0.026453	0.030155	0.047012	0.007345	0.081905	0.025555	
0.402400	0.001517	0.109195	0.006828	0.026342	0.015223	0.066891	0.033401	0.150690	0.029119	0.002742	0.068246	0.030200	0.052579	0.004627	
0.384986	0.000996	0.073855	0.006313	0.023379	0.034735	0.095520	0.026452	0.136915	0.018436	0.008370	0.062564	0.013768	0.088890	0.024822	
0.398963	0.000827	0.069435	0.000803	0.058223	0.045481	0.253826	0.011228	0.086865	0.008102	0.002771	0.038094	0.007230	0.014270	0.003881	
0.343187	0.001370	0.100326	0.001650	0.018220	0.040225	0.065162	0.039017	0.129785	0.029073	0.014124	0.041006	0.032987	0.106770	0.037098	
0.348196	0.000693	0.072928	0.000844	0.014223	0.054020	0.068863	0.042594	0.111526	0.023094	0.024745	0.032139	0.020797	0.132892	0.052446	
0.280131	0.001483	0.159680	0.000651	0.013549	0.014918	0.030766	0.031958	0.234443	0.026493	0.012934	0.066143	0.048839	0.070488	0.007523	
0.212024	0.001020	0.152896	0.000872	0.007626	0.032972	0.050533	0.012626	0.237949	0.013791	0.003392	0.066880	0.043461	0.128617	0.035340	
0.317016	0.001295	0.139325	0.000814	0.019104	0.018131	0.053995	0.034890	0.209560	0.025171	0.016983	0.061354	0.039977	0.057628	0.004759	
0.451163	0.000906	0.151978	0.000891	0.032139	0.013054	0.022298	0.070284	0.075097	0.048389	0.014041	0.023436	0.057858	0.031651	0.006816	
0.409135	0.000863	0.151761	0.001492	0.030607	0.022706	0.040251	0.055816	0.073097	0.042233	0.002901	0.024861	0.057256	0.064305	0.022716	
0.361000	0.000778	0.174618	0.000830	0.029406	0.012308	0.045890	0.043986	0.143988	0.033721	0.003116	0.043194	0.058226	0.043590	0.005349	
0.444579	0.013597	0.017917	0.000957	0.021813	0.029853	0.030572	0.096558	0.027151	0.147714	0.012276	0.010173	0.081900	0.045694	0.019248	
0.438168	0.009263	0.070655	0.002390	0.024190	0.021329	0.022707	0.081840	0.051354	0.112362	0.005813	0.021902	0.075325	0.046997	0.015705	
0.469113	0.010356	0.061769	0.000799	0.029362	0.020066	0.029559	0.094329	0.026441	0.126060	0.011121	0.010155	0.080422	0.022244	0.008203	
0.365477	0.006395	0.041171	0.000814	0.025446	0.056913	0.109927	0.049321	0.045025	0.071195	0.004976	0.016153	0.044686	0.111443	0.051059	
0.362100	0.003738	0.077221	0.003915	0.018422	0.041457	0.064240	0.041783	0.097618	0.049563	0.003593	0.040211	0.039523	0.114139	0.042476	
0.365051	0.006448	0.068722	0.003419	0.014654	0.030254	0.039605	0.053962	0.126182	0.073202	0.009973	0.046104	0.049932	0.086730	0.025763	
0.410212	0.001042	0.117533	0.005373	0.020718	0.012870	0.028919	0.046952	0.154885	0.031841	0.014227	0.062073	0.033790	0.054451	0.005114	
0.374273	0.001922	0.081039	0.010664	0.014677	0.014264	0.056280	0.019149	0.210392	0.020730	0.003505	0.098001	0.013862	0.075784	0.005457	
0.306652	0.000993	0.065718	0.003990	0.013822	0.062481	0.098818	0.018359	0.111034	0.015465	0.003635	0.043965	0.016936	0.169683	0.068448	
