0.000752	0.001213	0.000752	0.000752	0.000752	0.000752	0.000752	0.000752	0.000752	0.000752	0.000752	0.000752	0.000752	0.000982	0.000752	0.000752	0.000752	0.000752	0.000752	0.000752	0.000752	0.000752	0.000752	0.000752	0.000752	0.000752	0.000752	0.000752	0.000752	0.001078	0.000752	0.000752	0.001241	0.000927	0.000982	0.000752	0.000752	0.001258	0.002152	0.000752	0.000752	0.000752	0.000752	0.000752	0.000752	0.000752	0.000752	0.000752	0.000752	0.959355	
0.000699	0.001099	0.000699	0.000699	0.000699	0.000699	0.000699	0.000699	0.000699	0.000699	0.000699	0.000699	0.000699	0.000899	0.000699	0.000699	0.000699	0.000699	0.000699	0.000699	0.000699	0.000699	0.000699	0.000699	0.000699	0.000699	0.000699	0.000699	0.000699	0.001001	0.000699	0.000699	0.001152	0.001705	0.000899	0.000699	0.000699	0.001587	0.008749	0.000699	0.000699	0.000699	0.000699	0.000699	0.000699	0.000699	0.000699	0.000699	0.000699	0.954242	
0.000657	0.001092	0.000657	0.000657	0.000657	0.000657	0.000657	0.000657	0.000657	0.000657	0.000657	0.000657	0.000657	0.000874	0.000657	0.000657	0.000657	0.000657	0.000657	0.000657	0.000657	0.000657	0.000657	0.000657	0.000657	0.000657	0.000657	0.000657	0.000657	0.004122	0.000657	0.000657	0.005854	0.001595	0.000874	0.000657	0.000657	0.001297	0.008160	0.000657	0.000657	0.000657	0.000657	0.000657	0.000657	0.000657	0.000657	0.000657	0.000657	0.949197	
0.000584	0.000884	0.000584	0.000584	0.000584	0.000584	0.000584	0.000584	0.000584	0.000584	0.000584	0.000584	0.000584	0.000734	0.000584	0.000584	0.000584	0.000584	0.000584	0.000584	0.000584	0.000584	0.000584	0.000584	0.000584	0.000584	0.000584	0.000584	0.000584	0.000885	0.000584	0.000584	0.001036	0.003315	0.000734	0.000584	0.000584	0.011370	0.022435	0.000584	0.000584	0.000584	0.000584	0.000584	0.000584	0.000584	0.000584	0.000584	0.000584	0.934674	
0.000581	0.001036	0.000581	0.000581	0.000581	0.000581	0.000581	0.000581	0.000581	0.000581	0.000581	0.000581	0.000581	0.000808	0.000581	0.000581	0.000581	0.000581	0.000581	0.000581	0.000581	0.000581	0.000581	0.000581	0.000581	0.000581	0.000581	0.000581	0.000581	0.001036	0.000581	0.000581	0.001263	0.000725	0.000808	0.000581	0.000581	0.013071	0.001737	0.000581	0.000581	0.000581	0.000581	0.000581	0.000581	0.000581	0.000581	0.000581	0.000581	0.955713	
0.000597	0.001735	0.000597	0.000597	0.000597	0.000597	0.000597	0.000597	0.000597	0.000597	0.000597	0.000597	0.000597	0.001166	0.000597	0.000597	0.000597	0.000597	0.000597	0.000597	0.000597	0.000597	0.000597	0.000597	0.000597	0.000597	0.000597	0.000597	0.000597	0.000948	0.000597	0.000597	0.001123	0.001157	0.001166	0.000597	0.000597	0.009501	0.005079	0.000597	0.000597	0.000597	0.000597	0.000597	0.000597	0.000597	0.000597	0.000597	0.000597	0.953640	
0.000582	0.001011	0.000582	0.000582	0.000582	0.000582	0.000582	0.000582	0.000582	0.000582	0.000582	0.000582	0.000582	0.000797	0.000582	0.000582	0.000582	0.000582	0.000582	0.000582	0.000582	0.000582	0.000582	0.000582	0.000582	0.000582	0.000582	0.000582	0.000582	0.001043	0.000582	0.000582	0.001273	0.000959	0.000797	0.000582	0.000582	0.018011	0.003597	0.000582	0.000582	0.000582	0.000582	0.000582	0.000582	0.000582	0.000582	0.000582	0.000582	0.948639	
0.000681	0.010777	0.000681	0.000681	0.000681	0.000681	0.000681	0.000681	0.000681	0.000681	0.000681	0.000681	0.000681	0.005729	0.000681	0.000681	0.000681	0.000681	0.000681	0.000681	0.000681	0.000681	0.000681	0.000681	0.000681	0.000681	0.000681	0.000681	0.000681	0.001009	0.000681	0.000681	0.001173	0.000987	0.005729	0.000681	0.000681	0.001315	0.003131	0.000681	0.000681	0.000681	0.000681	0.000681	0.000681	0.000681	0.000681	0.000681	0.000681	0.942233	
0.000660	0.006736	0.000660	0.000660	0.000660	0.000660	0.000660	0.000660	0.000660	0.000660	0.000660	0.000660	0.000660	0.003698	0.000660	0.000660	0.000660	0.000660	0.000660	0.000660	0.000660	0.000660	0.000660	0.000660	0.000660	0.000660	0.000660	0.000660	0.000660	0.000881	0.000660	0.000660	0.000992	0.002208	0.003698	0.000660	0.000660	0.001865	0.013046	0.000660	0.000660	0.000660	0.000660	0.000660	0.000660	0.000660	0.000660	0.000660	0.000660	0.939831	
0.000664	0.004910	0.000664	0.000664	0.000664	0.000664	0.000664	0.000664	0.000664	0.000664	0.000664	0.000664	0.000664	0.002787	0.000664	0.000664	0.000664	0.000664	0.000664	0.000664	0.000664	0.000664	0.000664	0.000664	0.000664	0.000664	0.000664	0.000664	0.000664	0.001135	0.000664	0.000664	0.001371	0.001035	0.002787	0.000664	0.000664	0.002075	0.003633	0.000664	0.000664	0.000664	0.000664	0.000664	0.000664	0.000664	0.000664	0.000664	0.000664	0.953058	
0.000674	0.008398	0.000674	0.000674	0.000674	0.000674	0.000674	0.000674	0.000674	0.000674	0.000674	0.000674	0.000674	0.004536	0.000674	0.000674	0.000674	0.000674	0.000674	0.000674	0.000674	0.000674	0.000674	0.000674	0.000674	0.000674	0.000674	0.000674	0.000674	0.000970	0.000674	0.000674	0.001118	0.001575	0.004536	0.000674	0.000674	0.001792	0.007887	0.000674	0.000674	0.000674	0.000674	0.000674	0.000674	0.000674	0.000674	0.000674	0.000674	0.941573	
0.000682	0.001056	0.000682	0.000682	0.000682	0.000682	0.000682	0.000682	0.000682	0.000682	0.000682	0.000682	0.000682	0.000869	0.000682	0.000682	0.000682	0.000682	0.000682	0.000682	0.000682	0.000682	0.000682	0.000682	0.000682	0.000682	0.000682	0.000682	0.000682	0.000907	0.000682	0.000682	0.001020	0.000922	0.000869	0.000682	0.000682	0.001908	0.002598	0.000682	0.000682	0.000682	0.000682	0.000682	0.000682	0.000682	0.000682	0.000682	0.000682	0.961882	
0.000629	0.001331	0.000629	0.000629	0.000629	0.000629	0.000629	0.000629	0.000629	0.000629	0.000629	0.000629	0.000629	0.000980	0.000629	0.000629	0.000629	0.000629	0.000629	0.000629	0.000629	0.000629	0.000629	0.000629	0.000629	0.000629	0.000629	0.000629	0.000629	0.000998	0.000629	0.000629	0.001183	0.002523	0.000980	0.000629	0.000629	0.001424	0.015784	0.000629	0.000629	0.000629	0.000629	0.000629	0.000629	0.000629	0.000629	0.000629	0.000629	0.949006	
0.000620	0.001391	0.000620	0.000620	0.000620	0.000620	0.000620	0.000620	0.000620	0.000620	0.000620	0.000620	0.000620	0.001005	0.000620	0.000620	0.000620	0.000620	0.000620	0.000620	0.000620	0.000620	0.000620	0.000620	0.000620	0.000620	0.000620	0.000620	0.000620	0.001413	0.000620	0.000620	0.001809	0.001681	0.001005	0.000620	0.000620	0.001421	0.009105	0.000620	0.000620	0.000620	0.000620	0.000620	0.000620	0.000620	0.000620	0.000620	0.000620	0.955748	
0.000635	0.001086	0.000635	0.000635	0.000635	0.000635	0.000635	0.000635	0.000635	0.000635	0.000635	0.000635	0.000635	0.000861	0.000635	0.000635	0.000635	0.000635	0.000635	0.000635	0.000635	0.000635	0.000635	0.000635	0.000635	0.000635	0.000635	0.000635	0.000635	0.001533	0.000635	0.000635	0.001982	0.000806	0.000861	0.000635	0.000635	0.001618	0.002006	0.000635	0.000635	0.000635	0.000635	0.000635	0.000635	0.000635	0.000635	0.000635	0.000635	0.963220	
0.000587	0.000854	0.000587	0.000587	0.000587	0.000587	0.000587	0.000587	0.000587	0.000587	0.000587	0.000587	0.000587	0.000721	0.000587	0.000587	0.000587	0.000587	0.000587	0.000587	0.000587	0.000587	0.000587	0.000587	0.000587	0.000587	0.000587	0.000587	0.000587	0.008743	0.000587	0.000587	0.012821	0.001328	0.000721	0.000587	0.000587	0.001534	0.006513	0.000587	0.000587	0.000587	0.000587	0.000587	0.000587	0.000587	0.000587	0.000587	0.000587	0.942684	
0.000618	0.001054	0.000618	0.000618	0.000618	0.000618	0.000618	0.000618	0.000618	0.000618	0.000618	0.000618	0.000618	0.000836	0.000618	0.000618	0.000618	0.000618	0.000618	0.000618	0.000618	0.000618	0.000618	0.000618	0.000618	0.000618	0.000618	0.000618	0.000618	0.007397	0.000618	0.000618	0.010786	0.001251	0.000836	0.000618	0.000618	0.001197	0.005677	0.000618	0.000618	0.000618	0.000618	0.000618	0.000618	0.000618	0.000618	0.000618	0.000618	0.945609	
0.000584	0.000982	0.000584	0.000584	0.000584	0.000584	0.000584	0.000584	0.000584	0.000584	0.000584	0.000584	0.000584	0.000783	0.000584	0.000584	0.000584	0.000584	0.000584	0.000584	0.000584	0.000584	0.000584	0.000584	0.000584	0.000584	0.000584	0.000584	0.000584	0.009435	0.000584	0.000584	0.013861	0.000833	0.000783	0.000584	0.000584	0.001846	0.002575	0.000584	0.000584	0.000584	0.000584	0.000584	0.000584	0.000584	0.000584	0.000584	0.000584	0.944972	
0.000633	0.001324	0.000633	0.000633	0.000633	0.000633	0.000633	0.000633	0.000633	0.000633	0.000633	0.000633	0.000633	0.000978	0.000633	0.000633	0.000633	0.000633	0.000633	0.000633	0.000633	0.000633	0.000633	0.000633	0.000633	0.000633	0.000633	0.000633	0.000633	0.004891	0.000633	0.000633	0.007020	0.001458	0.000978	0.000633	0.000633	0.001265	0.007238	0.000633	0.000633	0.000633	0.000633	0.000633	0.000633	0.000633	0.000633	0.000633	0.000633	0.948907	
0.000603	0.001749	0.000603	0.000603	0.000603	0.000603	0.000603	0.000603	0.000603	0.000603	0.000603	0.000603	0.000603	0.001176	0.000603	0.000603	0.000603	0.000603	0.000603	0.000603	0.000603	0.000603	0.000603	0.000603	0.000603	0.000603	0.000603	0.000603	0.000603	0.002891	0.000603	0.000603	0.004034	0.001283	0.001176	0.000603	0.000603	0.007953	0.006040	0.000603	0.000603	0.000603	0.000603	0.000603	0.000603	0.000603	0.000603	0.000603	0.000603	0.948957	
0.000648	0.005029	0.000648	0.000648	0.000648	0.000648	0.000648	0.000648	0.000648	0.000648	0.000648	0.000648	0.000648	0.002839	0.000648	0.000648	0.000648	0.000648	0.000648	0.000648	0.000648	0.000648	0.000648	0.000648	0.000648	0.000648	0.000648	0.000648	0.000648	0.003930	0.000648	0.000648	0.005571	0.000782	0.002839	0.000648	0.000648	0.001796	0.001720	0.000648	0.000648	0.000648	0.000648	0.000648	0.000648	0.000648	0.000648	0.000648	0.000648	0.948934	
0.000566	0.001002	0.000566	0.000566	0.000566	0.000566	0.000566	0.000566	0.000566	0.000566	0.000566	0.000566	0.000566	0.000784	0.000566	0.000566	0.000566	0.000566	0.000566	0.000566	0.000566	0.000566	0.000566	0.000566	0.000566	0.000566	0.000566	0.000566	0.000566	0.000980	0.000566	0.000566	0.001188	0.001964	0.000784	0.000566	0.000566	0.016935	0.011749	0.000566	0.000566	0.000566	0.000566	0.000566	0.000566	0.000566	0.000566	0.000566	0.000566	0.941421	
0.000628	0.002816	0.000628	0.000628	0.000628	0.000628	0.000628	0.000628	0.000628	0.000628	0.000628	0.000628	0.000628	0.001722	0.000628	0.000628	0.000628	0.000628	0.000628	0.000628	0.000628	0.000628	0.000628	0.000628	0.000628	0.000628	0.000628	0.000628	0.000628	0.002294	0.000628	0.000628	0.003127	0.000820	0.001722	0.000628	0.000628	0.009220	0.002165	0.000628	0.000628	0.000628	0.000628	0.000628	0.000628	0.000628	0.000628	0.000628	0.000628	0.950364	
0.000604	0.002156	0.000604	0.000604	0.000604	0.000604	0.000604	0.000604	0.000604	0.000604	0.000604	0.000604	0.000604	0.001380	0.000604	0.000604	0.000604	0.000604	0.000604	0.000604	0.000604	0.000604	0.000604	0.000604	0.000604	0.000604	0.000604	0.000604	0.000604	0.001069	0.000604	0.000604	0.001301	0.002745	0.001380	0.000604	0.000604	0.009217	0.017734	0.000604	0.000604	0.000604	0.000604	0.000604	0.000604	0.000604	0.000604	0.000604	0.000604	0.938262	
