31
31
31
31
31
31
31
31
31
31
31
24
24
24
24
24
24
24
24
24
24
24
41
41
41
41
41
41
41
41
41
41
41
41
41
41
41
41
41
41
41
41
41
41
41
41
41
41
41
41
41
41
41
41
41
41
41
41
41
39
39
39
39
39
39
39
39
39
39
39
39
39
14
14
14
14
14
14
14
14
14
14
14
21
21
21
21
21
21
21
21
21
21
21
21
21
21
14
14
14
14
14
14
14
14
14
14
14
14
14
26
26
26
26
26
26
26
26
26
26
26
26
26
26
26
26
26
26
26
26
26
26
26
26
26
26
26
26
26
26
26
26
26
26
26
26
26
26
26
8
8
8
14
14
14
14
14
14
14
14
14
14
14
14
14
14
14
14
14
14
36
36
36
36
36
36
36
36
36
36
36
36
36
36
36
36
36
36
36
8
8
8
