17
17
17
17
17
17
17
17
17
17
17
17
17
17
17
17
17
17
17
26
26
26
26
26
26
26
26
26
26
26
26
26
26
26
26
26
26
26
26
26
26
26
26
26
26
26
26
20
20
20
20
20
20
20
20
27
27
27
27
27
27
27
27
27
27
27
27
27
27
27
27
27
27
17
17
17
17
17
17
17
17
17
17
17
17
41
41
40
40
40
40
40
40
40
40
40
40
40
40
16
16
16
16
16
16
16
16
16
16
16
16
16
16
16
39
39
39
39
39
39
39
39
39
39
49
49
49
49
49
49
49
49
49
49
49
49
49
49
49
49
49
49
49
49
14
14
14
14
14
14
14
14
14
14
14
14
14
14
14
14
6
6
6
6
6
6
6
6
6
6
6
6
6
6
6
6
6
6
6
44
44
44
44
44
44
38
38
38
38
38
38
38
38
38
38
38
38
38
38
38
38
38
38
38
38
38
38
38
38
38
38
38
38
38
38
21
21
21
21
21
21
21
21
21
22
22
22
22
22
22
22
22
22
22
22
22
22
22
9
9
9
9
9
9
9
9
37
37
37
37
37
37
37
37
37
37
37
37
37
37
37
37
37
37
37
37
37
37
32
32
32
32
32
32
32
32
