0.038827	0.004053	0.002173	0.035294	0.006754	0.010732	0.001476	0.014085	0.031569	0.014513	0.033938	0.063682	0.010335	0.025241	0.047550	0.000136	0.004155	0.044326	0.021969	0.008798	0.013933	0.001008	0.000833	0.000136	0.001927	0.002206	0.012894	0.004167	0.000833	0.005577	0.003732	0.001476	0.000766	0.044069	0.002860	0.045457	0.018180	0.110393	0.001476	0.024372	0.005549	0.004053	0.128796	0.001031	0.008915	0.010589	0.016093	0.008517	0.093493	0.007062	
0.036320	0.004960	0.008612	0.025247	0.014666	0.028054	0.005714	0.011285	0.022810	0.005243	0.027420	0.053806	0.008754	0.021342	0.036719	0.000141	0.016860	0.029682	0.014762	0.009698	0.008896	0.001068	0.003039	0.000141	0.002344	0.002342	0.017331	0.004428	0.003039	0.016988	0.003964	0.005714	0.001426	0.037243	0.007315	0.049957	0.015379	0.094017	0.005714	0.044717	0.022656	0.004960	0.108797	0.001242	0.009819	0.017127	0.007388	0.034808	0.078983	0.007068	
0.032765	0.004063	0.007840	0.018549	0.010178	0.014244	0.005205	0.009621	0.014162	0.005871	0.032127	0.063334	0.010280	0.025104	0.042844	0.000137	0.015341	0.019136	0.023577	0.015365	0.007822	0.001877	0.002773	0.000137	0.001932	0.004268	0.013275	0.008181	0.002773	0.016109	0.007312	0.005205	0.000813	0.043829	0.003763	0.031870	0.018082	0.109933	0.005205	0.032605	0.020611	0.004063	0.128091	0.001035	0.005088	0.015873	0.005942	0.031525	0.092982	0.007281	
0.004588	0.070193	0.001109	0.006849	0.026110	0.051549	0.000779	0.132582	0.006981	0.003937	0.002267	0.003446	0.000674	0.001448	0.003609	0.000144	0.002049	0.009673	0.018892	0.047292	0.087041	0.001482	0.000474	0.000144	0.032166	0.003323	0.214452	0.006334	0.000474	0.007824	0.005665	0.000779	0.002448	0.002427	0.013356	0.089240	0.001081	0.007915	0.000779	0.007163	0.002709	0.070193	0.006829	0.016155	0.002173	0.006627	0.003463	0.004675	0.004995	0.003444	
0.005024	0.033521	0.002428	0.019424	0.066638	0.129425	0.001650	0.068993	0.019457	0.016357	0.003851	0.002902	0.000596	0.001240	0.008314	0.000155	0.004641	0.029338	0.056765	0.047463	0.049407	0.004078	0.000932	0.000155	0.015408	0.009473	0.112756	0.018301	0.000932	0.020169	0.016340	0.001650	0.006022	0.002054	0.033381	0.057388	0.000935	0.010094	0.001650	0.011797	0.006196	0.033521	0.005716	0.007781	0.002600	0.016325	0.013703	0.010923	0.004190	0.007940	
0.017561	0.040497	0.001758	0.021523	0.041923	0.090572	0.001207	0.079451	0.021472	0.008401	0.010074	0.017439	0.002923	0.006979	0.015041	0.000148	0.003326	0.029512	0.014139	0.025399	0.054323	0.000667	0.000699	0.000148	0.018593	0.001381	0.129696	0.002548	0.000699	0.010423	0.002288	0.001207	0.004235	0.012102	0.023390	0.074861	0.005058	0.033664	0.001207	0.019092	0.004427	0.040497	0.035156	0.009371	0.006986	0.007801	0.009850	0.007762	0.025550	0.006972	
0.005260	0.041718	0.005612	0.010134	0.025584	0.020923	0.003742	0.080312	0.010400	0.010731	0.002370	0.002898	0.000587	0.001233	0.004279	0.000145	0.010936	0.014744	0.089433	0.079391	0.053859	0.007718	0.002015	0.000145	0.019150	0.018131	0.126355	0.035171	0.002015	0.022999	0.031384	0.003742	0.001120	0.002048	0.005485	0.076639	0.000927	0.005738	0.003742	0.021281	0.014677	0.041718	0.005719	0.009647	0.002747	0.030911	0.005684	0.022553	0.004190	0.002058	
0.055075	0.005599	0.002426	0.082469	0.010829	0.011764	0.001647	0.021586	0.089966	0.025371	0.005619	0.002901	0.000590	0.001236	0.013153	0.000148	0.004644	0.119670	0.049722	0.022448	0.022116	0.002716	0.000927	0.000148	0.002640	0.006246	0.017588	0.012024	0.000927	0.008905	0.010740	0.001647	0.000935	0.002052	0.003134	0.157110	0.000930	0.005373	0.001647	0.079573	0.006203	0.005599	0.005723	0.001394	0.034937	0.033563	0.033391	0.009521	0.004193	0.001234	
0.063770	0.016553	0.001373	0.074119	0.010919	0.021076	0.000954	0.034939	0.083116	0.009111	0.003630	0.004167	0.000794	0.001736	0.006820	0.000149	0.002565	0.105028	0.015893	0.013647	0.025657	0.000788	0.000568	0.000149	0.007648	0.001665	0.051227	0.003102	0.000568	0.004723	0.002783	0.000954	0.001174	0.002927	0.005528	0.186076	0.001290	0.007933	0.000954	0.087643	0.003402	0.016553	0.008283	0.003899	0.040232	0.030001	0.020739	0.005361	0.006051	0.001763	
0.005521	0.006186	0.002202	0.096895	0.017978	0.033152	0.001497	0.050354	0.095447	0.081842	0.015640	0.002708	0.000553	0.001155	0.040689	0.000141	0.004209	0.150670	0.085468	0.013973	0.060613	0.001547	0.000846	0.000141	0.002904	0.003481	0.021504	0.006646	0.000846	0.008233	0.005943	0.001497	0.002548	0.001915	0.008626	0.022265	0.000870	0.005903	0.001497	0.011964	0.005619	0.006186	0.005338	0.001523	0.002962	0.008349	0.078814	0.008891	0.003912	0.002338	
0.014355	0.004846	0.002124	0.104120	0.008350	0.013852	0.001445	0.047040	0.104085	0.079833	0.015296	0.002611	0.000536	0.001116	0.039819	0.000140	0.004056	0.160506	0.079040	0.009898	0.057884	0.001101	0.000819	0.000140	0.002291	0.002423	0.015569	0.004586	0.000819	0.005889	0.004106	0.001445	0.001675	0.001848	0.003664	0.043371	0.000841	0.004961	0.001445	0.023754	0.005414	0.004846	0.005143	0.001216	0.008694	0.010682	0.078972	0.008346	0.003770	0.001215	
0.007804	0.016015	0.001396	0.082475	0.023897	0.048755	0.000967	0.061763	0.081604	0.066979	0.013474	0.003493	0.000680	0.001466	0.034211	0.000143	0.002617	0.127634	0.067571	0.015253	0.063010	0.001031	0.000572	0.000143	0.007399	0.002253	0.052413	0.004253	0.000572	0.007298	0.003808	0.000967	0.003069	0.002459	0.012638	0.037023	0.001094	0.007886	0.000967	0.012318	0.003475	0.016015	0.006926	0.003771	0.004238	0.006827	0.065244	0.005809	0.005065	0.003262	
0.050072	0.003299	0.003839	0.053756	0.011069	0.020678	0.002575	0.012127	0.055529	0.013340	0.021196	0.038273	0.006263	0.015207	0.030699	0.000143	0.007438	0.073097	0.020556	0.007823	0.012277	0.000938	0.001407	0.000143	0.001586	0.002031	0.011627	0.003820	0.001407	0.008790	0.003423	0.002575	0.001198	0.026504	0.005421	0.100446	0.010970	0.066871	0.002575	0.057948	0.009967	0.003299	0.077344	0.000864	0.022671	0.021003	0.019272	0.015370	0.056160	0.005113	
0.047254	0.003712	0.001203	0.038766	0.022986	0.048523	0.000840	0.009778	0.038101	0.006654	0.027287	0.052920	0.008614	0.020993	0.036981	0.000143	0.002235	0.049079	0.011915	0.005880	0.008514	0.000652	0.000506	0.000143	0.001775	0.001353	0.015655	0.002498	0.000506	0.006339	0.002244	0.000840	0.002353	0.036631	0.012578	0.077657	0.015129	0.093305	0.000840	0.038735	0.002959	0.003712	0.106999	0.000959	0.017111	0.014027	0.011308	0.005020	0.077679	0.008108	
0.033427	0.002833	0.001462	0.026782	0.011388	0.012689	0.001008	0.010976	0.021812	0.014125	0.035161	0.066769	0.010830	0.026460	0.048706	0.000136	0.002753	0.031689	0.040043	0.021510	0.011323	0.002774	0.000590	0.000136	0.001369	0.006401	0.009448	0.012336	0.000590	0.007604	0.011017	0.001008	0.000832	0.046203	0.003363	0.031145	0.019057	0.115809	0.001008	0.013372	0.003660	0.002833	0.135048	0.000752	0.004638	0.012732	0.013116	0.005661	0.098029	0.007588	
0.003912	0.002676	0.047034	0.006445	0.009857	0.018724	0.030995	0.006209	0.006625	0.003383	0.001756	0.002419	0.000513	0.001046	0.002935	0.000149	0.092686	0.009223	0.009830	0.006301	0.005034	0.000786	0.016189	0.000149	0.001304	0.001661	0.009561	0.003094	0.016189	0.075437	0.002776	0.030995	0.001002	0.001718	0.004923	0.012359	0.000793	0.004818	0.030995	0.138517	0.124766	0.002676	0.004744	0.000727	0.002001	0.045364	0.003381	0.190382	0.003483	0.001457	
0.003697	0.003133	0.042631	0.005515	0.024199	0.049795	0.028098	0.006929	0.005485	0.003242	0.002324	0.003663	0.000715	0.001539	0.003604	0.000152	0.083992	0.007716	0.011752	0.007840	0.005409	0.000960	0.014684	0.000152	0.001514	0.002071	0.014037	0.003890	0.014684	0.071258	0.003486	0.028098	0.002374	0.002579	0.012911	0.011461	0.001149	0.008214	0.028098	0.124922	0.113057	0.003133	0.007260	0.000833	0.001546	0.041665	0.002980	0.172903	0.005310	0.003340	
0.004977	0.021936	0.029149	0.006297	0.017775	0.027033	0.019228	0.042001	0.006355	0.004335	0.002663	0.004444	0.000837	0.001845	0.003983	0.000147	0.057388	0.008672	0.031618	0.031362	0.028077	0.002752	0.010069	0.000147	0.010108	0.006333	0.067902	0.012194	0.010069	0.051624	0.010892	0.019228	0.001361	0.003118	0.007058	0.039497	0.001367	0.008653	0.019228	0.087578	0.077232	0.021936	0.008847	0.005128	0.002171	0.035748	0.002929	0.118006	0.006460	0.002246	
0.008390	0.015337	0.018144	0.054587	0.007488	0.012934	0.011986	0.048472	0.054370	0.041949	0.009151	0.003645	0.000704	0.001526	0.022286	0.000142	0.035672	0.083824	0.044326	0.013840	0.045766	0.000892	0.006301	0.000142	0.007088	0.001922	0.046793	0.003608	0.006301	0.030333	0.003233	0.011986	0.001193	0.002564	0.003430	0.037326	0.001137	0.006710	0.011986	0.061072	0.047989	0.015337	0.007234	0.003615	0.004577	0.021594	0.041304	0.073251	0.005288	0.001254	
0.008240	0.003835	0.005266	0.010331	0.130517	0.270747	0.003523	0.008617	0.010612	0.006522	0.003715	0.006166	0.001135	0.002541	0.005612	0.000173	0.010225	0.014316	0.050552	0.032856	0.006793	0.004239	0.001915	0.000173	0.001847	0.009829	0.038272	0.018977	0.001915	0.035587	0.016944	0.003523	0.012165	0.004317	0.069718	0.030353	0.001875	0.021399	0.003523	0.022498	0.013709	0.003835	0.012308	0.001010	0.003856	0.020145	0.004496	0.024072	0.008978	0.016232	
0.019745	0.022633	0.002468	0.035383	0.064381	0.129273	0.001677	0.048986	0.037619	0.016357	0.004136	0.003200	0.000645	0.001359	0.008878	0.000157	0.004718	0.051836	0.046034	0.033916	0.036693	0.003050	0.000947	0.000157	0.010431	0.007028	0.080227	0.013538	0.000947	0.018479	0.012091	0.001677	0.006026	0.002261	0.033343	0.081806	0.001021	0.010602	0.001677	0.031678	0.006299	0.022633	0.006319	0.005294	0.012037	0.019367	0.017369	0.011078	0.004628	0.007898	
0.004933	0.022512	0.001802	0.009105	0.076299	0.126394	0.001240	0.044005	0.009403	0.011165	0.002031	0.002460	0.000527	0.001067	0.003649	0.000158	0.003404	0.013213	0.106490	0.080872	0.030052	0.009268	0.000720	0.000158	0.010377	0.021795	0.079575	0.042294	0.000720	0.027718	0.037739	0.001240	0.005783	0.001750	0.032604	0.059097	0.000811	0.009207	0.001240	0.010110	0.004529	0.022512	0.004820	0.005267	0.002656	0.032335	0.004958	0.008344	0.003540	0.008052	
0.004271	0.003624	0.003141	0.007447	0.070085	0.082804	0.002120	0.008517	0.007356	0.015596	0.002962	0.004453	0.000846	0.001853	0.004786	0.000156	0.006047	0.010590	0.175716	0.118555	0.006923	0.015570	0.001177	0.000156	0.001741	0.036763	0.018808	0.071444	0.001177	0.037107	0.063737	0.002120	0.003853	0.003126	0.021399	0.051062	0.001376	0.010901	0.002120	0.011991	0.008090	0.003624	0.008855	0.000949	0.001718	0.052999	0.004382	0.013249	0.006468	0.006191	
0.014282	0.003610	0.002187	0.020418	0.044151	0.022336	0.001490	0.009548	0.021892	0.018218	0.003090	0.003937	0.000758	0.001646	0.005504	0.000151	0.004170	0.029261	0.183888	0.123054	0.008344	0.016160	0.000847	0.000151	0.001732	0.038174	0.012707	0.074197	0.000847	0.032022	0.066192	0.001490	0.001202	0.002768	0.005853	0.079948	0.001226	0.007586	0.001490	0.023099	0.005563	0.003610	0.007817	0.000941	0.008315	0.058447	0.008524	0.008671	0.005713	0.002772	
