20
20
20
20
20
20
20
20
20
20
20
20
20
20
20
7
7
7
7
7
7
7
7
7
7
7
7
7
7
7
7
7
7
11
11
11
11
11
11
11
11
11
11
11
7
7
7
7
7
7
7
7
7
7
7
7
7
7
7
7
7
7
7
7
7
7
7
7
7
7
7
7
7
7
7
7
7
7
4
4
4
4
4
4
4
4
4
4
4
4
4
4
4
4
4
4
4
4
4
4
4
4
4
4
4
4
4
4
4
4
4
29
29
29
29
29
29
29
29
29
29
29
29
29
29
29
29
29
29
29
29
29
38
38
6
6
6
6
6
6
6
6
6
6
6
6
6
6
6
6
6
6
6
6
6
6
6
6
6
6
6
6
6
6
6
6
6
6
6
6
6
6
6
6
6
6
6
6
6
6
6
6
6
6
6
6
6
6
6
6
18
18
18
18
18
18
18
18
18
18
18
18
6
6
6
6
6
6
6
6
6
6
6
6
6
6
6
6
6
6
6
6
6
6
6
6
6
6
6
6
6
6
6
6
6
6
6
6
6
6
6
6
6
6
4
4
4
4
4
4
4
4
4
4
