1
1
1
1
1
1
1
1
1
1
1
1
1
1
1
1
1
1
9
9
9
9
9
9
9
9
9
9
9
9
9
9
9
9
9
27
27
27
27
27
27
27
27
27
27
2
2
2
2
44
44
44
44
44
44
44
28
28
28
28
28
28
28
28
28
28
28
28
28
28
28
28
28
1
1
1
1
1
1
1
1
5
5
5
5
5
5
5
5
45
45
45
45
45
45
45
45
45
27
27
27
27
27
27
27
27
27
27
27
27
27
27
27
27
5
5
5
5
5
5
5
8
8
8
8
8
8
8
8
8
8
8
8
8
8
21
21
21
21
21
21
21
21
21
21
13
13
13
13
13
13
13
13
13
13
13
30
30
30
30
30
30
30
30
30
30
30
30
30
30
30
30
30
30
30
30
30
30
13
13
13
13
13
13
13
13
13
13
13
13
13
13
13
13
13
13
13
13
13
13
13
13
13
13
13
13
13
13
13
13
13
13
13
13
24
24
39
39
39
39
39
39
39
39
28
28
28
28
28
28
28
28
28
34
34
34
34
34
34
34
30
30
30
30
30
30
30
30
30
30
30
30
30
30
30
30
30
30
30
30
30
30
30
30
30
30
30
30
30
30
30
30
18
18
18
18
