26
26
26
26
22
22
22
22
28
28
28
28
28
28
28
28
28
28
28
46
46
46
46
46
46
46
46
46
46
46
46
46
46
46
46
46
46
46
46
46
46
46
46
46
46
46
46
46
46
21
21
21
21
21
21
21
21
21
32
32
32
32
32
32
32
32
32
32
32
30
26
26
26
26
26
26
26
22
22
22
22
22
22
22
22
22
22
22
22
22
22
22
22
22
47
47
47
47
13
13
13
13
13
13
13
13
13
13
35
35
35
35
35
35
35
42
42
42
42
42
42
42
42
42
42
42
42
42
42
42
42
42
42
42
42
42
42
2
2
2
2
2
2
2
2
11
11
11
11
11
11
11
11
8
8
8
8
8
8
14
14
14
14
14
14
14
14
42
42
42
42
42
42
42
42
42
42
42
42
42
3
3
3
3
3
3
3
3
3
9
9
9
9
9
9
28
28
28
28
28
28
28
28
46
46
25
25
25
25
25
25
25
25
25
25
25
25
25
25
46
46
46
46
46
46
46
46
25
25
25
25
25
25
25
25
47
47
47
47
47
47
47
47
47
47
47
47
47
47
44
44
44
44
44
44
44
8
8
8
8
8
8
11
11
11
11
11
11
11
23
23
