0.006398	0.008320	0.006892	0.004696	0.001267	0.006638	0.111347	0.002755	0.001671	0.000224	0.000224	0.000224	0.004258	0.005021	0.006784	0.001692	0.008835	0.006622	0.141289	0.008117	0.176830	0.011911	0.001211	0.007826	0.006951	0.000853	0.000224	0.005273	0.000788	0.004051	0.005182	0.004273	0.006016	0.000224	0.002115	0.000224	0.000224	0.000224	0.018302	0.005956	0.005381	0.001277	0.003243	0.002231	0.079597	0.000788	0.017444	0.000224	0.007757	0.290125	
0.038769	0.023743	0.031170	0.005670	0.001451	0.029535	0.043243	0.008641	0.006670	0.000167	0.000167	0.000167	0.003459	0.013914	0.018964	0.004443	0.032078	0.018588	0.075766	0.012776	0.068627	0.081391	0.007889	0.009521	0.052812	0.002000	0.000167	0.023287	0.000737	0.002797	0.026677	0.018704	0.006015	0.000167	0.007273	0.000167	0.000167	0.000167	0.063048	0.026411	0.040528	0.001231	0.003881	0.005919	0.030936	0.000737	0.016850	0.000167	0.019681	0.112662	
0.072409	0.030309	0.048261	0.006621	0.001646	0.006149	0.007675	0.012463	0.001508	0.000131	0.000131	0.000131	0.003241	0.005317	0.007222	0.005604	0.013322	0.011932	0.064717	0.027448	0.012121	0.146365	0.016552	0.011164	0.112091	0.002477	0.000131	0.004868	0.002030	0.006468	0.054337	0.003930	0.019622	0.000131	0.016617	0.000131	0.000131	0.000131	0.102042	0.005509	0.085967	0.003675	0.004512	0.002301	0.005520	0.002030	0.023601	0.000131	0.008743	0.020433	
0.036630	0.006112	0.005666	0.064264	0.015113	0.005244	0.002802	0.002078	0.001807	0.000154	0.000154	0.000154	0.029585	0.079119	0.108127	0.001235	0.007587	0.076449	0.018475	0.008600	0.004363	0.012277	0.001148	0.109141	0.006929	0.000617	0.000154	0.004161	0.000762	0.002189	0.029983	0.003367	0.006400	0.000154	0.002138	0.000154	0.000154	0.000154	0.124878	0.004702	0.005348	0.001290	0.043428	0.033191	0.002045	0.000762	0.001887	0.000154	0.121457	0.007261	
0.045664	0.011092	0.019088	0.008001	0.001976	0.040380	0.003402	0.004122	0.009054	0.000142	0.000142	0.000142	0.003802	0.072102	0.098536	0.002128	0.043788	0.070927	0.025465	0.011457	0.005323	0.052097	0.003922	0.013502	0.025915	0.000993	0.000142	0.031818	0.000902	0.002683	0.015272	0.025540	0.007945	0.000142	0.004583	0.000142	0.000142	0.000142	0.129598	0.036099	0.019902	0.001561	0.005447	0.030248	0.002471	0.000902	0.005763	0.000142	0.096357	0.008894	
0.008235	0.007550	0.009581	0.133098	0.031181	0.030231	0.004741	0.002423	0.007882	0.000163	0.000163	0.000163	0.061174	0.012792	0.017432	0.001503	0.032470	0.013832	0.019425	0.007167	0.007438	0.022411	0.000846	0.226153	0.004818	0.000737	0.000163	0.023834	0.000649	0.001831	0.057694	0.019142	0.005148	0.000163	0.001662	0.000163	0.000163	0.000163	0.025864	0.027032	0.003732	0.001070	0.089894	0.005447	0.003433	0.000649	0.001748	0.000163	0.054323	0.012259	
0.021695	0.008197	0.009704	0.044510	0.010493	0.010135	0.004685	0.002922	0.002707	0.000140	0.000140	0.000140	0.020557	0.030573	0.041753	0.001601	0.034160	0.030857	0.127834	0.064673	0.007363	0.024214	0.002277	0.075568	0.014715	0.000766	0.000140	0.008008	0.006537	0.021120	0.025332	0.006449	0.065821	0.000140	0.014587	0.000140	0.000140	0.000140	0.103291	0.009071	0.011314	0.012082	0.030089	0.012872	0.003386	0.006537	0.003704	0.000140	0.052461	0.014122	
0.006774	0.011139	0.012765	0.004609	0.001181	0.038751	0.016006	0.003455	0.008664	0.000137	0.000137	0.000137	0.002470	0.007988	0.010871	0.002133	0.073273	0.010095	0.192031	0.091436	0.025356	0.025296	0.000941	0.007740	0.005614	0.000993	0.000137	0.030535	0.009238	0.030149	0.004520	0.024511	0.093567	0.000137	0.018959	0.000137	0.000137	0.000137	0.084612	0.034643	0.004336	0.017125	0.003156	0.003422	0.011472	0.009238	0.003500	0.000137	0.011658	0.044541	
0.005403	0.007633	0.006489	0.025078	0.005959	0.011734	0.016275	0.002404	0.002897	0.000140	0.000140	0.000140	0.011858	0.007087	0.009639	0.001498	0.050079	0.008441	0.210421	0.101283	0.025783	0.010941	0.000708	0.042535	0.004013	0.000722	0.000140	0.009267	0.010366	0.033835	0.012313	0.007458	0.105135	0.000140	0.021032	0.000140	0.000140	0.000140	0.090454	0.010501	0.003110	0.019230	0.016973	0.003046	0.011665	0.010366	0.003219	0.000140	0.016280	0.045615	
0.004456	0.066051	0.039543	0.024880	0.005914	0.053885	0.004842	0.019069	0.012164	0.000142	0.000142	0.000142	0.011564	0.004032	0.005461	0.012094	0.073521	0.018859	0.144560	0.068516	0.007612	0.031279	0.000780	0.042197	0.004492	0.005264	0.000142	0.042451	0.005197	0.016740	0.012450	0.034065	0.052044	0.000142	0.010746	0.000142	0.000142	0.000142	0.047470	0.048168	0.003477	0.009579	0.016840	0.001769	0.003499	0.005197	0.001683	0.000142	0.012232	0.014081	
0.005740	0.039094	0.020241	0.005041	0.001273	0.006031	0.004330	0.011412	0.001465	0.000126	0.000126	0.000126	0.002454	0.005551	0.007543	0.007193	0.051425	0.014158	0.254215	0.129012	0.006807	0.009916	0.000922	0.008481	0.005551	0.003155	0.000126	0.004774	0.012263	0.039848	0.004669	0.003853	0.124730	0.000126	0.025014	0.000126	0.000126	0.000126	0.103458	0.005403	0.004285	0.022781	0.003443	0.002395	0.003129	0.012263	0.001812	0.000126	0.008604	0.015132	
0.005739	0.035661	0.031738	0.056005	0.013184	0.089084	0.005221	0.010460	0.020169	0.000151	0.000151	0.000151	0.025841	0.005125	0.006952	0.006591	0.093301	0.012967	0.045522	0.018342	0.008208	0.049978	0.000984	0.095102	0.005829	0.002911	0.000151	0.070162	0.000943	0.002828	0.026035	0.056286	0.008279	0.000151	0.002378	0.000151	0.000151	0.000151	0.018144	0.079623	0.004504	0.001629	0.037852	0.002232	0.003772	0.000943	0.002011	0.000151	0.022473	0.013632	
0.009207	0.009427	0.017958	0.005441	0.001378	0.066355	0.017142	0.003154	0.014743	0.000141	0.000141	0.000141	0.002874	0.005466	0.007422	0.001825	0.090919	0.007311	0.141450	0.064109	0.027160	0.045301	0.001755	0.009151	0.011140	0.000863	0.000141	0.052267	0.006470	0.021117	0.007409	0.041936	0.065109	0.000141	0.014044	0.000141	0.000141	0.000141	0.064201	0.059311	0.008574	0.011954	0.003719	0.002369	0.012285	0.006470	0.004770	0.000141	0.008598	0.046573	
0.005552	0.015279	0.023837	0.004542	0.001161	0.096338	0.003680	0.004656	0.021321	0.000132	0.000132	0.000132	0.002217	0.003859	0.005228	0.002879	0.119162	0.007122	0.119870	0.060207	0.005771	0.053202	0.001045	0.007628	0.006354	0.001310	0.000132	0.075869	0.005880	0.018972	0.004832	0.060858	0.059144	0.000132	0.012333	0.000132	0.000132	0.000132	0.054055	0.086104	0.004902	0.010862	0.003109	0.001692	0.002666	0.005880	0.001884	0.000132	0.006249	0.011298	
0.009661	0.013759	0.032114	0.006914	0.001721	0.143638	0.005245	0.004404	0.031746	0.000141	0.000141	0.000141	0.003336	0.005835	0.007926	0.002610	0.147735	0.008649	0.025640	0.009561	0.008252	0.082120	0.001825	0.011656	0.011623	0.001199	0.000141	0.113106	0.000693	0.002036	0.008245	0.090717	0.005812	0.000141	0.002547	0.000141	0.000141	0.000141	0.021910	0.128372	0.008944	0.001172	0.004713	0.002523	0.003786	0.000693	0.003166	0.000141	0.009497	0.013631	
0.080670	0.006799	0.041947	0.009041	0.002205	0.005658	0.004064	0.006244	0.001416	0.000125	0.000125	0.000125	0.004282	0.003241	0.004386	0.001335	0.014436	0.004604	0.051861	0.024654	0.006386	0.164784	0.018678	0.015282	0.126625	0.000644	0.000125	0.004481	0.002455	0.007807	0.062030	0.003617	0.024049	0.000125	0.019122	0.000125	0.000125	0.000125	0.112573	0.005069	0.097109	0.004475	0.006143	0.001429	0.002939	0.002455	0.025988	0.000125	0.006721	0.011173	
0.082690	0.010461	0.044161	0.006105	0.001530	0.005215	0.016729	0.007366	0.001303	0.000137	0.000137	0.000137	0.003169	0.004957	0.006728	0.002009	0.006954	0.007065	0.034290	0.007552	0.026507	0.167213	0.018998	0.010282	0.128731	0.000940	0.000137	0.004134	0.000584	0.001892	0.061777	0.003342	0.004722	0.000137	0.015604	0.000137	0.000137	0.000137	0.102597	0.004674	0.098726	0.000971	0.004165	0.002154	0.011989	0.000584	0.028226	0.000137	0.008124	0.043545	
0.067741	0.057042	0.058025	0.008048	0.001980	0.007472	0.005035	0.019806	0.001813	0.000134	0.000134	0.000134	0.003849	0.006642	0.009033	0.010454	0.011926	0.019284	0.067328	0.028271	0.007923	0.136367	0.015335	0.013588	0.103779	0.004556	0.000134	0.005911	0.001299	0.004027	0.051108	0.004766	0.012097	0.000134	0.014210	0.000134	0.000134	0.000134	0.092483	0.006691	0.079595	0.002309	0.005476	0.002857	0.003634	0.001299	0.021563	0.000134	0.010877	0.013300	
0.035993	0.081129	0.053805	0.057141	0.013447	0.006181	0.004770	0.025028	0.001950	0.000149	0.000149	0.000149	0.026353	0.005004	0.006787	0.014835	0.009754	0.023218	0.079896	0.033145	0.007494	0.073088	0.008074	0.097036	0.054185	0.006443	0.000149	0.004898	0.001083	0.003283	0.048752	0.003956	0.009740	0.000149	0.008142	0.000149	0.000149	0.000149	0.052941	0.005539	0.041576	0.001893	0.038619	0.002180	0.003450	0.001083	0.011616	0.000149	0.022638	0.012509	
0.017763	0.200558	0.099847	0.006063	0.001531	0.013757	0.003090	0.058066	0.003192	0.000151	0.000151	0.000151	0.002913	0.006277	0.008527	0.036495	0.016936	0.051653	0.160322	0.067132	0.004821	0.037484	0.003688	0.010201	0.024265	0.015727	0.000151	0.010862	0.000951	0.002816	0.013707	0.008739	0.008361	0.000151	0.004484	0.000151	0.000151	0.000151	0.032464	0.012310	0.018639	0.001644	0.004141	0.002714	0.002250	0.000951	0.005394	0.000151	0.009826	0.008078	
0.018247	0.163087	0.083469	0.027380	0.006505	0.013952	0.003132	0.047441	0.003413	0.000152	0.000152	0.000152	0.012685	0.004995	0.006774	0.029700	0.018229	0.041894	0.139129	0.058888	0.004888	0.039989	0.003924	0.046441	0.025873	0.012815	0.000152	0.011016	0.001245	0.003775	0.023329	0.008863	0.011373	0.000152	0.005253	0.000152	0.000152	0.000152	0.033952	0.012484	0.019871	0.002192	0.018531	0.002178	0.002280	0.001245	0.005722	0.000152	0.014192	0.008286	
0.032479	0.038583	0.019905	0.053810	0.012674	0.006661	0.002822	0.011263	0.002032	0.000154	0.000154	0.000154	0.024794	0.072118	0.098553	0.007123	0.008889	0.077207	0.040887	0.017770	0.004393	0.010123	0.000845	0.091369	0.004864	0.003141	0.000154	0.005276	0.000727	0.002071	0.024677	0.004261	0.006030	0.000154	0.001833	0.000154	0.000154	0.000154	0.112927	0.005969	0.003765	0.001223	0.036372	0.030262	0.002059	0.000727	0.001477	0.000154	0.109350	0.007299	
0.039746	0.009863	0.013358	0.068361	0.016069	0.005292	0.005454	0.003812	0.001852	0.000153	0.000153	0.000153	0.031510	0.056079	0.076623	0.001914	0.007355	0.055439	0.022746	0.008745	0.008577	0.037941	0.004077	0.116106	0.026908	0.000908	0.000153	0.004199	0.000687	0.001989	0.040880	0.003397	0.005626	0.000153	0.004252	0.000153	0.000153	0.000153	0.104991	0.004745	0.020665	0.001149	0.046194	0.023551	0.003939	0.000687	0.006261	0.000153	0.092524	0.014149	
0.033551	0.059078	0.030167	0.008145	0.002019	0.007563	0.013598	0.017201	0.001850	0.000154	0.000154	0.000154	0.004057	0.070229	0.095971	0.010840	0.014019	0.080087	0.088179	0.034716	0.021520	0.013548	0.001276	0.013738	0.007805	0.004734	0.000154	0.005987	0.001856	0.005951	0.007003	0.004831	0.017619	0.000154	0.004424	0.000154	0.000154	0.000154	0.120972	0.006775	0.006020	0.003330	0.005548	0.029471	0.009757	0.001856	0.003605	0.000154	0.093945	0.035771	
