0.028707	0.019250	0.026342	0.031071	0.023978	0.035799	0.834853	
0.033593	0.116729	0.081099	0.088225	0.024092	0.603665	0.052596	
0.026594	0.036140	0.060007	0.031367	0.031367	0.761677	0.052847	
0.695578	0.167007	0.026531	0.026531	0.019388	0.031293	0.033673	
0.342318	0.094677	0.028639	0.222035	0.134771	0.141846	0.035714	
0.445836	0.099865	0.033514	0.277590	0.033514	0.080907	0.028775	
0.369388	0.052721	0.143197	0.345578	0.031293	0.033673	0.024150	
0.033593	0.385137	0.024092	0.038344	0.321004	0.159484	0.038344	
0.163021	0.474026	0.031442	0.055366	0.163021	0.026658	0.086466	
0.188153	0.024739	0.044251	0.032056	0.622300	0.036934	0.051568	
0.051979	0.206908	0.026157	0.042589	0.568410	0.021462	0.082495	
0.266202	0.029617	0.024739	0.080836	0.480836	0.051568	0.066202	
0.028305	0.291708	0.023643	0.098235	0.088911	0.359307	0.109890	
0.082302	0.363332	0.037805	0.023754	0.115089	0.349281	0.028438	
0.144518	0.021262	0.037542	0.046844	0.200332	0.525914	0.023588	
0.057346	0.024092	0.803190	0.035969	0.031218	0.024092	0.024092	
0.026468	0.026468	0.541907	0.313879	0.024092	0.038344	0.028843	
0.040623	0.028775	0.713609	0.047732	0.026405	0.024035	0.118822	
0.194651	0.038253	0.249154	0.040623	0.031144	0.021666	0.424509	
0.091690	0.204670	0.120536	0.413805	0.062843	0.072459	0.033997	
0.139034	0.114703	0.126868	0.180396	0.292318	0.114703	0.031978	
0.099861	0.187240	0.080444	0.524619	0.039182	0.044036	0.024619	
0.041308	0.031670	0.038898	0.643718	0.103959	0.108778	0.031670	
0.041012	0.292208	0.127136	0.390294	0.026658	0.029050	0.093643	
