17
17
17
17
17
17
17
17
17
17
17
17
17
17
17
17
17
17
17
17
17
17
17
17
17
17
17
17
17
17
17
17
17
17
17
17
17
17
17
17
17
17
18
18
18
18
18
18
18
18
18
18
18
18
18
18
18
13
13
13
13
13
13
13
13
13
13
13
13
13
13
13
13
13
13
13
13
13
21
21
21
21
21
21
21
21
21
21
21
21
42
42
42
31
31
31
31
31
31
31
31
31
31
31
31
31
31
31
31
31
17
17
17
17
17
17
17
17
17
17
17
17
17
17
17
18
18
18
18
18
18
18
18
18
18
18
18
18
18
18
7
7
7
7
7
7
7
7
7
7
7
7
7
7
7
7
7
7
7
2
2
2
2
2
2
2
2
2
2
2
2
2
2
2
2
2
2
2
2
2
43
43
43
43
43
43
43
43
43
43
43
43
43
23
23
23
23
23
23
23
23
23
23
23
23
17
17
17
17
17
17
17
17
17
17
17
17
17
17
17
17
17
17
17
5
5
5
5
