0.000682	0.001273	0.000682	0.000682	0.000682	0.000682	0.000682	0.000682	0.000682	0.000682	0.000682	0.000682	0.000682	0.001478	0.000682	0.000682	0.000682	0.000682	0.000682	0.000682	0.000682	0.000682	0.000682	0.000682	0.000682	0.000682	0.000682	0.000682	0.000682	0.001036	0.000682	0.000682	0.001516	0.001329	0.000859	0.000682	0.000682	0.007546	0.002095	0.000682	0.000682	0.000682	0.000682	0.000682	0.000682	0.000682	0.000682	0.000682	0.000682	0.954897	
0.000657	0.000939	0.000657	0.000657	0.000657	0.000657	0.000657	0.000657	0.000657	0.000657	0.000657	0.000657	0.000657	0.000851	0.000657	0.000657	0.000657	0.000657	0.000657	0.000657	0.000657	0.000657	0.000657	0.000657	0.000657	0.000657	0.000657	0.000657	0.000657	0.002793	0.000657	0.000657	0.002932	0.000852	0.001725	0.000657	0.000657	0.005508	0.009202	0.000657	0.000657	0.000657	0.000657	0.000657	0.000657	0.000657	0.000657	0.000657	0.000657	0.948280	
0.000644	0.001862	0.000644	0.000644	0.000644	0.000644	0.000644	0.000644	0.000644	0.000644	0.000644	0.000644	0.000644	0.000886	0.000644	0.000644	0.000644	0.000644	0.000644	0.000644	0.000644	0.000644	0.000644	0.000644	0.000644	0.000644	0.000644	0.000644	0.000644	0.002620	0.000644	0.000644	0.004292	0.000768	0.001632	0.000644	0.000644	0.004524	0.008547	0.000644	0.000644	0.000644	0.000644	0.000644	0.000644	0.000644	0.000644	0.000644	0.000644	0.948449	
0.000602	0.000962	0.000602	0.000602	0.000602	0.000602	0.000602	0.000602	0.000602	0.000602	0.000602	0.000602	0.000602	0.000818	0.000602	0.000602	0.000602	0.000602	0.000602	0.000602	0.000602	0.000602	0.000602	0.000602	0.000602	0.000602	0.000602	0.000602	0.000602	0.002923	0.000602	0.000602	0.002645	0.001546	0.001762	0.000602	0.000602	0.010917	0.009886	0.000602	0.000602	0.000602	0.000602	0.000602	0.000602	0.000602	0.000602	0.000602	0.000602	0.943876	
0.000617	0.002155	0.000617	0.000617	0.000617	0.000617	0.000617	0.000617	0.000617	0.000617	0.000617	0.000617	0.000617	0.000789	0.000617	0.000617	0.000617	0.000617	0.000617	0.000617	0.000617	0.000617	0.000617	0.000617	0.000617	0.000617	0.000617	0.000617	0.000617	0.000842	0.000617	0.000617	0.001918	0.003397	0.000730	0.000617	0.000617	0.006581	0.001518	0.000617	0.000617	0.000617	0.000617	0.000617	0.000617	0.000617	0.000617	0.000617	0.000617	0.956768	
0.000634	0.001842	0.000634	0.000634	0.000634	0.000634	0.000634	0.000634	0.000634	0.000634	0.000634	0.000634	0.000634	0.001963	0.000634	0.000634	0.000634	0.000634	0.000634	0.000634	0.000634	0.000634	0.000634	0.000634	0.000634	0.000634	0.000634	0.000634	0.000634	0.002283	0.000634	0.000634	0.001597	0.001240	0.001459	0.000634	0.000634	0.009988	0.007232	0.000634	0.000634	0.000634	0.000634	0.000634	0.000634	0.000634	0.000634	0.000634	0.000634	0.946412	
0.000614	0.001093	0.000614	0.000614	0.000614	0.000614	0.000614	0.000614	0.000614	0.000614	0.000614	0.000614	0.000614	0.000848	0.000614	0.000614	0.000614	0.000614	0.000614	0.000614	0.000614	0.000614	0.000614	0.000614	0.000614	0.000614	0.000614	0.000614	0.000614	0.000887	0.000614	0.000614	0.001050	0.000880	0.000750	0.000614	0.000614	0.018674	0.001706	0.000614	0.000614	0.000614	0.000614	0.000614	0.000614	0.000614	0.000614	0.000614	0.000614	0.948955	
0.000641	0.003160	0.000641	0.000641	0.000641	0.000641	0.000641	0.000641	0.000641	0.000641	0.000641	0.000641	0.000641	0.002924	0.000641	0.000641	0.000641	0.000641	0.000641	0.000641	0.000641	0.000641	0.000641	0.000641	0.000641	0.000641	0.000641	0.000641	0.000641	0.003969	0.000641	0.000641	0.001463	0.001087	0.002305	0.000641	0.000641	0.001938	0.013953	0.000641	0.000641	0.000641	0.000641	0.000641	0.000641	0.000641	0.000641	0.000641	0.000641	0.942906	
0.000625	0.001112	0.000625	0.000625	0.000625	0.000625	0.000625	0.000625	0.000625	0.000625	0.000625	0.000625	0.000625	0.002401	0.000625	0.000625	0.000625	0.000625	0.000625	0.000625	0.000625	0.000625	0.000625	0.000625	0.000625	0.000625	0.000625	0.000625	0.000625	0.005214	0.000625	0.000625	0.001165	0.000866	0.002919	0.000625	0.000625	0.006118	0.018981	0.000625	0.000625	0.000625	0.000625	0.000625	0.000625	0.000625	0.000625	0.000625	0.000625	0.935600	
0.000620	0.004092	0.000620	0.000620	0.000620	0.000620	0.000620	0.000620	0.000620	0.000620	0.000620	0.000620	0.000620	0.001557	0.000620	0.000620	0.000620	0.000620	0.000620	0.000620	0.000620	0.000620	0.000620	0.000620	0.000620	0.000620	0.000620	0.000620	0.000620	0.000877	0.000620	0.000620	0.001662	0.002477	0.000748	0.000620	0.000620	0.004857	0.001648	0.000620	0.000620	0.000620	0.000620	0.000620	0.000620	0.000620	0.000620	0.000620	0.000620	0.956677	
0.000604	0.002156	0.000604	0.000604	0.000604	0.000604	0.000604	0.000604	0.000604	0.000604	0.000604	0.000604	0.000604	0.000880	0.000604	0.000604	0.000604	0.000604	0.000604	0.000604	0.000604	0.000604	0.000604	0.000604	0.000604	0.000604	0.000604	0.000604	0.000604	0.002441	0.000604	0.000604	0.001420	0.003995	0.001523	0.000604	0.000604	0.001730	0.007954	0.000604	0.000604	0.000604	0.000604	0.000604	0.000604	0.000604	0.000604	0.000604	0.000604	0.953136	
0.000593	0.004748	0.000593	0.000593	0.000593	0.000593	0.000593	0.000593	0.000593	0.000593	0.000593	0.000593	0.000593	0.000923	0.000593	0.000593	0.000593	0.000593	0.000593	0.000593	0.000593	0.000593	0.000593	0.000593	0.000593	0.000593	0.000593	0.000593	0.000593	0.000902	0.000593	0.000593	0.001193	0.002409	0.000747	0.000593	0.000593	0.005479	0.001827	0.000593	0.000593	0.000593	0.000593	0.000593	0.000593	0.000593	0.000593	0.000593	0.000593	0.957457	
0.000563	0.006046	0.000563	0.000563	0.000563	0.000563	0.000563	0.000563	0.000563	0.000563	0.000563	0.000563	0.000563	0.000897	0.000563	0.000563	0.000563	0.000563	0.000563	0.000563	0.000563	0.000563	0.000563	0.000563	0.000563	0.000563	0.000563	0.000563	0.000563	0.003418	0.000563	0.000563	0.001510	0.000739	0.001990	0.000563	0.000563	0.002193	0.011984	0.000563	0.000563	0.000563	0.000563	0.000563	0.000563	0.000563	0.000563	0.000563	0.000563	0.948160	
0.000610	0.006540	0.000610	0.000610	0.000610	0.000610	0.000610	0.000610	0.000610	0.000610	0.000610	0.000610	0.000610	0.001716	0.000610	0.000610	0.000610	0.000610	0.000610	0.000610	0.000610	0.000610	0.000610	0.000610	0.000610	0.000610	0.000610	0.000610	0.000610	0.001487	0.000610	0.000610	0.001089	0.000801	0.001048	0.000610	0.000610	0.002392	0.004120	0.000610	0.000610	0.000610	0.000610	0.000610	0.000610	0.000610	0.000610	0.000610	0.000610	0.955811	
0.000571	0.007625	0.000571	0.000571	0.000571	0.000571	0.000571	0.000571	0.000571	0.000571	0.000571	0.000571	0.000571	0.000948	0.000571	0.000571	0.000571	0.000571	0.000571	0.000571	0.000571	0.000571	0.000571	0.000571	0.000571	0.000571	0.000571	0.000571	0.000571	0.001519	0.000571	0.000571	0.001332	0.001053	0.001045	0.000571	0.000571	0.001671	0.004364	0.000571	0.000571	0.000571	0.000571	0.000571	0.000571	0.000571	0.000571	0.000571	0.000571	0.957033	
0.000656	0.001170	0.000656	0.000656	0.000656	0.000656	0.000656	0.000656	0.000656	0.000656	0.000656	0.000656	0.000656	0.001301	0.000656	0.000656	0.000656	0.000656	0.000656	0.000656	0.000656	0.000656	0.000656	0.000656	0.000656	0.000656	0.000656	0.000656	0.000656	0.002333	0.000656	0.000656	0.011162	0.001212	0.001494	0.000656	0.000656	0.001805	0.007365	0.000656	0.000656	0.000656	0.000656	0.000656	0.000656	0.000656	0.000656	0.000656	0.000656	0.945271	
0.000657	0.000969	0.000657	0.000657	0.000657	0.000657	0.000657	0.000657	0.000657	0.000657	0.000657	0.000657	0.000657	0.001264	0.000657	0.000657	0.000657	0.000657	0.000657	0.000657	0.000657	0.000657	0.000657	0.000657	0.000657	0.000657	0.000657	0.000657	0.000657	0.002396	0.000657	0.000657	0.012121	0.000795	0.001526	0.000657	0.000657	0.002758	0.007615	0.000657	0.000657	0.000657	0.000657	0.000657	0.000657	0.000657	0.000657	0.000657	0.000657	0.943636	
0.000657	0.000890	0.000657	0.000657	0.000657	0.000657	0.000657	0.000657	0.000657	0.000657	0.000657	0.000657	0.000657	0.000874	0.000657	0.000657	0.000657	0.000657	0.000657	0.000657	0.000657	0.000657	0.000657	0.000657	0.000657	0.000657	0.000657	0.000657	0.000657	0.001583	0.000657	0.000657	0.014678	0.001257	0.001120	0.000657	0.000657	0.001888	0.004359	0.000657	0.000657	0.000657	0.000657	0.000657	0.000657	0.000657	0.000657	0.000657	0.000657	0.946418	
0.000621	0.000829	0.000621	0.000621	0.000621	0.000621	0.000621	0.000621	0.000621	0.000621	0.000621	0.000621	0.000621	0.000902	0.000621	0.000621	0.000621	0.000621	0.000621	0.000621	0.000621	0.000621	0.000621	0.000621	0.000621	0.000621	0.000621	0.000621	0.000621	0.003622	0.000621	0.000621	0.003496	0.001327	0.002121	0.000621	0.000621	0.006582	0.012625	0.000621	0.000621	0.000621	0.000621	0.000621	0.000621	0.000621	0.000621	0.000621	0.000621	0.943043	
0.000757	0.001140	0.000757	0.000757	0.000757	0.000757	0.000757	0.000757	0.000757	0.000757	0.000757	0.000757	0.000757	0.005087	0.000757	0.000757	0.000757	0.000757	0.000757	0.000757	0.000757	0.000757	0.000757	0.000757	0.000757	0.000757	0.000757	0.000757	0.000757	0.002023	0.000757	0.000757	0.003653	0.000908	0.001390	0.000757	0.000757	0.002703	0.005819	0.000757	0.000757	0.000757	0.000757	0.000757	0.000757	0.000757	0.000757	0.000757	0.000757	0.946228	
0.000679	0.001845	0.000679	0.000679	0.000679	0.000679	0.000679	0.000679	0.000679	0.000679	0.000679	0.000679	0.000679	0.003023	0.000679	0.000679	0.000679	0.000679	0.000679	0.000679	0.000679	0.000679	0.000679	0.000679	0.000679	0.000679	0.000679	0.000679	0.000679	0.002149	0.000679	0.000679	0.005212	0.001015	0.001414	0.000679	0.000679	0.005131	0.006559	0.000679	0.000679	0.000679	0.000679	0.000679	0.000679	0.000679	0.000679	0.000679	0.000679	0.945814	
0.000637	0.001133	0.000637	0.000637	0.000637	0.000637	0.000637	0.000637	0.000637	0.000637	0.000637	0.000637	0.000637	0.001357	0.000637	0.000637	0.000637	0.000637	0.000637	0.000637	0.000637	0.000637	0.000637	0.000637	0.000637	0.000637	0.000637	0.000637	0.000637	0.002846	0.000637	0.000637	0.004195	0.002236	0.001741	0.000637	0.000637	0.003809	0.009472	0.000637	0.000637	0.000637	0.000637	0.000637	0.000637	0.000637	0.000637	0.000637	0.000637	0.947089	
0.000710	0.001868	0.000710	0.000710	0.000710	0.000710	0.000710	0.000710	0.000710	0.000710	0.000710	0.000710	0.000710	0.003317	0.000710	0.000710	0.000710	0.000710	0.000710	0.000710	0.000710	0.000710	0.000710	0.000710	0.000710	0.000710	0.000710	0.000710	0.000710	0.001166	0.000710	0.000710	0.005651	0.000893	0.000938	0.000710	0.000710	0.004686	0.002532	0.000710	0.000710	0.000710	0.000710	0.000710	0.000710	0.000710	0.000710	0.000710	0.000710	0.949826	
0.000614	0.000900	0.000614	0.000614	0.000614	0.000614	0.000614	0.000614	0.000614	0.000614	0.000614	0.000614	0.000614	0.001048	0.000614	0.000614	0.000614	0.000614	0.000614	0.000614	0.000614	0.000614	0.000614	0.000614	0.000614	0.000614	0.000614	0.000614	0.000614	0.004182	0.000614	0.000614	0.002331	0.002665	0.002398	0.000614	0.000614	0.002298	0.014886	0.000614	0.000614	0.000614	0.000614	0.000614	0.000614	0.000614	0.000614	0.000614	0.000614	0.944105	
