0.000249	0.006170	0.090792	0.021267	0.004347	0.002709	0.003474	0.003025	0.005639	0.000658	0.001388	0.000249	0.004421	0.000249	0.003728	0.001678	0.011290	0.001009	0.004254	0.000249	0.009576	0.211106	0.003360	0.004695	0.003990	0.027897	0.001730	0.002814	0.002854	0.004697	0.002041	0.003825	0.004179	0.002138	0.090792	0.206415	0.001444	0.000249	0.000249	0.006094	0.009878	0.215288	0.003785	0.001170	0.004871	0.002326	0.003171	0.001078	0.001195	0.000249	
0.000184	0.027136	0.024107	0.109892	0.004740	0.003258	0.033518	0.003653	0.008149	0.003771	0.001746	0.000184	0.005075	0.000184	0.004532	0.012740	0.110383	0.001028	0.004638	0.000184	0.011566	0.058954	0.030710	0.012903	0.038851	0.011621	0.006922	0.003390	0.022846	0.010637	0.002424	0.030809	0.034713	0.002775	0.024107	0.102081	0.001677	0.000184	0.000184	0.018904	0.088234	0.057002	0.005193	0.001208	0.025962	0.002885	0.024596	0.001105	0.008272	0.000184	
0.000187	0.016124	0.034509	0.065815	0.006176	0.022666	0.020791	0.025556	0.007321	0.001328	0.001345	0.000187	0.005852	0.000187	0.031978	0.004183	0.061647	0.001297	0.006041	0.000187	0.069650	0.081869	0.016299	0.014823	0.024088	0.011839	0.004171	0.023629	0.007465	0.005754	0.016564	0.010855	0.011176	0.002107	0.034509	0.106636	0.011105	0.000187	0.000187	0.014140	0.055575	0.081702	0.032098	0.001533	0.025591	0.003290	0.015373	0.001398	0.002826	0.000187	
0.000152	0.088620	0.005295	0.277502	0.078298	0.002221	0.002971	0.002487	0.054403	0.000608	0.002003	0.000152	0.062757	0.000152	0.003078	0.001748	0.010417	0.014640	0.076542	0.000152	0.044950	0.016925	0.003125	0.035305	0.003422	0.002236	0.022269	0.002310	0.003793	0.007084	0.001659	0.004118	0.004543	0.003222	0.005295	0.015711	0.001157	0.000152	0.000152	0.008389	0.031189	0.012367	0.003150	0.017713	0.004772	0.038843	0.003908	0.015957	0.001940	0.000152	
0.000121	0.005032	0.002675	0.019233	0.082952	0.004173	0.003747	0.004694	0.050760	0.007755	0.001530	0.000121	0.066006	0.000121	0.005851	0.026838	0.056924	0.015478	0.081091	0.000121	0.053086	0.009199	0.022002	0.005527	0.004327	0.009952	0.001349	0.004346	0.047874	0.015870	0.003073	0.065179	0.073593	0.002458	0.002675	0.011096	0.002089	0.000121	0.000121	0.033019	0.034676	0.006186	0.005900	0.018735	0.052979	0.042026	0.003459	0.016874	0.016863	0.000121	
0.000132	0.021505	0.002182	0.074132	0.063383	0.002172	0.008621	0.002434	0.048247	0.006701	0.004735	0.000132	0.053454	0.000132	0.003017	0.023124	0.063190	0.011858	0.061962	0.000132	0.037547	0.015366	0.022399	0.014853	0.009980	0.008548	0.005475	0.002259	0.041380	0.025180	0.001618	0.056057	0.063360	0.007766	0.002182	0.017087	0.001123	0.000132	0.000132	0.039132	0.041393	0.005000	0.003270	0.014346	0.044463	0.032223	0.008735	0.012924	0.014693	0.000132	
0.000120	0.005066	0.003706	0.021157	0.148070	0.003592	0.005049	0.004039	0.089389	0.000707	0.002238	0.000120	0.117462	0.000120	0.005031	0.002174	0.016764	0.027549	0.144746	0.000120	0.083584	0.013163	0.004779	0.006648	0.005838	0.001893	0.001357	0.003741	0.003833	0.008144	0.002650	0.005258	0.005769	0.003633	0.003706	0.015294	0.001807	0.000120	0.000120	0.010076	0.057819	0.008636	0.005132	0.033367	0.006713	0.073338	0.004751	0.030043	0.001448	0.000120	
0.000173	0.021310	0.003012	0.113293	0.004290	0.002441	0.060335	0.002732	0.019836	0.000942	0.006939	0.000173	0.009163	0.000173	0.003380	0.002865	0.163760	0.000936	0.004197	0.000173	0.009079	0.022071	0.040648	0.017401	0.069961	0.001938	0.005457	0.002538	0.005169	0.024216	0.001825	0.006809	0.007577	0.011394	0.003012	0.094325	0.001275	0.000173	0.000173	0.025641	0.157843	0.006914	0.004716	0.001098	0.006987	0.002305	0.046106	0.001006	0.002044	0.000173	
0.000168	0.054024	0.007388	0.183994	0.007035	0.002247	0.019165	0.002514	0.057707	0.000942	0.021419	0.000168	0.023671	0.000168	0.003108	0.002879	0.055114	0.001441	0.006881	0.000168	0.010229	0.064940	0.014311	0.048113	0.022204	0.003254	0.013632	0.002336	0.005490	0.073327	0.001682	0.006842	0.007624	0.035413	0.007388	0.043968	0.001177	0.000168	0.000168	0.072946	0.051643	0.017315	0.003977	0.001711	0.006867	0.003660	0.025349	0.001557	0.002343	0.000168	
0.000147	0.008288	0.004118	0.038033	0.025241	0.008347	0.012073	0.009401	0.089549	0.000708	0.031702	0.000147	0.046681	0.000147	0.011744	0.002110	0.035102	0.004800	0.024678	0.000147	0.037571	0.080158	0.009217	0.047450	0.013981	0.002004	0.002183	0.008699	0.003725	0.107933	0.006121	0.005266	0.005545	0.052482	0.004118	0.026393	0.004130	0.000147	0.000147	0.107502	0.038768	0.009577	0.012635	0.005786	0.010353	0.012624	0.025500	0.005223	0.001447	0.000147	
0.000158	0.040414	0.002963	0.138830	0.007787	0.002399	0.013935	0.002687	0.082621	0.000519	0.032121	0.000158	0.033400	0.000158	0.003328	0.001422	0.038762	0.001572	0.007615	0.000158	0.011336	0.078690	0.009900	0.057411	0.016139	0.001429	0.010222	0.002495	0.002774	0.109037	0.001791	0.003323	0.003634	0.053169	0.002963	0.026513	0.001247	0.000158	0.000158	0.106515	0.038291	0.006820	0.004351	0.001872	0.004298	0.003975	0.027312	0.001701	0.001308	0.000158	
0.000136	0.006684	0.004318	0.024442	0.009360	0.002856	0.002561	0.003206	0.054851	0.009041	0.020878	0.000136	0.025045	0.000136	0.003983	0.031301	0.061632	0.001846	0.009152	0.000136	0.013245	0.056355	0.024505	0.030739	0.002949	0.011964	0.001773	0.002973	0.055845	0.083256	0.002118	0.075938	0.085838	0.034537	0.004318	0.012980	0.001458	0.000136	0.000136	0.100386	0.009239	0.010067	0.004499	0.002209	0.060189	0.005809	0.013022	0.002002	0.019673	0.000136	
0.000148	0.030026	0.010182	0.096968	0.005513	0.002573	0.004588	0.002885	0.022725	0.010150	0.007615	0.000148	0.010712	0.000148	0.003578	0.035154	0.073756	0.001143	0.005393	0.000148	0.010154	0.040249	0.028619	0.021480	0.005298	0.015035	0.007617	0.002677	0.062926	0.039840	0.001915	0.085267	0.096415	0.012532	0.010182	0.028957	0.001326	0.000148	0.000148	0.060841	0.013320	0.023980	0.003814	0.001354	0.067100	0.004051	0.007529	0.001233	0.022294	0.000148	
0.000139	0.031123	0.002938	0.099871	0.004642	0.008194	0.003545	0.009230	0.029590	0.009391	0.010689	0.000139	0.012661	0.000139	0.011531	0.032522	0.066379	0.000974	0.004541	0.000139	0.026442	0.030525	0.026028	0.027772	0.004090	0.011966	0.007885	0.008539	0.058243	0.049206	0.006008	0.079129	0.089193	0.017637	0.002938	0.011338	0.004051	0.000139	0.000139	0.069767	0.010360	0.006785	0.011741	0.001151	0.066723	0.003522	0.008461	0.001050	0.020655	0.000139	
0.000131	0.013090	0.003393	0.043004	0.006776	0.004721	0.002872	0.005311	0.017070	0.013343	0.005355	0.000131	0.009779	0.000131	0.006622	0.046372	0.089115	0.001363	0.006626	0.000131	0.017116	0.019472	0.035740	0.013185	0.003310	0.016799	0.003371	0.004917	0.082821	0.036833	0.003475	0.112629	0.127295	0.008795	0.003393	0.011392	0.002360	0.000131	0.000131	0.065517	0.009273	0.007879	0.006739	0.001624	0.089680	0.005067	0.004968	0.001475	0.029148	0.000131	
0.000135	0.015958	0.004522	0.051921	0.005176	0.058442	0.003391	0.065939	0.008041	0.002215	0.001849	0.000135	0.005535	0.000135	0.082598	0.007416	0.021602	0.001070	0.005063	0.000135	0.175093	0.014215	0.007549	0.027231	0.003912	0.003922	0.004091	0.060941	0.013278	0.008938	0.042616	0.020316	0.020158	0.002979	0.004522	0.014651	0.028456	0.000135	0.000135	0.028976	0.010130	0.010555	0.081872	0.001268	0.060303	0.002887	0.003475	0.001154	0.004827	0.000135	
0.000147	0.008626	0.003784	0.047005	0.004303	0.048461	0.026319	0.054672	0.006104	0.000651	0.001444	0.000147	0.004500	0.000147	0.068476	0.001913	0.072364	0.000917	0.004210	0.000147	0.145104	0.011498	0.018190	0.020781	0.030506	0.001837	0.002267	0.050531	0.003377	0.005270	0.035347	0.006508	0.005005	0.002298	0.003784	0.046450	0.023613	0.000147	0.000147	0.019298	0.069455	0.008785	0.068341	0.001081	0.042079	0.002265	0.019239	0.000987	0.001327	0.000147	
0.000134	0.012105	0.004553	0.039760	0.006123	0.065041	0.002980	0.073386	0.010385	0.000822	0.002714	0.000134	0.007014	0.000134	0.091931	0.002541	0.011903	0.001244	0.005988	0.000134	0.195097	0.016195	0.003718	0.029168	0.003436	0.002276	0.003127	0.067823	0.004539	0.009870	0.047423	0.008761	0.006752	0.004414	0.004553	0.014122	0.031660	0.000134	0.000134	0.028634	0.009351	0.010630	0.091123	0.001480	0.056529	0.003181	0.003618	0.001345	0.001745	0.000134	
0.000148	0.029056	0.005775	0.094116	0.003806	0.030429	0.002954	0.034322	0.056816	0.000647	0.022460	0.000148	0.022051	0.000148	0.042974	0.001894	0.010642	0.000826	0.003724	0.000148	0.092045	0.063413	0.003222	0.049828	0.003403	0.002429	0.007375	0.031727	0.003524	0.076506	0.022210	0.005686	0.004949	0.037152	0.005775	0.016765	0.014856	0.000148	0.000148	0.083064	0.008553	0.013512	0.043142	0.000970	0.027615	0.002019	0.014342	0.000888	0.001498	0.000148	
0.000130	0.022524	0.002690	0.072504	0.053718	0.024351	0.002704	0.027465	0.041205	0.004048	0.004048	0.000130	0.045321	0.000130	0.034385	0.013842	0.031167	0.010065	0.052514	0.000130	0.098342	0.015008	0.011817	0.021547	0.003116	0.005550	0.005729	0.025389	0.024816	0.019044	0.017777	0.034469	0.037838	0.006628	0.002690	0.009583	0.011895	0.000130	0.000130	0.033466	0.023080	0.006209	0.034186	0.012172	0.044972	0.027113	0.004234	0.010968	0.008900	0.000130	
0.000139	0.013469	0.005537	0.045996	0.024576	0.021996	0.003602	0.024806	0.053211	0.003699	0.016359	0.000139	0.033068	0.000139	0.031051	0.012598	0.031305	0.004670	0.024027	0.000139	0.077250	0.049069	0.011477	0.033581	0.004156	0.005986	0.003472	0.022933	0.022505	0.060244	0.016063	0.031332	0.034400	0.027040	0.005537	0.017206	0.010755	0.000139	0.000139	0.071763	0.016555	0.012960	0.031204	0.005631	0.040762	0.012665	0.011385	0.005081	0.008045	0.000139	
0.000123	0.022559	0.002227	0.073687	0.141333	0.002423	0.002976	0.002719	0.087432	0.000630	0.002567	0.000123	0.112480	0.000123	0.003376	0.001898	0.010793	0.026302	0.138160	0.000123	0.076797	0.010647	0.003248	0.012904	0.003432	0.001356	0.005732	0.002522	0.003493	0.009137	0.001799	0.004533	0.005005	0.004176	0.002227	0.008970	0.001240	0.000123	0.000123	0.010542	0.050380	0.005120	0.003460	0.031855	0.005260	0.069998	0.003632	0.028682	0.001433	0.000123	
0.000134	0.004161	0.002485	0.027585	0.072478	0.020710	0.017664	0.023355	0.053231	0.001227	0.005120	0.000134	0.060884	0.000134	0.029234	0.003961	0.053181	0.013546	0.070852	0.000134	0.096867	0.016765	0.014156	0.015306	0.020469	0.002138	0.001140	0.021591	0.007005	0.018609	0.015125	0.010312	0.010660	0.008403	0.002485	0.030959	0.010128	0.000134	0.000134	0.025910	0.067660	0.005718	0.029412	0.016391	0.023703	0.036036	0.015116	0.014765	0.002562	0.000134	
0.000149	0.071599	0.004793	0.226654	0.070339	0.002837	0.004910	0.003183	0.059856	0.001013	0.006665	0.000149	0.060522	0.000149	0.003950	0.003170	0.018059	0.013162	0.068762	0.000149	0.042956	0.026087	0.005408	0.035526	0.005672	0.002567	0.018012	0.002952	0.006181	0.023479	0.002108	0.007600	0.008456	0.010956	0.004793	0.017432	0.001455	0.000149	0.000149	0.025248	0.033821	0.011178	0.004166	0.015922	0.007909	0.034958	0.007616	0.014345	0.002675	0.000149	
