34
34
34
34
34
34
34
25
25
25
25
25
36
36
36
36
36
8
8
8
8
8
8
8
8
8
8
8
27
27
27
27
27
27
27
27
27
27
27
27
27
27
27
27
27
27
27
27
9
9
9
9
9
9
9
9
9
9
9
9
9
9
9
9
9
9
9
9
9
9
9
9
9
9
9
9
9
22
22
22
22
15
15
15
15
15
15
15
15
15
15
34
34
34
34
34
34
25
25
25
25
25
31
31
31
31
31
31
31
31
31
34
34
34
34
34
34
34
34
34
34
34
34
2
2
2
2
2
2
2
2
2
2
2
2
2
2
13
13
13
13
13
13
13
13
13
41
41
41
41
41
41
41
41
41
41
41
41
41
41
41
41
41
41
2
2
2
2
2
2
2
41
41
41
41
41
41
41
25
25
25
25
25
2
2
2
2
2
2
49
49
49
49
49
49
49
49
49
49
49
49
49
49
49
49
49
49
49
49
49
49
41
41
41
41
41
41
41
41
41
41
41
41
41
41
2
2
2
2
2
1
1
1
1
25
25
25
25
25
25
25
25
25
25
25
25
25
25
25
15
15
15
15
15
