0.002362	0.005920	0.004330	0.007202	0.001068	0.153138	0.007587	0.011729	0.010790	0.009588	0.008351	0.061217	0.009299	0.003714	0.002061	0.002130	0.005264	0.006326	0.100484	0.005684	0.003677	0.002560	0.000709	0.041298	0.208060	0.000240	0.001516	0.005741	0.000819	0.001928	0.000780	0.061217	0.000609	0.003486	0.001941	0.000819	0.000240	0.011030	0.006588	0.000861	0.001192	0.005722	0.000851	0.001596	0.001413	0.001326	0.000784	0.001482	0.209367	0.003905	
0.012843	0.105224	0.005352	0.028802	0.016350	0.019004	0.016850	0.074690	0.015862	0.147689	0.038885	0.004122	0.079968	0.005879	0.035799	0.011457	0.067678	0.011945	0.006786	0.008406	0.004521	0.004605	0.001375	0.010353	0.031675	0.000143	0.002160	0.014601	0.003606	0.004579	0.003376	0.004122	0.000727	0.013242	0.002868	0.011488	0.000143	0.057495	0.010175	0.012298	0.001669	0.007125	0.011570	0.006686	0.002030	0.002283	0.001015	0.024454	0.013949	0.022079	
0.010919	0.106454	0.006593	0.024221	0.016521	0.020114	0.014092	0.077134	0.019693	0.149803	0.033140	0.004529	0.079446	0.007199	0.036173	0.009744	0.068737	0.011782	0.007469	0.009577	0.005563	0.005513	0.001160	0.010643	0.030350	0.000144	0.002443	0.012072	0.003082	0.003804	0.002886	0.004529	0.000809	0.011826	0.003539	0.011607	0.000144	0.059479	0.011580	0.012426	0.002045	0.008788	0.011675	0.005666	0.002269	0.002609	0.001230	0.024709	0.015314	0.018756	
0.014614	0.010899	0.004240	0.029852	0.001356	0.007369	0.015864	0.166457	0.064384	0.013407	0.042380	0.002772	0.015822	0.030428	0.002803	0.013036	0.039450	0.017266	0.005810	0.062514	0.003587	0.020121	0.001198	0.054660	0.030357	0.000150	0.025839	0.012447	0.004095	0.003923	0.003832	0.002772	0.007587	0.020923	0.015009	0.000994	0.000150	0.014506	0.127917	0.001055	0.008471	0.005632	0.001064	0.007247	0.023205	0.001255	0.004905	0.001959	0.009280	0.025134	
0.006176	0.027618	0.008474	0.014932	0.002659	0.008427	0.009433	0.037991	0.239497	0.028553	0.019927	0.002922	0.020223	0.115136	0.005650	0.005521	0.012825	0.042194	0.004799	0.009709	0.007148	0.076485	0.000895	0.020074	0.021354	0.000166	0.002169	0.008716	0.001805	0.002789	0.001696	0.002922	0.000746	0.036630	0.057028	0.001911	0.000166	0.026849	0.010127	0.002036	0.032008	0.011303	0.001960	0.003408	0.002006	0.002412	0.018362	0.003905	0.009712	0.010548	
0.030914	0.009213	0.006182	0.050920	0.000971	0.004079	0.019723	0.103479	0.082888	0.010975	0.082622	0.001545	0.013134	0.039040	0.001950	0.027558	0.023923	0.018897	0.003242	0.039226	0.005220	0.025620	0.000883	0.035002	0.049583	0.000154	0.015432	0.008704	0.008543	0.002778	0.007984	0.001545	0.004577	0.035484	0.019128	0.000726	0.000154	0.016047	0.076140	0.000767	0.010780	0.008234	0.000774	0.013746	0.013872	0.001734	0.006226	0.001379	0.005018	0.053285	
0.003480	0.037816	0.008757	0.049517	0.005132	0.008937	0.050812	0.034428	0.119869	0.049831	0.034869	0.002563	0.067540	0.055714	0.011118	0.003116	0.021790	0.052624	0.004185	0.011236	0.007382	0.037216	0.005528	0.025387	0.014649	0.000143	0.001404	0.063332	0.001053	0.019531	0.000992	0.002563	0.000508	0.024864	0.027623	0.003635	0.000143	0.046420	0.006416	0.003884	0.015532	0.011689	0.003994	0.006924	0.001631	0.002592	0.008937	0.007626	0.009159	0.005907	
0.003924	0.024216	0.003350	0.071126	0.003791	0.007832	0.074138	0.093962	0.012469	0.034473	0.047163	0.002404	0.079741	0.004898	0.008185	0.003510	0.032197	0.049797	0.004550	0.037179	0.002836	0.003430	0.008049	0.048295	0.013291	0.000128	0.013107	0.093063	0.001163	0.028642	0.001094	0.002404	0.003885	0.014947	0.002456	0.002692	0.000128	0.039620	0.064682	0.002875	0.001432	0.004447	0.003220	0.009636	0.012269	0.001134	0.000873	0.005622	0.008987	0.006684	
0.007713	0.005593	0.002507	0.037687	0.000918	0.026609	0.033006	0.164052	0.012579	0.008177	0.034679	0.010567	0.030121	0.005413	0.001835	0.006889	0.038364	0.021809	0.018640	0.064200	0.002132	0.003589	0.003363	0.063795	0.045990	0.000153	0.026345	0.037818	0.002215	0.011709	0.002077	0.010567	0.007735	0.011738	0.002689	0.000688	0.000153	0.016071	0.130423	0.000726	0.001573	0.003309	0.000902	0.006525	0.023802	0.000792	0.000964	0.001300	0.036287	0.013212	
0.009995	0.004531	0.010220	0.093458	0.000720	0.012463	0.091687	0.033667	0.021355	0.010134	0.071112	0.004934	0.083234	0.006408	0.001426	0.008919	0.009068	0.063727	0.008280	0.023226	0.008610	0.004206	0.009685	0.040006	0.030426	0.000131	0.005036	0.112230	0.002822	0.034525	0.002642	0.004934	0.001551	0.022319	0.003150	0.000543	0.000131	0.047872	0.024527	0.000573	0.001822	0.013655	0.001180	0.013810	0.005157	0.002737	0.001097	0.001014	0.017873	0.017169	
0.006121	0.005435	0.008698	0.091145	0.000877	0.005709	0.093633	0.056919	0.017034	0.010872	0.062942	0.002193	0.086275	0.004858	0.001780	0.005467	0.014786	0.064783	0.003980	0.031427	0.007330	0.003230	0.010080	0.046187	0.015710	0.000125	0.008807	0.116935	0.001760	0.035964	0.001651	0.002193	0.002638	0.019414	0.002414	0.000652	0.000125	0.046881	0.043306	0.000689	0.001407	0.011617	0.001315	0.012588	0.008557	0.002351	0.000857	0.001253	0.008543	0.010482	
0.005087	0.004667	0.004614	0.104823	0.000718	0.014707	0.110107	0.015555	0.019053	0.007607	0.068354	0.005830	0.098311	0.007627	0.001426	0.004546	0.005108	0.074012	0.009598	0.014896	0.003898	0.005072	0.011920	0.041745	0.026523	0.000128	0.002080	0.138488	0.001481	0.042580	0.001391	0.005830	0.000693	0.021757	0.003796	0.000541	0.000128	0.045029	0.009837	0.000571	0.002182	0.006141	0.001327	0.013994	0.002661	0.001303	0.001302	0.001013	0.021249	0.008694	
0.051763	0.005340	0.003300	0.089882	0.000906	0.018770	0.038200	0.047574	0.010525	0.008342	0.140192	0.007440	0.020604	0.004857	0.001800	0.046134	0.012217	0.013449	0.012476	0.018672	0.002799	0.002691	0.001934	0.022352	0.097894	0.000160	0.006922	0.020972	0.014234	0.006546	0.013296	0.007440	0.002118	0.043908	0.002021	0.000682	0.000160	0.013021	0.033792	0.000719	0.001202	0.004369	0.000800	0.023513	0.006329	0.000999	0.000756	0.001278	0.025357	0.089293	
0.043088	0.013798	0.009511	0.070443	0.002189	0.005983	0.026833	0.089731	0.018522	0.022781	0.115065	0.002035	0.021878	0.005935	0.004636	0.038403	0.025651	0.012527	0.003927	0.035689	0.008017	0.003572	0.001098	0.028023	0.067519	0.000150	0.013073	0.011276	0.011860	0.003564	0.011080	0.002035	0.003891	0.036421	0.002627	0.001578	0.000150	0.024784	0.064426	0.001680	0.001537	0.012698	0.001641	0.019054	0.011776	0.002642	0.000943	0.003209	0.006738	0.074315	
0.046061	0.007578	0.009289	0.100881	0.001209	0.007605	0.056955	0.019646	0.020073	0.013951	0.137351	0.002896	0.042891	0.006850	0.002483	0.041052	0.007077	0.031178	0.004769	0.012375	0.007830	0.004093	0.004254	0.017857	0.074666	0.000147	0.002145	0.048335	0.012669	0.014932	0.011834	0.002896	0.000725	0.043185	0.003052	0.000890	0.000147	0.031221	0.010084	0.000943	0.001774	0.012401	0.001164	0.023454	0.002208	0.002534	0.001077	0.001740	0.010121	0.079452	
0.005049	0.039126	0.070583	0.011213	0.006089	0.009183	0.006618	0.037704	0.074566	0.085752	0.023852	0.002446	0.060265	0.006280	0.013231	0.004513	0.027053	0.045135	0.004052	0.043289	0.059342	0.004450	0.000613	0.007767	0.015033	0.000137	0.002453	0.005718	0.001477	0.001849	0.001387	0.002446	0.000808	0.006979	0.003134	0.004303	0.000137	0.138769	0.011657	0.004601	0.001815	0.094565	0.004335	0.002667	0.002241	0.018421	0.001096	0.009065	0.008116	0.008620	
0.002700	0.046237	0.070535	0.007457	0.007204	0.009330	0.005251	0.040019	0.072744	0.095701	0.017678	0.002259	0.064462	0.005355	0.015685	0.002421	0.031160	0.044611	0.003731	0.042621	0.059301	0.003920	0.000570	0.006957	0.011053	0.000136	0.002187	0.005232	0.000835	0.001700	0.000789	0.002259	0.000730	0.004852	0.002696	0.005083	0.000136	0.141607	0.010336	0.005437	0.001570	0.094501	0.005112	0.001643	0.002000	0.018464	0.000955	0.010738	0.007472	0.004566	
0.004794	0.012798	0.084729	0.013049	0.001984	0.011221	0.009013	0.020066	0.090364	0.055495	0.026251	0.004166	0.051650	0.007915	0.004197	0.004286	0.010087	0.055299	0.006856	0.050063	0.071231	0.005334	0.000882	0.009027	0.020486	0.000140	0.002054	0.008853	0.001409	0.002813	0.001324	0.004166	0.000694	0.007724	0.003947	0.001431	0.000140	0.152550	0.009662	0.001523	0.002272	0.113526	0.001480	0.002829	0.001902	0.021829	0.001358	0.002906	0.014044	0.008179	
0.004376	0.014719	0.049361	0.014316	0.002250	0.041199	0.011361	0.050577	0.065881	0.041571	0.021699	0.016118	0.038663	0.011268	0.004755	0.003916	0.017488	0.037287	0.026727	0.042465	0.041510	0.007583	0.001133	0.025976	0.060031	0.000162	0.006850	0.011553	0.001312	0.003657	0.001235	0.016118	0.002098	0.008223	0.005622	0.001624	0.000162	0.093409	0.033423	0.001728	0.003220	0.066109	0.001688	0.002895	0.006210	0.012828	0.001910	0.003294	0.054996	0.007441	
0.006605	0.018417	0.030611	0.039698	0.002835	0.008560	0.036254	0.095854	0.044934	0.038402	0.037514	0.002912	0.054122	0.009111	0.006073	0.005900	0.029399	0.041585	0.005421	0.050647	0.025748	0.006147	0.003784	0.038231	0.018891	0.000137	0.013899	0.042933	0.001901	0.013268	0.001783	0.002912	0.004121	0.012749	0.004521	0.002026	0.000137	0.070958	0.068583	0.002161	0.002592	0.040986	0.002269	0.006489	0.012693	0.008053	0.001540	0.004184	0.010139	0.011310	
0.004541	0.029165	0.020325	0.027870	0.004348	0.005962	0.025595	0.128241	0.056248	0.047420	0.025961	0.001542	0.047255	0.019174	0.009399	0.004060	0.041035	0.032314	0.003388	0.054112	0.017104	0.012923	0.002719	0.043003	0.011656	0.000139	0.018066	0.030412	0.001339	0.009427	0.001259	0.001542	0.005328	0.012302	0.009522	0.003085	0.000139	0.054592	0.089303	0.003296	0.005394	0.027197	0.003257	0.004560	0.016351	0.005503	0.003141	0.006452	0.005294	0.007742	
0.002320	0.065458	0.015264	0.008897	0.009237	0.010521	0.007313	0.061114	0.150334	0.089718	0.010757	0.002301	0.050052	0.067940	0.020139	0.002084	0.040314	0.032254	0.003832	0.015236	0.012853	0.045548	0.000829	0.015945	0.012453	0.000152	0.003000	0.008088	0.000744	0.002587	0.000704	0.002301	0.000976	0.021021	0.033691	0.006512	0.000152	0.055061	0.014314	0.006966	0.018934	0.020409	0.006557	0.001735	0.002745	0.004465	0.010885	0.013780	0.007609	0.003897	
0.004617	0.087738	0.005742	0.024464	0.013281	0.010935	0.021743	0.083294	0.062991	0.120883	0.022305	0.001567	0.074435	0.028890	0.029051	0.004128	0.059224	0.024231	0.002740	0.015806	0.004849	0.019815	0.002295	0.019126	0.012131	0.000140	0.004998	0.025422	0.001361	0.007897	0.001280	0.001567	0.001547	0.014236	0.014333	0.009339	0.000140	0.053189	0.024300	0.009996	0.008088	0.007650	0.009483	0.004167	0.004630	0.002228	0.004682	0.019852	0.005320	0.007872	
0.003129	0.017099	0.026347	0.010619	0.001748	0.011098	0.008326	0.082906	0.159541	0.027715	0.014532	0.004183	0.024462	0.067672	0.003657	0.002805	0.021309	0.038929	0.007351	0.040098	0.022167	0.044988	0.000899	0.032084	0.019894	0.000156	0.011175	0.008870	0.000967	0.002830	0.000913	0.004183	0.003346	0.021784	0.033553	0.001270	0.000156	0.053622	0.054957	0.001350	0.018859	0.035263	0.001320	0.002142	0.010064	0.006923	0.010843	0.002543	0.014061	0.005291	
