1.046409755945205688e-01 -1.385054290294647217e-01 4.212177358567714691e-03
2.364744693040847778e-01 -1.453312784433364868e-01 -1.615063473582267761e-02
3.886578083038330078e-01 -1.727851480245590210e-01 3.233122825622558594e-02
4.540138840675354004e-01 -1.408020406961441040e-01 6.971807032823562622e-02
2.996975779533386230e-01 6.285159289836883545e-02 -4.892022535204887390e-02
2.595535516738891602e-01 3.220283389091491699e-01 -4.246537089347839355e-01
1.250313967466354370e-01 4.199463129043579102e-01 -5.058315396308898926e-01
-6.730104237794876099e-02 3.377188146114349365e-01 -3.578152954578399658e-01
-2.110835015773773193e-01 1.671679466962814331e-01 -5.203570425510406494e-02
-2.531872987747192383e-01 9.507462382316589355e-02 1.852368116378784180e-01
-2.099347114562988281e-01 1.951902508735656738e-01 3.957886621356010437e-02
-1.063318699598312378e-01 2.836975455284118652e-01 -1.955576688051223755e-01
-9.746865183115005493e-02 2.562372386455535889e-01 -1.987317800521850586e-01
-1.210100352764129639e-01 1.918821632862091064e-01 -1.971639692783355713e-01
-9.912018477916717529e-02 9.542636573314666748e-02 -1.822736710309982300e-01
-8.551638573408126831e-02 1.909914799034595490e-02 -1.377453207969665527e-01
9.419974870979785919e-03 -9.781819768249988556e-03 -5.067813396453857422e-02
7.208473980426788330e-02 -4.182418808341026306e-02 1.631565857678651810e-03
1.170399188995361328e-01 -3.025231696665287018e-02 1.561410445719957352e-02
1.016127020120620728e-01 -3.972098231315612793e-02 -9.088615886867046356e-03
2.505905553698539734e-02 -2.185636758804321289e-02 -2.368363738059997559e-02
3.290294855833053589e-02 4.330135509371757507e-02 4.322103224694728851e-03
2.086777798831462860e-02 8.405231684446334839e-02 -9.963825345039367676e-03
1.741145923733711243e-02 1.016766726970672607e-01 -9.446781128644943237e-03
3.336147591471672058e-02 7.022962719202041626e-02 -1.977677084505558014e-02
8.929457544581964612e-05 3.645388036966323853e-02 -2.025192417204380035e-02
-4.884746856987476349e-03 2.678571268916130066e-02 -4.937113448977470398e-02
-2.035509049892425537e-02 5.552935600280761719e-02 -6.657028943300247192e-02
-4.238861426711082458e-02 8.594222366809844971e-02 -7.085766643285751343e-02
-1.069402787834405899e-02 7.867886126041412354e-02 -5.399768427014350891e-02
4.095280915498733521e-02 2.030426822602748871e-02 -2.165722660720348358e-02
8.582241088151931763e-02 -3.986405581235885620e-02 -1.611709594726562500e-02
9.215430170297622681e-02 -5.131865292787551880e-02 -2.734749391674995422e-02
6.812334060668945312e-02 -3.057898022234439850e-02 -5.388106033205986023e-02
3.067632392048835754e-02 2.373324334621429443e-02 -6.536304205656051636e-02
2.159776724874973297e-02 3.178249672055244446e-02 -6.173108890652656555e-02
-1.489129790570586920e-04 -2.149433130398392677e-03 -7.217607647180557251e-02
-5.870611593127250671e-02 -6.369207985699176788e-03 -9.045680612325668335e-02
-1.046218648552894592e-01 -3.809509426355361938e-02 -9.241440892219543457e-02
-1.238301992416381836e-01 -6.477782130241394043e-02 -4.611049219965934753e-02
-2.750751376152038574e-02 -4.144885018467903137e-02 3.099283762276172638e-02
7.823986560106277466e-02 7.450032234191894531e-02 1.446210145950317383e-01
1.890184432268142700e-01 1.377829462289810181e-01 1.508798450231552124e-01
2.223881185054779053e-01 1.064292043447494507e-01 1.477721780538558960e-01
1.480527073144912720e-01 -1.075715105980634689e-02 1.140677183866500854e-01
6.573556363582611084e-02 -1.334095448255538940e-01 7.615208625793457031e-02
1.920925267040729523e-02 -1.103335097432136536e-01 9.865449368953704834e-02
7.168851047754287720e-02 -2.302477806806564331e-01 9.327032417058944702e-02
2.940336763858795166e-01 -3.613367676734924316e-01 2.011014819145202637e-01
3.999200761318206787e-01 -4.116834402084350586e-01 2.850084602832794189e-01
3.442850112915039062e-01 -4.210922420024871826e-01 3.004789650440216064e-01
2.267700433731079102e-01 -1.984872967004776001e-01 3.067810833454132080e-01
-2.455164678394794464e-02 -1.263651880435645580e-03 2.410175204277038574e-01
-1.261169612407684326e-01 1.486464887857437134e-01 2.188116312026977539e-01
-1.415712386369705200e-01 1.716325432062149048e-01 2.692365646362304688e-01
-1.490610092878341675e-01 1.120010111480951309e-02 3.082002103328704834e-01
-1.323830932378768921e-01 -1.113468483090400696e-01 3.279040753841400146e-01
-1.514205895364284515e-02 -1.733026802539825439e-01 2.129344791173934937e-01
8.816123008728027344e-02 -1.070579662919044495e-01 1.362846978008747101e-02
1.197118461132049561e-01 -7.226721942424774170e-02 -1.202822104096412659e-01
6.723039597272872925e-02 1.534648612141609192e-02 -2.312214672565460205e-01
-1.026277244091033936e-01 -2.877337625250220299e-03 -1.569365561008453369e-01
-2.312601506710052490e-01 2.039303071796894073e-02 -1.051001846790313721e-01
-2.686119079589843750e-01 8.924877271056175232e-03 5.170319229364395142e-02
-2.084220200777053833e-01 -1.336158253252506256e-02 1.907460689544677734e-01
-1.083683297038078308e-01 5.268434807658195496e-02 1.209803968667984009e-01
5.071706697344779968e-02 -4.004225507378578186e-02 1.196571812033653259e-01
4.414694383740425110e-02 -6.141375750303268433e-02 -1.701050810515880585e-02
4.438942670822143555e-02 1.522250846028327942e-02 -8.890572935342788696e-02
9.112406522035598755e-02 1.216018870472908020e-01 -1.360738724470138550e-01
1.365251392126083374e-01 2.860625088214874268e-01 -2.620715796947479248e-01
1.549341082572937012e-01 1.894696205854415894e-01 -9.769345074892044067e-02
8.652004599571228027e-02 1.151808816939592361e-02 3.625819459557533264e-02
1.479766890406608582e-02 -1.271276082843542099e-02 8.337370306253433228e-02
-9.297122061252593994e-02 -9.261135756969451904e-02 1.249420344829559326e-01
-1.095722317695617676e-01 4.119971394538879395e-02 2.256520092487335205e-03
-5.030861124396324158e-03 1.053190454840660095e-01 -1.349990349262952805e-02
6.711035221815109253e-02 -1.647075638175010681e-02 5.892295762896537781e-02
1.136361584067344666e-01 -5.946361273527145386e-02 5.951407924294471741e-02
8.137668669223785400e-02 -1.414077728986740112e-01 8.158471435308456421e-03
6.766861770302057266e-03 -1.291727572679519653e-01 1.991017535328865051e-02
2.483319863677024841e-02 3.813869878649711609e-02 -1.447034776210784912e-01
-1.119232177734375000e-01 1.395611278712749481e-02 -4.208869487047195435e-02
-2.457708120346069336e-01 -3.390629310160875320e-03 -4.270897805690765381e-02
-3.321992456912994385e-01 6.778523325920104980e-02 -1.873624622821807861e-01
-2.801209986209869385e-01 1.285953074693679810e-01 -2.411516457796096802e-01
6.446929275989532471e-02 1.372166275978088379e-01 -3.668161928653717041e-01
1.052612438797950745e-02 1.561333090066909790e-01 -2.990679442882537842e-01
1.116702556610107422e-01 1.510375142097473145e-01 -3.633826971054077148e-01
1.169000566005706787e-01 1.942585706710815430e-01 -3.697067201137542725e-01
1.160017121583223343e-02 3.634034693241119385e-01 -2.812643051147460938e-01
1.643262207508087158e-01 3.588643968105316162e-01 -1.539257764816284180e-01
9.645932167768478394e-02 2.928209900856018066e-01 -3.011826192960143089e-03
1.260434538125991821e-01 2.274179458618164062e-01 -2.773279882967472076e-02
1.845146119594573975e-01 1.906589120626449585e-01 1.640681643038988113e-03
8.317392319440841675e-02 9.757906943559646606e-02 6.328272819519042969e-02
-1.451164931058883667e-01 3.937895223498344421e-02 3.196396827697753906e-01
-6.727387756109237671e-02 4.930413514375686646e-02 5.046815872192382812e-01
2.823732420802116394e-02 4.704467952251434326e-02 4.759316146373748779e-01
5.404255539178848267e-02 1.477467361837625504e-02 4.039525091648101807e-01
3.379875048995018005e-02 -3.245076835155487061e-01 2.317846566438674927e-01
2.061989903450012207e-02 -4.824811220169067383e-01 1.779583692550659180e-01
2.138613313436508179e-01 -4.220230281352996826e-01 2.946451902389526367e-01
2.861280441284179688e-01 -1.186288073658943176e-01 1.859034597873687744e-01
2.536614239215850830e-01 1.370236128568649292e-01 -1.290197018533945084e-02
1.681420765817165375e-02 8.204901963472366333e-02 -1.434363424777984619e-01
-1.089509874582290649e-01 5.224516615271568298e-02 -3.039517998695373535e-01
-7.744207233190536499e-02 2.446432784199714661e-02 -2.267580479383468628e-01
-1.769583225250244141e-01 9.266018122434616089e-02 -1.055174395442008972e-01
-2.338870316743850708e-01 -2.282299697399139404e-01 -2.694267332553863525e-01
-4.133082926273345947e-01 -5.342020988464355469e-01 -3.734629154205322266e-01
-4.700358808040618896e-01 -5.636469125747680664e-01 -5.052691102027893066e-01
-3.511927127838134766e-01 -3.609209060668945312e-01 -5.134402513504028320e-01
-1.429682970046997070e-01 2.244603484869003296e-01 -1.997472494840621948e-01
5.052579194307327271e-02 3.969970643520355225e-01 1.576498746871948242e-01
-5.590882524847984314e-02 3.098356425762176514e-01 2.088710814714431763e-01
-1.541117280721664429e-01 1.655862927436828613e-01 -7.255055243149399757e-04
-9.623469412326812744e-02 1.375826746225357056e-01 -2.219087481498718262e-01
-8.260348439216613770e-02 1.749208122491836548e-01 -2.975571453571319580e-01
3.473902354016900063e-03 1.562192291021347046e-01 -1.850406378507614136e-01
5.391164496541023254e-02 9.477934241294860840e-02 -5.527105927467346191e-02
1.487370729446411133e-01 -4.273482412099838257e-02 3.993193805217742920e-02
3.212518393993377686e-01 -1.339562088251113892e-01 1.539435703307390213e-03
3.321192860603332520e-01 8.787533640861511230e-02 2.567442953586578369e-01
2.428054362535476685e-01 3.671807944774627686e-01 3.999755382537841797e-01
7.449202984571456909e-02 4.438540637493133545e-01 3.348990678787231445e-01
-1.150934398174285889e-01 3.931485712528228760e-01 2.480388581752777100e-01
1.275228895246982574e-02 1.327964514493942261e-01 2.343216445297002792e-03
6.819113157689571381e-03 -1.885730773210525513e-02 8.581730723381042480e-02
1.312108933925628662e-01 3.190049156546592712e-02 3.491408228874206543e-01
1.343942135572433472e-01 2.804298698902130127e-02 2.880939841270446777e-01
3.676527366042137146e-02 6.277590990066528320e-02 2.580273151397705078e-01
1.344989985227584839e-01 -2.867229282855987549e-02 2.992418222129344940e-02
1.344871670007705688e-01 -1.089723557233810425e-01 -1.438730210065841675e-01
2.768495678901672363e-01 -1.994002014398574829e-01 -1.984600909054279327e-02
2.465561777353286743e-01 -2.363564968109130859e-01 -1.309638936072587967e-02
1.859921962022781372e-01 -2.313328981399536133e-01 1.080980971455574036e-01
2.341357022523880005e-01 -1.706698834896087646e-01 1.774880848824977875e-02
2.544997632503509521e-01 -1.280059665441513062e-01 -7.982037961483001709e-02
4.877102002501487732e-02 -1.955966651439666748e-01 -1.810882538557052612e-01
-1.557555198669433594e-01 -1.881401836872100830e-01 -2.108691632747650146e-01
-2.648374438285827637e-01 -1.618920564651489258e-01 -1.696642488241195679e-01
-1.556529998779296875e-01 -1.305185407400131226e-01 -2.180258333683013916e-01
1.012708991765975952e-01 -7.083314657211303711e-02 -5.662661418318748474e-02
1.819030791521072388e-01 -1.699185371398925781e-01 -7.244027405977249146e-02
2.430146187543869019e-01 -2.293023467063903809e-01 -4.552550613880157471e-02
8.810859918594360352e-02 -7.149771600961685181e-02 7.276407629251480103e-02
-1.006308272480964661e-01 -3.627302125096321106e-02 -2.509409002959728241e-02
-5.488197505474090576e-02 -2.085184864699840546e-02 1.797959022223949432e-02
-7.663394510746002197e-02 3.617447242140769958e-02 -1.207803040742874146e-01
-3.071886254474520683e-03 -1.212636008858680725e-03 -1.080369651317596436e-01
-5.268173292279243469e-02 7.162963598966598511e-02 3.794807940721511841e-02
-2.625640034675598145e-01 1.647996902465820312e-01 7.623957842588424683e-02
-3.790342435240745544e-02 -1.044287905097007751e-01 7.879010401666164398e-03
-3.866343945264816284e-02 -3.137432038784027100e-01 -1.898510605096817017e-01
-3.177134394645690918e-01 -4.606737792491912842e-01 -3.894015401601791382e-02
-3.919545114040374756e-01 -4.537489116191864014e-01 8.978524245321750641e-03
-4.618085026741027832e-01 -3.764141798019409180e-01 5.650474503636360168e-02
-3.511146605014801025e-01 -2.458374202251434326e-01 -4.774927347898483276e-02
-7.167488336563110352e-03 -1.307562589645385742e-01 -2.344615906476974487e-01
1.210891455411911011e-02 -8.969110995531082153e-02 -1.208957433700561523e-01
2.419501356780529022e-02 5.572189763188362122e-02 -1.331730633974075317e-01
-1.693164370954036713e-02 -4.075409099459648132e-02 -2.395012974739074707e-02
-9.460823610424995422e-03 2.310209721326828003e-02 -1.359224766492843628e-01
-5.138958990573883057e-02 1.651433855295181274e-01 -2.505543828010559082e-01
-7.962121814489364624e-02 2.549098730087280273e-01 4.024963080883026123e-02
-1.610548198223114014e-01 2.551259994506835938e-01 2.486158013343811035e-01
-2.619432099163532257e-02 2.605966925621032715e-01 4.427034556865692139e-01
3.257541060447692871e-01 3.242048621177673340e-01 4.327426850795745850e-01
3.967950046062469482e-01 4.291351139545440674e-01 3.154190182685852051e-01
3.463165760040283203e-01 2.862562239170074463e-01 1.953002661466598511e-01
1.379782240837812424e-02 4.885479062795639038e-02 1.494629383087158203e-01
-2.113129794597625732e-01 -6.465105712413787842e-02 9.302243590354919434e-02
-8.500858396291732788e-02 -1.059042066335678101e-01 -5.877322331070899963e-02
1.656826585531234741e-01 2.080320939421653748e-02 1.153843128122389317e-03
2.584022581577301025e-01 -8.047320693731307983e-02 -6.003268808126449585e-02
2.390805184841156006e-01 -5.556412786245346069e-02 -3.845626115798950195e-02
