17
17
17
17
17
17
17
17
17
17
17
17
17
17
17
17
17
17
26
26
26
26
26
26
26
26
26
26
26
26
26
26
26
26
26
26
26
26
26
26
26
26
26
26
26
26
26
26
26
26
26
26
22
22
22
22
22
22
22
22
22
22
22
22
22
22
22
22
22
22
22
22
17
17
17
17
17
17
17
17
17
17
17
17
17
40
40
40
40
40
40
40
40
40
40
40
40
40
40
40
40
40
40
40
40
40
40
40
40
40
40
40
40
39
39
39
39
39
39
39
39
39
39
39
49
49
49
49
49
49
49
49
49
49
49
49
49
49
49
49
49
49
49
49
49
14
14
14
14
14
14
14
14
14
14
14
14
14
29
29
29
29
29
29
29
29
29
29
29
29
29
29
29
29
29
29
29
29
29
44
44
44
44
44
44
44
44
44
44
44
44
44
44
44
44
44
44
44
44
38
38
38
38
38
38
38
38
38
38
38
38
38
38
38
38
21
21
21
21
21
21
21
21
21
22
22
22
22
22
22
22
22
22
22
22
22
22
22
29
29
29
29
29
29
29
29
29
29
29
29
29
29
29
29
29
29
29
29
29
29
29
29
29
32
32
32
32
32
32
32
32
32
32
32
32
32
