0.040914	0.291510	0.425162	0.026594	0.019434	0.169792	0.026594	
0.052596	0.050221	0.653546	0.043095	0.035969	0.102477	0.062097	
0.111188	0.089501	0.383477	0.029260	0.113597	0.159380	0.113597	
0.165810	0.470367	0.033916	0.024323	0.091470	0.055498	0.158616	
0.437690	0.052347	0.111449	0.097264	0.135089	0.144546	0.021614	
0.115174	0.323308	0.031442	0.043404	0.344839	0.103213	0.038619	
0.789438	0.052471	0.021666	0.031144	0.033514	0.028775	0.042993	
0.064168	0.125633	0.031071	0.376224	0.073624	0.116177	0.213104	
0.165414	0.239576	0.021873	0.373548	0.021873	0.110390	0.067327	
0.075958	0.244251	0.063763	0.446690	0.088153	0.044251	0.036934	
0.223340	0.105969	0.091885	0.458082	0.023810	0.023810	0.073105	
0.034579	0.381767	0.027244	0.440447	0.046804	0.039469	0.029689	
0.023425	0.028044	0.060376	0.064995	0.032662	0.764764	0.025734	
0.048942	0.035053	0.044312	0.238757	0.143849	0.410053	0.079034	
0.035463	0.023754	0.175979	0.309468	0.030780	0.316494	0.108063	
0.021978	0.048420	0.197459	0.033997	0.038805	0.161401	0.497940	
0.026786	0.036401	0.021978	0.019574	0.091690	0.048420	0.755151	
0.067007	0.157483	0.145578	0.021769	0.019388	0.117007	0.471769	
0.029260	0.320826	0.053356	0.048537	0.034079	0.031670	0.482272	
0.043404	0.036227	0.249146	0.194122	0.230007	0.060150	0.186945	
0.031367	0.110126	0.026594	0.210365	0.234231	0.043300	0.344016	
0.213063	0.195948	0.029689	0.034579	0.364652	0.127489	0.034579	
0.225527	0.082670	0.034244	0.036666	0.513663	0.058457	0.048772	
0.347855	0.059439	0.047619	0.054711	0.189463	0.045255	0.255657	
