0.047619	0.508612	0.042891	0.038163	0.049983	0.026342	0.286390	
0.024150	0.343197	0.045578	0.317007	0.195578	0.043197	0.031293	
0.017129	0.561494	0.093868	0.201781	0.043508	0.041110	0.041110	
0.043718	0.024441	0.043718	0.289501	0.058176	0.062995	0.477453	
0.071092	0.030997	0.040431	0.026280	0.137129	0.231469	0.462601	
0.033356	0.023922	0.030997	0.089960	0.085243	0.229111	0.507412	
0.064168	0.019250	0.019250	0.042891	0.094900	0.132725	0.626815	
0.456188	0.133992	0.079100	0.133992	0.088646	0.052847	0.055234	
0.383477	0.132874	0.017212	0.246127	0.091910	0.043718	0.084682	
0.460394	0.082670	0.051193	0.039087	0.143203	0.068143	0.155310	
0.618602	0.040147	0.026096	0.124456	0.040147	0.079960	0.070592	
0.486902	0.027244	0.029689	0.024799	0.225288	0.029689	0.176388	
0.070100	0.104983	0.051495	0.132890	0.495681	0.051495	0.093355	
0.079773	0.028371	0.028371	0.175567	0.530708	0.138184	0.019025	
0.049399	0.040053	0.026035	0.124166	0.661549	0.056409	0.042390	
0.029120	0.031518	0.537513	0.304899	0.031518	0.038712	0.026721	
0.029190	0.046016	0.767170	0.082074	0.024382	0.029190	0.021978	
0.038712	0.050702	0.566290	0.208976	0.065091	0.036314	0.033916	
0.095578	0.326531	0.062245	0.190816	0.059864	0.024150	0.240816	
0.050340	0.026531	0.033673	0.257483	0.226531	0.359864	0.045578	
0.099865	0.140149	0.059580	0.118822	0.149628	0.303656	0.128301	
0.208173	0.034579	0.061474	0.173943	0.081034	0.386657	0.054139	
0.031746	0.043823	0.048654	0.051070	0.031746	0.744306	0.048654	
0.069887	0.062693	0.021925	0.384036	0.081877	0.230558	0.149024	
