0.004590	0.005672	0.005095	0.003630	0.010377	0.000145	0.005750	0.084319	0.002111	0.073725	0.000507	0.005890	0.018830	0.000145	0.002718	0.017866	0.002181	0.003669	0.067099	0.005233	0.001593	0.006013	0.003208	0.000692	0.003320	0.002364	0.074488	0.000462	0.010675	0.011283	0.006079	0.019025	0.000905	0.001190	0.000659	0.000948	0.076087	0.064005	0.067506	0.007044	0.088750	0.006147	0.000719	0.003745	0.001376	0.000598	0.007178	0.196182	0.007774	0.010431	
0.008477	0.032366	0.023584	0.011476	0.044054	0.000157	0.010416	0.015355	0.002142	0.030682	0.000662	0.062735	0.049879	0.000157	0.004496	0.003357	0.002213	0.007326	0.036027	0.018798	0.002875	0.033951	0.005905	0.006117	0.006114	0.003250	0.015045	0.000599	0.017640	0.038541	0.033446	0.042783	0.001548	0.002070	0.001604	0.001020	0.045397	0.041971	0.014146	0.010163	0.016155	0.006217	0.005546	0.022717	0.013567	0.000788	0.017370	0.035553	0.082210	0.111332	
0.006401	0.021878	0.021194	0.004816	0.043651	0.000160	0.013199	0.033053	0.002530	0.049139	0.000581	0.059719	0.026699	0.000160	0.003447	0.007085	0.002615	0.004417	0.033184	0.007679	0.002197	0.031132	0.004468	0.005832	0.004625	0.002735	0.030576	0.000528	0.015453	0.023698	0.008899	0.017980	0.001928	0.002591	0.001241	0.001122	0.065966	0.031829	0.028338	0.012630	0.034784	0.007398	0.005344	0.022045	0.012923	0.000686	0.020372	0.076766	0.078280	0.106027	
0.004916	0.052109	0.005910	0.037137	0.015083	0.000132	0.002430	0.005052	0.005354	0.008106	0.001149	0.007603	0.090437	0.000132	0.006031	0.001168	0.005541	0.018702	0.086135	0.056213	0.001665	0.014864	0.003374	0.000844	0.003492	0.006358	0.004648	0.001021	0.028128	0.077394	0.113005	0.120400	0.000444	0.000560	0.002834	0.002285	0.014557	0.104703	0.008879	0.010137	0.005311	0.016079	0.000794	0.007099	0.001733	0.001403	0.003442	0.011591	0.010195	0.013423	
0.006616	0.040161	0.012650	0.026201	0.035523	0.000145	0.009305	0.004721	0.008857	0.020654	0.001760	0.027241	0.063139	0.000145	0.008345	0.001109	0.009168	0.019193	0.059354	0.037626	0.002208	0.026976	0.004509	0.002726	0.004668	0.010038	0.004825	0.001558	0.045822	0.060132	0.063571	0.072349	0.001387	0.001853	0.002197	0.003707	0.038723	0.060977	0.012098	0.020357	0.004962	0.026748	0.002558	0.016645	0.005952	0.002164	0.013115	0.010803	0.036095	0.048364	
0.007456	0.029438	0.012797	0.017609	0.046230	0.000151	0.020279	0.006951	0.004852	0.042778	0.002204	0.025235	0.054311	0.000151	0.010072	0.001582	0.005020	0.021254	0.042959	0.033010	0.002470	0.029074	0.005058	0.002540	0.005236	0.012728	0.006743	0.001947	0.058496	0.055542	0.046271	0.056293	0.002880	0.003903	0.002556	0.002516	0.077319	0.047329	0.010478	0.021095	0.007309	0.014506	0.002582	0.012541	0.005526	0.002718	0.025781	0.015989	0.033251	0.044986	
0.017457	0.035477	0.016359	0.025372	0.023112	0.000141	0.006634	0.012370	0.007203	0.021417	0.001497	0.011365	0.101192	0.000141	0.010279	0.002716	0.007456	0.017266	0.063598	0.037118	0.005784	0.018564	0.012079	0.001210	0.012513	0.008447	0.011189	0.001328	0.037841	0.055461	0.065937	0.083704	0.001022	0.001352	0.002065	0.003046	0.034281	0.070790	0.016412	0.015909	0.013014	0.021706	0.001187	0.009936	0.002546	0.001836	0.008669	0.028621	0.015218	0.020161	
0.011583	0.029377	0.013511	0.025735	0.031167	0.000149	0.009152	0.019052	0.023125	0.031112	0.001883	0.016771	0.048573	0.000149	0.009755	0.004129	0.023946	0.015924	0.062410	0.017417	0.003841	0.022024	0.007959	0.001732	0.008243	0.010768	0.017210	0.001666	0.048514	0.032734	0.016465	0.030105	0.001370	0.001828	0.001127	0.008595	0.048264	0.030115	0.036464	0.043436	0.020047	0.070308	0.001687	0.025383	0.003711	0.002316	0.012063	0.044174	0.023146	0.029785	
0.008183	0.030457	0.007644	0.028536	0.032283	0.000145	0.009706	0.016244	0.022050	0.030046	0.002644	0.004178	0.045610	0.000145	0.011792	0.003534	0.022832	0.023428	0.067290	0.026949	0.002687	0.022252	0.005523	0.000529	0.005719	0.015452	0.014433	0.002331	0.068623	0.045944	0.029691	0.041642	0.001441	0.001927	0.001459	0.008514	0.050961	0.039135	0.033307	0.042061	0.017091	0.067034	0.000643	0.020265	0.001009	0.003268	0.011663	0.037639	0.006600	0.007461	
0.010306	0.040150	0.011302	0.039961	0.018158	0.000149	0.009453	0.013615	0.039596	0.027595	0.000685	0.012870	0.042998	0.000149	0.004946	0.002984	0.041004	0.005804	0.084127	0.011282	0.003470	0.011134	0.007174	0.001360	0.007429	0.003436	0.012323	0.000618	0.016033	0.017410	0.013755	0.024101	0.001410	0.001883	0.001086	0.013734	0.041251	0.023733	0.047547	0.070400	0.014324	0.120602	0.001367	0.038201	0.002875	0.000820	0.012090	0.031511	0.018920	0.022871	
0.011869	0.037492	0.010371	0.037153	0.015454	0.000145	0.007315	0.018551	0.032759	0.027317	0.000979	0.005037	0.056044	0.000145	0.006555	0.004020	0.033923	0.009336	0.084113	0.017556	0.003969	0.010242	0.008235	0.000611	0.008529	0.005256	0.016487	0.000875	0.023515	0.025810	0.025717	0.038410	0.001117	0.001482	0.001208	0.011523	0.038732	0.038074	0.044961	0.057882	0.019519	0.099734	0.000674	0.029730	0.001193	0.001188	0.008938	0.043011	0.008299	0.008945	
0.010392	0.048923	0.009113	0.052595	0.011809	0.000146	0.004850	0.004427	0.053186	0.012129	0.000799	0.004573	0.043842	0.000146	0.005408	0.001047	0.055080	0.006847	0.100763	0.012167	0.003491	0.008210	0.007222	0.000567	0.007479	0.004149	0.004026	0.000717	0.018402	0.016870	0.014655	0.024282	0.000783	0.001023	0.000792	0.018386	0.020619	0.018264	0.052881	0.089446	0.004653	0.162107	0.000594	0.047084	0.001094	0.000963	0.006017	0.010118	0.008785	0.008079	
0.004072	0.009616	0.004860	0.007366	0.056711	0.000162	0.056046	0.015548	0.004710	0.115891	0.001747	0.005747	0.019706	0.000162	0.007172	0.003401	0.004872	0.014203	0.025658	0.019119	0.001384	0.016078	0.002747	0.000694	0.002841	0.009868	0.013859	0.001549	0.047949	0.029593	0.010881	0.017952	0.007740	0.010581	0.004193	0.002299	0.197142	0.021045	0.018224	0.044492	0.016358	0.014049	0.001575	0.005922	0.001359	0.002143	0.065983	0.035996	0.007719	0.011015	
0.008602	0.021312	0.010932	0.016375	0.049392	0.000161	0.047244	0.004526	0.012386	0.091217	0.001060	0.015962	0.039862	0.000161	0.005878	0.001080	0.012823	0.009178	0.035196	0.018361	0.002902	0.015908	0.005959	0.001666	0.006170	0.005664	0.004385	0.000947	0.029163	0.027283	0.017943	0.026553	0.006545	0.008940	0.003754	0.004646	0.158769	0.020821	0.016497	0.051149	0.004756	0.037490	0.002276	0.015907	0.003547	0.001284	0.056541	0.010327	0.021508	0.028987	
0.012422	0.017236	0.016655	0.010521	0.056779	0.000165	0.045470	0.003527	0.009575	0.087154	0.001422	0.026240	0.044889	0.000165	0.008141	0.000873	0.009911	0.011097	0.022270	0.014509	0.004147	0.023108	0.008589	0.002648	0.008895	0.007863	0.003750	0.001265	0.039180	0.026452	0.006415	0.018244	0.006308	0.008612	0.003377	0.003829	0.153643	0.010768	0.013049	0.045404	0.003704	0.028900	0.003106	0.016922	0.005752	0.001736	0.055322	0.007995	0.034814	0.047184	
0.075773	0.010869	0.060818	0.005664	0.022608	0.000152	0.002946	0.003266	0.002291	0.007696	0.001549	0.014656	0.261484	0.000152	0.025537	0.000808	0.002367	0.012797	0.014077	0.012646	0.024983	0.022383	0.052678	0.001534	0.054588	0.008705	0.003243	0.001374	0.038780	0.025545	0.012627	0.074447	0.000531	0.000673	0.000623	0.001402	0.016347	0.030541	0.004650	0.005474	0.003430	0.006683	0.001408	0.006820	0.003260	0.001898	0.004628	0.007404	0.019260	0.025926	
0.054236	0.019127	0.043926	0.011928	0.014808	0.000149	0.008832	0.014233	0.002319	0.026902	0.000402	0.012359	0.204175	0.000149	0.015726	0.003114	0.002396	0.005334	0.036202	0.017906	0.017939	0.012172	0.037782	0.001312	0.039151	0.001700	0.012856	0.000371	0.008304	0.026054	0.034458	0.079260	0.001326	0.001768	0.001512	0.000980	0.038629	0.052542	0.013392	0.009415	0.014975	0.006774	0.001314	0.006079	0.002765	0.000466	0.011322	0.032951	0.016255	0.021954	
0.052280	0.015355	0.047082	0.005990	0.024120	0.000154	0.005505	0.017795	0.002120	0.023362	0.000737	0.029033	0.184131	0.000154	0.016283	0.003868	0.002190	0.006240	0.025216	0.009943	0.017285	0.021400	0.036393	0.002904	0.037711	0.003724	0.016394	0.000664	0.017718	0.021274	0.014316	0.058111	0.000880	0.001152	0.000836	0.001039	0.031429	0.036649	0.015856	0.006885	0.018724	0.006156	0.002651	0.011465	0.006342	0.000882	0.008819	0.041239	0.038077	0.051470	
0.019736	0.020757	0.015898	0.015220	0.013442	0.000142	0.006342	0.042469	0.003709	0.043446	0.000901	0.003805	0.092945	0.000142	0.008483	0.009053	0.003837	0.010140	0.063222	0.023193	0.006560	0.010077	0.013718	0.000491	0.014211	0.004792	0.037543	0.000806	0.021338	0.034341	0.041544	0.063064	0.000983	0.001298	0.001496	0.001637	0.051368	0.070277	0.036523	0.010037	0.044696	0.011035	0.000553	0.004421	0.000927	0.001091	0.007698	0.098718	0.005129	0.006744	
0.020471	0.016885	0.024131	0.008860	0.064955	0.000153	0.006397	0.002729	0.007405	0.013727	0.004998	0.029536	0.071146	0.000153	0.023617	0.000695	0.007664	0.040788	0.018842	0.026881	0.006641	0.051357	0.013877	0.002951	0.014376	0.029828	0.003124	0.004392	0.132896	0.062985	0.007512	0.030632	0.001000	0.001317	0.000742	0.004430	0.039659	0.012937	0.009099	0.016065	0.002865	0.022299	0.002707	0.016163	0.006449	0.006209	0.009904	0.006153	0.039019	0.052378	
0.022674	0.024845	0.022360	0.021796	0.041786	0.000150	0.003729	0.008212	0.021687	0.012870	0.003351	0.017996	0.079068	0.000150	0.018090	0.001847	0.022457	0.027203	0.046296	0.019357	0.007431	0.033908	0.015553	0.001849	0.016113	0.019758	0.007682	0.002951	0.087740	0.042754	0.007259	0.030380	0.000635	0.000817	0.000553	0.008658	0.028753	0.017014	0.026529	0.037515	0.008636	0.065917	0.001698	0.024559	0.003974	0.004151	0.005823	0.018927	0.024673	0.031865	
0.022896	0.015821	0.019299	0.012181	0.057822	0.000145	0.006406	0.003897	0.005534	0.014632	0.005572	0.004938	0.090693	0.000145	0.026549	0.000935	0.005727	0.047164	0.028079	0.037432	0.007410	0.045265	0.015512	0.000602	0.016071	0.033382	0.003567	0.004893	0.147417	0.074334	0.025093	0.051325	0.000994	0.001313	0.001133	0.004009	0.042602	0.029875	0.008274	0.013041	0.004094	0.016601	0.000651	0.006362	0.001172	0.006928	0.007867	0.008882	0.006710	0.008752	
0.008476	0.020714	0.018034	0.008401	0.067212	0.000158	0.020190	0.003043	0.004643	0.039669	0.003608	0.040781	0.036243	0.000158	0.015300	0.000765	0.004803	0.029929	0.019176	0.025214	0.002754	0.045683	0.005649	0.004027	0.005849	0.021286	0.003668	0.003176	0.096926	0.055551	0.014712	0.026598	0.002874	0.003893	0.001845	0.002973	0.079446	0.016841	0.007241	0.020687	0.003195	0.013853	0.003883	0.017543	0.008863	0.004470	0.026970	0.006876	0.053596	0.072556	
0.010260	0.024315	0.009119	0.018208	0.041799	0.000143	0.012672	0.014783	0.004855	0.034481	0.003479	0.003421	0.064576	0.000143	0.015593	0.003225	0.005024	0.032011	0.049904	0.038972	0.003335	0.028919	0.006896	0.000455	0.007142	0.020574	0.013127	0.003062	0.091423	0.065657	0.048348	0.063230	0.001842	0.002479	0.002080	0.002993	0.062617	0.055138	0.016309	0.016082	0.015553	0.014533	0.000629	0.005275	0.000845	0.004313	0.015068	0.034238	0.004687	0.006169	
