0	0	0	0	0	0	92	
134	0	0	0	0	0	0	
0	0	0	1	0	15	51	
3	0	28	0	57	0	0	
0	29	0	73	0	0	0	
0	0	0	0	0	0	0	
0	0	27	16	0	1	0	
0	0	0	0	0	76	0	
0	0	58	0	0	0	0	
0	0	14	111	12	51	0	
0	7	1	0	0	0	0	
0	0	0	0	0	0	0	
0	0	82	0	133	0	152	
0	0	0	0	0	0	0	
0	16	0	0	0	0	27	
0	0	0	0	0	16	0	
136	3	2	0	0	0	0	
0	90	0	0	0	0	0	
158	0	41	0	0	40	0	
0	0	36	0	104	0	0	
0	0	0	0	0	0	27	
0	0	0	43	48	0	0	
0	0	0	0	0	0	58	
0	0	0	8	0	0	0	
0	0	8	0	0	0	41	
0	0	0	0	51	0	0	
0	0	0	0	0	71	0	
0	0	0	0	7	0	0	
0	204	0	0	0	0	30	
0	146	0	7	0	19	13	
1	0	0	0	142	0	0	
0	127	0	2	0	0	82	
0	0	0	8	0	0	0	
0	0	0	11	0	0	0	
0	0	0	0	6	1	0	
0	0	21	0	0	0	0	
0	0	0	225	0	35	0	
0	0	2	0	137	27	12	
1	0	44	0	0	90	0	
0	0	130	0	0	0	0	
0	0	0	0	0	80	0	
0	0	168	0	0	1	0	
0	0	0	8	0	0	0	
77	0	0	0	0	0	0	
0	0	0	19	0	0	0	
0	11	0	0	0	0	0	
0	0	0	76	1	0	0	
0	0	7	0	0	137	6	
0	0	0	115	0	0	0	
0	0	1	91	0	2	61	
