0.432682	0.001270	0.009303	0.000925	0.044843	0.018228	0.131507	0.071743	0.014161	0.133296	0.003941	0.015331	0.008188	0.009153	0.105429	
0.407303	0.010293	0.121045	0.000856	0.024327	0.030378	0.023683	0.138931	0.021395	0.097567	0.006863	0.022000	0.033038	0.057064	0.005257	
0.333273	0.018715	0.019040	0.000884	0.038216	0.054708	0.017000	0.260186	0.024571	0.177145	0.009845	0.009091	0.015616	0.016416	0.005294	
0.460628	0.001092	0.026355	0.011275	0.035147	0.087674	0.204886	0.014019	0.031152	0.012712	0.064716	0.011510	0.011313	0.021707	0.005814	
0.400917	0.003016	0.067511	0.005825	0.023575	0.051633	0.111211	0.041171	0.099432	0.030404	0.033846	0.041793	0.023788	0.056781	0.009096	
0.412106	0.001555	0.043287	0.005591	0.023089	0.045135	0.103040	0.026531	0.138006	0.022515	0.031768	0.056663	0.030051	0.054679	0.005983	
0.419775	0.000740	0.023457	0.008073	0.027915	0.063639	0.146443	0.014579	0.117440	0.014342	0.046307	0.042468	0.023153	0.043688	0.007982	
0.323959	0.002094	0.177233	0.001226	0.009783	0.027700	0.030544	0.021417	0.134308	0.016292	0.010735	0.032505	0.048620	0.134529	0.029054	
0.333048	0.001303	0.144592	0.001564	0.015072	0.029145	0.049935	0.020229	0.130765	0.027421	0.012184	0.030398	0.043933	0.118942	0.041469	
0.228930	0.001064	0.116062	0.001070	0.013518	0.039158	0.027250	0.018386	0.227537	0.022145	0.013048	0.028995	0.054196	0.153948	0.054692	
0.261485	0.001611	0.133493	0.001099	0.011637	0.034112	0.026732	0.021650	0.201669	0.020122	0.011823	0.035331	0.051233	0.145160	0.042842	
0.311199	0.001080	0.114404	0.003246	0.017123	0.044348	0.068767	0.015573	0.156373	0.018565	0.022769	0.028044	0.042310	0.117885	0.038313	
0.411112	0.002258	0.189503	0.000538	0.011236	0.009739	0.038097	0.028538	0.067558	0.030956	0.003050	0.043525	0.039993	0.100820	0.023078	
0.455806	0.002621	0.227415	0.001283	0.009375	0.012149	0.037816	0.023550	0.020652	0.017347	0.006976	0.033929	0.044540	0.101371	0.005171	
0.408194	0.005358	0.166707	0.001796	0.016103	0.026884	0.043656	0.065796	0.044989	0.046222	0.011508	0.029606	0.036977	0.086390	0.009813	
0.629028	0.001428	0.014933	0.000626	0.042586	0.007169	0.011078	0.060604	0.022768	0.085130	0.002826	0.013032	0.086324	0.014085	0.008382	
0.500369	0.001193	0.020612	0.000617	0.028141	0.006543	0.010279	0.045087	0.145455	0.056627	0.002754	0.059477	0.068904	0.047063	0.006879	
0.552670	0.004737	0.018232	0.000847	0.041690	0.018516	0.025285	0.098907	0.020424	0.105527	0.005168	0.011496	0.065037	0.015183	0.016280	
0.497236	0.001200	0.025255	0.002903	0.039772	0.029594	0.094652	0.050974	0.033373	0.082712	0.016420	0.013452	0.041256	0.024736	0.046464	
0.375446	0.005015	0.100073	0.000979	0.015700	0.019108	0.024885	0.070950	0.140489	0.051378	0.006230	0.063143	0.038619	0.079811	0.008174	
0.332544	0.002672	0.095734	0.002184	0.017324	0.034982	0.041419	0.039631	0.167407	0.032182	0.015829	0.042025	0.046540	0.104931	0.024596	
0.371832	0.001466	0.071977	0.002870	0.013811	0.024162	0.056525	0.023912	0.193842	0.018263	0.016002	0.081302	0.036034	0.080805	0.007198	
0.305644	0.001460	0.041675	0.000893	0.010382	0.012637	0.026130	0.031116	0.282148	0.026843	0.005104	0.106995	0.037374	0.093862	0.017737	
0.416804	0.001492	0.055365	0.002820	0.024161	0.026080	0.075120	0.036738	0.126096	0.046740	0.015711	0.054266	0.035053	0.057677	0.025876	
