0.001487	0.000993	0.000892	0.147563	0.063328	0.003788	0.001542	0.001006	0.021090	0.113733	0.001832	0.024697	0.000705	0.006963	0.005812	0.004063	0.043162	0.002888	0.006905	0.017859	0.017900	0.037617	0.001137	0.007437	0.003841	0.055433	0.011321	0.002843	0.001857	0.024777	0.013998	0.042841	0.012567	0.000699	0.043002	0.048527	0.000183	0.001361	0.003842	0.001585	0.007208	0.003580	0.001153	0.000727	0.003308	0.104833	0.000823	0.032835	0.031564	0.010896	
0.002380	0.000911	0.001983	0.076207	0.038700	0.028239	0.001338	0.000867	0.013977	0.058946	0.006140	0.014145	0.001647	0.001265	0.036144	0.024961	0.012597	0.006555	0.005907	0.003035	0.163130	0.021020	0.009394	0.026921	0.003290	0.028800	0.001973	0.025759	0.010861	0.007474	0.010775	0.028824	0.010797	0.001487	0.022357	0.025221	0.000164	0.001181	0.023298	0.005370	0.018184	0.003098	0.009793	0.000633	0.002863	0.050096	0.000711	0.017870	0.026147	0.106565	
0.002181	0.001270	0.001229	0.136233	0.059053	0.012793	0.001527	0.001284	0.015809	0.105416	0.002488	0.024511	0.000940	0.001168	0.006869	0.004789	0.009525	0.004143	0.009210	0.002760	0.089929	0.036216	0.005214	0.010305	0.005094	0.051466	0.001805	0.014181	0.002167	0.010208	0.007473	0.042613	0.014897	0.000942	0.039926	0.045055	0.000178	0.001347	0.004534	0.001711	0.010591	0.003550	0.005428	0.000717	0.003280	0.087854	0.001038	0.030634	0.010254	0.058194	
0.012689	0.005381	0.013017	0.006804	0.003711	0.014954	0.002562	0.005069	0.027327	0.005511	0.022163	0.023803	0.008950	0.000914	0.004636	0.003238	0.046044	0.045376	0.040408	0.002160	0.108421	0.021385	0.006825	0.094921	0.022054	0.002612	0.001412	0.017320	0.001475	0.004512	0.061866	0.050391	0.051279	0.009505	0.002055	0.002303	0.000138	0.002238	0.003299	0.001927	0.127758	0.006197	0.006561	0.001108	0.005712	0.005667	0.003973	0.005538	0.005723	0.071108	
0.012435	0.007697	0.007662	0.008905	0.009421	0.013775	0.004399	0.007779	0.048532	0.007191	0.015413	0.036560	0.005487	0.002200	0.032499	0.022441	0.036848	0.028408	0.062520	0.005509	0.043654	0.033192	0.002932	0.066738	0.034089	0.003337	0.003523	0.007256	0.009761	0.009373	0.042974	0.063998	0.081391	0.005610	0.002618	0.002938	0.000141	0.003831	0.021335	0.006424	0.074664	0.010786	0.002719	0.001844	0.009934	0.009171	0.006082	0.008995	0.026387	0.028624	
0.011760	0.005556	0.010794	0.007446	0.007613	0.018324	0.001315	0.005362	0.014536	0.005951	0.020124	0.025212	0.007577	0.001894	0.025627	0.017706	0.044844	0.038005	0.042776	0.004711	0.100382	0.021223	0.006273	0.086777	0.023344	0.002803	0.003021	0.015974	0.007718	0.005787	0.053938	0.051352	0.048669	0.007889	0.002204	0.002470	0.000141	0.001158	0.016790	0.004000	0.105704	0.003075	0.006086	0.000611	0.002840	0.007730	0.004202	0.003561	0.021312	0.065834	
0.012846	0.004941	0.014858	0.009309	0.005024	0.005656	0.006798	0.004515	0.074139	0.007377	0.025391	0.021598	0.010215	0.001446	0.006247	0.004348	0.055076	0.051358	0.035895	0.003550	0.019788	0.024379	0.001909	0.108847	0.019597	0.003527	0.002287	0.003658	0.001953	0.009735	0.069818	0.050053	0.063736	0.010843	0.002764	0.003103	0.000137	0.005910	0.004302	0.004252	0.146015	0.016791	0.001298	0.002801	0.015458	0.008153	0.003542	0.013104	0.008683	0.012968	
0.001687	0.000750	0.001067	0.010380	0.004107	0.018977	0.001237	0.000741	0.035013	0.006168	0.002232	0.003783	0.000822	0.025951	0.006846	0.004767	0.157863	0.003451	0.004941	0.067408	0.140292	0.004805	0.008094	0.009279	0.002760	0.002623	0.042534	0.022257	0.002145	0.064084	0.042835	0.007321	0.009434	0.000819	0.002068	0.002315	0.000155	0.001093	0.004483	0.001555	0.009193	0.002859	0.008468	0.000588	0.002643	0.050353	0.000611	0.003315	0.100810	0.092015	
0.003711	0.001483	0.003867	0.009092	0.008112	0.017153	0.002408	0.001383	0.042654	0.005642	0.008881	0.006687	0.002892	0.020133	0.030755	0.021243	0.131922	0.013125	0.010200	0.052244	0.078918	0.008167	0.004759	0.038577	0.005621	0.002449	0.032977	0.012681	0.009250	0.050993	0.046845	0.017065	0.019571	0.002854	0.001932	0.002162	0.000152	0.002107	0.019864	0.005209	0.036959	0.005791	0.004823	0.001055	0.005340	0.039678	0.001109	0.005175	0.092562	0.051768	
0.008918	0.001738	0.014164	0.014288	0.007531	0.005701	0.001431	0.001157	0.026032	0.010150	0.024729	0.006535	0.009788	0.013413	0.012584	0.008719	0.124398	0.047688	0.008392	0.034733	0.020303	0.007780	0.001914	0.106158	0.004634	0.004768	0.021941	0.003384	0.003844	0.034098	0.081113	0.028632	0.013796	0.010341	0.003728	0.004190	0.000147	0.001260	0.008186	0.002386	0.139043	0.003357	0.001336	0.000661	0.003100	0.031576	0.000932	0.004829	0.057184	0.013289	
0.007711	0.001260	0.012664	0.006601	0.005251	0.010458	0.005361	0.000723	0.066313	0.004407	0.022580	0.003527	0.008795	0.010352	0.017141	0.011858	0.101269	0.042486	0.004884	0.026759	0.042385	0.008699	0.003091	0.097070	0.002723	0.002029	0.016914	0.007127	0.005196	0.029868	0.069834	0.022713	0.026060	0.009249	0.001605	0.001793	0.000143	0.004665	0.011086	0.004934	0.124218	0.013189	0.002647	0.002230	0.012145	0.021533	0.000594	0.009878	0.048168	0.027814	
0.007782	0.002170	0.010926	0.009598	0.019127	0.021460	0.000990	0.001770	0.013274	0.007220	0.025305	0.008876	0.008082	0.004533	0.086863	0.059911	0.060846	0.037032	0.013396	0.011582	0.014635	0.008694	0.001450	0.110855	0.007357	0.003477	0.007353	0.002469	0.025928	0.011973	0.054686	0.034129	0.017154	0.007986	0.002728	0.003061	0.000148	0.000878	0.055900	0.011701	0.106948	0.002254	0.001003	0.000485	0.002085	0.013557	0.001409	0.003383	0.065978	0.009594	
0.002031	0.001219	0.001179	0.046008	0.035144	0.028322	0.001467	0.001232	0.020625	0.035168	0.009229	0.011445	0.001468	0.007096	0.090895	0.062694	0.045061	0.003999	0.008904	0.018240	0.062898	0.015413	0.003721	0.041844	0.004919	0.017088	0.011553	0.010049	0.027136	0.020292	0.015903	0.027370	0.014407	0.000901	0.013280	0.014973	0.000162	0.001293	0.058462	0.012463	0.010240	0.003425	0.003860	0.000684	0.003164	0.040896	0.000994	0.011647	0.078508	0.041026	
0.001844	0.000767	0.001729	0.006537	0.023850	0.037194	0.002787	0.000728	0.034858	0.004630	0.012674	0.003574	0.002050	0.006758	0.121895	0.084056	0.044834	0.005678	0.004849	0.017375	0.075768	0.006120	0.004484	0.057608	0.002709	0.002206	0.011005	0.012212	0.036346	0.018823	0.017399	0.017981	0.015604	0.001299	0.001744	0.001949	0.000153	0.002436	0.078330	0.017099	0.015770	0.006740	0.004637	0.001206	0.006213	0.015388	0.000600	0.005673	0.094124	0.049707	
0.003054	0.001888	0.001725	0.009115	0.029981	0.041227	0.001822	0.001914	0.019176	0.007119	0.014832	0.009527	0.002228	0.001016	0.148586	0.102451	0.010435	0.006127	0.014540	0.002404	0.062151	0.010045	0.003715	0.067681	0.007982	0.003488	0.001571	0.010001	0.044281	0.004169	0.010055	0.028769	0.021665	0.001296	0.002738	0.003071	0.000153	0.001599	0.095528	0.020043	0.015734	0.004326	0.003827	0.000820	0.003992	0.007281	0.001523	0.004769	0.087804	0.040756	
0.001676	0.001068	0.000788	0.037313	0.017148	0.014983	0.021895	0.001091	0.238963	0.028866	0.001825	0.009753	0.000632	0.001260	0.007507	0.005218	0.008952	0.002682	0.007888	0.003055	0.061301	0.034319	0.003600	0.007592	0.004358	0.014109	0.001978	0.011156	0.002332	0.024179	0.005641	0.017526	0.095833	0.000612	0.010967	0.012363	0.000143	0.018994	0.004922	0.011964	0.006536	0.054523	0.003751	0.008843	0.050172	0.025531	0.000880	0.044078	0.009210	0.040020	
0.001333	0.000771	0.000701	0.006877	0.004210	0.017438	0.027238	0.000781	0.297480	0.005303	0.001681	0.004054	0.000570	0.001239	0.007426	0.005159	0.008619	0.002299	0.005428	0.003017	0.069662	0.031903	0.004075	0.007005	0.003014	0.002618	0.001950	0.012864	0.002301	0.027526	0.005029	0.008195	0.114900	0.000546	0.002059	0.002307	0.000132	0.023624	0.004850	0.014622	0.005772	0.067898	0.004255	0.010975	0.062476	0.006272	0.000637	0.046676	0.008546	0.045688	
0.002436	0.001868	0.000769	0.008391	0.004447	0.011050	0.029410	0.001939	0.321427	0.006522	0.001614	0.009610	0.000600	0.001453	0.005193	0.003620	0.010190	0.002979	0.014896	0.003577	0.016504	0.038541	0.001079	0.006654	0.008166	0.003177	0.002302	0.004646	0.001636	0.030072	0.006575	0.015994	0.133389	0.000595	0.002491	0.002796	0.000131	0.025506	0.003481	0.015420	0.006448	0.073328	0.001098	0.011843	0.067473	0.007593	0.001537	0.050604	0.008112	0.010818	
0.001971	0.001077	0.001200	0.011977	0.005281	0.015501	0.012123	0.001081	0.145360	0.008155	0.002417	0.005809	0.000906	0.016123	0.006301	0.004388	0.099409	0.004053	0.007782	0.041799	0.088916	0.017957	0.005194	0.010088	0.004302	0.003749	0.026393	0.014891	0.001976	0.050176	0.029235	0.010794	0.056297	0.000913	0.002939	0.003299	0.000146	0.010527	0.004149	0.006925	0.010585	0.030089	0.005409	0.004937	0.027694	0.034711	0.000874	0.022090	0.063731	0.058301	
0.015293	0.012786	0.002088	0.026819	0.012776	0.005680	0.005033	0.013436	0.055820	0.021331	0.004087	0.065158	0.001526	0.002639	0.008449	0.005867	0.022037	0.011851	0.108693	0.006649	0.019959	0.057676	0.001336	0.017335	0.059218	0.010076	0.004243	0.003547	0.002613	0.011844	0.024803	0.095624	0.131364	0.001558	0.007841	0.008834	0.000144	0.004381	0.006213	0.003655	0.019406	0.012366	0.001305	0.002100	0.011388	0.021235	0.010482	0.013754	0.014710	0.012976	
0.004789	0.002697	0.003413	0.015257	0.011121	0.016023	0.006972	0.002690	0.086295	0.011010	0.008104	0.013742	0.002580	0.013083	0.030560	0.021108	0.088284	0.012117	0.020900	0.033871	0.060061	0.019095	0.003668	0.035247	0.011442	0.005153	0.021399	0.010006	0.009190	0.038328	0.035762	0.026830	0.048984	0.002523	0.004027	0.004527	0.000149	0.006062	0.019810	0.007464	0.032494	0.017206	0.003697	0.002878	0.015841	0.031628	0.002125	0.014272	0.066164	0.039356	
0.016872	0.014270	0.001488	0.008495	0.005087	0.013667	0.001780	0.015036	0.019354	0.007323	0.003093	0.069981	0.001116	0.001584	0.008605	0.005974	0.013921	0.010466	0.121791	0.003906	0.092291	0.055815	0.005393	0.013083	0.066345	0.003215	0.002513	0.014730	0.002657	0.005507	0.022416	0.100649	0.131714	0.001120	0.002523	0.002831	0.000140	0.001561	0.006401	0.002047	0.013495	0.004239	0.005605	0.000796	0.003911	0.007870	0.011726	0.004564	0.010514	0.060521	
0.009928	0.006984	0.003358	0.007009	0.003917	0.024992	0.004449	0.007231	0.049110	0.005692	0.006007	0.033767	0.002372	0.002224	0.005756	0.004011	0.023273	0.013721	0.058049	0.005572	0.184733	0.030898	0.010691	0.025519	0.031655	0.002620	0.003563	0.029449	0.001810	0.009388	0.024329	0.052180	0.077003	0.002481	0.002062	0.002310	0.000141	0.003875	0.004139	0.003016	0.032023	0.010912	0.011092	0.001864	0.010051	0.008014	0.005656	0.008686	0.011265	0.121153	
0.015152	0.012958	0.000917	0.005695	0.002987	0.014289	0.003554	0.013675	0.040490	0.004936	0.001767	0.063267	0.000696	0.003529	0.004094	0.002865	0.023701	0.008017	0.110673	0.008977	0.101753	0.052187	0.005901	0.007252	0.060294	0.002053	0.005708	0.016341	0.001315	0.011683	0.021542	0.090057	0.127450	0.000705	0.001623	0.001814	0.000140	0.003098	0.003430	0.002354	0.007839	0.008674	0.006167	0.001505	0.007991	0.009398	0.010667	0.006882	0.015191	0.066745	
