0.484958	0.009945	0.033324	0.000764	0.027972	0.011681	0.022337	0.105587	0.056927	0.126108	0.005897	0.015853	0.064507	0.028390	0.005750	
0.419364	0.003725	0.116043	0.000964	0.021410	0.018127	0.036519	0.090336	0.042450	0.073266	0.010309	0.026689	0.050506	0.067176	0.023118	
0.460038	0.005103	0.086576	0.001826	0.024773	0.024112	0.042059	0.104061	0.035725	0.090621	0.009086	0.022115	0.056376	0.027370	0.010160	
0.585651	0.000572	0.020262	0.014411	0.003279	0.093444	0.144899	0.005381	0.021127	0.004832	0.064309	0.007606	0.005635	0.021679	0.006913	
0.403866	0.000840	0.087189	0.003877	0.025583	0.044285	0.086129	0.041735	0.127491	0.026869	0.019485	0.045467	0.029930	0.045524	0.011731	
0.487959	0.000986	0.073198	0.007895	0.012971	0.061205	0.098912	0.037486	0.055401	0.025299	0.037950	0.022106	0.024003	0.042344	0.012285	
0.350923	0.000718	0.022374	0.002696	0.052848	0.028353	0.135296	0.008617	0.248065	0.008043	0.012215	0.095312	0.008806	0.019997	0.005739	
0.450771	0.000965	0.158076	0.001158	0.004699	0.010078	0.041298	0.010692	0.103135	0.010312	0.042497	0.009456	0.009651	0.138735	0.008475	
0.282172	0.000813	0.122718	0.001222	0.021400	0.022761	0.057852	0.024186	0.128790	0.016948	0.012192	0.061952	0.030060	0.154745	0.062188	
0.305505	0.000832	0.131696	0.002346	0.005078	0.079566	0.028546	0.010569	0.237106	0.011874	0.010607	0.024364	0.053407	0.091984	0.006519	
0.276238	0.000853	0.146147	0.001103	0.004908	0.069511	0.018157	0.010203	0.235408	0.011699	0.007740	0.028235	0.053749	0.118602	0.017447	
0.404967	0.000703	0.118005	0.000817	0.025879	0.014612	0.070784	0.028326	0.149576	0.018244	0.024051	0.043547	0.016705	0.078921	0.004862	
0.377943	0.001569	0.135198	0.001426	0.017354	0.038916	0.039404	0.071238	0.094558	0.048242	0.009181	0.029051	0.050879	0.067322	0.017721	
0.385316	0.000824	0.150004	0.001121	0.019969	0.029514	0.043223	0.088700	0.052165	0.051907	0.008055	0.032071	0.049971	0.063818	0.023340	
0.413367	0.000603	0.153334	0.000667	0.024506	0.027752	0.045953	0.108138	0.043979	0.060806	0.004944	0.030026	0.053319	0.025346	0.007259	
0.481469	0.010053	0.033930	0.001375	0.025204	0.013113	0.021149	0.107338	0.032489	0.127703	0.007031	0.014539	0.065783	0.042090	0.016735	
0.480883	0.010030	0.036326	0.000972	0.026076	0.009226	0.020439	0.106448	0.036340	0.127004	0.007049	0.015488	0.064201	0.043915	0.015604	
0.476391	0.010202	0.030351	0.000924	0.028137	0.010174	0.022057	0.108918	0.041925	0.129628	0.004702	0.018361	0.066046	0.037167	0.015017	
0.334782	0.005499	0.062526	0.000772	0.031044	0.012506	0.049114	0.059387	0.105264	0.069314	0.003262	0.058130	0.046040	0.109435	0.052925	
0.199119	0.002007	0.130358	0.001405	0.013540	0.018174	0.035838	0.026696	0.067298	0.026534	0.006274	0.068968	0.040834	0.242482	0.120473	
0.390890	0.003045	0.081682	0.003685	0.018422	0.027489	0.067238	0.033166	0.082116	0.037444	0.024440	0.040986	0.028187	0.116710	0.044501	
0.275738	0.000576	0.052511	0.001109	0.048349	0.020409	0.111857	0.007005	0.239434	0.006152	0.005304	0.101071	0.015109	0.080068	0.035308	
0.405598	0.002889	0.085144	0.000918	0.028908	0.015572	0.066621	0.033695	0.156658	0.036900	0.019328	0.045000	0.024516	0.071256	0.006996	
0.335297	0.001403	0.071671	0.004159	0.024351	0.041768	0.087176	0.014423	0.145137	0.016081	0.019106	0.060971	0.025340	0.107633	0.045485	
