17
17
17
17
17
17
17
17
17
17
17
17
17
17
17
17
17
17
17
17
17
17
17
17
17
17
31
31
31
31
31
31
31
31
31
31
31
43
43
43
43
43
2
2
2
2
2
2
2
36
36
36
36
36
36
36
36
36
36
36
36
36
36
36
3
3
3
3
3
3
3
3
3
3
3
3
3
3
30
30
30
11
11
11
11
11
11
11
11
11
11
11
14
14
14
14
22
22
22
22
22
22
22
22
22
22
30
30
30
30
30
30
30
30
30
30
30
30
30
30
30
30
30
30
30
30
30
30
30
30
30
30
30
30
30
30
40
40
40
21
21
21
21
21
9
9
9
9
9
9
9
9
38
38
38
38
38
38
38
38
36
36
36
36
36
36
36
36
36
36
7
7
7
7
7
7
41
41
41
41
41
41
41
41
41
41
41
41
41
41
41
41
41
41
41
41
41
41
41
41
41
41
41
41
41
41
