24
24
24
24
24
24
24
24
24
24
24
24
24
24
24
24
24
24
24
24
24
24
24
24
24
24
24
24
43
43
43
43
43
43
43
2
2
2
2
2
2
2
2
2
2
2
2
2
2
2
2
2
47
47
47
47
47
47
47
47
47
47
47
47
47
47
47
47
47
16
16
16
16
16
16
16
16
16
16
16
16
16
16
16
16
16
16
16
16
16
16
16
16
16
16
16
16
29
29
29
29
29
29
29
29
29
29
29
44
44
44
44
44
44
44
44
44
44
44
44
44
44
44
44
44
44
44
44
44
44
44
40
40
40
40
40
40
40
40
40
40
40
40
25
25
25
25
25
25
25
25
25
25
25
25
25
25
25
40
40
40
40
40
40
40
40
40
40
20
20
20
20
20
20
20
20
20
20
20
20
20
20
20
20
20
20
20
20
20
20
20
20
20
20
20
20
20
20
20
12
12
12
12
12
12
12
12
12
12
12
43
43
43
43
43
43
43
43
27
27
27
27
27
27
27
27
27
27
27
27
27
27
