27
27
27
27
27
27
27
27
27
27
27
27
27
27
27
27
27
34
34
34
34
34
34
34
34
34
34
34
34
34
34
34
34
34
34
34
34
34
34
34
34
34
34
34
34
34
34
34
3
3
3
3
3
3
3
3
3
3
3
3
3
3
3
3
3
3
3
3
3
3
3
3
3
3
3
3
3
37
47
47
47
47
47
47
47
47
47
47
47
42
42
42
42
42
42
42
42
42
42
42
26
26
26
26
26
26
26
26
26
26
27
27
27
27
27
27
27
27
27
27
27
27
27
27
27
27
27
27
8
8
8
8
8
8
8
8
8
8
8
8
8
8
8
8
8
8
8
42
42
42
42
42
42
42
42
42
42
42
42
42
42
42
42
35
35
35
35
35
35
35
35
35
35
13
13
13
13
13
13
13
13
13
13
13
0
0
0
0
0
0
0
0
0
0
0
0
0
0
0
0
0
35
35
35
35
35
35
35
35
35
35
35
35
15
15
15
15
15
15
15
15
15
15
15
15
15
15
15
15
15
15
15
15
15
42
42
42
42
42
42
42
42
42
42
42
42
42
42
42
42
42
42
42
42
