0.000789	0.031708	0.001438	0.010790	0.069716	0.006302	0.009059	0.136408	0.049305	0.001741	0.006596	0.006040	0.020552	0.001097	0.005169	0.001459	0.007456	0.003703	0.068747	0.044226	0.004332	0.002746	0.006741	0.007231	0.006013	0.072114	0.002695	0.027354	0.027937	0.029100	0.015989	0.018483	0.000140	0.005218	0.006092	0.000894	0.010481	0.019515	0.000140	0.013183	0.017829	0.001097	0.000965	0.187946	0.014178	0.002495	0.003503	0.004874	0.007523	0.000894	
0.002861	0.039739	0.005574	0.005652	0.053213	0.013782	0.021412	0.075062	0.026857	0.004147	0.018300	0.024817	0.010698	0.001180	0.013403	0.003441	0.030738	0.003994	0.035810	0.055440	0.010618	0.009935	0.017342	0.020048	0.006487	0.064887	0.010240	0.034278	0.015756	0.015432	0.017636	0.042819	0.000147	0.012900	0.015723	0.002029	0.013117	0.024518	0.000147	0.024336	0.022332	0.001180	0.001038	0.103561	0.015967	0.006029	0.014209	0.012411	0.016729	0.002029	
0.000513	0.022629	0.000883	0.009057	0.075041	0.017517	0.019864	0.119437	0.041200	0.005192	0.019980	0.003508	0.017228	0.001193	0.014931	0.004301	0.004316	0.004054	0.057534	0.031546	0.013359	0.003332	0.015636	0.021816	0.006589	0.060164	0.002268	0.019528	0.024040	0.024529	0.012732	0.043013	0.000143	0.015564	0.005121	0.002519	0.007509	0.014032	0.000143	0.009172	0.012743	0.001193	0.001048	0.164544	0.011419	0.007568	0.002061	0.011329	0.014445	0.002519	
0.000603	0.031502	0.001048	0.000506	0.106389	0.003831	0.079726	0.006093	0.001994	0.001264	0.090424	0.004202	0.000825	0.000767	0.003629	0.001069	0.005172	0.002426	0.002659	0.043931	0.003054	0.001948	0.064988	0.098641	0.003896	0.010387	0.005342	0.027179	0.002943	0.001442	0.002332	0.182381	0.000158	0.010526	0.004091	0.000679	0.010426	0.019870	0.000158	0.012278	0.017722	0.000767	0.000683	0.010360	0.011416	0.001785	0.002463	0.047039	0.056304	0.000679	
0.004393	0.011372	0.008630	0.003514	0.028107	0.004440	0.080646	0.044115	0.017854	0.001372	0.007405	0.038673	0.006591	0.005490	0.006356	0.001158	0.047916	0.020018	0.021794	0.015820	0.003338	0.013367	0.065878	0.009531	0.032891	0.094956	0.018126	0.009825	0.019541	0.012235	0.020915	0.016364	0.000157	0.010882	0.036149	0.000729	0.003831	0.007552	0.000157	0.021199	0.006441	0.005490	0.004754	0.062906	0.019364	0.001944	0.022111	0.047432	0.055546	0.000729	
0.003610	0.015274	0.007056	0.000816	0.054401	0.010660	0.097878	0.012858	0.005037	0.003333	0.043845	0.031497	0.001415	0.002141	0.011494	0.002773	0.039018	0.007529	0.004485	0.021267	0.008461	0.011809	0.080027	0.048997	0.012303	0.051113	0.016284	0.013190	0.006223	0.003064	0.014453	0.088336	0.000163	0.017795	0.022036	0.001655	0.005113	0.010059	0.000163	0.019307	0.008631	0.002141	0.001868	0.020015	0.010492	0.004825	0.018023	0.057724	0.067691	0.001655	
0.010908	0.005619	0.021666	0.000459	0.049530	0.004606	0.009559	0.005935	0.007434	0.001495	0.041365	0.097951	0.000742	0.001523	0.010873	0.001258	0.121423	0.005264	0.002179	0.007788	0.003671	0.032978	0.008772	0.044582	0.008578	0.119886	0.036771	0.004865	0.004088	0.001779	0.042590	0.081751	0.000150	0.004659	0.053359	0.000783	0.001942	0.003560	0.000150	0.045992	0.003215	0.001523	0.001334	0.008291	0.005782	0.002128	0.055896	0.005681	0.006881	0.000783	
0.000631	0.009424	0.001118	0.004122	0.040773	0.006138	0.050911	0.052626	0.018642	0.001863	0.015238	0.004571	0.007768	0.014205	0.005409	0.001559	0.005634	0.052511	0.025749	0.013104	0.004644	0.002313	0.041272	0.017350	0.086453	0.114107	0.004120	0.008144	0.039446	0.018995	0.007020	0.031346	0.000144	0.009471	0.046482	0.000953	0.003184	0.006158	0.000144	0.005227	0.005344	0.014205	0.012266	0.074101	0.043852	0.002672	0.002667	0.029871	0.035107	0.000953	
0.000629	0.015854	0.001121	0.003922	0.080149	0.004553	0.012172	0.049520	0.017753	0.001382	0.050322	0.004608	0.007392	0.011653	0.004038	0.001163	0.005680	0.043023	0.024559	0.022086	0.003396	0.002125	0.009728	0.054245	0.070820	0.097355	0.002335	0.013686	0.033876	0.016981	0.006791	0.101138	0.000138	0.004592	0.038508	0.000723	0.005286	0.009835	0.000138	0.007334	0.008944	0.011653	0.010065	0.068755	0.038469	0.001968	0.002686	0.007045	0.009080	0.000723	
0.000881	0.013076	0.001626	0.002841	0.053694	0.006572	0.010042	0.036841	0.012942	0.002021	0.032859	0.006912	0.005321	0.017173	0.006044	0.001688	0.008538	0.063584	0.017607	0.018208	0.005071	0.003148	0.008089	0.035458	0.104709	0.127992	0.003091	0.011291	0.042751	0.017337	0.006431	0.066483	0.000135	0.006135	0.056985	0.001023	0.004375	0.008120	0.000135	0.007479	0.007387	0.017173	0.014823	0.051368	0.053253	0.002908	0.003998	0.005841	0.007520	0.001023	
0.000888	0.005951	0.001641	0.001939	0.048913	0.010164	0.010970	0.027076	0.008816	0.003133	0.033270	0.006984	0.003593	0.019650	0.009258	0.002604	0.008628	0.072812	0.011764	0.008258	0.007985	0.003630	0.008907	0.035919	0.119918	0.138337	0.003164	0.005149	0.045788	0.016387	0.005335	0.065997	0.000134	0.009240	0.064797	0.001546	0.002040	0.003765	0.000134	0.005210	0.003394	0.019650	0.016958	0.037926	0.058044	0.004545	0.004039	0.006432	0.007774	0.001546	
0.001332	0.008782	0.002529	0.000609	0.048223	0.006385	0.008381	0.008775	0.002965	0.002020	0.039390	0.011019	0.001045	0.021033	0.006331	0.001687	0.013632	0.077963	0.003258	0.012211	0.005070	0.004503	0.006929	0.042439	0.128408	0.143973	0.004542	0.007589	0.045530	0.013652	0.005409	0.078479	0.000134	0.005997	0.071155	0.001022	0.002967	0.005482	0.000134	0.007921	0.004980	0.021033	0.018150	0.012802	0.062636	0.002907	0.006339	0.004972	0.006255	0.001022	
0.000820	0.094769	0.001491	0.003362	0.036943	0.005165	0.016670	0.042625	0.015245	0.001590	0.015781	0.006253	0.006308	0.002252	0.004731	0.001335	0.007719	0.007983	0.021586	0.132290	0.003922	0.002757	0.013449	0.017253	0.013061	0.037916	0.003161	0.081717	0.012455	0.009952	0.006791	0.047854	0.000148	0.005556	0.009802	0.000827	0.031145	0.058170	0.000148	0.033934	0.053168	0.002252	0.001962	0.059030	0.035254	0.002268	0.003628	0.009728	0.016945	0.000827	
0.001809	0.103375	0.003460	0.000685	0.012552	0.004168	0.051572	0.008497	0.003477	0.001362	0.008228	0.015166	0.001169	0.001843	0.004679	0.001149	0.018768	0.006435	0.004433	0.144305	0.003310	0.005606	0.042152	0.009842	0.010503	0.030317	0.008092	0.089138	0.005037	0.002553	0.007271	0.034629	0.000158	0.008179	0.012951	0.000724	0.033970	0.063674	0.000158	0.040759	0.057995	0.001843	0.001611	0.012954	0.036213	0.001929	0.008713	0.030435	0.041427	0.000724	
0.003234	0.108215	0.006316	0.000645	0.012414	0.008913	0.008780	0.010102	0.004096	0.002798	0.008278	0.028176	0.001097	0.001932	0.009743	0.002331	0.034902	0.006786	0.004251	0.151068	0.007081	0.010489	0.007427	0.009046	0.011086	0.045293	0.010918	0.093310	0.005151	0.002512	0.012819	0.035610	0.000151	0.008111	0.019754	0.001397	0.035551	0.066351	0.000151	0.048240	0.060704	0.001932	0.001687	0.013904	0.037938	0.004044	0.016125	0.005213	0.012530	0.001397	
0.000601	0.004432	0.001051	0.000887	0.028351	0.111978	0.022042	0.057318	0.003772	0.034080	0.020858	0.004243	0.001562	0.002234	0.098233	0.028092	0.005225	0.007908	0.004913	0.006130	0.088965	0.015472	0.017974	0.022814	0.012937	0.021704	0.002677	0.003842	0.006464	0.003336	0.002831	0.041427	0.000151	0.093983	0.008733	0.016117	0.001553	0.002916	0.000151	0.004393	0.002550	0.002234	0.001946	0.076435	0.007527	0.050046	0.002483	0.013017	0.015300	0.016117	
0.002057	0.011611	0.003962	0.000851	0.015420	0.103105	0.026387	0.053034	0.004391	0.031389	0.009851	0.017466	0.001491	0.001201	0.091397	0.025877	0.021621	0.004055	0.004730	0.016154	0.081917	0.018728	0.021648	0.011084	0.006584	0.029907	0.007772	0.010030	0.004115	0.002628	0.008470	0.021196	0.000153	0.087100	0.012097	0.014852	0.003906	0.007339	0.000153	0.012616	0.006573	0.001201	0.001056	0.070859	0.006725	0.046088	0.010021	0.015581	0.018699	0.014852	
0.000926	0.003603	0.001703	0.001701	0.017258	0.128387	0.006204	0.074580	0.007685	0.039039	0.007128	0.007213	0.003123	0.000855	0.112739	0.032176	0.008908	0.002778	0.010136	0.004972	0.101950	0.018494	0.005046	0.007759	0.004482	0.021082	0.003037	0.003126	0.005435	0.004701	0.005126	0.014425	0.000149	0.105930	0.005896	0.018450	0.001280	0.002302	0.000149	0.005603	0.002084	0.000855	0.000757	0.099289	0.003470	0.057340	0.004175	0.003641	0.004399	0.018450	
0.000912	0.004814	0.001680	0.003358	0.090470	0.053322	0.009862	0.063263	0.015294	0.016206	0.062147	0.007124	0.006304	0.002212	0.046929	0.013372	0.008799	0.007846	0.020808	0.006666	0.042189	0.009061	0.007912	0.066894	0.012839	0.038672	0.003165	0.004170	0.012718	0.009927	0.007163	0.122261	0.000144	0.044482	0.010124	0.007703	0.001674	0.003065	0.000144	0.005287	0.002761	0.002212	0.001927	0.085937	0.008008	0.023765	0.004123	0.005714	0.006872	0.007703	
0.000900	0.005999	0.001659	0.000789	0.025293	0.023993	0.037958	0.018483	0.003521	0.007366	0.018659	0.007039	0.001382	0.018779	0.021447	0.006091	0.008695	0.069549	0.004344	0.008322	0.019052	0.005392	0.030971	0.020770	0.114535	0.126516	0.004444	0.005191	0.041044	0.012792	0.003916	0.037419	0.000141	0.023191	0.062072	0.003541	0.002060	0.003977	0.000141	0.005377	0.003424	0.018779	0.016208	0.026387	0.055357	0.010766	0.004073	0.022399	0.026254	0.003541	
0.000592	0.005212	0.001037	0.002395	0.056768	0.028685	0.049816	0.040589	0.010695	0.008754	0.037833	0.004191	0.004456	0.010050	0.025237	0.007235	0.005161	0.037025	0.014618	0.007221	0.022676	0.005025	0.040494	0.041587	0.060928	0.078351	0.003937	0.004513	0.026687	0.011948	0.004696	0.074774	0.000147	0.028023	0.033242	0.004197	0.001806	0.003575	0.000147	0.003879	0.002985	0.010050	0.008684	0.056718	0.030392	0.012804	0.002452	0.029312	0.034205	0.004197	
0.007661	0.014154	0.015172	0.001307	0.043599	0.004884	0.025021	0.016700	0.009551	0.001558	0.031939	0.068434	0.002368	0.004704	0.008988	0.001309	0.084822	0.017112	0.007696	0.019708	0.003835	0.023263	0.021014	0.034769	0.028107	0.111204	0.026563	0.012223	0.012761	0.005906	0.030959	0.064862	0.000150	0.006257	0.048584	0.000812	0.004737	0.008886	0.000150	0.035507	0.007997	0.004704	0.004076	0.023631	0.017604	0.002220	0.039072	0.014752	0.017894	0.000812	
0.006521	0.005756	0.012874	0.000871	0.010746	0.014095	0.114857	0.014958	0.006856	0.004378	0.005778	0.057925	0.001515	0.002179	0.016346	0.003635	0.071787	0.007658	0.004727	0.007972	0.011189	0.020961	0.094120	0.008468	0.012513	0.081196	0.026852	0.004985	0.006139	0.003222	0.025882	0.012153	0.000168	0.022188	0.035358	0.002149	0.001998	0.004347	0.000168	0.028113	0.003299	0.002179	0.001902	0.023261	0.007728	0.006359	0.033090	0.067732	0.078697	0.002149	
0.006126	0.014355	0.012106	0.003187	0.059192	0.008011	0.018351	0.041656	0.017340	0.002458	0.035936	0.054504	0.005973	0.003136	0.010611	0.002050	0.067549	0.011280	0.019773	0.019989	0.006195	0.019036	0.015313	0.038924	0.018495	0.096448	0.021091	0.012395	0.014044	0.010005	0.027320	0.072717	0.000147	0.008063	0.036705	0.001234	0.004802	0.008962	0.000147	0.029330	0.008109	0.003136	0.002724	0.057692	0.013496	0.003545	0.031130	0.010727	0.013249	0.001234	
