0.007127	0.104723	0.010328	0.010423	0.004560	0.035708	0.020517	0.001126	0.037778	0.005358	0.006860	0.004247	0.003060	0.002634	0.005176	0.006756	0.003413	0.006625	0.000459	0.004214	0.000795	0.041500	0.002287	0.011245	0.022008	0.017101	0.002235	0.001452	0.005329	0.001778	0.000147	0.047089	0.003486	0.000799	0.002496	0.009387	0.001136	0.000819	0.029330	0.034552	0.044589	0.126912	0.047368	0.008308	0.086351	0.022351	0.000799	0.007725	0.133776	0.005754	
0.007070	0.055547	0.122919	0.008102	0.004533	0.021278	0.016677	0.011974	0.019556	0.062376	0.009717	0.004257	0.002480	0.002630	0.004029	0.016816	0.007921	0.007242	0.001428	0.003395	0.002781	0.030062	0.001442	0.040424	0.013147	0.010786	0.001827	0.015909	0.008236	0.019843	0.000172	0.076488	0.013604	0.008040	0.028498	0.007188	0.000956	0.002877	0.015205	0.032618	0.027293	0.065639	0.028197	0.005016	0.049160	0.018206	0.008040	0.004670	0.069006	0.004726	
0.021689	0.032829	0.095938	0.009993	0.013771	0.042160	0.020397	0.009372	0.011490	0.048720	0.017550	0.012295	0.003103	0.007833	0.004619	0.008149	0.003015	0.019982	0.000594	0.004269	0.001059	0.044371	0.001235	0.037429	0.025981	0.020609	0.002271	0.012441	0.005850	0.015511	0.000162	0.070049	0.004776	0.006302	0.022264	0.008294	0.001161	0.001092	0.008947	0.041499	0.056237	0.038372	0.055930	0.009801	0.036883	0.022181	0.006302	0.009113	0.040386	0.005723	
0.089548	0.004811	0.020282	0.010256	0.056660	0.009022	0.010106	0.002073	0.001727	0.010396	0.083167	0.050015	0.003226	0.031995	0.001992	0.069937	0.032789	0.079177	0.006020	0.004451	0.012356	0.014823	0.000842	0.007986	0.005598	0.011015	0.002351	0.002718	0.027418	0.003364	0.000136	0.082824	0.063050	0.001427	0.004785	0.004542	0.001185	0.012809	0.001370	0.073939	0.034921	0.006400	0.011935	0.002175	0.010962	0.009639	0.001427	0.002029	0.005787	0.002535	
0.051787	0.015147	0.076679	0.014027	0.032795	0.007237	0.007607	0.007510	0.005201	0.038986	0.055951	0.029129	0.004371	0.018551	0.001318	0.068254	0.031530	0.046444	0.005780	0.006043	0.011841	0.009620	0.001233	0.023853	0.004507	0.008889	0.003177	0.009963	0.027964	0.012416	0.000152	0.087399	0.060332	0.005057	0.017812	0.004257	0.001585	0.012274	0.004068	0.069519	0.022578	0.018021	0.009560	0.001778	0.015753	0.005692	0.005057	0.001662	0.018082	0.001551	
0.058366	0.007600	0.126758	0.010820	0.036959	0.003366	0.007587	0.012338	0.002259	0.064334	0.055255	0.032651	0.003416	0.020903	0.001416	0.049414	0.022690	0.052460	0.004217	0.004705	0.008580	0.008617	0.000925	0.037417	0.002133	0.007030	0.002496	0.016395	0.020477	0.020452	0.000165	0.084572	0.043486	0.008280	0.029379	0.003808	0.001269	0.008892	0.001789	0.048449	0.019717	0.007840	0.004416	0.000900	0.010061	0.006460	0.008280	0.000847	0.007601	0.001755	
0.180041	0.004659	0.009410	0.008360	0.113868	0.005825	0.007414	0.001025	0.001721	0.004878	0.129836	0.099505	0.002643	0.064238	0.001458	0.009307	0.003392	0.158624	0.000710	0.003638	0.001331	0.010251	0.000719	0.004115	0.003632	0.014511	0.001933	0.001322	0.005806	0.001620	0.000133	0.020380	0.006299	0.000728	0.002274	0.003455	0.000986	0.001375	0.001365	0.011555	0.055541	0.005569	0.007691	0.001440	0.008873	0.006865	0.000728	0.001346	0.005772	0.001833	
0.007068	0.008010	0.045031	0.022651	0.004531	0.003028	0.097793	0.004484	0.002787	0.023018	0.008226	0.005142	0.007041	0.002628	0.021762	0.012206	0.002616	0.007172	0.000592	0.009763	0.001047	0.125092	0.001703	0.013767	0.001927	0.006405	0.005096	0.005921	0.011161	0.007359	0.000170	0.206466	0.004686	0.003046	0.010523	0.034773	0.002503	0.001080	0.002200	0.007396	0.005453	0.009049	0.003964	0.000826	0.078642	0.112397	0.003046	0.000779	0.009465	0.028510	
0.047528	0.006705	0.007906	0.038415	0.030101	0.004872	0.059204	0.000894	0.002475	0.004298	0.046408	0.027142	0.011857	0.017031	0.012037	0.046380	0.016828	0.042964	0.003143	0.016496	0.006368	0.070323	0.002673	0.003470	0.003052	0.012760	0.008543	0.001143	0.027802	0.001392	0.000148	0.138116	0.032166	0.000646	0.001939	0.023697	0.004125	0.006598	0.001953	0.037882	0.018599	0.008443	0.006420	0.001232	0.050043	0.061845	0.000646	0.001155	0.008410	0.015728	
0.057739	0.005775	0.012147	0.140080	0.036556	0.007745	0.035272	0.001300	0.002119	0.007032	0.055082	0.032064	0.043004	0.020668	0.001580	0.055588	0.005202	0.054908	0.001044	0.059985	0.002012	0.011754	0.009122	0.005352	0.004817	0.035681	0.030874	0.001685	0.061892	0.002069	0.000146	0.025477	0.009751	0.000915	0.002916	0.026466	0.014702	0.002081	0.001676	0.016837	0.024796	0.006926	0.010236	0.001890	0.035818	0.007408	0.000915	0.001765	0.007151	0.001980	
0.032984	0.005574	0.010117	0.155189	0.020907	0.004024	0.048486	0.001108	0.002058	0.006094	0.039439	0.018545	0.047635	0.011849	0.003915	0.062698	0.006289	0.033565	0.001244	0.066451	0.002423	0.023368	0.010083	0.003914	0.002531	0.035879	0.034196	0.001428	0.068952	0.001747	0.000150	0.047250	0.011851	0.000789	0.002450	0.032401	0.016277	0.002507	0.001630	0.015806	0.013655	0.006744	0.005294	0.001039	0.046158	0.019565	0.000789	0.000976	0.006926	0.005053	
0.034880	0.007788	0.011383	0.174402	0.022105	0.004183	0.042457	0.001230	0.002850	0.006845	0.041089	0.019439	0.053516	0.012525	0.001608	0.064559	0.004189	0.035795	0.000859	0.074662	0.001623	0.010121	0.011336	0.004316	0.002629	0.040048	0.038413	0.001590	0.075431	0.001950	0.000150	0.023080	0.007734	0.000870	0.002742	0.032462	0.018274	0.001677	0.002243	0.011621	0.014358	0.009351	0.005506	0.001075	0.043962	0.007464	0.000870	0.001009	0.009738	0.001997	
0.006388	0.073590	0.018895	0.011698	0.004097	0.003981	0.066700	0.001962	0.026530	0.009711	0.006786	0.004411	0.003530	0.002379	0.015586	0.008387	0.003522	0.006074	0.000573	0.004865	0.001017	0.087384	0.001936	0.006442	0.002509	0.004373	0.002576	0.002562	0.006357	0.003163	0.000160	0.141110	0.004573	0.001361	0.004484	0.024300	0.001305	0.001049	0.020610	0.008114	0.006414	0.089019	0.005233	0.001037	0.099629	0.077732	0.001361	0.000975	0.093799	0.019749	
0.008544	0.065628	0.023251	0.062805	0.005457	0.010629	0.026925	0.002371	0.023635	0.012208	0.019989	0.005161	0.019198	0.003141	0.003835	0.051333	0.016320	0.009476	0.002897	0.026745	0.005854	0.023524	0.005062	0.009219	0.006592	0.017866	0.013807	0.003112	0.036802	0.003852	0.000150	0.063614	0.029517	0.001631	0.005481	0.016446	0.006619	0.006066	0.018363	0.040101	0.014958	0.079654	0.014065	0.002555	0.066756	0.016855	0.001631	0.002383	0.083545	0.004368	
0.005975	0.085124	0.029961	0.084241	0.003834	0.008237	0.022079	0.003020	0.030630	0.015731	0.014697	0.003509	0.025724	0.002228	0.001832	0.040030	0.007696	0.007876	0.001291	0.035856	0.002516	0.010054	0.006705	0.010607	0.005123	0.021170	0.018487	0.003975	0.039352	0.004931	0.000154	0.029458	0.012313	0.002065	0.007032	0.017372	0.008838	0.002603	0.023789	0.019948	0.011400	0.102954	0.010888	0.002009	0.077169	0.005656	0.002065	0.001877	0.108377	0.001543	
0.003955	0.027739	0.012077	0.010545	0.002550	0.101403	0.011544	0.001282	0.010025	0.006241	0.005177	0.002391	0.003262	0.001495	0.002487	0.008743	0.003136	0.003865	0.000603	0.004501	0.001108	0.060621	0.001187	0.026821	0.062389	0.043982	0.002376	0.001665	0.006223	0.002048	0.000134	0.036939	0.005150	0.000899	0.002890	0.005365	0.001196	0.001144	0.007804	0.093390	0.122357	0.033512	0.134606	0.023376	0.027618	0.011344	0.000899	0.021716	0.035256	0.002965	
0.005549	0.025424	0.068345	0.014265	0.003563	0.081001	0.008350	0.006706	0.008941	0.034765	0.006603	0.003229	0.004419	0.002073	0.001557	0.009939	0.003094	0.005737	0.000616	0.006111	0.001119	0.045633	0.001394	0.038377	0.049853	0.036496	0.003210	0.008892	0.007781	0.011078	0.000149	0.040823	0.005141	0.004521	0.015887	0.004670	0.001599	0.001155	0.006967	0.075641	0.098365	0.029825	0.107510	0.018705	0.023338	0.006549	0.004521	0.017380	0.031368	0.001765	
0.023746	0.007276	0.017986	0.014186	0.015060	0.105693	0.006062	0.001848	0.002623	0.009254	0.019349	0.013230	0.004422	0.008546	0.000882	0.009532	0.002617	0.021415	0.000562	0.006122	0.001026	0.054326	0.001124	0.029509	0.065026	0.047666	0.003208	0.002421	0.007649	0.002993	0.000132	0.025596	0.004734	0.001276	0.004252	0.003655	0.001589	0.001059	0.002064	0.096683	0.132837	0.008588	0.140303	0.024359	0.009806	0.003774	0.001276	0.022628	0.008979	0.001051	
0.032085	0.005184	0.009483	0.008429	0.020335	0.068371	0.041214	0.001039	0.001915	0.004919	0.025018	0.018284	0.002669	0.011523	0.009296	0.008512	0.003005	0.028528	0.000645	0.003670	0.001188	0.084894	0.000738	0.018495	0.042086	0.031657	0.001953	0.001338	0.005553	0.001638	0.000141	0.095016	0.005530	0.000739	0.002297	0.014603	0.000999	0.001226	0.001516	0.065085	0.090423	0.006192	0.090742	0.015800	0.034371	0.047656	0.000739	0.014682	0.006440	0.012139	
0.007642	0.008583	0.010311	0.008443	0.004879	0.043859	0.006152	0.001109	0.003128	0.005333	0.034254	0.004997	0.002658	0.002806	0.001189	0.101314	0.048504	0.007039	0.008842	0.003660	0.018224	0.026642	0.000777	0.013103	0.027012	0.020200	0.001943	0.001435	0.037742	0.001761	0.000130	0.105598	0.093282	0.000782	0.002479	0.003101	0.000988	0.018894	0.002455	0.135966	0.054490	0.011567	0.058196	0.010166	0.010584	0.005328	0.000782	0.009449	0.010778	0.001442	
0.017788	0.016650	0.029678	0.012939	0.011298	0.015855	0.023186	0.002983	0.005953	0.015173	0.037384	0.010692	0.004027	0.006430	0.004989	0.087344	0.041081	0.016214	0.007491	0.005565	0.015405	0.034737	0.001186	0.012269	0.009802	0.010235	0.002927	0.003929	0.034249	0.004876	0.000143	0.126627	0.078718	0.002036	0.006958	0.009297	0.001462	0.015971	0.004649	0.096327	0.023713	0.020841	0.021007	0.003749	0.028724	0.024778	0.002036	0.003491	0.020777	0.006364	
0.054364	0.043632	0.028470	0.015272	0.034420	0.003813	0.007947	0.002866	0.015680	0.014573	0.057878	0.030549	0.004680	0.019462	0.001553	0.068666	0.031990	0.048430	0.005778	0.006478	0.011847	0.008165	0.001718	0.009156	0.002399	0.007845	0.003396	0.003773	0.028417	0.004681	0.000142	0.075354	0.060403	0.001958	0.006679	0.004900	0.001683	0.012281	0.012192	0.066628	0.019182	0.053332	0.005017	0.000984	0.035740	0.005844	0.001958	0.000924	0.055319	0.001582	
0.041522	0.071577	0.060378	0.012810	0.026307	0.004509	0.010996	0.005946	0.025610	0.030722	0.038780	0.023280	0.003873	0.014895	0.002601	0.033483	0.015594	0.037267	0.002755	0.005346	0.005555	0.013278	0.001966	0.018526	0.002831	0.006842	0.002821	0.007876	0.015406	0.009806	0.000155	0.059476	0.027955	0.004015	0.014053	0.006036	0.001418	0.005755	0.019896	0.033138	0.016539	0.086270	0.005936	0.001154	0.056519	0.010195	0.004015	0.001083	0.090546	0.002690	
0.061967	0.005210	0.011178	0.015994	0.039223	0.011930	0.009383	0.001195	0.001911	0.005818	0.070357	0.034922	0.004981	0.022166	0.001549	0.093569	0.043461	0.055033	0.007943	0.006901	0.016353	0.013660	0.001211	0.006026	0.007385	0.011814	0.003608	0.001549	0.037358	0.001903	0.000132	0.096764	0.083641	0.000840	0.002681	0.004911	0.001779	0.016954	0.001512	0.098096	0.030953	0.007322	0.015798	0.002840	0.011013	0.007325	0.000840	0.002647	0.006447	0.001949	
