0.129127	0.004184	0.004402	0.005322	0.001473	0.006364	0.098904	0.001256	0.001337	0.006958	0.001009	0.000748	0.002587	0.006267	0.006178	0.001269	0.004070	0.003370	0.206808	0.005083	0.098904	0.001621	0.036096	0.008558	0.004587	0.000754	0.004155	0.000205	0.000686	0.003448	0.001577	0.002358	0.006495	0.000205	0.002417	0.004734	0.000205	0.028823	0.020449	0.003873	0.008995	0.003050	0.005668	0.002662	0.071987	0.000686	0.063014	0.006485	0.007224	0.103362	
0.057625	0.004833	0.023923	0.012109	0.003125	0.024949	0.038976	0.001692	0.001494	0.034910	0.004302	0.000949	0.004501	0.007915	0.007801	0.001413	0.024781	0.004211	0.117132	0.007354	0.038976	0.004860	0.014279	0.016889	0.022708	0.000810	0.025320	0.000166	0.000729	0.017649	0.001775	0.012821	0.037260	0.000166	0.011960	0.017679	0.000166	0.023128	0.109154	0.023523	0.045408	0.009638	0.020654	0.006127	0.028391	0.000729	0.024863	0.020615	0.016548	0.063016	
0.063474	0.003833	0.022511	0.006576	0.001754	0.018802	0.044040	0.001686	0.001209	0.031729	0.003923	0.000942	0.003070	0.007349	0.007243	0.001145	0.041567	0.003915	0.112833	0.007424	0.044040	0.004336	0.016119	0.010558	0.020644	0.000671	0.042473	0.000165	0.000608	0.010784	0.001430	0.015188	0.054005	0.000165	0.008138	0.022117	0.000165	0.031340	0.067483	0.039451	0.041157	0.006501	0.026341	0.003776	0.032074	0.000608	0.028085	0.018955	0.008959	0.058641	
0.006167	0.004801	0.023957	0.096514	0.024033	0.074946	0.003627	0.001380	0.001478	0.006925	0.000962	0.000788	0.024133	0.005142	0.005069	0.001398	0.004412	0.002759	0.059693	0.005833	0.003627	0.001683	0.001418	0.108717	0.004548	0.000797	0.004505	0.000156	0.000717	0.024185	0.001758	0.009346	0.006876	0.000156	0.013195	0.054920	0.000156	0.006824	0.145552	0.004195	0.009400	0.011842	0.005341	0.045413	0.002681	0.000717	0.002365	0.005900	0.132328	0.036666	
0.011962	0.003462	0.003671	0.084089	0.020953	0.050240	0.003033	0.001054	0.001096	0.038581	0.004729	0.000619	0.030990	0.056544	0.055714	0.001039	0.005139	0.029593	0.018820	0.004339	0.003033	0.005042	0.001202	0.103624	0.025086	0.000611	0.005248	0.000155	0.000554	0.002315	0.001295	0.002257	0.017610	0.000155	0.004253	0.048427	0.000155	0.021018	0.017275	0.004884	0.049834	0.014368	0.033387	0.039595	0.002248	0.000554	0.001987	0.046870	0.115286	0.006003	
0.010793	0.006767	0.003518	0.124807	0.031040	0.073317	0.002765	0.001862	0.002034	0.034216	0.004207	0.001036	0.030786	0.004592	0.004527	0.001920	0.004026	0.002470	0.027308	0.008076	0.002765	0.005088	0.001102	0.140462	0.022253	0.001064	0.004111	0.000152	0.000950	0.002506	0.002433	0.002011	0.015113	0.000152	0.004014	0.070272	0.000152	0.007036	0.017976	0.003828	0.044201	0.002227	0.010977	0.058675	0.002053	0.000950	0.001815	0.018451	0.171139	0.006002	
0.013997	0.033132	0.004439	0.045921	0.011491	0.029627	0.005582	0.008457	0.009532	0.028860	0.003567	0.004445	0.022487	0.059787	0.058910	0.008964	0.004375	0.031284	0.106884	0.038558	0.005582	0.008799	0.002125	0.074326	0.018777	0.004699	0.004468	0.000150	0.004130	0.003376	0.011523	0.002397	0.014248	0.000150	0.004052	0.027145	0.000150	0.021231	0.022654	0.004159	0.037301	0.015594	0.032256	0.021679	0.004101	0.004130	0.003607	0.043938	0.062934	0.010019	
0.010770	0.016831	0.050227	0.009020	0.002351	0.047584	0.007289	0.004479	0.004898	0.004829	0.000710	0.002388	0.003219	0.005104	0.005031	0.004610	0.010826	0.002738	0.143079	0.020198	0.007289	0.003414	0.002748	0.017670	0.003187	0.002454	0.011060	0.000154	0.002166	0.050158	0.005904	0.019782	0.013212	0.000154	0.026559	0.009771	0.000154	0.008185	0.301721	0.010281	0.007234	0.023195	0.007392	0.004468	0.005343	0.002166	0.004694	0.004942	0.012316	0.076045	
0.005869	0.007191	0.044907	0.022059	0.005577	0.046965	0.003668	0.002520	0.002151	0.004924	0.000716	0.001364	0.008042	0.014055	0.013851	0.002029	0.042046	0.007408	0.083931	0.011342	0.003668	0.001841	0.001427	0.030112	0.003246	0.001119	0.042964	0.000147	0.000997	0.034516	0.002576	0.023225	0.046121	0.000147	0.018417	0.030825	0.000147	0.023555	0.207588	0.039906	0.007033	0.018456	0.023339	0.011036	0.002708	0.000997	0.002388	0.009755	0.030203	0.050925	
0.012567	0.064246	0.017600	0.008431	0.002187	0.015319	0.006334	0.016875	0.018370	0.013425	0.001712	0.008779	0.003627	0.008048	0.007932	0.017264	0.049205	0.004264	0.193221	0.077778	0.006334	0.012135	0.002386	0.037331	0.008756	0.008973	0.050280	0.000130	0.007868	0.003099	0.022239	0.014732	0.057371	0.000130	0.002705	0.026536	0.000130	0.025277	0.019430	0.046698	0.017365	0.003292	0.025604	0.004740	0.004642	0.007868	0.004078	0.010757	0.011517	0.010417	
0.009074	0.075623	0.019394	0.004770	0.001279	0.015984	0.004960	0.019570	0.021606	0.003757	0.000561	0.010175	0.002281	0.005583	0.005503	0.020305	0.038971	0.002976	0.230303	0.090173	0.004960	0.012905	0.001886	0.037339	0.002483	0.010542	0.039822	0.000129	0.009241	0.008279	0.026162	0.013620	0.043685	0.000129	0.004655	0.019970	0.000129	0.019734	0.049585	0.036986	0.004984	0.004978	0.018444	0.002873	0.003643	0.009241	0.003204	0.004885	0.006494	0.016166	
0.006790	0.044922	0.016117	0.044322	0.011084	0.034413	0.003104	0.012018	0.012876	0.008123	0.001086	0.006269	0.012844	0.011385	0.011220	0.012104	0.047135	0.006008	0.132469	0.055302	0.003104	0.008374	0.001214	0.069442	0.005317	0.006312	0.048164	0.000135	0.005540	0.002179	0.015579	0.013853	0.053172	0.000135	0.001818	0.045306	0.000135	0.025448	0.013300	0.044734	0.010495	0.003676	0.024970	0.021546	0.002294	0.005540	0.002024	0.009942	0.060746	0.005915	
0.011778	0.011704	0.040658	0.005957	0.001578	0.029169	0.007696	0.004333	0.003427	0.007736	0.001040	0.002284	0.003167	0.008715	0.008589	0.003227	0.089524	0.004614	0.071618	0.020024	0.007696	0.002890	0.002885	0.014030	0.005067	0.001731	0.091482	0.000136	0.001532	0.014825	0.004125	0.029826	0.097341	0.000136	0.008374	0.043131	0.000136	0.043108	0.089391	0.084957	0.010259	0.008581	0.040513	0.004171	0.005634	0.001532	0.004947	0.008715	0.008121	0.027894	
0.017288	0.008237	0.035434	0.006410	0.001689	0.025002	0.008028	0.003446	0.002439	0.032553	0.003993	0.001825	0.002466	0.004491	0.004427	0.002299	0.088272	0.002409	0.054101	0.015928	0.008028	0.005127	0.003004	0.012360	0.021168	0.001251	0.090202	0.000134	0.001112	0.009651	0.002928	0.027753	0.103786	0.000134	0.007599	0.042821	0.000134	0.041485	0.060913	0.083769	0.042207	0.005323	0.043777	0.004364	0.005875	0.001112	0.005157	0.018233	0.008743	0.021115	
0.007604	0.003752	0.039380	0.009391	0.002423	0.026816	0.003282	0.002768	0.001158	0.016015	0.002019	0.001463	0.003801	0.007767	0.007654	0.001096	0.118983	0.004115	0.023617	0.012990	0.003282	0.002518	0.001274	0.014845	0.010436	0.000627	0.121585	0.000127	0.000565	0.004056	0.001377	0.034404	0.130998	0.000127	0.003403	0.058131	0.000127	0.054497	0.025486	0.112910	0.020731	0.003644	0.053564	0.006207	0.002422	0.000565	0.002135	0.012342	0.012835	0.008684	
0.038526	0.002497	0.007382	0.003598	0.000993	0.007576	0.002190	0.000838	0.000806	0.171379	0.020521	0.000496	0.002762	0.009549	0.009411	0.000766	0.007883	0.005049	0.019462	0.003429	0.002190	0.019888	0.000882	0.006667	0.111240	0.000460	0.008052	0.000134	0.000419	0.005392	0.000949	0.004036	0.062400	0.000134	0.016124	0.005485	0.000134	0.006717	0.050137	0.007487	0.221435	0.004650	0.044711	0.001872	0.001630	0.000419	0.001443	0.085493	0.004886	0.009420	
0.041191	0.002816	0.007861	0.004430	0.001200	0.008346	0.005047	0.000935	0.000898	0.166437	0.019934	0.000547	0.002222	0.005680	0.005598	0.000852	0.008996	0.003030	0.026075	0.003879	0.005047	0.019383	0.001922	0.007042	0.108034	0.000506	0.009190	0.000136	0.000459	0.005548	0.001060	0.004397	0.062024	0.000136	0.015823	0.006437	0.000136	0.006865	0.050540	0.008543	0.215055	0.003808	0.042496	0.002279	0.003708	0.000459	0.003261	0.081215	0.006026	0.012489	
0.037349	0.018128	0.003370	0.006606	0.001737	0.006344	0.003356	0.004689	0.005252	0.156564	0.018756	0.002489	0.003172	0.007938	0.007823	0.004942	0.004054	0.004208	0.059429	0.021206	0.003356	0.020772	0.001305	0.015961	0.101627	0.002615	0.004140	0.000133	0.002305	0.002335	0.006338	0.001955	0.053943	0.000133	0.013385	0.005430	0.000133	0.004995	0.030147	0.003853	0.202235	0.002933	0.039287	0.003226	0.002477	0.002305	0.002184	0.077681	0.009011	0.006383	
0.016753	0.068490	0.009041	0.023114	0.005831	0.020881	0.006784	0.017305	0.019583	0.030224	0.003719	0.009016	0.007737	0.011174	0.011011	0.018404	0.005565	0.005899	0.213388	0.079492	0.006784	0.014736	0.002554	0.055072	0.019658	0.009565	0.005684	0.000138	0.008387	0.007902	0.023707	0.004231	0.016552	0.000138	0.006510	0.015161	0.000138	0.007860	0.050111	0.005288	0.039161	0.006131	0.013366	0.010993	0.004971	0.008387	0.004367	0.019924	0.031654	0.017460	
0.012541	0.038458	0.017843	0.028202	0.007088	0.026696	0.003620	0.010404	0.011036	0.033325	0.004085	0.005434	0.008636	0.009526	0.009388	0.010375	0.047390	0.005037	0.118672	0.047854	0.003620	0.010164	0.001401	0.048810	0.021668	0.005419	0.048425	0.000133	0.004759	0.003939	0.013349	0.014509	0.061281	0.000133	0.004684	0.036575	0.000133	0.024742	0.026600	0.044975	0.043085	0.004008	0.029868	0.013988	0.002669	0.004759	0.002352	0.020852	0.038635	0.008853	
0.018517	0.093346	0.003429	0.007867	0.002048	0.007555	0.007963	0.023520	0.026649	0.028282	0.003483	0.012227	0.003363	0.007367	0.007260	0.025042	0.005970	0.003909	0.273613	0.108236	0.007963	0.018583	0.002979	0.047750	0.018396	0.012988	0.006098	0.000131	0.011381	0.001785	0.032274	0.002302	0.016799	0.000131	0.003171	0.006976	0.000131	0.006866	0.013102	0.005672	0.036527	0.002557	0.011559	0.003845	0.005827	0.011381	0.005115	0.017082	0.010743	0.010237	
0.006273	0.005862	0.003796	0.013476	0.003463	0.010525	0.003677	0.001641	0.001786	0.007015	0.000980	0.000927	0.037015	0.176282	0.173692	0.001688	0.003699	0.092108	0.028449	0.007004	0.003677	0.001873	0.001442	0.048211	0.004609	0.000951	0.003776	0.000165	0.000853	0.002910	0.002130	0.002060	0.006164	0.000165	0.002125	0.009042	0.000165	0.052143	0.017426	0.003518	0.009070	0.042805	0.074290	0.006460	0.002719	0.000853	0.002400	0.092765	0.018423	0.007452	
0.031228	0.008486	0.005632	0.004909	0.001344	0.006512	0.022376	0.002407	0.002535	0.010617	0.001413	0.001324	0.026936	0.134255	0.132283	0.002392	0.010995	0.070170	0.070782	0.010566	0.022376	0.002713	0.008244	0.032560	0.006948	0.001316	0.011232	0.000169	0.001173	0.002540	0.003037	0.003962	0.015067	0.000169	0.002213	0.007590	0.000169	0.048075	0.015565	0.010442	0.013714	0.032756	0.060963	0.002551	0.016320	0.001173	0.014301	0.073190	0.006671	0.025636	
0.006772	0.019298	0.019914	0.004452	0.001222	0.019505	0.003637	0.004994	0.005603	0.007975	0.001088	0.002658	0.022621	0.112289	0.110640	0.005273	0.003658	0.058697	0.093443	0.022524	0.003637	0.004177	0.001423	0.032464	0.005230	0.002798	0.003735	0.000158	0.002468	0.020114	0.006758	0.007781	0.006659	0.000158	0.011156	0.004072	0.000158	0.033996	0.121145	0.003479	0.010671	0.035272	0.048606	0.002223	0.002688	0.002468	0.002372	0.060749	0.006048	0.031076	
