19	2	0	25	0	0	0	
8	0	0	0	0	1	136	
0	0	0	0	101	0	0	
40	0	0	131	0	0	0	
0	0	0	0	48	43	0	
0	0	73	0	0	0	0	
0	0	0	121	0	0	0	
170	94	11	6	66	0	37	
0	162	0	0	195	0	0	
0	65	1	58	0	0	137	
45	0	0	138	6	1	38	
0	0	28	0	0	0	0	
0	0	0	2	1	148	123	
110	0	0	0	0	0	0	
0	1	0	0	0	0	32	
0	0	0	0	5	0	57	
0	66	0	0	1	0	117	
0	0	0	0	0	168	2	
16	16	0	0	0	0	0	
0	0	0	0	0	0	9	
0	0	0	0	67	0	0	
18	0	0	0	0	0	0	
0	0	0	16	0	0	0	
67	0	7	0	0	67	0	
0	0	90	129	0	0	1	
0	0	0	0	0	0	0	
18	0	0	0	0	0	0	
0	0	0	75	0	130	3	
0	64	0	0	0	0	0	
0	0	0	0	0	42	0	
0	0	0	14	0	0	0	
0	0	28	0	0	0	0	
0	0	0	0	0	11	0	
0	0	0	41	0	0	0	
0	47	0	0	0	1	0	
0	0	0	0	2	0	51	
0	0	0	0	0	0	0	
0	0	0	1	187	38	0	
184	0	0	1	0	0	0	
0	0	0	0	0	0	16	
0	30	0	0	0	0	0	
0	0	0	0	0	0	0	
0	0	0	0	0	0	16	
1	0	60	6	0	0	0	
32	0	0	1	0	3	0	
0	0	0	0	0	3	23	
0	18	0	0	0	0	0	
0	0	0	0	0	0	0	
0	0	125	0	0	0	0	
0	0	0	93	0	0	0	
