0.455937	0.005773	0.043857	0.000639	0.027158	0.035705	0.049728	0.105095	0.064366	0.104878	0.008035	0.007918	0.020621	0.037241	0.033049	
0.514891	0.002398	0.052828	0.002230	0.023949	0.024714	0.066365	0.097505	0.027990	0.086480	0.011898	0.014263	0.050414	0.018587	0.005488	
0.492805	0.003697	0.021846	0.001135	0.033037	0.010173	0.024738	0.162252	0.018670	0.147447	0.011567	0.007911	0.048656	0.011965	0.004101	
0.420518	0.002006	0.093971	0.007468	0.025382	0.053730	0.150372	0.010436	0.085514	0.011894	0.027758	0.039884	0.014656	0.040125	0.016285	
0.371108	0.001228	0.093657	0.009380	0.031279	0.043141	0.142023	0.025694	0.096127	0.021946	0.036181	0.053005	0.023712	0.044284	0.007235	
0.404814	0.000916	0.082130	0.007101	0.024915	0.034537	0.112311	0.034959	0.092507	0.026318	0.028917	0.049478	0.045111	0.050525	0.005463	
0.367661	0.002675	0.091489	0.010858	0.031766	0.057981	0.165271	0.013916	0.097144	0.015714	0.038053	0.043570	0.010691	0.030231	0.022979	
0.430362	0.003190	0.091032	0.000924	0.016033	0.031174	0.047394	0.041554	0.103015	0.037931	0.008913	0.033351	0.052870	0.076337	0.025921	
0.452232	0.003051	0.071466	0.000869	0.012568	0.050543	0.100821	0.009368	0.114234	0.012918	0.008893	0.035858	0.018780	0.081153	0.027245	
0.301543	0.008019	0.133824	0.001100	0.016799	0.049228	0.016495	0.010308	0.175202	0.022641	0.007338	0.029862	0.039202	0.109721	0.078718	
0.266583	0.008205	0.114949	0.000749	0.016104	0.049890	0.014523	0.008226	0.206759	0.020977	0.008717	0.040038	0.032504	0.130511	0.081264	
0.306736	0.004800	0.123561	0.002542	0.021248	0.041440	0.052166	0.010361	0.166421	0.017045	0.016124	0.050952	0.029122	0.112267	0.045216	
0.454225	0.000897	0.238945	0.000748	0.022076	0.013665	0.023070	0.016210	0.037009	0.014862	0.005212	0.030507	0.075608	0.062988	0.003978	
0.444380	0.000950	0.194125	0.000644	0.018469	0.010358	0.012385	0.029028	0.059892	0.022062	0.006279	0.035595	0.087481	0.072104	0.006249	
0.423083	0.001015	0.190974	0.001320	0.021922	0.013203	0.025332	0.028867	0.067300	0.024000	0.009706	0.040275	0.073222	0.074874	0.004908	
0.458013	0.003066	0.027859	0.000695	0.029348	0.008290	0.018748	0.141335	0.053059	0.126203	0.012102	0.023101	0.053668	0.040883	0.003631	
0.514671	0.003515	0.015068	0.000702	0.027252	0.010083	0.018799	0.155026	0.019843	0.137616	0.008783	0.005459	0.064062	0.012194	0.006928	
0.381934	0.007110	0.022381	0.000925	0.035393	0.026579	0.018537	0.143938	0.090230	0.142233	0.012635	0.014206	0.016471	0.049160	0.038268	
0.416234	0.008003	0.024667	0.001990	0.013551	0.068799	0.088049	0.033937	0.136498	0.043640	0.008409	0.010416	0.010713	0.061815	0.073279	
0.259501	0.001169	0.078576	0.000721	0.020481	0.011595	0.021159	0.034548	0.212148	0.026526	0.020622	0.092269	0.046482	0.165939	0.008263	
0.295701	0.005423	0.053723	0.000781	0.019041	0.031567	0.018765	0.051678	0.191712	0.050987	0.014092	0.053981	0.039025	0.126586	0.046938	
0.291754	0.003577	0.067727	0.000785	0.017569	0.040277	0.064492	0.009361	0.208479	0.013748	0.016617	0.072256	0.011813	0.148578	0.032967	
0.357885	0.001124	0.059124	0.000913	0.016564	0.008444	0.015061	0.060579	0.152746	0.045043	0.016000	0.066356	0.075145	0.118111	0.006905	
0.429431	0.003725	0.044335	0.002079	0.012999	0.055738	0.110277	0.012646	0.132017	0.015961	0.012942	0.037688	0.014526	0.081010	0.034625	
