0.511641	0.001473	0.015079	0.000956	0.023974	0.069497	0.052874	0.061056	0.015901	0.088649	0.003837	0.005755	0.008972	0.010488	0.129849	
0.435814	0.015276	0.078618	0.000885	0.015788	0.026350	0.035077	0.149119	0.021727	0.127911	0.009805	0.018481	0.011011	0.048506	0.005632	
0.472159	0.019835	0.014819	0.000942	0.017638	0.033248	0.012729	0.192134	0.022066	0.164629	0.012478	0.006674	0.010995	0.012505	0.007150	
0.512154	0.001136	0.055295	0.011421	0.050303	0.085953	0.138048	0.012895	0.019944	0.012055	0.039723	0.013707	0.007549	0.034872	0.004945	
0.455138	0.002446	0.055633	0.006559	0.032390	0.055309	0.098485	0.029712	0.083534	0.029059	0.023654	0.036987	0.019229	0.059535	0.012332	
0.432799	0.001581	0.050178	0.005892	0.028233	0.048906	0.092616	0.020003	0.123313	0.020588	0.021904	0.048514	0.024255	0.069808	0.011410	
0.409909	0.001117	0.052493	0.006908	0.032154	0.055302	0.086546	0.015703	0.147709	0.013823	0.033005	0.040088	0.032975	0.062586	0.009682	
0.309333	0.003970	0.167973	0.000995	0.011036	0.017466	0.053918	0.043579	0.132485	0.037361	0.017395	0.046500	0.031774	0.112311	0.013905	
0.329441	0.000937	0.215890	0.001184	0.011947	0.020999	0.084418	0.017461	0.068804	0.020674	0.010174	0.046172	0.016248	0.128865	0.026787	
0.293664	0.000897	0.100241	0.002160	0.016170	0.033273	0.032830	0.023049	0.226594	0.022812	0.031704	0.042893	0.053352	0.084512	0.035849	
0.312400	0.000930	0.108071	0.001466	0.012291	0.028776	0.044428	0.020600	0.199611	0.023716	0.021832	0.051365	0.041284	0.095561	0.037669	
0.321566	0.001252	0.093629	0.004090	0.021788	0.041723	0.051233	0.019937	0.203729	0.017388	0.035528	0.040079	0.045965	0.078903	0.023191	
0.355353	0.001044	0.195451	0.000735	0.013306	0.024312	0.079335	0.026618	0.051599	0.032846	0.006904	0.040452	0.016669	0.114966	0.040411	
0.354166	0.002567	0.197957	0.001735	0.014005	0.016396	0.090307	0.029669	0.058154	0.026749	0.007345	0.051584	0.016682	0.127590	0.005093	
0.354482	0.005144	0.167063	0.001963	0.015174	0.022910	0.071352	0.052601	0.075792	0.045219	0.014519	0.040838	0.019670	0.105346	0.007927	
0.502748	0.001313	0.020004	0.000654	0.051696	0.008035	0.019938	0.118683	0.016176	0.103658	0.003053	0.006697	0.124699	0.014384	0.008265	
0.441736	0.001123	0.024151	0.000673	0.033697	0.006704	0.032573	0.077333	0.113016	0.068403	0.002810	0.043042	0.094951	0.054344	0.005445	
0.507342	0.001318	0.015751	0.000845	0.047534	0.019083	0.026322	0.108695	0.016354	0.100810	0.003397	0.006627	0.105266	0.012536	0.028121	
0.499387	0.001329	0.024466	0.003369	0.036511	0.057318	0.061793	0.062470	0.031712	0.071974	0.013763	0.009417	0.039786	0.018545	0.068160	
0.360568	0.004450	0.086842	0.001149	0.012543	0.017093	0.050141	0.051801	0.157570	0.046253	0.010670	0.058803	0.037283	0.094617	0.010216	
0.333389	0.002386	0.096216	0.001696	0.016560	0.021744	0.043533	0.039094	0.182445	0.034483	0.019793	0.051026	0.050791	0.090653	0.016190	
0.335715	0.001354	0.099131	0.001189	0.011336	0.012717	0.056862	0.023186	0.190996	0.021480	0.010391	0.070970	0.044028	0.112128	0.008517	
0.355974	0.002361	0.046733	0.000926	0.007765	0.015552	0.049969	0.028039	0.220826	0.029000	0.006971	0.079611	0.038741	0.101545	0.015986	
0.388900	0.001111	0.077368	0.001698	0.015615	0.026577	0.065580	0.027186	0.142497	0.032196	0.007812	0.059076	0.033050	0.090890	0.030444	
