0	83	0	0	0	0	0	
0	0	0	25	0	0	0	
48	0	0	0	0	0	0	
0	0	278	0	0	0	0	
2	69	53	0	0	146	0	
1	38	31	0	0	90	0	
0	0	14	0	0	0	0	
36	0	0	0	0	0	0	
0	1	2	0	144	0	0	
0	0	1	65	0	0	171	
0	0	0	0	0	127	102	
0	0	0	16	0	0	0	
25	0	0	0	0	0	0	
0	0	0	0	0	0	0	
0	0	0	39	0	0	0	
0	0	38	0	0	0	0	
0	0	0	0	0	0	71	
0	0	0	0	0	0	0	
0	0	0	45	0	128	0	
0	33	0	0	0	0	0	
0	112	0	3	0	0	0	
0	0	0	0	0	13	0	
52	33	1	16	0	73	0	
0	59	0	0	0	0	44	
0	0	59	12	0	0	0	
0	0	0	25	0	0	0	
0	0	0	0	0	140	0	
0	0	0	0	0	36	0	
0	116	128	0	0	0	0	
0	59	0	19	5	2	54	
4	0	0	0	77	0	0	
0	12	0	0	0	0	0	
1	0	0	0	0	116	0	
27	0	0	23	0	0	0	
36	0	5	253	0	0	93	
0	0	0	0	76	0	0	
0	71	0	0	0	13	0	
0	1	9	0	0	0	0	
0	0	0	0	12	0	0	
0	0	0	0	12	0	0	
30	0	0	9	0	0	0	
0	3	191	0	0	0	0	
0	80	0	0	0	0	0	
0	0	0	0	0	39	0	
0	0	30	0	0	0	0	
50	1	0	0	190	0	6	
0	0	0	14	0	0	0	
0	0	0	86	0	0	0	
0	0	0	0	0	0	85	
0	0	49	0	0	0	0	
