0.001196	0.069379	0.002907	0.027080	0.000144	0.013914	0.001269	0.001435	0.267083	0.009390	0.004052	0.002107	0.018244	0.026469	0.032047	0.002963	0.004605	0.002668	0.006496	0.008511	0.020257	0.001410	0.021617	0.001671	0.035360	0.007995	0.013686	0.008881	0.017625	0.000144	0.028704	0.003078	0.048220	0.004720	0.000957	0.049181	0.001543	0.026799	0.057450	0.000144	0.026968	0.039231	0.037813	0.011920	0.000644	0.020607	0.006522	0.000680	0.004069	0.000144	
0.001896	0.024194	0.002341	0.009866	0.000145	0.008186	0.001943	0.002508	0.071214	0.021077	0.017562	0.003414	0.049286	0.065981	0.011932	0.004241	0.006038	0.004348	0.010707	0.010776	0.057420	0.000942	0.044486	0.002891	0.100108	0.013221	0.060509	0.011198	0.077671	0.000145	0.008791	0.004910	0.019193	0.013433	0.001444	0.014308	0.001142	0.027387	0.019711	0.000145	0.008649	0.013156	0.107093	0.025556	0.000944	0.005592	0.018305	0.002531	0.011320	0.000145	
0.001480	0.008049	0.002543	0.003133	0.000143	0.008465	0.001289	0.004124	0.007285	0.029899	0.021485	0.002639	0.056856	0.075809	0.004109	0.005212	0.003767	0.003352	0.008304	0.026761	0.066549	0.000932	0.049717	0.002258	0.116031	0.010129	0.074112	0.027758	0.095095	0.000143	0.002832	0.003417	0.021056	0.015597	0.000971	0.003612	0.000645	0.023359	0.015212	0.000143	0.003375	0.004301	0.124129	0.025077	0.000652	0.000690	0.021198	0.003066	0.013100	0.000143	
0.000818	0.033118	0.003860	0.012960	0.000146	0.013214	0.006628	0.002118	0.123974	0.011966	0.032196	0.001400	0.015683	0.022610	0.016130	0.012198	0.020924	0.001759	0.004264	0.017076	0.017841	0.001292	0.016329	0.007744	0.031133	0.005163	0.111222	0.017748	0.141731	0.000146	0.014969	0.011306	0.032150	0.005348	0.004828	0.024570	0.003279	0.057089	0.033421	0.000146	0.014646	0.026010	0.033291	0.008851	0.003027	0.009638	0.005757	0.004537	0.003599	0.000146	
0.001307	0.020278	0.003452	0.008435	0.000144	0.014483	0.010491	0.006450	0.066856	0.031156	0.015409	0.002314	0.015899	0.022966	0.010248	0.024198	0.032853	0.002934	0.007459	0.066561	0.018327	0.001453	0.015298	0.012149	0.031998	0.008824	0.053048	0.069018	0.067699	0.000144	0.009971	0.018054	0.059991	0.004763	0.007617	0.015693	0.004688	0.088044	0.047453	0.000144	0.010360	0.023002	0.034216	0.012174	0.004743	0.005258	0.005909	0.002235	0.003692	0.000144	
0.000873	0.013192	0.004033	0.004934	0.000145	0.018584	0.012627	0.004138	0.037648	0.025495	0.010269	0.001503	0.036985	0.051187	0.006010	0.023333	0.039456	0.001891	0.004678	0.032842	0.043147	0.001789	0.033049	0.014885	0.075324	0.005577	0.035233	0.034110	0.045326	0.000145	0.008272	0.021031	0.030339	0.010001	0.009160	0.011388	0.005477	0.100968	0.024361	0.000145	0.009287	0.022501	0.080568	0.015387	0.005693	0.003020	0.013780	0.001532	0.008536	0.000145	
0.000725	0.013936	0.002476	0.005558	0.000135	0.010031	0.001523	0.014729	0.046912	0.065004	0.012184	0.001236	0.003083	0.005469	0.006821	0.022726	0.004654	0.001550	0.004525	0.166051	0.003398	0.001022	0.003703	0.001755	0.005925	0.004539	0.041896	0.172057	0.053326	0.000135	0.006981	0.003000	0.130843	0.001346	0.001137	0.012218	0.000876	0.035104	0.094510	0.000135	0.007240	0.010087	0.006323	0.004785	0.000752	0.003720	0.001169	0.001785	0.000771	0.000135	
0.002812	0.010633	0.022948	0.006434	0.000145	0.116094	0.001677	0.004081	0.017857	0.017637	0.020983	0.005124	0.007384	0.025717	0.007847	0.007509	0.005015	0.006546	0.016333	0.036143	0.008553	0.010406	0.006832	0.001992	0.015994	0.020060	0.072365	0.038028	0.092164	0.000145	0.030875	0.005458	0.029690	0.002847	0.001251	0.032009	0.000845	0.149342	0.022123	0.000145	0.039587	0.033660	0.017020	0.019621	0.000826	0.001502	0.002811	0.002999	0.001785	0.000145	
0.000876	0.005760	0.025995	0.002913	0.000145	0.128198	0.002809	0.001491	0.016093	0.004967	0.040464	0.001510	0.002333	0.020713	0.004441	0.005759	0.008561	0.001900	0.004568	0.007380	0.002643	0.011309	0.002392	0.003209	0.005809	0.005603	0.139881	0.008293	0.178021	0.000145	0.033684	0.005216	0.008025	0.002350	0.002069	0.034327	0.001311	0.158988	0.007023	0.000145	0.043325	0.037631	0.006114	0.005530	0.001329	0.001368	0.000937	0.005668	0.000633	0.000145	
0.001551	0.013404	0.023227	0.006285	0.000140	0.121214	0.002849	0.007230	0.039469	0.030857	0.003085	0.002773	0.004581	0.022829	0.007333	0.013859	0.008780	0.003526	0.008978	0.072940	0.005182	0.010786	0.004850	0.003287	0.010173	0.010673	0.010347	0.076174	0.013193	0.000140	0.034254	0.006009	0.060440	0.001368	0.002097	0.037394	0.001406	0.160290	0.045284	0.000140	0.043153	0.039029	0.010788	0.010586	0.001344	0.003155	0.001739	0.000544	0.001124	0.000140	
0.000859	0.014967	0.020924	0.006309	0.000143	0.106614	0.006428	0.004740	0.052504	0.019713	0.015189	0.001479	0.003098	0.018865	0.007777	0.015899	0.020053	0.001860	0.004670	0.045719	0.003391	0.009455	0.003836	0.007340	0.006897	0.005486	0.052289	0.047900	0.066551	0.000143	0.031771	0.011032	0.042243	0.001474	0.004682	0.035708	0.002944	0.160702	0.033914	0.000143	0.039398	0.040600	0.007293	0.005610	0.002936	0.004157	0.001173	0.002204	0.000777	0.000143	
0.001018	0.007061	0.021144	0.003382	0.000139	0.110188	0.005976	0.008816	0.018413	0.037476	0.003357	0.001780	0.002139	0.018043	0.003964	0.020994	0.018522	0.002249	0.005888	0.092554	0.002408	0.009788	0.002272	0.006814	0.005223	0.006703	0.011290	0.096436	0.014358	0.000139	0.029501	0.010480	0.071723	0.000770	0.004354	0.031285	0.002635	0.166576	0.051161	0.000139	0.037772	0.036700	0.005500	0.006436	0.002733	0.001540	0.000859	0.000580	0.000582	0.000139	
0.001174	0.006777	0.021747	0.003116	0.000144	0.109169	0.002869	0.001939	0.012766	0.011837	0.023928	0.002066	0.023800	0.046316	0.004193	0.005658	0.008740	0.002615	0.006354	0.006598	0.027804	0.009689	0.021028	0.003584	0.049495	0.007831	0.082571	0.007387	0.105389	0.000144	0.028646	0.005632	0.006922	0.007193	0.002112	0.029122	0.001323	0.139947	0.005960	0.000144	0.036875	0.032443	0.052868	0.013616	0.001355	0.001112	0.008914	0.003402	0.005541	0.000144	
0.000854	0.017584	0.014551	0.006809	0.000143	0.073452	0.005032	0.003034	0.057901	0.017994	0.013064	0.001470	0.028038	0.047069	0.008311	0.010421	0.015689	0.001849	0.004508	0.019918	0.032584	0.006566	0.025685	0.006106	0.057467	0.005449	0.044922	0.021003	0.057530	0.000143	0.023954	0.008777	0.023904	0.007795	0.003674	0.028209	0.002381	0.113957	0.021755	0.000143	0.028975	0.031365	0.061423	0.012698	0.002316	0.004571	0.010429	0.001913	0.006473	0.000143	
0.001046	0.007438	0.008438	0.002722	0.000140	0.043040	0.003556	0.006968	0.010891	0.039027	0.004237	0.001831	0.043034	0.062473	0.003203	0.013181	0.010901	0.002315	0.005893	0.061902	0.050343	0.003935	0.037748	0.004643	0.088129	0.006906	0.014340	0.064338	0.018825	0.000140	0.011917	0.006611	0.047751	0.011328	0.002607	0.013155	0.001601	0.076225	0.033948	0.000140	0.015100	0.016023	0.094251	0.018305	0.001658	0.000964	0.016058	0.000701	0.009936	0.000140	
0.022228	0.049851	0.002069	0.039900	0.000175	0.009463	0.002700	0.000863	0.016123	0.003555	0.003591	0.041340	0.002363	0.004369	0.044681	0.004897	0.008155	0.053101	0.132523	0.006814	0.002673	0.002451	0.002423	0.003081	0.004627	0.164832	0.012013	0.007100	0.015272	0.000175	0.003998	0.027765	0.007613	0.000864	0.001999	0.005241	0.001283	0.114238	0.006747	0.000175	0.004542	0.007195	0.004931	0.144859	0.001297	0.001398	0.000968	0.000643	0.000663	0.000175	
0.014809	0.036054	0.002542	0.027428	0.000165	0.007810	0.001723	0.001107	0.020160	0.006674	0.024227	0.027500	0.011518	0.016146	0.031364	0.003404	0.005125	0.035309	0.088060	0.006836	0.013382	0.001779	0.010485	0.002101	0.023289	0.109503	0.083556	0.007113	0.106460	0.000165	0.003884	0.018295	0.008261	0.004055	0.001290	0.005448	0.000884	0.076667	0.007557	0.000165	0.004238	0.006220	0.024901	0.099059	0.000858	0.001698	0.004356	0.003461	0.002744	0.000165	
0.015962	0.037022	0.001926	0.028943	0.000163	0.008718	0.001836	0.005877	0.014981	0.026075	0.003803	0.029656	0.003944	0.006345	0.032461	0.010618	0.005467	0.038082	0.095289	0.063983	0.004531	0.001957	0.003774	0.002122	0.007868	0.118135	0.012780	0.066317	0.016275	0.000163	0.003694	0.019712	0.049942	0.001271	0.001371	0.005441	0.000911	0.087977	0.035834	0.000163	0.004193	0.005974	0.008401	0.104454	0.000906	0.001298	0.001548	0.000661	0.001015	0.000163	
0.001454	0.078666	0.002491	0.031150	0.000145	0.011926	0.002646	0.001836	0.305594	0.008069	0.003014	0.002588	0.004015	0.007586	0.036811	0.006215	0.009058	0.003287	0.008090	0.017934	0.003431	0.001256	0.010040	0.003033	0.005996	0.009918	0.010086	0.018633	0.012838	0.000145	0.031831	0.005570	0.061265	0.000984	0.001951	0.055368	0.002251	0.034738	0.069932	0.000145	0.029542	0.045104	0.006397	0.009498	0.001256	0.023559	0.001187	0.000538	0.000786	0.000145	
0.003760	0.011127	0.003724	0.007532	0.000151	0.016083	0.020158	0.006150	0.012119	0.027237	0.014447	0.006888	0.003949	0.007350	0.008854	0.039002	0.062994	0.008812	0.022146	0.066806	0.004551	0.001764	0.003716	0.022991	0.007986	0.027098	0.049699	0.069279	0.063266	0.000151	0.005231	0.036235	0.051591	0.001704	0.014601	0.006752	0.008529	0.157845	0.036710	0.000151	0.006317	0.026292	0.008522	0.024803	0.009043	0.001068	0.001546	0.002109	0.001010	0.000151	
0.004188	0.018235	0.005595	0.010569	0.000150	0.026908	0.015605	0.005561	0.036497	0.025404	0.009712	0.007688	0.008165	0.014457	0.012272	0.031027	0.048789	0.009842	0.024676	0.058069	0.009390	0.002741	0.007910	0.017865	0.016537	0.030302	0.033287	0.060285	0.042437	0.000150	0.010260	0.029357	0.048917	0.002571	0.011312	0.013504	0.006716	0.143300	0.037071	0.000150	0.011929	0.027548	0.017664	0.028787	0.007019	0.002936	0.003080	0.001460	0.001953	0.000150	
0.001238	0.012089	0.002368	0.005655	0.000156	0.005986	0.031175	0.000791	0.038667	0.003416	0.028878	0.002176	0.002707	0.004354	0.007329	0.048334	0.097655	0.002753	0.006681	0.006332	0.002988	0.000702	0.003202	0.035517	0.005150	0.008237	0.099702	0.006581	0.126886	0.000156	0.005145	0.051285	0.010786	0.001958	0.022558	0.008132	0.013214	0.197907	0.010971	0.000156	0.005161	0.038395	0.005496	0.007918	0.013942	0.003108	0.001054	0.004090	0.000708	0.000156	
0.000753	0.009814	0.002338	0.003830	0.000148	0.010830	0.025114	0.004661	0.028152	0.024722	0.004374	0.001276	0.022362	0.030882	0.004555	0.043746	0.078609	0.001598	0.003998	0.044042	0.026056	0.001115	0.020104	0.028897	0.045438	0.004659	0.014793	0.045672	0.019103	0.000148	0.005452	0.041014	0.037178	0.006009	0.018179	0.007995	0.010648	0.168254	0.028220	0.000148	0.005977	0.032141	0.048597	0.010414	0.011244	0.002295	0.008363	0.000727	0.005204	0.000148	
0.001937	0.013733	0.004237	0.006892	0.000152	0.014485	0.019000	0.002706	0.038914	0.011866	0.035618	0.003484	0.003126	0.006070	0.008896	0.032410	0.059449	0.004435	0.011003	0.027709	0.003477	0.001478	0.003571	0.021658	0.006093	0.013479	0.123068	0.028769	0.156631	0.000152	0.007278	0.032422	0.026721	0.002339	0.013764	0.010461	0.008140	0.138291	0.021982	0.000152	0.007938	0.028071	0.006499	0.012624	0.008529	0.003123	0.001206	0.005010	0.000801	0.000152	
