0.000466	0.045610	0.000788	0.013013	0.079093	0.004311	0.009451	0.131078	0.057096	0.001457	0.006439	0.002868	0.055911	0.002822	0.003161	0.001205	0.003131	0.010118	0.078894	0.011173	0.007618	0.001896	0.005991	0.007631	0.014912	0.064123	0.001432	0.029873	0.006331	0.029171	0.001403	0.030236	0.003570	0.004586	0.010695	0.001725	0.007288	0.006288	0.002076	0.008273	0.005666	0.003802	0.001767	0.197422	0.007740	0.002542	0.002192	0.002882	0.012051	0.000733	
0.002883	0.043318	0.005619	0.005176	0.044888	0.011047	0.020501	0.056296	0.022660	0.003590	0.017635	0.023280	0.021938	0.001017	0.008211	0.002923	0.025519	0.003387	0.030888	0.041263	0.012793	0.011098	0.021130	0.020340	0.010182	0.060593	0.011091	0.046406	0.002157	0.011343	0.010843	0.051054	0.021158	0.011767	0.020404	0.013579	0.029415	0.025695	0.003296	0.035494	0.022760	0.001406	0.004525	0.082779	0.021630	0.006420	0.008536	0.012963	0.015414	0.001689	
0.000706	0.038343	0.001269	0.010326	0.077574	0.014855	0.009597	0.109875	0.045343	0.004764	0.021089	0.004898	0.044266	0.002261	0.010742	0.003891	0.005359	0.008030	0.062450	0.016795	0.010068	0.004395	0.011346	0.025221	0.012450	0.055099	0.002393	0.026702	0.005036	0.023109	0.002342	0.046836	0.008580	0.015826	0.010483	0.002905	0.008325	0.007056	0.004687	0.009510	0.006306	0.003037	0.001891	0.163291	0.008345	0.008610	0.002430	0.007811	0.011252	0.002226	
0.000813	0.015265	0.001485	0.000916	0.129614	0.003899	0.010315	0.009905	0.004614	0.003272	0.133427	0.005822	0.003497	0.001097	0.002897	0.001098	0.006372	0.003702	0.005017	0.059134	0.003141	0.003004	0.044438	0.160677	0.005885	0.014067	0.002829	0.018823	0.002350	0.002546	0.002768	0.180103	0.005658	0.004147	0.006382	0.003440	0.013407	0.011629	0.001431	0.015416	0.010448	0.001129	0.001067	0.020186	0.005397	0.002304	0.003965	0.040706	0.009822	0.000673	
0.008802	0.017262	0.017450	0.000684	0.011096	0.009817	0.012908	0.010654	0.002872	0.003093	0.009948	0.073267	0.002452	0.001390	0.007868	0.002615	0.080342	0.004757	0.003594	0.023042	0.018207	0.030792	0.041947	0.009122	0.016772	0.098403	0.034745	0.022154	0.003010	0.002282	0.033959	0.035677	0.058376	0.010455	0.047243	0.042607	0.017043	0.016216	0.003090	0.030064	0.012648	0.001392	0.008111	0.015522	0.035504	0.005715	0.004789	0.027468	0.011255	0.001521	
0.001929	0.046629	0.003715	0.000801	0.053216	0.005806	0.034147	0.009780	0.003532	0.002597	0.052925	0.015246	0.002999	0.002916	0.004365	0.001585	0.016707	0.010471	0.004631	0.073524	0.005635	0.007059	0.024945	0.063216	0.015825	0.029753	0.007288	0.061881	0.006550	0.003811	0.007126	0.094004	0.013380	0.006180	0.016092	0.008912	0.046077	0.039936	0.002499	0.052452	0.035981	0.002875	0.002110	0.019044	0.013111	0.003402	0.013437	0.020509	0.028445	0.000944	
0.010361	0.004779	0.020572	0.000598	0.040863	0.004267	0.005130	0.006860	0.002521	0.001970	0.043334	0.086486	0.002097	0.001667	0.004030	0.001198	0.094841	0.005802	0.003146	0.018373	0.005121	0.035158	0.045745	0.048875	0.009913	0.073622	0.040996	0.005336	0.003656	0.002342	0.040068	0.058547	0.066494	0.004539	0.038594	0.050280	0.004522	0.005832	0.001708	0.018668	0.002791	0.001652	0.002093	0.012838	0.008735	0.002519	0.001129	0.041575	0.007027	0.000731	
0.000581	0.013181	0.001020	0.002465	0.030919	0.008012	0.043746	0.027598	0.010650	0.002725	0.018672	0.003852	0.010206	0.022887	0.005825	0.002147	0.004212	0.084849	0.018192	0.016870	0.008172	0.002881	0.012789	0.022346	0.110561	0.076100	0.001898	0.012099	0.052692	0.023804	0.001858	0.036528	0.005534	0.008532	0.057270	0.002297	0.006560	0.005624	0.009280	0.007562	0.005031	0.022297	0.002900	0.071906	0.012468	0.004671	0.001956	0.006759	0.077762	0.001256	
0.000706	0.016608	0.001268	0.003842	0.064191	0.004707	0.028312	0.039586	0.016952	0.002172	0.045787	0.004898	0.016172	0.014310	0.003466	0.001306	0.005358	0.052901	0.025087	0.023496	0.008328	0.002767	0.021793	0.055009	0.070837	0.065309	0.002393	0.013320	0.032872	0.019573	0.002342	0.072925	0.005229	0.005008	0.039869	0.002904	0.005788	0.005037	0.005745	0.006957	0.004466	0.014129	0.003274	0.079357	0.013976	0.002770	0.001747	0.014975	0.049387	0.000789	
0.000916	0.014414	0.001689	0.002398	0.044158	0.005156	0.036275	0.025381	0.010519	0.002110	0.033086	0.006674	0.009912	0.018108	0.003808	0.001421	0.007306	0.067043	0.016954	0.022644	0.010200	0.003546	0.020619	0.039621	0.090140	0.075644	0.003233	0.013951	0.041646	0.019707	0.003163	0.058472	0.006714	0.005487	0.051299	0.003935	0.008012	0.006985	0.007043	0.009653	0.006189	0.017676	0.004374	0.063064	0.018859	0.003028	0.002387	0.011885	0.062644	0.000853	
0.000689	0.006789	0.001237	0.001026	0.030445	0.006051	0.048066	0.012171	0.004327	0.002277	0.026992	0.004773	0.003977	0.026240	0.004428	0.001646	0.005221	0.097337	0.010025	0.017382	0.005462	0.002932	0.014053	0.032346	0.125003	0.073403	0.002332	0.006987	0.060438	0.023584	0.002282	0.042449	0.005579	0.006442	0.062691	0.002830	0.004399	0.003817	0.009802	0.005398	0.003356	0.025413	0.001955	0.054534	0.008247	0.003542	0.001334	0.009480	0.087835	0.000977	
0.000681	0.004420	0.001211	0.000531	0.044347	0.004018	0.032703	0.006037	0.002571	0.001945	0.043766	0.004633	0.001800	0.017726	0.002972	0.001135	0.005067	0.065604	0.005496	0.020501	0.020885	0.002554	0.033930	0.052581	0.096444	0.100237	0.002271	0.005019	0.040756	0.015489	0.002223	0.081036	0.004802	0.004273	0.063584	0.002753	0.003481	0.003058	0.006626	0.004415	0.002669	0.017151	0.010349	0.034493	0.043718	0.002376	0.001085	0.014303	0.059576	0.000698	
0.000611	0.067805	0.001078	0.003444	0.026586	0.006376	0.042651	0.036500	0.014937	0.002085	0.008012	0.004093	0.014446	0.002840	0.004655	0.001731	0.004475	0.010184	0.020687	0.075802	0.010204	0.002714	0.011018	0.009480	0.018121	0.042854	0.002012	0.084133	0.006372	0.009251	0.001970	0.050632	0.005174	0.006788	0.016500	0.002437	0.059564	0.051280	0.002627	0.065334	0.046652	0.003022	0.004065	0.056736	0.022772	0.003730	0.017396	0.003748	0.033392	0.001026	
0.000610	0.079856	0.001077	0.000665	0.010492	0.004922	0.053893	0.007930	0.002678	0.001652	0.007585	0.004092	0.002404	0.001729	0.003612	0.001360	0.004475	0.006049	0.003590	0.101195	0.009968	0.002481	0.011653	0.008965	0.013521	0.032770	0.002012	0.107534	0.003807	0.002543	0.001969	0.057529	0.004693	0.005237	0.015124	0.002436	0.080453	0.069284	0.001898	0.088105	0.063067	0.001718	0.004511	0.013108	0.026783	0.002893	0.023486	0.003624	0.038142	0.000819	
0.002022	0.060262	0.003896	0.001038	0.013479	0.007190	0.040616	0.012829	0.004448	0.002327	0.008492	0.015990	0.004002	0.001753	0.005368	0.001942	0.017523	0.006124	0.005835	0.075417	0.017286	0.007580	0.022098	0.009595	0.018290	0.061485	0.007643	0.079891	0.003856	0.003329	0.007473	0.056330	0.014398	0.007655	0.027367	0.009347	0.059389	0.051390	0.002507	0.067034	0.046403	0.001772	0.007955	0.019894	0.039217	0.004201	0.017307	0.007871	0.029737	0.001145	
0.000509	0.007460	0.000871	0.000889	0.018653	0.113156	0.012662	0.068325	0.003613	0.033426	0.015233	0.003207	0.003358	0.001779	0.081206	0.028933	0.003503	0.006223	0.004936	0.011622	0.035029	0.019489	0.009375	0.018223	0.010475	0.019547	0.001595	0.008261	0.003917	0.003041	0.001562	0.031327	0.039764	0.120619	0.009343	0.001924	0.007535	0.004741	0.030505	0.006359	0.004246	0.001785	0.002116	0.077983	0.009020	0.065181	0.001668	0.005547	0.014118	0.016139	
0.001862	0.017004	0.003577	0.001014	0.013531	0.096411	0.016524	0.060587	0.004088	0.028435	0.009498	0.014650	0.003906	0.001116	0.069322	0.024667	0.016054	0.003759	0.005591	0.021242	0.028725	0.021355	0.009781	0.010861	0.006129	0.021052	0.007008	0.020959	0.002387	0.002757	0.006852	0.025388	0.042849	0.102768	0.009847	0.008568	0.016744	0.013203	0.025876	0.018563	0.011624	0.001155	0.001201	0.069215	0.006099	0.055544	0.004404	0.007714	0.014765	0.013769	
0.000907	0.005697	0.001666	0.000972	0.010362	0.125425	0.010904	0.075759	0.003871	0.036873	0.006137	0.006567	0.003720	0.001115	0.090038	0.032058	0.007189	0.003751	0.005330	0.006079	0.036427	0.022793	0.005842	0.007122	0.005959	0.014837	0.003185	0.005647	0.002383	0.002666	0.003116	0.016826	0.046345	0.133698	0.006701	0.003875	0.005736	0.003071	0.033540	0.004687	0.002624	0.001150	0.001084	0.084878	0.004440	0.072241	0.001066	0.004034	0.011731	0.017875	
0.000586	0.012866	0.001025	0.003201	0.077467	0.046731	0.007403	0.055736	0.014280	0.014739	0.063671	0.003857	0.013381	0.001487	0.033587	0.012013	0.004216	0.005136	0.018956	0.025180	0.021364	0.009094	0.028057	0.076620	0.011890	0.039373	0.001902	0.009833	0.003242	0.007618	0.001863	0.097369	0.018321	0.049807	0.013689	0.002301	0.004715	0.003408	0.012868	0.004758	0.003011	0.001695	0.004162	0.076130	0.017540	0.026955	0.001209	0.019816	0.009134	0.006739	
0.000884	0.005389	0.001590	0.000826	0.014880	0.009059	0.008473	0.011437	0.004458	0.002888	0.007771	0.006147	0.002987	0.003467	0.006609	0.002440	0.006725	0.012428	0.004689	0.007183	0.068050	0.003977	0.065806	0.009103	0.061844	0.205444	0.003002	0.005658	0.007777	0.004250	0.002938	0.087244	0.007604	0.009645	0.088323	0.003644	0.003760	0.003255	0.003544	0.004853	0.002807	0.003407	0.034178	0.019755	0.144679	0.005288	0.001153	0.004378	0.012870	0.001434	
0.000710	0.007217	0.001264	0.001496	0.041686	0.023178	0.020033	0.025942	0.006881	0.007414	0.034716	0.004842	0.005965	0.009784	0.016713	0.006020	0.005296	0.036014	0.009971	0.016395	0.032800	0.005713	0.036992	0.041656	0.063735	0.105521	0.002373	0.006423	0.022401	0.010917	0.002323	0.078313	0.011285	0.024699	0.054166	0.002877	0.003759	0.002991	0.009225	0.004356	0.002603	0.009564	0.013703	0.047999	0.057913	0.013404	0.001063	0.011749	0.034527	0.003413	
0.007966	0.013807	0.015784	0.001635	0.043047	0.006983	0.009672	0.018690	0.007117	0.002702	0.038596	0.066246	0.006590	0.001983	0.005760	0.001889	0.072643	0.006982	0.009508	0.024344	0.008416	0.027542	0.039693	0.043949	0.013022	0.071351	0.031420	0.015046	0.004388	0.004764	0.030710	0.060102	0.052156	0.007435	0.034870	0.038528	0.010426	0.010404	0.002523	0.021794	0.007555	0.002044	0.003287	0.030049	0.014411	0.004082	0.002896	0.033426	0.010647	0.001116	
0.005907	0.011443	0.011666	0.001349	0.012859	0.020216	0.025022	0.022955	0.005644	0.006106	0.007543	0.048839	0.005355	0.011019	0.015060	0.005260	0.053551	0.040635	0.009332	0.013726	0.012869	0.022738	0.025552	0.007173	0.056041	0.080991	0.023185	0.012537	0.025265	0.011648	0.022661	0.021788	0.043424	0.021542	0.049417	0.028420	0.008940	0.008510	0.008823	0.017114	0.006340	0.010745	0.003757	0.044924	0.016251	0.011697	0.002445	0.018591	0.040138	0.002988	
0.007190	0.014558	0.014228	0.003603	0.044614	0.003918	0.006276	0.036698	0.015828	0.001646	0.027845	0.059660	0.015111	0.002054	0.003492	0.001111	0.065418	0.007239	0.021480	0.014419	0.013237	0.024431	0.039055	0.031238	0.017005	0.089493	0.028306	0.011140	0.004548	0.008918	0.027666	0.052211	0.046186	0.004167	0.038925	0.034704	0.005017	0.005647	0.001737	0.014913	0.003412	0.002276	0.005980	0.057165	0.025288	0.002319	0.001361	0.028104	0.008479	0.000684	
