0.000878	0.008798	0.000878	0.000878	0.000878	0.000878	0.000878	0.000878	0.000878	0.000878	0.000878	0.000878	0.000878	0.001087	0.000878	0.000878	0.000878	0.000878	0.000878	0.000878	0.000878	0.000878	0.000878	0.000878	0.000878	0.000878	0.000878	0.000878	0.000878	0.001296	0.000878	0.000878	0.001377	0.001087	0.001024	0.000878	0.000878	0.001240	0.024846	0.000878	0.000878	0.000878	0.000878	0.000878	0.000878	0.000878	0.000878	0.000878	0.000878	0.923264	
0.000670	0.001368	0.000670	0.000670	0.000670	0.000670	0.000670	0.000670	0.000670	0.000670	0.000670	0.000670	0.000670	0.000881	0.000670	0.000670	0.000670	0.000670	0.000670	0.000670	0.000670	0.000670	0.000670	0.000670	0.000670	0.000670	0.000670	0.000670	0.000670	0.001092	0.000670	0.000670	0.001876	0.000881	0.000946	0.000670	0.000670	0.001188	0.002906	0.000670	0.000670	0.000670	0.000670	0.000670	0.000670	0.000670	0.000670	0.000670	0.000670	0.961402	
0.000665	0.001228	0.000665	0.000665	0.000665	0.000665	0.000665	0.000665	0.000665	0.000665	0.000665	0.000665	0.000665	0.000864	0.000665	0.000665	0.000665	0.000665	0.000665	0.000665	0.000665	0.000665	0.000665	0.000665	0.000665	0.000665	0.000665	0.000665	0.000665	0.001063	0.000665	0.000665	0.002353	0.000864	0.000846	0.000665	0.000665	0.001549	0.002724	0.000665	0.000665	0.000665	0.000665	0.000665	0.000665	0.000665	0.000665	0.000665	0.000665	0.961240	
0.000512	0.001173	0.000512	0.000512	0.000512	0.000512	0.000512	0.000512	0.000512	0.000512	0.000512	0.000512	0.000512	0.000749	0.000512	0.000512	0.000512	0.000512	0.000512	0.000512	0.000512	0.000512	0.000512	0.000512	0.000512	0.000512	0.000512	0.000512	0.000512	0.000987	0.000512	0.000512	0.002408	0.000749	0.000818	0.000512	0.000512	0.015164	0.008286	0.000512	0.000512	0.000512	0.000512	0.000512	0.000512	0.000512	0.000512	0.000512	0.000512	0.948676	
0.000568	0.001022	0.000568	0.000568	0.000568	0.000568	0.000568	0.000568	0.000568	0.000568	0.000568	0.000568	0.000568	0.000816	0.000568	0.000568	0.000568	0.000568	0.000568	0.000568	0.000568	0.000568	0.000568	0.000568	0.000568	0.000568	0.000568	0.000568	0.000568	0.001064	0.000568	0.000568	0.002796	0.000816	0.000760	0.000568	0.000568	0.009851	0.005700	0.000568	0.000568	0.000568	0.000568	0.000568	0.000568	0.000568	0.000568	0.000568	0.000568	0.953894	
0.000573	0.001091	0.000573	0.000573	0.000573	0.000573	0.000573	0.000573	0.000573	0.000573	0.000573	0.000573	0.000573	0.000767	0.000573	0.000573	0.000573	0.000573	0.000573	0.000573	0.000573	0.000573	0.000573	0.000573	0.000573	0.000573	0.000573	0.000573	0.000573	0.000961	0.000573	0.000573	0.003607	0.000767	0.000892	0.000573	0.000573	0.009396	0.005531	0.000573	0.000573	0.000573	0.000573	0.000573	0.000573	0.000573	0.000573	0.000573	0.000573	0.953497	
0.000470	0.000864	0.000470	0.000470	0.000470	0.000470	0.000470	0.000470	0.000470	0.000470	0.000470	0.000470	0.000470	0.000678	0.000470	0.000470	0.000470	0.000470	0.000470	0.000470	0.000470	0.000470	0.000470	0.000470	0.000470	0.000470	0.000470	0.000470	0.000470	0.000886	0.000470	0.000470	0.000998	0.000678	0.000599	0.000470	0.000470	0.018704	0.009024	0.000470	0.000470	0.000470	0.000470	0.000470	0.000470	0.000470	0.000470	0.000470	0.000470	0.948317	
0.000678	0.003582	0.000678	0.000678	0.000678	0.000678	0.000678	0.000678	0.000678	0.000678	0.000678	0.000678	0.000678	0.000833	0.000678	0.000678	0.000678	0.000678	0.000678	0.000678	0.000678	0.000678	0.000678	0.000678	0.000678	0.000678	0.000678	0.000678	0.000678	0.000987	0.000678	0.000678	0.001220	0.000833	0.003007	0.000678	0.000678	0.001195	0.007423	0.000678	0.000678	0.000678	0.000678	0.000678	0.000678	0.000678	0.000678	0.000678	0.000678	0.953127	
0.000691	0.006183	0.000691	0.000691	0.000691	0.000691	0.000691	0.000691	0.000691	0.000691	0.000691	0.000691	0.000691	0.000903	0.000691	0.000691	0.000691	0.000691	0.000691	0.000691	0.000691	0.000691	0.000691	0.000691	0.000691	0.000691	0.000691	0.000691	0.000691	0.001114	0.000691	0.000691	0.001325	0.000903	0.004718	0.000691	0.000691	0.002444	0.014054	0.000691	0.000691	0.000691	0.000691	0.000691	0.000691	0.000691	0.000691	0.000691	0.000691	0.940038	
0.000653	0.003447	0.000653	0.000653	0.000653	0.000653	0.000653	0.000653	0.000653	0.000653	0.000653	0.000653	0.000653	0.001109	0.000653	0.000653	0.000653	0.000653	0.000653	0.000653	0.000653	0.000653	0.000653	0.000653	0.000653	0.000653	0.000653	0.000653	0.000653	0.001564	0.000653	0.000653	0.004396	0.001109	0.002570	0.000653	0.000653	0.003778	0.008824	0.000653	0.000653	0.000653	0.000653	0.000653	0.000653	0.000653	0.000653	0.000653	0.000653	0.946413	
0.000653	0.005130	0.000653	0.000653	0.000653	0.000653	0.000653	0.000653	0.000653	0.000653	0.000653	0.000653	0.000653	0.000970	0.000653	0.000653	0.000653	0.000653	0.000653	0.000653	0.000653	0.000653	0.000653	0.000653	0.000653	0.000653	0.000653	0.000653	0.000653	0.001287	0.000653	0.000653	0.002201	0.000970	0.004801	0.000653	0.000653	0.002821	0.011119	0.000653	0.000653	0.000653	0.000653	0.000653	0.000653	0.000653	0.000653	0.000653	0.000653	0.943922	
0.000691	0.002358	0.000691	0.000691	0.000691	0.000691	0.000691	0.000691	0.000691	0.000691	0.000691	0.000691	0.000691	0.000949	0.000691	0.000691	0.000691	0.000691	0.000691	0.000691	0.000691	0.000691	0.000691	0.000691	0.000691	0.000691	0.000691	0.000691	0.000691	0.001207	0.000691	0.000691	0.001280	0.000949	0.000890	0.000691	0.000691	0.001690	0.006150	0.000691	0.000691	0.000691	0.000691	0.000691	0.000691	0.000691	0.000691	0.000691	0.000691	0.956215	
0.000693	0.002844	0.000693	0.000693	0.000693	0.000693	0.000693	0.000693	0.000693	0.000693	0.000693	0.000693	0.000693	0.001036	0.000693	0.000693	0.000693	0.000693	0.000693	0.000693	0.000693	0.000693	0.000693	0.000693	0.000693	0.000693	0.000693	0.000693	0.000693	0.001379	0.000693	0.000693	0.008300	0.001036	0.001373	0.000693	0.000693	0.001851	0.007270	0.000693	0.000693	0.000693	0.000693	0.000693	0.000693	0.000693	0.000693	0.000693	0.000693	0.946482	
0.000661	0.001933	0.000661	0.000661	0.000661	0.000661	0.000661	0.000661	0.000661	0.000661	0.000661	0.000661	0.000661	0.001303	0.000661	0.000661	0.000661	0.000661	0.000661	0.000661	0.000661	0.000661	0.000661	0.000661	0.000661	0.000661	0.000661	0.000661	0.000661	0.001944	0.000661	0.000661	0.007987	0.001303	0.001606	0.000661	0.000661	0.001417	0.004473	0.000661	0.000661	0.000661	0.000661	0.000661	0.000661	0.000661	0.000661	0.000661	0.000661	0.950916	
0.000663	0.000996	0.000663	0.000663	0.000663	0.000663	0.000663	0.000663	0.000663	0.000663	0.000663	0.000663	0.000663	0.000841	0.000663	0.000663	0.000663	0.000663	0.000663	0.000663	0.000663	0.000663	0.000663	0.000663	0.000663	0.000663	0.000663	0.000663	0.000663	0.001018	0.000663	0.000663	0.007805	0.000841	0.000821	0.000663	0.000663	0.001365	0.001962	0.000663	0.000663	0.000663	0.000663	0.000663	0.000663	0.000663	0.000663	0.000663	0.000663	0.957182	
0.000594	0.000905	0.000594	0.000594	0.000594	0.000594	0.000594	0.000594	0.000594	0.000594	0.000594	0.000594	0.000594	0.005216	0.000594	0.000594	0.000594	0.000594	0.000594	0.000594	0.000594	0.000594	0.000594	0.000594	0.000594	0.000594	0.000594	0.000594	0.000594	0.009837	0.000594	0.000594	0.005477	0.005216	0.000725	0.000594	0.000594	0.001779	0.006492	0.000594	0.000594	0.000594	0.000594	0.000594	0.000594	0.000594	0.000594	0.000594	0.000594	0.940002	
0.000620	0.001139	0.000620	0.000620	0.000620	0.000620	0.000620	0.000620	0.000620	0.000620	0.000620	0.000620	0.000620	0.004277	0.000620	0.000620	0.000620	0.000620	0.000620	0.000620	0.000620	0.000620	0.000620	0.000620	0.000620	0.000620	0.000620	0.000620	0.000620	0.007933	0.000620	0.000620	0.004830	0.004277	0.000736	0.000620	0.000620	0.001298	0.005991	0.000620	0.000620	0.000620	0.000620	0.000620	0.000620	0.000620	0.000620	0.000620	0.000620	0.944119	
0.000607	0.001150	0.000607	0.000607	0.000607	0.000607	0.000607	0.000607	0.000607	0.000607	0.000607	0.000607	0.000607	0.004985	0.000607	0.000607	0.000607	0.000607	0.000607	0.000607	0.000607	0.000607	0.000607	0.000607	0.000607	0.000607	0.000607	0.000607	0.000607	0.009362	0.000607	0.000607	0.006019	0.004985	0.000836	0.000607	0.000607	0.001284	0.006656	0.000607	0.000607	0.000607	0.000607	0.000607	0.000607	0.000607	0.000607	0.000607	0.000607	0.939830	
0.000656	0.003991	0.000656	0.000656	0.000656	0.000656	0.000656	0.000656	0.000656	0.000656	0.000656	0.000656	0.000656	0.002761	0.000656	0.000656	0.000656	0.000656	0.000656	0.000656	0.000656	0.000656	0.000656	0.000656	0.000656	0.000656	0.000656	0.000656	0.000656	0.004865	0.000656	0.000656	0.003724	0.002761	0.003040	0.000656	0.000656	0.001634	0.010772	0.000656	0.000656	0.000656	0.000656	0.000656	0.000656	0.000656	0.000656	0.000656	0.000656	0.939541	
0.000611	0.001210	0.000611	0.000611	0.000611	0.000611	0.000611	0.000611	0.000611	0.000611	0.000611	0.000611	0.000611	0.002278	0.000611	0.000611	0.000611	0.000611	0.000611	0.000611	0.000611	0.000611	0.000611	0.000611	0.000611	0.000611	0.000611	0.000611	0.000611	0.003945	0.000611	0.000611	0.002757	0.002278	0.001011	0.000611	0.000611	0.003901	0.004991	0.000611	0.000611	0.000611	0.000611	0.000611	0.000611	0.000611	0.000611	0.000611	0.000611	0.952558	
0.000656	0.002295	0.000656	0.000656	0.000656	0.000656	0.000656	0.000656	0.000656	0.000656	0.000656	0.000656	0.000656	0.001788	0.000656	0.000656	0.000656	0.000656	0.000656	0.000656	0.000656	0.000656	0.000656	0.000656	0.000656	0.000656	0.000656	0.000656	0.000656	0.002921	0.000656	0.000656	0.002273	0.001788	0.001496	0.000656	0.000656	0.002199	0.006483	0.000656	0.000656	0.000656	0.000656	0.000656	0.000656	0.000656	0.000656	0.000656	0.000656	0.951879	
0.000491	0.001102	0.000491	0.000491	0.000491	0.000491	0.000491	0.000491	0.000491	0.000491	0.000491	0.000491	0.000491	0.000690	0.000491	0.000491	0.000491	0.000491	0.000491	0.000491	0.000491	0.000491	0.000491	0.000491	0.000491	0.000491	0.000491	0.000491	0.000491	0.000890	0.000491	0.000491	0.001115	0.000690	0.000786	0.000491	0.000491	0.016942	0.008808	0.000491	0.000491	0.000491	0.000491	0.000491	0.000491	0.000491	0.000491	0.000491	0.000491	0.948849	
0.000570	0.001050	0.000570	0.000570	0.000570	0.000570	0.000570	0.000570	0.000570	0.000570	0.000570	0.000570	0.000570	0.001974	0.000570	0.000570	0.000570	0.000570	0.000570	0.000570	0.000570	0.000570	0.000570	0.000570	0.000570	0.000570	0.000570	0.000570	0.000570	0.003378	0.000570	0.000570	0.003344	0.001974	0.000867	0.000570	0.000570	0.008008	0.006090	0.000570	0.000570	0.000570	0.000570	0.000570	0.000570	0.000570	0.000570	0.000570	0.000570	0.949935	
0.000568	0.003179	0.000568	0.000568	0.000568	0.000568	0.000568	0.000568	0.000568	0.000568	0.000568	0.000568	0.000568	0.000905	0.000568	0.000568	0.000568	0.000568	0.000568	0.000568	0.000568	0.000568	0.000568	0.000568	0.000568	0.000568	0.000568	0.000568	0.000568	0.001242	0.000568	0.000568	0.001614	0.000905	0.003021	0.000568	0.000568	0.009794	0.009975	0.000568	0.000568	0.000568	0.000568	0.000568	0.000568	0.000568	0.000568	0.000568	0.000568	0.946094	
