19
19
19
19
19
19
19
19
19
19
19
19
19
19
19
19
19
19
19
19
19
28
28
28
28
28
28
28
28
28
28
28
28
28
28
28
28
34
34
34
34
34
34
34
34
34
34
34
34
34
34
34
34
34
34
34
34
1
1
1
1
1
1
1
1
1
1
1
1
1
1
1
1
1
1
1
1
1
1
1
1
7
7
7
7
7
7
7
7
7
7
8
8
8
8
8
8
8
8
8
8
8
8
8
8
8
8
8
8
8
8
8
8
8
8
8
8
8
8
8
8
39
39
39
39
39
39
39
39
39
39
45
45
45
45
45
45
45
45
45
45
45
45
45
45
7
7
7
7
7
7
7
7
7
7
7
7
7
7
7
7
7
7
7
3
3
3
3
3
3
3
3
3
3
3
3
3
3
3
28
28
28
28
28
28
28
28
28
28
28
28
28
28
28
28
28
28
28
28
31
31
31
31
31
31
31
31
31
31
31
31
31
31
31
31
31
31
31
31
31
31
31
31
