0.006301	0.003729	0.006632	0.010090	0.000155	0.056897	0.001528	0.007910	0.007797	0.000155	0.008477	0.127815	0.038887	0.008429	0.002836	0.000155	0.006382	0.064383	0.109721	0.000155	0.016203	0.000155	0.004481	0.007532	0.000155	0.007304	0.000637	0.009026	0.027638	0.162649	0.018322	0.014419	0.055169	0.006365	0.002865	0.010233	0.005819	0.019772	0.002741	0.000155	0.030775	0.021512	0.000155	0.000155	0.041461	0.019600	0.037305	0.002937	0.005874	0.000155	
0.053070	0.004399	0.008064	0.008398	0.000139	0.014802	0.003616	0.127680	0.049480	0.000139	0.013088	0.041294	0.019655	0.006684	0.003334	0.000139	0.008428	0.016287	0.036603	0.000139	0.032412	0.000139	0.006412	0.119442	0.000139	0.008659	0.001360	0.002326	0.006973	0.040675	0.004671	0.014974	0.017336	0.007288	0.006998	0.165878	0.008823	0.015693	0.002474	0.000139	0.007688	0.014375	0.000139	0.000139	0.022737	0.023178	0.044064	0.002340	0.006955	0.000139	
0.061628	0.000914	0.001941	0.011681	0.000139	0.004919	0.002752	0.131919	0.046042	0.000139	0.006396	0.025817	0.057431	0.025194	0.000720	0.000139	0.003170	0.032469	0.022117	0.000139	0.027825	0.000139	0.004029	0.123288	0.000139	0.001689	0.001057	0.017450	0.015935	0.012662	0.001539	0.007202	0.007157	0.002700	0.005294	0.171386	0.004855	0.059373	0.006608	0.000139	0.059892	0.005158	0.000139	0.000139	0.005145	0.004603	0.008712	0.008565	0.001379	0.000139	
0.015051	0.001056	0.014373	0.053445	0.000147	0.006459	0.008359	0.006189	0.003475	0.000147	0.068936	0.053006	0.040972	0.033809	0.000829	0.000147	0.054904	0.024299	0.076861	0.000147	0.106391	0.000147	0.032695	0.006968	0.000147	0.001966	0.003032	0.012151	0.011800	0.014466	0.001748	0.006292	0.013960	0.044440	0.016349	0.007999	0.013745	0.080274	0.013198	0.000147	0.041580	0.073724	0.000147	0.000147	0.005957	0.005252	0.009453	0.011467	0.001602	0.000147	
0.019607	0.003095	0.017353	0.048827	0.000145	0.010429	0.004363	0.018478	0.010510	0.000145	0.064972	0.055131	0.015781	0.032977	0.002357	0.000145	0.055428	0.012282	0.085251	0.000145	0.083234	0.000145	0.030103	0.018457	0.000145	0.006046	0.001627	0.002326	0.005368	0.027745	0.003230	0.010592	0.013904	0.045047	0.008467	0.023969	0.008993	0.078317	0.013036	0.000145	0.007675	0.075490	0.000145	0.000145	0.015714	0.016112	0.030209	0.011186	0.004865	0.000145	
0.018962	0.002135	0.014689	0.049240	0.000142	0.011678	0.004210	0.037902	0.015774	0.000142	0.058736	0.046577	0.045078	0.010552	0.001637	0.000142	0.049843	0.029981	0.072615	0.000142	0.071665	0.000142	0.027739	0.036479	0.000142	0.004128	0.001571	0.012434	0.014137	0.031411	0.003638	0.009991	0.014943	0.040517	0.008168	0.049211	0.008108	0.025274	0.006997	0.000142	0.042569	0.068400	0.000142	0.000142	0.012855	0.011103	0.020658	0.003643	0.003331	0.000142	
0.003662	0.001112	0.003033	0.044180	0.000147	0.002381	0.001962	0.004929	0.003124	0.000147	0.009257	0.011012	0.239701	0.004510	0.000870	0.000147	0.006638	0.124452	0.011805	0.000147	0.017911	0.000147	0.008042	0.004753	0.000147	0.002076	0.000785	0.074644	0.062119	0.005723	0.000770	0.022604	0.003994	0.005464	0.003729	0.006361	0.003703	0.010526	0.001786	0.000147	0.257281	0.009182	0.000147	0.000147	0.004638	0.006559	0.009951	0.001614	0.001691	0.000147	
0.028922	0.004486	0.007279	0.014829	0.000147	0.006066	0.015378	0.067069	0.028982	0.000147	0.022292	0.039547	0.079659	0.006274	0.003401	0.000147	0.004618	0.037924	0.013562	0.000147	0.097281	0.000147	0.012431	0.062749	0.000147	0.008825	0.005499	0.021143	0.018650	0.010064	0.001256	0.020100	0.020289	0.004031	0.030198	0.087112	0.027122	0.014673	0.002050	0.000147	0.072616	0.006861	0.000147	0.000147	0.017708	0.023915	0.044370	0.002208	0.007089	0.000147	
0.005956	0.000933	0.004127	0.013144	0.000163	0.010159	0.045729	0.007380	0.003695	0.000163	0.065142	0.096859	0.017712	0.008061	0.000740	0.000163	0.012368	0.010394	0.020106	0.000163	0.282940	0.000163	0.033526	0.007166	0.000163	0.001702	0.016173	0.004972	0.005050	0.007658	0.001001	0.003981	0.053123	0.010091	0.090064	0.009541	0.072176	0.018956	0.003170	0.000163	0.016761	0.016911	0.000163	0.000163	0.004275	0.004395	0.008017	0.002819	0.001394	0.000163	
0.005213	0.006811	0.013583	0.021424	0.000152	0.026576	0.009630	0.004501	0.010954	0.000152	0.029772	0.078529	0.058780	0.009136	0.005146	0.000152	0.017519	0.042445	0.064980	0.000152	0.074119	0.000152	0.014971	0.004588	0.000152	0.013470	0.003482	0.012421	0.019132	0.071702	0.008151	0.025627	0.034209	0.014935	0.018852	0.005804	0.020116	0.021565	0.003872	0.000152	0.042499	0.028898	0.000152	0.000152	0.036902	0.036310	0.067877	0.003173	0.010807	0.000152	
0.004129	0.002811	0.005264	0.024626	0.000153	0.022570	0.010591	0.004913	0.005493	0.000153	0.018385	0.067425	0.127536	0.005780	0.002146	0.000153	0.006030	0.080314	0.044955	0.000153	0.068760	0.000153	0.011087	0.004725	0.000153	0.005469	0.003821	0.037775	0.038502	0.059734	0.006814	0.018766	0.031334	0.005395	0.020748	0.006338	0.018747	0.013512	0.002053	0.000153	0.130011	0.012737	0.000153	0.000153	0.020217	0.015113	0.027393	0.002045	0.004406	0.000153	
0.003935	0.011802	0.018051	0.020259	0.000149	0.004861	0.010068	0.006310	0.018558	0.000149	0.018699	0.028328	0.122778	0.003772	0.008889	0.000149	0.006862	0.049141	0.013774	0.000149	0.065897	0.000149	0.010711	0.006047	0.000149	0.023455	0.003634	0.027924	0.024104	0.009071	0.001146	0.046354	0.014077	0.006201	0.019719	0.008155	0.023910	0.008781	0.001624	0.000149	0.096017	0.009748	0.000149	0.000149	0.044234	0.063522	0.117930	0.001367	0.018794	0.000149	
0.009588	0.016148	0.023636	0.007785	0.000149	0.005688	0.011220	0.014508	0.027431	0.000149	0.017714	0.034167	0.069984	0.010248	0.012148	0.000149	0.004751	0.015946	0.015632	0.000149	0.072797	0.000149	0.009353	0.013659	0.000149	0.032146	0.004039	0.007274	0.007347	0.010910	0.001352	0.055583	0.015960	0.004727	0.021992	0.018808	0.028770	0.024061	0.003048	0.000149	0.024742	0.007104	0.000149	0.000149	0.060416	0.086657	0.161875	0.003545	0.025747	0.000149	
0.022870	0.013407	0.019337	0.008222	0.000145	0.004003	0.008274	0.053502	0.036859	0.000145	0.012243	0.023166	0.074999	0.004447	0.010091	0.000145	0.002787	0.021530	0.009320	0.000145	0.052858	0.000145	0.006830	0.050038	0.000145	0.026669	0.003001	0.011390	0.010302	0.007448	0.000961	0.047475	0.011557	0.002984	0.016184	0.069483	0.022218	0.010338	0.001438	0.000145	0.038958	0.004230	0.000145	0.000145	0.049822	0.071943	0.134411	0.001591	0.021364	0.000145	
0.010276	0.017257	0.024927	0.009016	0.000146	0.011195	0.001484	0.020930	0.031171	0.000146	0.005450	0.028665	0.086775	0.005260	0.012980	0.000146	0.003631	0.029196	0.024984	0.000146	0.012967	0.000146	0.003216	0.019633	0.000146	0.034369	0.000616	0.011523	0.013373	0.031288	0.003627	0.060406	0.011881	0.004006	0.002787	0.027155	0.014416	0.012268	0.001713	0.000146	0.039415	0.007270	0.000146	0.000146	0.068020	0.092733	0.173274	0.001866	0.027525	0.000146	
0.062439	0.001058	0.002340	0.004633	0.000153	0.003534	0.003646	0.051819	0.018992	0.000153	0.008342	0.062329	0.009805	0.112694	0.000831	0.000153	0.004042	0.006276	0.057002	0.000153	0.056182	0.000153	0.004260	0.048493	0.000153	0.001963	0.001380	0.002350	0.002965	0.008246	0.001057	0.003752	0.006688	0.003385	0.007045	0.067293	0.006313	0.266111	0.028373	0.000153	0.007737	0.005950	0.000153	0.000153	0.004864	0.005076	0.009608	0.037998	0.001601	0.000153	
0.067259	0.001328	0.002860	0.005136	0.000147	0.003853	0.001678	0.085609	0.030866	0.000147	0.006752	0.050182	0.010613	0.089672	0.001033	0.000147	0.004629	0.006847	0.049107	0.000147	0.039456	0.000147	0.003380	0.080066	0.000147	0.002509	0.000685	0.002345	0.003190	0.010088	0.001259	0.004670	0.005116	0.003882	0.003168	0.111204	0.003436	0.211726	0.022716	0.000147	0.007732	0.006877	0.000147	0.000147	0.006186	0.006559	0.012569	0.030253	0.002036	0.000147	
0.044473	0.001203	0.002894	0.006148	0.000157	0.020716	0.002297	0.012723	0.005894	0.000157	0.008431	0.094212	0.011620	0.106003	0.000941	0.000157	0.005539	0.022234	0.086181	0.000157	0.046861	0.000157	0.004219	0.012009	0.000157	0.002248	0.000909	0.002794	0.009545	0.058267	0.006654	0.004340	0.021658	0.004911	0.004379	0.016486	0.004605	0.250310	0.026847	0.000157	0.009259	0.011968	0.000157	0.000157	0.014079	0.005845	0.011142	0.035751	0.001830	0.000157	
0.030421	0.000987	0.002168	0.004814	0.000152	0.046163	0.003035	0.050513	0.018448	0.000152	0.007318	0.115168	0.012326	0.027942	0.000778	0.000152	0.003737	0.045073	0.096234	0.000152	0.029022	0.000152	0.003787	0.047267	0.000152	0.001821	0.001165	0.003209	0.018932	0.131089	0.014791	0.003736	0.046450	0.003898	0.005840	0.065596	0.006068	0.065853	0.007347	0.000152	0.010703	0.015466	0.000152	0.000152	0.025969	0.004707	0.009648	0.009497	0.001487	0.000152	
0.026529	0.000986	0.009731	0.035111	0.000149	0.004534	0.015115	0.031657	0.012036	0.000149	0.055751	0.056470	0.029562	0.037560	0.000776	0.000149	0.035705	0.015856	0.054453	0.000149	0.130982	0.000149	0.027044	0.030343	0.000149	0.001822	0.005407	0.008629	0.007824	0.005779	0.000779	0.005139	0.018586	0.028900	0.029676	0.041094	0.024229	0.088926	0.012477	0.000149	0.029420	0.047629	0.000149	0.000149	0.004181	0.004802	0.008791	0.012730	0.001487	0.000149	
0.030875	0.002091	0.005186	0.012407	0.000152	0.012958	0.019495	0.052412	0.020640	0.000152	0.032761	0.070688	0.029374	0.027140	0.001606	0.000152	0.009961	0.020879	0.038572	0.000152	0.131755	0.000152	0.016863	0.049174	0.000152	0.004029	0.006948	0.007549	0.009690	0.027950	0.003260	0.008555	0.030737	0.008332	0.038316	0.068063	0.032003	0.064025	0.007683	0.000152	0.025684	0.015369	0.000152	0.000152	0.012062	0.010739	0.020168	0.009228	0.003254	0.000152	
0.007408	0.000843	0.021323	0.075068	0.000141	0.005636	0.007291	0.007375	0.003584	0.000141	0.100988	0.047104	0.011303	0.011985	0.000668	0.000141	0.085527	0.008676	0.096422	0.000141	0.121146	0.000141	0.046765	0.008734	0.000141	0.001545	0.002653	0.003002	0.004043	0.012604	0.001535	0.003231	0.012167	0.069113	0.014249	0.009542	0.011919	0.029045	0.010421	0.000141	0.010016	0.114077	0.000141	0.000141	0.004871	0.003978	0.007345	0.004124	0.001264	0.000141	
0.028515	0.001047	0.010590	0.042153	0.000141	0.004025	0.009371	0.066038	0.023820	0.000141	0.052767	0.033852	0.055916	0.006283	0.000820	0.000141	0.038952	0.029770	0.045280	0.000141	0.092013	0.000141	0.025635	0.062524	0.000141	0.001952	0.003384	0.016854	0.014741	0.007003	0.000908	0.007487	0.012627	0.031528	0.018351	0.085773	0.015285	0.015071	0.005002	0.000141	0.057828	0.052026	0.000141	0.000141	0.004639	0.005299	0.009662	0.002207	0.001590	0.000141	
0.030595	0.000911	0.011500	0.042932	0.000140	0.010314	0.005622	0.072905	0.025967	0.000140	0.053558	0.041825	0.035715	0.004566	0.000718	0.000140	0.043597	0.025544	0.061326	0.000140	0.073596	0.000140	0.025401	0.069038	0.000140	0.001682	0.002066	0.010620	0.012077	0.026834	0.003124	0.005428	0.015002	0.035390	0.010955	0.094698	0.009439	0.011065	0.004975	0.000140	0.036313	0.059771	0.000140	0.000140	0.007597	0.004473	0.008464	0.001628	0.001374	0.000140	
