0	0	0	0	174	0	0	
0	0	0	0	0	130	0	
80	67	0	0	0	0	0	
0	0	0	206	0	0	0	
0	0	0	0	0	0	110	
0	0	120	0	0	0	0	
0	0	0	113	0	0	0	
0	1	0	0	0	15	0	
0	0	0	1	0	60	0	
83	0	0	0	0	0	0	
36	0	0	0	160	2	2	
0	0	0	0	0	0	96	
0	0	0	52	0	0	0	
1	0	0	1	65	0	0	
0	0	0	0	0	18	0	
44	0	0	19	0	0	160	
29	24	0	0	0	0	0	
0	0	0	8	0	0	148	
12	0	0	0	0	0	1	
0	0	0	74	0	0	0	
0	0	0	0	27	0	0	
0	77	50	1	0	34	0	
0	0	0	4	0	9	0	
1	0	43	0	0	16	0	
0	0	62	0	0	0	0	
0	0	18	61	14	0	0	
0	0	0	38	0	0	0	
1	0	0	0	0	0	17	
59	0	0	63	0	0	0	
0	0	0	0	0	26	0	
0	16	8	0	0	1	0	
0	258	0	1	4	0	71	
102	0	0	0	0	0	40	
0	3	0	0	0	7	0	
46	0	0	0	0	2	1	
0	20	0	23	0	0	0	
0	0	0	18	0	0	0	
1	1	0	0	42	0	0	
0	0	1	0	8	79	0	
105	3	93	0	0	0	26	
0	0	145	0	48	0	0	
0	0	0	1	0	151	0	
0	0	112	0	0	47	0	
3	0	24	0	0	0	0	
54	54	0	1	0	63	0	
0	68	0	0	0	27	0	
0	0	0	0	0	10	0	
0	0	25	0	0	0	0	
55	0	10	0	3	81	0	
0	25	0	0	0	0	0	
