0.031293	0.067007	0.038435	0.028912	0.026531	0.709864	0.097959	
0.024150	0.026531	0.052721	0.133673	0.178912	0.538435	0.045578	
0.031218	0.040719	0.035969	0.026468	0.197489	0.639294	0.028843	
0.105102	0.069388	0.047959	0.024150	0.312245	0.028912	0.412245	
0.099394	0.056941	0.094677	0.151280	0.292790	0.023922	0.280997	
0.133673	0.124150	0.071769	0.086054	0.374150	0.036054	0.174150	
0.345491	0.045255	0.123269	0.033435	0.241472	0.045255	0.165822	
0.045470	0.644045	0.045470	0.050221	0.147608	0.031218	0.035969	
0.198906	0.533835	0.033835	0.129528	0.026658	0.036227	0.041012	
0.666205	0.060879	0.029402	0.097198	0.063300	0.041508	0.041508	
0.603622	0.136486	0.026157	0.075453	0.042589	0.080148	0.035547	
0.349245	0.061776	0.027378	0.341874	0.160056	0.022464	0.037206	
0.039409	0.193432	0.025616	0.558949	0.034811	0.087685	0.060099	
0.091242	0.116883	0.144855	0.417582	0.107559	0.098235	0.023643	
0.032890	0.023588	0.046844	0.593355	0.249169	0.021262	0.032890	
0.026468	0.033593	0.534781	0.024092	0.019342	0.147608	0.214116	
0.026721	0.041110	0.758136	0.021925	0.067489	0.048304	0.036314	
0.031367	0.017047	0.811797	0.017047	0.036140	0.038527	0.048074	
0.045362	0.320244	0.384225	0.026405	0.019296	0.137779	0.066689	
0.170550	0.045255	0.120905	0.026342	0.023978	0.104357	0.508612	
0.072985	0.249741	0.167416	0.157731	0.155310	0.070564	0.126254	
0.053356	0.046127	0.046127	0.029260	0.019621	0.031670	0.773838	
0.088646	0.055234	0.091033	0.112513	0.389362	0.043300	0.219911	
0.052973	0.043404	0.165414	0.031442	0.029050	0.036227	0.641490	
