0.000701	0.002345	0.000701	0.000701	0.000701	0.000701	0.000701	0.000701	0.000701	0.000701	0.000701	0.000701	0.000701	0.001028	0.000701	0.000701	0.000701	0.000701	0.000701	0.000701	0.000701	0.000701	0.000701	0.000701	0.000701	0.000701	0.000701	0.000701	0.000701	0.001088	0.000701	0.000701	0.001439	0.001557	0.000973	0.000701	0.000701	0.004980	0.002451	0.000701	0.000701	0.000701	0.000701	0.000701	0.000701	0.000701	0.000701	0.000701	0.000701	0.955402	
0.000653	0.001011	0.000653	0.000653	0.000653	0.000653	0.000653	0.000653	0.000653	0.000653	0.000653	0.000653	0.000653	0.001200	0.000653	0.000653	0.000653	0.000653	0.000653	0.000653	0.000653	0.000653	0.000653	0.000653	0.000653	0.000653	0.000653	0.000653	0.000653	0.002123	0.000653	0.000653	0.002156	0.000890	0.001037	0.000653	0.000653	0.001838	0.004370	0.000653	0.000653	0.000653	0.000653	0.000653	0.000653	0.000653	0.000653	0.000653	0.000653	0.958606	
0.000664	0.001028	0.000664	0.000664	0.000664	0.000664	0.000664	0.000664	0.000664	0.000664	0.000664	0.000664	0.000664	0.001607	0.000664	0.000664	0.000664	0.000664	0.000664	0.000664	0.000664	0.000664	0.000664	0.000664	0.000664	0.000664	0.000664	0.000664	0.000664	0.001682	0.000664	0.000664	0.001645	0.000841	0.000899	0.000664	0.000664	0.001553	0.004182	0.000664	0.000664	0.000664	0.000664	0.000664	0.000664	0.000664	0.000664	0.000664	0.000664	0.959360	
0.000645	0.001185	0.000645	0.000645	0.000645	0.000645	0.000645	0.000645	0.000645	0.000645	0.000645	0.000645	0.000645	0.001454	0.000645	0.000645	0.000645	0.000645	0.000645	0.000645	0.000645	0.000645	0.000645	0.000645	0.000645	0.000645	0.000645	0.000645	0.000645	0.001271	0.000645	0.000645	0.001774	0.004846	0.001053	0.000645	0.000645	0.021648	0.002757	0.000645	0.000645	0.000645	0.000645	0.000645	0.000645	0.000645	0.000645	0.000645	0.000645	0.937578	
0.000711	0.001175	0.000711	0.000711	0.000711	0.000711	0.000711	0.000711	0.000711	0.000711	0.000711	0.000711	0.000711	0.000923	0.000711	0.000711	0.000711	0.000711	0.000711	0.000711	0.000711	0.000711	0.000711	0.000711	0.000711	0.000711	0.000711	0.000711	0.000711	0.000949	0.000711	0.000711	0.005144	0.003265	0.002868	0.000711	0.000711	0.013482	0.006109	0.000711	0.000711	0.000711	0.000711	0.000711	0.000711	0.000711	0.000711	0.000711	0.000711	0.936920	
0.000650	0.001541	0.000650	0.000650	0.000650	0.000650	0.000650	0.000650	0.000650	0.000650	0.000650	0.000650	0.000650	0.001706	0.000650	0.000650	0.000650	0.000650	0.000650	0.000650	0.000650	0.000650	0.000650	0.000650	0.000650	0.000650	0.000650	0.000650	0.000650	0.001526	0.000650	0.000650	0.002894	0.003200	0.001553	0.000650	0.000650	0.013403	0.003661	0.000650	0.000650	0.000650	0.000650	0.000650	0.000650	0.000650	0.000650	0.000650	0.000650	0.943873	
0.000678	0.002825	0.000678	0.000678	0.000678	0.000678	0.000678	0.000678	0.000678	0.000678	0.000678	0.000678	0.000678	0.000861	0.000678	0.000678	0.000678	0.000678	0.000678	0.000678	0.000678	0.000678	0.000678	0.000678	0.000678	0.000678	0.000678	0.000678	0.000678	0.000951	0.000678	0.000678	0.001997	0.004966	0.001269	0.000678	0.000678	0.022115	0.002681	0.000678	0.000678	0.000678	0.000678	0.000678	0.000678	0.000678	0.000678	0.000678	0.000678	0.934532	
0.000637	0.002230	0.000637	0.000637	0.000637	0.000637	0.000637	0.000637	0.000637	0.000637	0.000637	0.000637	0.000637	0.004332	0.000637	0.000637	0.000637	0.000637	0.000637	0.000637	0.000637	0.000637	0.000637	0.000637	0.000637	0.000637	0.000637	0.000637	0.000637	0.000875	0.000637	0.000637	0.001296	0.000859	0.000907	0.000637	0.000637	0.001744	0.006388	0.000637	0.000637	0.000637	0.000637	0.000637	0.000637	0.000637	0.000637	0.000637	0.000637	0.955242	
0.000649	0.004796	0.000649	0.000649	0.000649	0.000649	0.000649	0.000649	0.000649	0.000649	0.000649	0.000649	0.000649	0.003808	0.000649	0.000649	0.000649	0.000649	0.000649	0.000649	0.000649	0.000649	0.000649	0.000649	0.000649	0.000649	0.000649	0.000649	0.000649	0.000908	0.000649	0.000649	0.001556	0.001063	0.001037	0.000649	0.000649	0.002720	0.001943	0.000649	0.000649	0.000649	0.000649	0.000649	0.000649	0.000649	0.000649	0.000649	0.000649	0.955569	
0.000714	0.005948	0.000714	0.000714	0.000714	0.000714	0.000714	0.000714	0.000714	0.000714	0.000714	0.000714	0.000714	0.000932	0.000714	0.000714	0.000714	0.000714	0.000714	0.000714	0.000714	0.000714	0.000714	0.000714	0.000714	0.000714	0.000714	0.000714	0.000714	0.000959	0.000714	0.000714	0.001745	0.002102	0.001168	0.000714	0.000714	0.007654	0.011081	0.000714	0.000714	0.000714	0.000714	0.000714	0.000714	0.000714	0.000714	0.000714	0.000714	0.939137	
0.000683	0.006560	0.000683	0.000683	0.000683	0.000683	0.000683	0.000683	0.000683	0.000683	0.000683	0.000683	0.000683	0.001336	0.000683	0.000683	0.000683	0.000683	0.000683	0.000683	0.000683	0.000683	0.000683	0.000683	0.000683	0.000683	0.000683	0.000683	0.000683	0.001673	0.000683	0.000683	0.002921	0.001104	0.001554	0.000683	0.000683	0.002788	0.008297	0.000683	0.000683	0.000683	0.000683	0.000683	0.000683	0.000683	0.000683	0.000683	0.000683	0.945765	
0.000723	0.007499	0.000723	0.000723	0.000723	0.000723	0.000723	0.000723	0.000723	0.000723	0.000723	0.000723	0.000723	0.001057	0.000723	0.000723	0.000723	0.000723	0.000723	0.000723	0.000723	0.000723	0.000723	0.000723	0.000723	0.000723	0.000723	0.000723	0.000723	0.000931	0.000723	0.000723	0.001265	0.001194	0.000942	0.000723	0.000723	0.003077	0.013698	0.000723	0.000723	0.000723	0.000723	0.000723	0.000723	0.000723	0.000723	0.000723	0.000723	0.940696	
0.000667	0.002133	0.000667	0.000667	0.000667	0.000667	0.000667	0.000667	0.000667	0.000667	0.000667	0.000667	0.000667	0.002020	0.000667	0.000667	0.000667	0.000667	0.000667	0.000667	0.000667	0.000667	0.000667	0.000667	0.000667	0.000667	0.000667	0.000667	0.000667	0.001545	0.000667	0.000667	0.001637	0.000962	0.000933	0.000667	0.000667	0.002144	0.018000	0.000667	0.000667	0.000667	0.000667	0.000667	0.000667	0.000667	0.000667	0.000667	0.000667	0.943291	
0.000641	0.001100	0.000641	0.000641	0.000641	0.000641	0.000641	0.000641	0.000641	0.000641	0.000641	0.000641	0.000641	0.001943	0.000641	0.000641	0.000641	0.000641	0.000641	0.000641	0.000641	0.000641	0.000641	0.000641	0.000641	0.000641	0.000641	0.000641	0.000641	0.002094	0.000641	0.000641	0.002089	0.000938	0.001002	0.000641	0.000641	0.002122	0.018177	0.000641	0.000641	0.000641	0.000641	0.000641	0.000641	0.000641	0.000641	0.000641	0.000641	0.944237	
0.000716	0.001067	0.000716	0.000716	0.000716	0.000716	0.000716	0.000716	0.000716	0.000716	0.000716	0.000716	0.000716	0.000910	0.000716	0.000716	0.000716	0.000716	0.000716	0.000716	0.000716	0.000716	0.000716	0.000716	0.000716	0.000716	0.000716	0.000716	0.000716	0.001091	0.000716	0.000716	0.001656	0.001178	0.001092	0.000716	0.000716	0.003027	0.020984	0.000716	0.000716	0.000716	0.000716	0.000716	0.000716	0.000716	0.000716	0.000716	0.000716	0.939626	
0.000440	0.000802	0.000440	0.000440	0.000440	0.000440	0.000440	0.000440	0.000440	0.000440	0.000440	0.000440	0.000440	0.000753	0.000440	0.000440	0.000440	0.000440	0.000440	0.000440	0.000440	0.000440	0.000440	0.000440	0.000440	0.000440	0.000440	0.000440	0.000440	0.006712	0.000440	0.000440	0.004006	0.000616	0.000655	0.000440	0.000440	0.001322	0.010754	0.000440	0.000440	0.000440	0.000440	0.000440	0.000440	0.000440	0.000440	0.000440	0.000440	0.956349	
0.000516	0.000878	0.000516	0.000516	0.000516	0.000516	0.000516	0.000516	0.000516	0.000516	0.000516	0.000516	0.000516	0.000787	0.000516	0.000516	0.000516	0.000516	0.000516	0.000516	0.000516	0.000516	0.000516	0.000516	0.000516	0.000516	0.000516	0.000516	0.000516	0.005138	0.000516	0.000516	0.003990	0.001009	0.001097	0.000516	0.000516	0.002983	0.008444	0.000516	0.000516	0.000516	0.000516	0.000516	0.000516	0.000516	0.000516	0.000516	0.000516	0.954530	
0.000475	0.001230	0.000475	0.000475	0.000475	0.000475	0.000475	0.000475	0.000475	0.000475	0.000475	0.000475	0.000475	0.000675	0.000475	0.000475	0.000475	0.000475	0.000475	0.000475	0.000475	0.000475	0.000475	0.000475	0.000475	0.000475	0.000475	0.000475	0.000475	0.006014	0.000475	0.000475	0.004137	0.000984	0.000921	0.000475	0.000475	0.003021	0.009599	0.000475	0.000475	0.000475	0.000475	0.000475	0.000475	0.000475	0.000475	0.000475	0.000475	0.953952	
0.000552	0.005497	0.000552	0.000552	0.000552	0.000552	0.000552	0.000552	0.000552	0.000552	0.000552	0.000552	0.000552	0.000836	0.000552	0.000552	0.000552	0.000552	0.000552	0.000552	0.000552	0.000552	0.000552	0.000552	0.000552	0.000552	0.000552	0.000552	0.000552	0.004459	0.000552	0.000552	0.002972	0.000760	0.000786	0.000552	0.000552	0.001589	0.007403	0.000552	0.000552	0.000552	0.000552	0.000552	0.000552	0.000552	0.000552	0.000552	0.000552	0.953049	
0.000635	0.001169	0.000635	0.000635	0.000635	0.000635	0.000635	0.000635	0.000635	0.000635	0.000635	0.000635	0.000635	0.001994	0.000635	0.000635	0.000635	0.000635	0.000635	0.000635	0.000635	0.000635	0.000635	0.000635	0.000635	0.000635	0.000635	0.000635	0.000635	0.002558	0.000635	0.000635	0.006635	0.000794	0.003154	0.000635	0.000635	0.001429	0.005208	0.000635	0.000635	0.000635	0.000635	0.000635	0.000635	0.000635	0.000635	0.000635	0.000635	0.951035	
0.000542	0.003824	0.000542	0.000542	0.000542	0.000542	0.000542	0.000542	0.000542	0.000542	0.000542	0.000542	0.000542	0.001801	0.000542	0.000542	0.000542	0.000542	0.000542	0.000542	0.000542	0.000542	0.000542	0.000542	0.000542	0.000542	0.000542	0.000542	0.000542	0.004129	0.000542	0.000542	0.002726	0.000734	0.000737	0.000542	0.000542	0.001502	0.006915	0.000542	0.000542	0.000542	0.000542	0.000542	0.000542	0.000542	0.000542	0.000542	0.000542	0.955405	
0.000669	0.001795	0.000669	0.000669	0.000669	0.000669	0.000669	0.000669	0.000669	0.000669	0.000669	0.000669	0.000669	0.001073	0.000669	0.000669	0.000669	0.000669	0.000669	0.000669	0.000669	0.000669	0.000669	0.000669	0.000669	0.000669	0.000669	0.000669	0.000669	0.002546	0.000669	0.000669	0.009346	0.001137	0.004538	0.000669	0.000669	0.003006	0.004852	0.000669	0.000669	0.000669	0.000669	0.000669	0.000669	0.000669	0.000669	0.000669	0.000669	0.944264	
0.000663	0.001098	0.000663	0.000663	0.000663	0.000663	0.000663	0.000663	0.000663	0.000663	0.000663	0.000663	0.000663	0.002354	0.000663	0.000663	0.000663	0.000663	0.000663	0.000663	0.000663	0.000663	0.000663	0.000663	0.000663	0.000663	0.000663	0.000663	0.000663	0.001879	0.000663	0.000663	0.007542	0.000951	0.003799	0.000663	0.000663	0.002104	0.003662	0.000663	0.000663	0.000663	0.000663	0.000663	0.000663	0.000663	0.000663	0.000663	0.000663	0.949418	
0.000690	0.001158	0.000690	0.000690	0.000690	0.000690	0.000690	0.000690	0.000690	0.000690	0.000690	0.000690	0.000690	0.002203	0.000690	0.000690	0.000690	0.000690	0.000690	0.000690	0.000690	0.000690	0.000690	0.000690	0.000690	0.000690	0.000690	0.000690	0.000690	0.001589	0.000690	0.000690	0.008997	0.000929	0.004619	0.000690	0.000690	0.001887	0.003297	0.000690	0.000690	0.000690	0.000690	0.000690	0.000690	0.000690	0.000690	0.000690	0.000690	0.947039	
