0.000727	0.011616	0.000727	0.000727	0.000727	0.000727	0.000727	0.000727	0.000727	0.000727	0.000727	0.000727	0.000727	0.000949	0.000727	0.000727	0.000727	0.000727	0.000727	0.000727	0.000727	0.000727	0.000727	0.000727	0.000727	0.000727	0.000727	0.000727	0.000727	0.001251	0.000727	0.000727	0.011878	0.000989	0.000844	0.000727	0.000727	0.002783	0.003442	0.000727	0.000727	0.000727	0.000727	0.000727	0.000727	0.000727	0.000727	0.000727	0.000727	0.936422	
0.000676	0.005446	0.000676	0.000676	0.000676	0.000676	0.000676	0.000676	0.000676	0.000676	0.000676	0.000676	0.000676	0.001694	0.000676	0.000676	0.000676	0.000676	0.000676	0.000676	0.000676	0.000676	0.000676	0.000676	0.000676	0.000676	0.000676	0.000676	0.000676	0.001885	0.000676	0.000676	0.006051	0.001281	0.001164	0.000676	0.000676	0.004191	0.007566	0.000676	0.000676	0.000676	0.000676	0.000676	0.000676	0.000676	0.000676	0.000676	0.000676	0.942985	
0.000711	0.008574	0.000711	0.000711	0.000711	0.000711	0.000711	0.000711	0.000711	0.000711	0.000711	0.000711	0.000711	0.001857	0.000711	0.000711	0.000711	0.000711	0.000711	0.000711	0.000711	0.000711	0.000711	0.000711	0.000711	0.000711	0.000711	0.000711	0.000711	0.001962	0.000711	0.000711	0.009200	0.001337	0.000884	0.000711	0.000711	0.002580	0.006249	0.000711	0.000711	0.000711	0.000711	0.000711	0.000711	0.000711	0.000711	0.000711	0.000711	0.938195	
0.000700	0.001069	0.000700	0.000700	0.000700	0.000700	0.000700	0.000700	0.000700	0.000700	0.000700	0.000700	0.000700	0.002287	0.000700	0.000700	0.000700	0.000700	0.000700	0.000700	0.000700	0.000700	0.000700	0.000700	0.000700	0.000700	0.000700	0.000700	0.000700	0.001096	0.000700	0.000700	0.001268	0.000898	0.000815	0.000700	0.000700	0.019231	0.011578	0.000700	0.000700	0.000700	0.000700	0.000700	0.000700	0.000700	0.000700	0.000700	0.000700	0.933073	
0.000594	0.001321	0.000594	0.000594	0.000594	0.000594	0.000594	0.000594	0.000594	0.000594	0.000594	0.000594	0.000594	0.001389	0.000594	0.000594	0.000594	0.000594	0.000594	0.000594	0.000594	0.000594	0.000594	0.000594	0.000594	0.000594	0.000594	0.000594	0.000594	0.001495	0.000594	0.000594	0.001772	0.001044	0.002931	0.000594	0.000594	0.008692	0.005338	0.000594	0.000594	0.000594	0.000594	0.000594	0.000594	0.000594	0.000594	0.000594	0.000594	0.951679	
0.000639	0.001120	0.000639	0.000639	0.000639	0.000639	0.000639	0.000639	0.000639	0.000639	0.000639	0.000639	0.000639	0.001597	0.000639	0.000639	0.000639	0.000639	0.000639	0.000639	0.000639	0.000639	0.000639	0.000639	0.000639	0.000639	0.000639	0.000639	0.000639	0.000977	0.000639	0.000639	0.001289	0.000808	0.001825	0.000639	0.000639	0.012292	0.008850	0.000639	0.000639	0.000639	0.000639	0.000639	0.000639	0.000639	0.000639	0.000639	0.000639	0.945050	
0.000636	0.001150	0.000636	0.000636	0.000636	0.000636	0.000636	0.000636	0.000636	0.000636	0.000636	0.000636	0.000636	0.000938	0.000636	0.000636	0.000636	0.000636	0.000636	0.000636	0.000636	0.000636	0.000636	0.000636	0.000636	0.000636	0.000636	0.000636	0.000636	0.001031	0.000636	0.000636	0.001348	0.000833	0.002345	0.000636	0.000636	0.018510	0.005743	0.000636	0.000636	0.000636	0.000636	0.000636	0.000636	0.000636	0.000636	0.000636	0.000636	0.942046	
0.000622	0.003192	0.000622	0.000622	0.000622	0.000622	0.000622	0.000622	0.000622	0.000622	0.000622	0.000622	0.000622	0.001648	0.000622	0.000622	0.000622	0.000622	0.000622	0.000622	0.000622	0.000622	0.000622	0.000622	0.000622	0.000622	0.000622	0.000622	0.000622	0.001142	0.000622	0.000622	0.003452	0.000882	0.001114	0.000622	0.000622	0.002222	0.009704	0.000622	0.000622	0.000622	0.000622	0.000622	0.000622	0.000622	0.000622	0.000622	0.000622	0.951123	
0.000641	0.002162	0.000641	0.000641	0.000641	0.000641	0.000641	0.000641	0.000641	0.000641	0.000641	0.000641	0.000641	0.001997	0.000641	0.000641	0.000641	0.000641	0.000641	0.000641	0.000641	0.000641	0.000641	0.000641	0.000641	0.000641	0.000641	0.000641	0.000641	0.001013	0.000641	0.000641	0.002348	0.000827	0.000815	0.000641	0.000641	0.005995	0.011499	0.000641	0.000641	0.000641	0.000641	0.000641	0.000641	0.000641	0.000641	0.000641	0.000641	0.947074	
0.000604	0.001356	0.000604	0.000604	0.000604	0.000604	0.000604	0.000604	0.000604	0.000604	0.000604	0.000604	0.000604	0.000795	0.000604	0.000604	0.000604	0.000604	0.000604	0.000604	0.000604	0.000604	0.000604	0.000604	0.000604	0.000604	0.000604	0.000604	0.000604	0.001227	0.000604	0.000604	0.001668	0.000915	0.000838	0.000604	0.000604	0.005471	0.010059	0.000604	0.000604	0.000604	0.000604	0.000604	0.000604	0.000604	0.000604	0.000604	0.000604	0.952905	
0.000596	0.001248	0.000596	0.000596	0.000596	0.000596	0.000596	0.000596	0.000596	0.000596	0.000596	0.000596	0.000596	0.001371	0.000596	0.000596	0.000596	0.000596	0.000596	0.000596	0.000596	0.000596	0.000596	0.000596	0.000596	0.000596	0.000596	0.000596	0.000596	0.001463	0.000596	0.000596	0.001682	0.001029	0.000810	0.000596	0.000596	0.001387	0.011180	0.000596	0.000596	0.000596	0.000596	0.000596	0.000596	0.000596	0.000596	0.000596	0.000596	0.955404	
0.000599	0.001131	0.000599	0.000599	0.000599	0.000599	0.000599	0.000599	0.000599	0.000599	0.000599	0.000599	0.000599	0.000980	0.000599	0.000599	0.000599	0.000599	0.000599	0.000599	0.000599	0.000599	0.000599	0.000599	0.000599	0.000599	0.000599	0.000599	0.000599	0.000822	0.000599	0.000599	0.001242	0.000710	0.001665	0.000599	0.000599	0.007675	0.008661	0.000599	0.000599	0.000599	0.000599	0.000599	0.000599	0.000599	0.000599	0.000599	0.000599	0.952549	
0.000649	0.002966	0.000649	0.000649	0.000649	0.000649	0.000649	0.000649	0.000649	0.000649	0.000649	0.000649	0.000649	0.001329	0.000649	0.000649	0.000649	0.000649	0.000649	0.000649	0.000649	0.000649	0.000649	0.000649	0.000649	0.000649	0.000649	0.000649	0.000649	0.001162	0.000649	0.000649	0.003222	0.000906	0.000932	0.000649	0.000649	0.002748	0.010503	0.000649	0.000649	0.000649	0.000649	0.000649	0.000649	0.000649	0.000649	0.000649	0.000649	0.949608	
0.000605	0.001111	0.000605	0.000605	0.000605	0.000605	0.000605	0.000605	0.000605	0.000605	0.000605	0.000605	0.000605	0.001213	0.000605	0.000605	0.000605	0.000605	0.000605	0.000605	0.000605	0.000605	0.000605	0.000605	0.000605	0.000605	0.000605	0.000605	0.000605	0.001142	0.000605	0.000605	0.001380	0.000874	0.001641	0.000605	0.000605	0.001392	0.010039	0.000605	0.000605	0.000605	0.000605	0.000605	0.000605	0.000605	0.000605	0.000605	0.000605	0.956401	
0.000606	0.001116	0.000606	0.000606	0.000606	0.000606	0.000606	0.000606	0.000606	0.000606	0.000606	0.000606	0.000606	0.001038	0.000606	0.000606	0.000606	0.000606	0.000606	0.000606	0.000606	0.000606	0.000606	0.000606	0.000606	0.000606	0.000606	0.000606	0.000606	0.001118	0.000606	0.000606	0.001372	0.000862	0.001560	0.000606	0.000606	0.001486	0.010060	0.000606	0.000606	0.000606	0.000606	0.000606	0.000606	0.000606	0.000606	0.000606	0.000606	0.956527	
0.000642	0.001054	0.000642	0.000642	0.000642	0.000642	0.000642	0.000642	0.000642	0.000642	0.000642	0.000642	0.000642	0.001575	0.000642	0.000642	0.000642	0.000642	0.000642	0.000642	0.000642	0.000642	0.000642	0.000642	0.000642	0.000642	0.000642	0.000642	0.000642	0.009251	0.000642	0.000642	0.005358	0.004946	0.000758	0.000642	0.000642	0.001545	0.004972	0.000642	0.000642	0.000642	0.000642	0.000642	0.000642	0.000642	0.000642	0.000642	0.000642	0.944235	
0.000636	0.001351	0.000636	0.000636	0.000636	0.000636	0.000636	0.000636	0.000636	0.000636	0.000636	0.000636	0.000636	0.001151	0.000636	0.000636	0.000636	0.000636	0.000636	0.000636	0.000636	0.000636	0.000636	0.000636	0.000636	0.000636	0.000636	0.000636	0.000636	0.008556	0.000636	0.000636	0.005311	0.004596	0.001009	0.000636	0.000636	0.001907	0.004232	0.000636	0.000636	0.000636	0.000636	0.000636	0.000636	0.000636	0.000636	0.000636	0.000636	0.945818	
0.000647	0.001357	0.000647	0.000647	0.000647	0.000647	0.000647	0.000647	0.000647	0.000647	0.000647	0.000647	0.000647	0.001481	0.000647	0.000647	0.000647	0.000647	0.000647	0.000647	0.000647	0.000647	0.000647	0.000647	0.000647	0.000647	0.000647	0.000647	0.000647	0.009891	0.000647	0.000647	0.005979	0.005269	0.000753	0.000647	0.000647	0.001463	0.004099	0.000647	0.000647	0.000647	0.000647	0.000647	0.000647	0.000647	0.000647	0.000647	0.000647	0.943170	
0.000654	0.001649	0.000654	0.000654	0.000654	0.000654	0.000654	0.000654	0.000654	0.000654	0.000654	0.000654	0.000654	0.001579	0.000654	0.000654	0.000654	0.000654	0.000654	0.000654	0.000654	0.000654	0.000654	0.000654	0.000654	0.000654	0.000654	0.000654	0.000654	0.006604	0.000654	0.000654	0.004623	0.003629	0.000952	0.000654	0.000654	0.006575	0.005943	0.000654	0.000654	0.000654	0.000654	0.000654	0.000654	0.000654	0.000654	0.000654	0.000654	0.941617	
0.000572	0.001265	0.000572	0.000572	0.000572	0.000572	0.000572	0.000572	0.000572	0.000572	0.000572	0.000572	0.000572	0.001767	0.000572	0.000572	0.000572	0.000572	0.000572	0.000572	0.000572	0.000572	0.000572	0.000572	0.000572	0.000572	0.000572	0.000572	0.000572	0.002524	0.000572	0.000572	0.002241	0.001548	0.003027	0.000572	0.000572	0.001717	0.005412	0.000572	0.000572	0.000572	0.000572	0.000572	0.000572	0.000572	0.000572	0.000572	0.000572	0.957063	
0.000603	0.001739	0.000603	0.000603	0.000603	0.000603	0.000603	0.000603	0.000603	0.000603	0.000603	0.000603	0.000603	0.001190	0.000603	0.000603	0.000603	0.000603	0.000603	0.000603	0.000603	0.000603	0.000603	0.000603	0.000603	0.000603	0.000603	0.000603	0.000603	0.002992	0.000603	0.000603	0.002933	0.001798	0.001988	0.000603	0.000603	0.005180	0.006049	0.000603	0.000603	0.000603	0.000603	0.000603	0.000603	0.000603	0.000603	0.000603	0.000603	0.951391	
0.000610	0.000995	0.000610	0.000610	0.000610	0.000610	0.000610	0.000610	0.000610	0.000610	0.000610	0.000610	0.000610	0.001743	0.000610	0.000610	0.000610	0.000610	0.000610	0.000610	0.000610	0.000610	0.000610	0.000610	0.000610	0.000610	0.000610	0.000610	0.000610	0.000835	0.000610	0.000610	0.001108	0.000722	0.002313	0.000610	0.000610	0.008853	0.008278	0.000610	0.000610	0.000610	0.000610	0.000610	0.000610	0.000610	0.000610	0.000610	0.000610	0.950145	
0.000555	0.001343	0.000555	0.000555	0.000555	0.000555	0.000555	0.000555	0.000555	0.000555	0.000555	0.000555	0.000555	0.000899	0.000555	0.000555	0.000555	0.000555	0.000555	0.000555	0.000555	0.000555	0.000555	0.000555	0.000555	0.000555	0.000555	0.000555	0.000555	0.002318	0.000555	0.000555	0.002224	0.001437	0.003303	0.000555	0.000555	0.001734	0.003723	0.000555	0.000555	0.000555	0.000555	0.000555	0.000555	0.000555	0.000555	0.000555	0.000555	0.960255	
0.000618	0.001387	0.000618	0.000618	0.000618	0.000618	0.000618	0.000618	0.000618	0.000618	0.000618	0.000618	0.000618	0.003151	0.000618	0.000618	0.000618	0.000618	0.000618	0.000618	0.000618	0.000618	0.000618	0.000618	0.000618	0.000618	0.000618	0.000618	0.000618	0.001014	0.000618	0.000618	0.001585	0.000816	0.001909	0.000618	0.000618	0.002119	0.011460	0.000618	0.000618	0.000618	0.000618	0.000618	0.000618	0.000618	0.000618	0.000618	0.000618	0.951229	
