0.024150	0.126531	0.274150	0.052721	0.031293	0.462245	0.028912	
0.094454	0.148571	0.146218	0.019160	0.021513	0.442689	0.127395	
0.024559	0.164995	0.375649	0.034244	0.106883	0.235213	0.058457	
0.102234	0.045362	0.024035	0.024035	0.031144	0.019296	0.753893	
0.187099	0.066532	0.035799	0.042891	0.154002	0.052347	0.461331	
0.122978	0.061658	0.035714	0.038073	0.061658	0.026280	0.653639	
0.035799	0.042891	0.038163	0.026342	0.499156	0.047619	0.310030	
0.033277	0.802689	0.023866	0.047395	0.026218	0.033277	0.033277	
0.183477	0.275043	0.041308	0.294320	0.125645	0.022031	0.058176	
0.026850	0.038898	0.041308	0.612392	0.173838	0.034079	0.072633	
0.063270	0.053946	0.023643	0.608725	0.175158	0.044622	0.030636	
0.065881	0.024619	0.031900	0.650832	0.024619	0.029473	0.172677	
0.041900	0.372154	0.030353	0.120422	0.018806	0.379083	0.037281	
0.287046	0.081918	0.028305	0.156510	0.016650	0.373293	0.056277	
0.044726	0.058745	0.023698	0.191923	0.107810	0.526035	0.047063	
0.057897	0.081877	0.650223	0.038712	0.021925	0.117849	0.031518	
0.048772	0.080249	0.530612	0.058457	0.024559	0.155310	0.102041	
0.036054	0.031293	0.676531	0.074150	0.086054	0.057483	0.038435	
0.095578	0.074150	0.405102	0.231293	0.028912	0.021769	0.143197	
0.667007	0.033673	0.088435	0.052721	0.086054	0.033673	0.038435	
0.315377	0.048074	0.102966	0.138766	0.064780	0.081487	0.248551	
0.150832	0.056172	0.029473	0.041609	0.260055	0.240638	0.221221	
0.106113	0.053228	0.031593	0.067651	0.216690	0.473901	0.050824	
0.234792	0.076897	0.036227	0.048189	0.328093	0.208476	0.067327	
