0	0	0	16	0	0	2	
0	0	0	0	0	0	110	
0	32	0	0	0	1	0	
0	0	0	74	0	0	0	
0	0	0	65	0	0	0	
0	0	101	0	0	0	0	
0	9	0	0	0	0	0	
0	0	0	0	20	0	0	
21	0	44	0	0	0	176	
1	0	0	0	75	22	0	
0	0	0	0	0	21	68	
0	0	0	28	0	0	0	
0	0	0	0	0	62	4	
0	0	0	0	0	105	0	
0	0	0	0	0	0	87	
48	0	29	0	10	0	11	
100	0	0	0	0	0	2	
11	0	0	24	0	0	0	
0	0	0	68	0	0	0	
19	0	0	0	186	0	0	
0	0	0	0	0	75	0	
0	14	0	0	1	0	0	
0	0	24	0	0	37	1	
36	0	0	0	0	0	0	
0	0	0	0	0	62	77	
0	0	0	115	0	0	0	
0	206	0	0	0	0	5	
0	0	12	6	178	0	0	
0	466	0	0	0	0	3	
0	0	0	0	0	0	0	
0	0	76	0	0	0	0	
0	0	0	0	1	0	73	
0	0	44	2	136	1	4	
0	0	0	0	0	2	19	
28	0	0	0	0	1	0	
0	0	97	0	0	0	0	
43	0	0	0	4	78	0	
351	0	0	45	0	0	0	
0	0	85	20	0	0	0	
0	0	0	0	0	0	0	
0	44	28	0	0	6	0	
0	2	78	0	0	0	37	
0	0	0	0	0	101	0	
1	10	0	100	0	2	0	
15	0	0	0	0	0	0	
0	0	22	0	0	0	0	
0	0	0	0	0	22	0	
0	0	0	0	0	113	0	
0	0	0	0	0	13	0	
0	0	31	0	0	0	0	
