0.000603	0.002215	0.000603	0.000603	0.000603	0.000603	0.000603	0.000603	0.000603	0.000603	0.000603	0.000603	0.000603	0.001251	0.000603	0.000603	0.000603	0.000603	0.000603	0.000603	0.000603	0.000603	0.000603	0.000603	0.000603	0.000603	0.000603	0.000603	0.000603	0.000968	0.000603	0.000603	0.001586	0.000783	0.003868	0.000603	0.000603	0.001409	0.005578	0.000603	0.000603	0.000603	0.000603	0.000603	0.000603	0.000603	0.000603	0.000603	0.000603	0.957615	
0.000614	0.001431	0.000614	0.000614	0.000614	0.000614	0.000614	0.000614	0.000614	0.000614	0.000614	0.000614	0.000614	0.001365	0.000614	0.000614	0.000614	0.000614	0.000614	0.000614	0.000614	0.000614	0.000614	0.000614	0.000614	0.000614	0.000614	0.000614	0.000614	0.002413	0.000614	0.000614	0.003040	0.002067	0.003344	0.000614	0.000614	0.001847	0.003440	0.000614	0.000614	0.000614	0.000614	0.000614	0.000614	0.000614	0.000614	0.000614	0.000614	0.955875	
0.000598	0.001079	0.000598	0.000598	0.000598	0.000598	0.000598	0.000598	0.000598	0.000598	0.000598	0.000598	0.000598	0.000963	0.000598	0.000598	0.000598	0.000598	0.000598	0.000598	0.000598	0.000598	0.000598	0.000598	0.000598	0.000598	0.000598	0.000598	0.000598	0.001755	0.000598	0.000598	0.002335	0.001517	0.003833	0.000598	0.000598	0.002648	0.003712	0.000598	0.000598	0.000598	0.000598	0.000598	0.000598	0.000598	0.000598	0.000598	0.000598	0.957653	
0.000673	0.001028	0.000673	0.000673	0.000673	0.000673	0.000673	0.000673	0.000673	0.000673	0.000673	0.000673	0.000673	0.000903	0.000673	0.000673	0.000673	0.000673	0.000673	0.000673	0.000673	0.000673	0.000673	0.000673	0.000673	0.000673	0.000673	0.000673	0.000673	0.006589	0.000673	0.000673	0.003853	0.003469	0.000770	0.000673	0.000673	0.004410	0.004985	0.000673	0.000673	0.000673	0.000673	0.000673	0.000673	0.000673	0.000673	0.000673	0.000673	0.946414	
0.000630	0.001096	0.000630	0.000630	0.000630	0.000630	0.000630	0.000630	0.000630	0.000630	0.000630	0.000630	0.000630	0.001292	0.000630	0.000630	0.000630	0.000630	0.000630	0.000630	0.000630	0.000630	0.000630	0.000630	0.000630	0.000630	0.000630	0.000630	0.000630	0.003538	0.000630	0.000630	0.002838	0.000933	0.000821	0.000630	0.000630	0.008205	0.008809	0.000630	0.000630	0.000630	0.000630	0.000630	0.000630	0.000630	0.000630	0.000630	0.000630	0.946623	
0.000666	0.002405	0.000666	0.000666	0.000666	0.000666	0.000666	0.000666	0.000666	0.000666	0.000666	0.000666	0.000666	0.001007	0.000666	0.000666	0.000666	0.000666	0.000666	0.000666	0.000666	0.000666	0.000666	0.000666	0.000666	0.000666	0.000666	0.000666	0.000666	0.004728	0.000666	0.000666	0.002481	0.001686	0.001277	0.000666	0.000666	0.005524	0.007212	0.000666	0.000666	0.000666	0.000666	0.000666	0.000666	0.000666	0.000666	0.000666	0.000666	0.946370	
0.000634	0.001022	0.000634	0.000634	0.000634	0.000634	0.000634	0.000634	0.000634	0.000634	0.000634	0.000634	0.000634	0.000776	0.000634	0.000634	0.000634	0.000634	0.000634	0.000634	0.000634	0.000634	0.000634	0.000634	0.000634	0.000634	0.000634	0.000634	0.000634	0.003764	0.000634	0.000634	0.003515	0.000841	0.000770	0.000634	0.000634	0.013684	0.007223	0.000634	0.000634	0.000634	0.000634	0.000634	0.000634	0.000634	0.000634	0.000634	0.000634	0.942428	
0.000653	0.004523	0.000653	0.000653	0.000653	0.000653	0.000653	0.000653	0.000653	0.000653	0.000653	0.000653	0.000653	0.000907	0.000653	0.000653	0.000653	0.000653	0.000653	0.000653	0.000653	0.000653	0.000653	0.000653	0.000653	0.000653	0.000653	0.000653	0.000653	0.002211	0.000653	0.000653	0.003113	0.002014	0.001516	0.000653	0.000653	0.004231	0.009055	0.000653	0.000653	0.000653	0.000653	0.000653	0.000653	0.000653	0.000653	0.000653	0.000653	0.945647	
0.000673	0.004530	0.000673	0.000673	0.000673	0.000673	0.000673	0.000673	0.000673	0.000673	0.000673	0.000673	0.000673	0.000803	0.000673	0.000673	0.000673	0.000673	0.000673	0.000673	0.000673	0.000673	0.000673	0.000673	0.000673	0.000673	0.000673	0.000673	0.000673	0.003606	0.000673	0.000673	0.003107	0.002795	0.000798	0.000673	0.000673	0.002211	0.009957	0.000673	0.000673	0.000673	0.000673	0.000673	0.000673	0.000673	0.000673	0.000673	0.000673	0.944591	
0.000728	0.010609	0.000728	0.000728	0.000728	0.000728	0.000728	0.000728	0.000728	0.000728	0.000728	0.000728	0.000728	0.001195	0.000728	0.000728	0.000728	0.000728	0.000728	0.000728	0.000728	0.000728	0.000728	0.000728	0.000728	0.000728	0.000728	0.000728	0.000728	0.001164	0.000728	0.000728	0.002401	0.000959	0.001023	0.000728	0.000728	0.004831	0.012756	0.000728	0.000728	0.000728	0.000728	0.000728	0.000728	0.000728	0.000728	0.000728	0.000728	0.935216	
0.000705	0.008060	0.000705	0.000705	0.000705	0.000705	0.000705	0.000705	0.000705	0.000705	0.000705	0.000705	0.000705	0.000916	0.000705	0.000705	0.000705	0.000705	0.000705	0.000705	0.000705	0.000705	0.000705	0.000705	0.000705	0.000705	0.000705	0.000705	0.000705	0.002145	0.000705	0.000705	0.003486	0.001933	0.000907	0.000705	0.000705	0.006285	0.010347	0.000705	0.000705	0.000705	0.000705	0.000705	0.000705	0.000705	0.000705	0.000705	0.000705	0.937025	
0.000695	0.007417	0.000695	0.000695	0.000695	0.000695	0.000695	0.000695	0.000695	0.000695	0.000695	0.000695	0.000695	0.001143	0.000695	0.000695	0.000695	0.000695	0.000695	0.000695	0.000695	0.000695	0.000695	0.000695	0.000695	0.000695	0.000695	0.000695	0.000695	0.002038	0.000695	0.000695	0.002488	0.001103	0.000877	0.000695	0.000695	0.005381	0.011791	0.000695	0.000695	0.000695	0.000695	0.000695	0.000695	0.000695	0.000695	0.000695	0.000695	0.939248	
0.000596	0.001017	0.000596	0.000596	0.000596	0.000596	0.000596	0.000596	0.000596	0.000596	0.000596	0.000596	0.000596	0.000971	0.000596	0.000596	0.000596	0.000596	0.000596	0.000596	0.000596	0.000596	0.000596	0.000596	0.000596	0.000596	0.000596	0.000596	0.000596	0.001962	0.000596	0.000596	0.002309	0.001704	0.000757	0.000596	0.000596	0.001774	0.012739	0.000596	0.000596	0.000596	0.000596	0.000596	0.000596	0.000596	0.000596	0.000596	0.000596	0.952323	
0.000612	0.001921	0.000612	0.000612	0.000612	0.000612	0.000612	0.000612	0.000612	0.000612	0.000612	0.000612	0.000612	0.001162	0.000612	0.000612	0.000612	0.000612	0.000612	0.000612	0.000612	0.000612	0.000612	0.000612	0.000612	0.000612	0.000612	0.000612	0.000612	0.002053	0.000612	0.000612	0.002270	0.001596	0.000749	0.000612	0.000612	0.001568	0.012693	0.000612	0.000612	0.000612	0.000612	0.000612	0.000612	0.000612	0.000612	0.000612	0.000612	0.950896	
0.000606	0.001373	0.000606	0.000606	0.000606	0.000606	0.000606	0.000606	0.000606	0.000606	0.000606	0.000606	0.000606	0.000999	0.000606	0.000606	0.000606	0.000606	0.000606	0.000606	0.000606	0.000606	0.000606	0.000606	0.000606	0.000606	0.000606	0.000606	0.000606	0.002108	0.000606	0.000606	0.002545	0.001379	0.001077	0.000606	0.000606	0.004430	0.010895	0.000606	0.000606	0.000606	0.000606	0.000606	0.000606	0.000606	0.000606	0.000606	0.000606	0.950335	
0.000624	0.001140	0.000624	0.000624	0.000624	0.000624	0.000624	0.000624	0.000624	0.000624	0.000624	0.000624	0.000624	0.003602	0.000624	0.000624	0.000624	0.000624	0.000624	0.000624	0.000624	0.000624	0.000624	0.000624	0.000624	0.000624	0.000624	0.000624	0.000624	0.002839	0.000624	0.000624	0.005782	0.002620	0.000778	0.000624	0.000624	0.001577	0.005878	0.000624	0.000624	0.000624	0.000624	0.000624	0.000624	0.000624	0.000624	0.000624	0.000624	0.950194	
0.000610	0.000886	0.000610	0.000610	0.000610	0.000610	0.000610	0.000610	0.000610	0.000610	0.000610	0.000610	0.000610	0.003044	0.000610	0.000610	0.000610	0.000610	0.000610	0.000610	0.000610	0.000610	0.000610	0.000610	0.000610	0.000610	0.000610	0.000610	0.000610	0.002233	0.000610	0.000610	0.004490	0.001903	0.001956	0.000610	0.000610	0.001552	0.005016	0.000610	0.000610	0.000610	0.000610	0.000610	0.000610	0.000610	0.000610	0.000610	0.000610	0.953916	
0.000618	0.001010	0.000618	0.000618	0.000618	0.000618	0.000618	0.000618	0.000618	0.000618	0.000618	0.000618	0.000618	0.004659	0.000618	0.000618	0.000618	0.000618	0.000618	0.000618	0.000618	0.000618	0.000618	0.000618	0.000618	0.000618	0.000618	0.000618	0.000618	0.002128	0.000618	0.000618	0.005554	0.001387	0.000796	0.000618	0.000618	0.001862	0.006287	0.000618	0.000618	0.000618	0.000618	0.000618	0.000618	0.000618	0.000618	0.000618	0.000618	0.950996	
0.000681	0.005600	0.000681	0.000681	0.000681	0.000681	0.000681	0.000681	0.000681	0.000681	0.000681	0.000681	0.000681	0.002753	0.000681	0.000681	0.000681	0.000681	0.000681	0.000681	0.000681	0.000681	0.000681	0.000681	0.000681	0.000681	0.000681	0.000681	0.000681	0.002464	0.000681	0.000681	0.003770	0.001585	0.000916	0.000681	0.000681	0.002012	0.009116	0.000681	0.000681	0.000681	0.000681	0.000681	0.000681	0.000681	0.000681	0.000681	0.000681	0.943854	
0.000622	0.001973	0.000622	0.000622	0.000622	0.000622	0.000622	0.000622	0.000622	0.000622	0.000622	0.000622	0.000622	0.001918	0.000622	0.000622	0.000622	0.000622	0.000622	0.000622	0.000622	0.000622	0.000622	0.000622	0.000622	0.000622	0.000622	0.000622	0.000622	0.002099	0.000622	0.000622	0.004986	0.001624	0.001056	0.000622	0.000622	0.009358	0.006617	0.000622	0.000622	0.000622	0.000622	0.000622	0.000622	0.000622	0.000622	0.000622	0.000622	0.944877	
0.000668	0.005470	0.000668	0.000668	0.000668	0.000668	0.000668	0.000668	0.000668	0.000668	0.000668	0.000668	0.000668	0.002183	0.000668	0.000668	0.000668	0.000668	0.000668	0.000668	0.000668	0.000668	0.000668	0.000668	0.000668	0.000668	0.000668	0.000668	0.000668	0.001876	0.000668	0.000668	0.003746	0.001411	0.001013	0.000668	0.000668	0.004413	0.009455	0.000668	0.000668	0.000668	0.000668	0.000668	0.000668	0.000668	0.000668	0.000668	0.000668	0.943031	
0.000607	0.000931	0.000607	0.000607	0.000607	0.000607	0.000607	0.000607	0.000607	0.000607	0.000607	0.000607	0.000607	0.001279	0.000607	0.000607	0.000607	0.000607	0.000607	0.000607	0.000607	0.000607	0.000607	0.000607	0.000607	0.000607	0.000607	0.000607	0.000607	0.002257	0.000607	0.000607	0.004600	0.001496	0.001350	0.000607	0.000607	0.011100	0.006046	0.000607	0.000607	0.000607	0.000607	0.000607	0.000607	0.000607	0.000607	0.000607	0.000607	0.946034	
0.000596	0.001649	0.000596	0.000596	0.000596	0.000596	0.000596	0.000596	0.000596	0.000596	0.000596	0.000596	0.000596	0.000840	0.000596	0.000596	0.000596	0.000596	0.000596	0.000596	0.000596	0.000596	0.000596	0.000596	0.000596	0.000596	0.000596	0.000596	0.000596	0.001021	0.000596	0.000596	0.002456	0.000887	0.003871	0.000596	0.000596	0.006035	0.003844	0.000596	0.000596	0.000596	0.000596	0.000596	0.000596	0.000596	0.000596	0.000596	0.000596	0.954961	
0.000639	0.002133	0.000639	0.000639	0.000639	0.000639	0.000639	0.000639	0.000639	0.000639	0.000639	0.000639	0.000639	0.001014	0.000639	0.000639	0.000639	0.000639	0.000639	0.000639	0.000639	0.000639	0.000639	0.000639	0.000639	0.000639	0.000639	0.000639	0.000639	0.003306	0.000639	0.000639	0.004160	0.002307	0.001577	0.000639	0.000639	0.007552	0.005523	0.000639	0.000639	0.000639	0.000639	0.000639	0.000639	0.000639	0.000639	0.000639	0.000639	0.946250	
