0	0	0	0	0	0	16	
0	0	0	0	0	16	0	
4	66	0	1	12	42	0	
0	2	0	0	36	49	3	
0	0	0	0	0	0	0	
0	20	0	0	0	0	0	
0	69	0	0	0	0	0	
0	0	0	0	14	0	17	
17	38	1	0	0	0	0	
0	0	0	0	14	0	0	
0	0	0	0	82	0	0	
240	1	0	0	0	0	52	
11	0	0	0	0	0	0	
13	0	0	207	0	1	133	
18	0	0	0	0	93	0	
0	0	0	0	14	0	0	
1	0	194	0	109	0	0	
0	0	0	0	0	28	0	
0	2	100	0	0	0	0	
1	35	50	0	0	0	57	
0	60	0	1	56	0	40	
0	0	2	0	36	0	0	
0	22	0	0	0	9	19	
0	0	0	130	0	0	0	
0	0	0	0	0	0	62	
0	0	0	146	0	0	0	
0	18	0	0	0	0	0	
0	0	0	0	14	0	0	
0	0	19	0	0	19	0	
0	82	0	0	0	0	0	
189	0	1	0	0	0	0	
0	0	9	0	0	0	0	
0	0	1	51	0	0	0	
0	0	0	0	14	0	0	
0	0	0	0	14	0	0	
0	0	0	0	0	45	0	
91	0	0	0	0	0	0	
0	0	0	56	1	63	6	
0	0	0	23	0	0	0	
0	119	0	0	0	0	0	
0	0	0	157	43	151	0	
0	0	0	48	0	78	0	
52	0	0	0	0	0	60	
0	0	0	0	96	0	0	
0	0	0	0	0	0	34	
0	68	0	59	82	5	6	
0	26	0	55	0	25	1	
0	0	0	0	0	65	11	
0	0	0	0	0	12	0	
0	0	272	0	0	0	0	
