0.026055	0.004310	0.000148	0.082608	0.000672	0.001436	0.010381	0.003711	0.003851	0.001017	0.001244	0.001047	0.000148	0.006256	0.001648	0.010254	0.011951	0.000641	0.107487	0.001783	0.005613	0.009655	0.000711	0.001440	0.001287	0.008765	0.306623	0.001306	0.008809	0.001836	0.000148	0.004269	0.001580	0.005533	0.005982	0.001836	0.002173	0.004667	0.002767	0.013573	0.012599	0.107305	0.000148	0.000148	0.000148	0.143337	0.001086	0.064229	0.002274	0.003502	
0.012023	0.007816	0.000149	0.095560	0.001640	0.002521	0.033499	0.015507	0.015955	0.001749	0.007477	0.001804	0.000149	0.020056	0.006616	0.069852	0.015865	0.003571	0.049505	0.002325	0.014781	0.019956	0.002574	0.003765	0.003252	0.013428	0.161280	0.002843	0.060320	0.007424	0.000149	0.011876	0.004224	0.017895	0.018585	0.007424	0.011290	0.017211	0.007603	0.018179	0.040864	0.049264	0.000149	0.000149	0.000149	0.094425	0.004191	0.032716	0.004065	0.006327	
0.008243	0.020019	0.000147	0.080880	0.003628	0.006294	0.016437	0.026691	0.027193	0.004293	0.004854	0.004436	0.000147	0.009870	0.011323	0.041751	0.025523	0.002183	0.034028	0.003660	0.024983	0.034487	0.004338	0.003537	0.007305	0.027948	0.105372	0.006720	0.035955	0.012720	0.000147	0.027535	0.009663	0.036478	0.039599	0.012720	0.006501	0.020341	0.017555	0.028968	0.020248	0.033638	0.000147	0.000147	0.000147	0.095556	0.007132	0.022057	0.010297	0.016159	
0.002042	0.008461	0.000151	0.179452	0.000574	0.002722	0.078592	0.004093	0.004795	0.001885	0.010003	0.001944	0.000151	0.046973	0.001811	0.096060	0.039319	0.004853	0.008575	0.005574	0.012825	0.025743	0.000773	0.007677	0.001299	0.024078	0.078533	0.001798	0.082828	0.002018	0.000151	0.003482	0.001309	0.005831	0.005496	0.002018	0.017987	0.020240	0.002268	0.045049	0.095430	0.007972	0.000151	0.000151	0.000151	0.034787	0.001188	0.009494	0.004396	0.006847	
0.002473	0.028636	0.000145	0.136928	0.000922	0.008959	0.076598	0.029837	0.030895	0.006089	0.003276	0.006294	0.000145	0.045780	0.012647	0.029810	0.015001	0.001598	0.010001	0.002202	0.024492	0.032101	0.004833	0.009534	0.001812	0.030732	0.082134	0.005073	0.025699	0.014210	0.000145	0.006253	0.002267	0.025472	0.017981	0.014210	0.009705	0.035824	0.004027	0.017537	0.092773	0.009772	0.000145	0.000145	0.000145	0.031674	0.007959	0.007311	0.014698	0.023102	
0.001177	0.010516	0.000148	0.171588	0.001403	0.003355	0.094176	0.013994	0.014919	0.002311	0.006545	0.002386	0.000148	0.056273	0.005978	0.061122	0.022492	0.003138	0.004749	0.003242	0.015415	0.023105	0.002334	0.009210	0.002831	0.018575	0.079820	0.002979	0.052727	0.006706	0.000148	0.010025	0.003580	0.016185	0.016089	0.006706	0.014912	0.029909	0.006426	0.026143	0.114189	0.004405	0.000148	0.000148	0.000148	0.034078	0.003791	0.005665	0.005444	0.008502	
0.001087	0.036845	0.000147	0.165460	0.004729	0.011500	0.008131	0.006140	0.006518	0.007804	0.001981	0.008068	0.000147	0.004913	0.002670	0.012779	0.090972	0.000734	0.005432	0.012723	0.027356	0.060360	0.001094	0.004524	0.010009	0.070425	0.016754	0.010314	0.010466	0.002986	0.000147	0.036187	0.012670	0.032720	0.041589	0.002986	0.002233	0.005674	0.023054	0.102911	0.010157	0.004035	0.000147	0.000147	0.000147	0.068752	0.001724	0.003041	0.018892	0.029717	
0.001324	0.010976	0.000144	0.073056	0.010348	0.003495	0.042755	0.022021	0.022621	0.002404	0.002939	0.002482	0.000144	0.025579	0.009356	0.014190	0.006544	0.000832	0.005125	0.001030	0.016929	0.019490	0.003598	0.004869	0.020601	0.012096	0.044492	0.012587	0.012248	0.010507	0.000144	0.080416	0.028035	0.067430	0.094160	0.010507	0.005168	0.023349	0.051164	0.007711	0.052412	0.005026	0.000144	0.000144	0.000144	0.135083	0.005901	0.003730	0.005677	0.008872	
0.001823	0.008006	0.000155	0.087051	0.004667	0.002583	0.008293	0.008044	0.008233	0.001793	0.016986	0.001849	0.000155	0.005012	0.003476	0.158886	0.043269	0.007945	0.007717	0.006124	0.016566	0.030385	0.001400	0.001639	0.009511	0.025392	0.025278	0.006098	0.137131	0.003892	0.000155	0.035653	0.012489	0.029317	0.041367	0.003892	0.020261	0.006898	0.022717	0.048971	0.010946	0.007054	0.000155	0.000155	0.000155	0.095547	0.002231	0.012039	0.004165	0.006481	
0.007688	0.004910	0.000146	0.109223	0.007523	0.001620	0.013281	0.009506	0.009724	0.001140	0.002588	0.001174	0.000146	0.007987	0.004087	0.014732	0.045771	0.000846	0.032044	0.006463	0.018214	0.032197	0.001624	0.001746	0.015251	0.023844	0.096690	0.008700	0.012455	0.004580	0.000146	0.058176	0.020309	0.044609	0.065992	0.004580	0.002915	0.008928	0.037030	0.051839	0.016581	0.031342	0.000146	0.000146	0.000146	0.132684	0.002609	0.019358	0.002579	0.003984	
0.007446	0.004759	0.000151	0.034467	0.009934	0.001577	0.006317	0.002625	0.002727	0.001113	0.010746	0.001146	0.000151	0.003831	0.001193	0.090879	0.007337	0.004611	0.030435	0.001146	0.003689	0.006477	0.000542	0.001141	0.019771	0.007158	0.088816	0.011249	0.078560	0.001323	0.000151	0.077105	0.026889	0.053114	0.083310	0.001323	0.011777	0.003078	0.049063	0.008324	0.008631	0.030324	0.000151	0.000151	0.000151	0.175456	0.000802	0.022516	0.002505	0.003864	
0.001271	0.007548	0.000144	0.109304	0.005811	0.002435	0.009267	0.036531	0.036974	0.001689	0.004334	0.001742	0.000144	0.005590	0.015465	0.034095	0.056164	0.001793	0.005666	0.007901	0.039580	0.055696	0.005889	0.001668	0.011909	0.030561	0.019728	0.007254	0.029130	0.017380	0.000144	0.044726	0.015634	0.051745	0.061904	0.017380	0.004973	0.024857	0.028480	0.063560	0.011692	0.004804	0.000144	0.000144	0.000144	0.082696	0.009720	0.004558	0.003926	0.006110	
0.011040	0.009157	0.000141	0.058616	0.001253	0.002930	0.019548	0.059949	0.060689	0.002022	0.001681	0.002087	0.000141	0.011725	0.025323	0.013766	0.006349	0.000809	0.045316	0.001001	0.043163	0.043369	0.009585	0.002704	0.002412	0.010469	0.139958	0.002624	0.011882	0.028471	0.000141	0.008887	0.003180	0.041845	0.032086	0.028471	0.003315	0.041753	0.005700	0.007311	0.023740	0.045221	0.000141	0.000141	0.000141	0.074154	0.015880	0.027559	0.004746	0.007406	
0.002901	0.006233	0.000143	0.060971	0.001569	0.002027	0.034050	0.066023	0.066907	0.001414	0.007594	0.001457	0.000143	0.020382	0.027882	0.071048	0.004637	0.003628	0.011621	0.000765	0.046937	0.045826	0.010545	0.003648	0.003030	0.007249	0.056432	0.002541	0.061429	0.031349	0.000143	0.011362	0.004041	0.046576	0.037006	0.031349	0.011485	0.048796	0.007274	0.005487	0.041532	0.011552	0.000143	0.000143	0.000143	0.046405	0.017480	0.010398	0.003254	0.005050	
0.003524	0.010290	0.000140	0.092690	0.001318	0.003280	0.052079	0.065289	0.066336	0.002258	0.001807	0.002331	0.000140	0.031142	0.027571	0.014940	0.007770	0.000865	0.014257	0.001196	0.047224	0.047764	0.010427	0.005591	0.002555	0.012044	0.076659	0.002857	0.012887	0.031000	0.000140	0.009409	0.003360	0.045445	0.034670	0.031000	0.005979	0.052392	0.006031	0.009171	0.063089	0.014139	0.000140	0.000140	0.000140	0.036425	0.017284	0.009172	0.005325	0.008318	
0.000878	0.150952	0.000155	0.018429	0.000740	0.046805	0.006064	0.006635	0.007822	0.031616	0.006523	0.032701	0.000155	0.003682	0.002883	0.061584	0.005270	0.003174	0.003224	0.000863	0.005944	0.032090	0.001178	0.015847	0.001365	0.130374	0.012763	0.022477	0.053242	0.003224	0.000155	0.004758	0.001754	0.028646	0.007553	0.003224	0.008161	0.005519	0.003081	0.005985	0.007592	0.003146	0.000155	0.000155	0.000155	0.045647	0.001860	0.004949	0.077181	0.121661	
0.001581	0.117640	0.000153	0.061767	0.000892	0.036498	0.033330	0.004114	0.005251	0.024665	0.005897	0.025510	0.000153	0.019957	0.001821	0.055310	0.007529	0.002863	0.006173	0.001175	0.004770	0.026214	0.000779	0.014816	0.001688	0.103067	0.040556	0.017846	0.047801	0.002029	0.000153	0.005967	0.002174	0.023194	0.007912	0.002029	0.009500	0.010078	0.003849	0.008750	0.040549	0.006059	0.000153	0.000153	0.000153	0.044932	0.001196	0.006368	0.060164	0.094819	
0.007211	0.111413	0.000151	0.055071	0.000679	0.034570	0.018918	0.008337	0.009355	0.023364	0.001866	0.024164	0.000151	0.011353	0.003598	0.016274	0.009310	0.000940	0.029495	0.001419	0.008149	0.028876	0.001444	0.012958	0.001276	0.098549	0.095193	0.016723	0.014033	0.004029	0.000151	0.004301	0.001593	0.023642	0.007740	0.004029	0.003580	0.009469	0.002789	0.010653	0.022947	0.029354	0.000151	0.000151	0.000151	0.063072	0.002305	0.018270	0.056983	0.089801	
0.008522	0.009467	0.000150	0.161149	0.001196	0.003033	0.005545	0.004788	0.004938	0.002094	0.007115	0.002161	0.000150	0.003371	0.002103	0.067392	0.082317	0.003426	0.036042	0.011527	0.024222	0.050170	0.000883	0.001549	0.002873	0.043455	0.100692	0.002606	0.057751	0.002347	0.000150	0.008372	0.003007	0.009611	0.011311	0.002347	0.008758	0.004252	0.005376	0.093104	0.007017	0.034778	0.000150	0.000150	0.000150	0.070518	0.001371	0.023975	0.004909	0.007658	
0.001380	0.025017	0.000137	0.021628	0.001320	0.007833	0.007207	0.102471	0.103602	0.005327	0.001812	0.005506	0.000137	0.004357	0.043225	0.014985	0.005120	0.000865	0.005357	0.000827	0.072317	0.072543	0.016295	0.003245	0.002542	0.023404	0.019591	0.004979	0.012944	0.048611	0.000137	0.009449	0.003372	0.069118	0.048718	0.048611	0.002506	0.065460	0.006055	0.005826	0.008827	0.005280	0.000137	0.000137	0.000137	0.027634	0.027067	0.003917	0.012845	0.020184	
0.001244	0.016096	0.000141	0.137242	0.001080	0.005077	0.024581	0.054759	0.055542	0.003470	0.001701	0.003585	0.000141	0.014729	0.023138	0.014598	0.059939	0.000830	0.005621	0.008421	0.053170	0.070874	0.008765	0.003832	0.002479	0.039445	0.030488	0.003439	0.012245	0.026013	0.000141	0.007529	0.002708	0.038941	0.029091	0.026013	0.003757	0.039652	0.004837	0.067948	0.029816	0.004701	0.000141	0.000141	0.000141	0.022417	0.014514	0.003536	0.008291	0.012997	
0.001357	0.024252	0.000153	0.079651	0.006387	0.007608	0.008802	0.003435	0.003704	0.005181	0.013404	0.005355	0.000153	0.005316	0.001535	0.121666	0.038969	0.006115	0.005728	0.005528	0.012281	0.027740	0.000672	0.003318	0.012920	0.037332	0.020281	0.010270	0.104974	0.001708	0.000153	0.049193	0.017193	0.037936	0.054054	0.001708	0.015727	0.004141	0.031322	0.044112	0.011525	0.005131	0.000153	0.000153	0.000153	0.109430	0.001017	0.009068	0.012463	0.019571	
0.001335	0.040467	0.000146	0.071159	0.008547	0.012619	0.040832	0.015798	0.016541	0.008558	0.002506	0.008848	0.000146	0.024431	0.006736	0.012303	0.007048	0.000741	0.005170	0.001102	0.012745	0.020663	0.002617	0.007676	0.017001	0.037349	0.043203	0.014908	0.010613	0.007560	0.000146	0.066232	0.023108	0.058693	0.076669	0.007560	0.004788	0.019041	0.042150	0.008266	0.049957	0.005063	0.000146	0.000146	0.000146	0.117219	0.004265	0.003659	0.020742	0.032635	
0.005236	0.039167	0.000158	0.047821	0.001873	0.012225	0.014847	0.003377	0.003799	0.008296	0.018654	0.008577	0.000158	0.008926	0.001513	0.178525	0.010631	0.008926	0.021322	0.001608	0.005047	0.014474	0.000666	0.005339	0.003669	0.037785	0.069373	0.007601	0.154332	0.001683	0.000158	0.013653	0.004847	0.016555	0.015862	0.001683	0.023217	0.005465	0.008735	0.012114	0.018767	0.021161	0.000158	0.000158	0.000158	0.087634	0.001005	0.021390	0.020083	0.031589	
