0.000660	0.001109	0.000660	0.000660	0.000660	0.000660	0.000660	0.000660	0.000660	0.000660	0.000660	0.000660	0.000660	0.000787	0.000660	0.000660	0.000660	0.000660	0.000660	0.000660	0.000660	0.000660	0.000660	0.000660	0.000660	0.000660	0.000660	0.000660	0.000660	0.001533	0.000660	0.000660	0.001546	0.000892	0.004520	0.000660	0.000660	0.008131	0.010498	0.000660	0.000660	0.000660	0.000660	0.000660	0.000660	0.000660	0.000660	0.000660	0.000660	0.943917	
0.000710	0.001562	0.000710	0.000710	0.000710	0.000710	0.000710	0.000710	0.000710	0.000710	0.000710	0.000710	0.000710	0.000879	0.000710	0.000710	0.000710	0.000710	0.000710	0.000710	0.000710	0.000710	0.000710	0.000710	0.000710	0.000710	0.000710	0.000710	0.000710	0.001978	0.000710	0.000710	0.002196	0.002579	0.003040	0.000710	0.000710	0.001380	0.002782	0.000710	0.000710	0.000710	0.000710	0.000710	0.000710	0.000710	0.000710	0.000710	0.000710	0.954478	
0.000728	0.001136	0.000728	0.000728	0.000728	0.000728	0.000728	0.000728	0.000728	0.000728	0.000728	0.000728	0.000728	0.000857	0.000728	0.000728	0.000728	0.000728	0.000728	0.000728	0.000728	0.000728	0.000728	0.000728	0.000728	0.000728	0.000728	0.000728	0.000728	0.001423	0.000728	0.000728	0.001484	0.001794	0.005471	0.000728	0.000728	0.001286	0.002092	0.000728	0.000728	0.000728	0.000728	0.000728	0.000728	0.000728	0.000728	0.000728	0.000728	0.954617	
0.000591	0.000973	0.000591	0.000591	0.000591	0.000591	0.000591	0.000591	0.000591	0.000591	0.000591	0.000591	0.000591	0.001044	0.000591	0.000591	0.000591	0.000591	0.000591	0.000591	0.000591	0.000591	0.000591	0.000591	0.000591	0.000591	0.000591	0.000591	0.000591	0.001153	0.000591	0.000591	0.001254	0.002194	0.000811	0.000591	0.000591	0.014352	0.017666	0.000591	0.000591	0.000591	0.000591	0.000591	0.000591	0.000591	0.000591	0.000591	0.000591	0.936322	
0.000593	0.001337	0.000593	0.000593	0.000593	0.000593	0.000593	0.000593	0.000593	0.000593	0.000593	0.000593	0.000593	0.002264	0.000593	0.000593	0.000593	0.000593	0.000593	0.000593	0.000593	0.000593	0.000593	0.000593	0.000593	0.000593	0.000593	0.000593	0.000593	0.001047	0.000593	0.000593	0.001564	0.000736	0.000808	0.000593	0.000593	0.009714	0.011992	0.000593	0.000593	0.000593	0.000593	0.000593	0.000593	0.000593	0.000593	0.000593	0.000593	0.946228	
0.000584	0.001279	0.000584	0.000584	0.000584	0.000584	0.000584	0.000584	0.000584	0.000584	0.000584	0.000584	0.000584	0.001745	0.000584	0.000584	0.000584	0.000584	0.000584	0.000584	0.000584	0.000584	0.000584	0.000584	0.000584	0.000584	0.000584	0.000584	0.000584	0.001199	0.000584	0.000584	0.001587	0.001326	0.001013	0.000584	0.000584	0.012266	0.015217	0.000584	0.000584	0.000584	0.000584	0.000584	0.000584	0.000584	0.000584	0.000584	0.000584	0.940408	
0.000580	0.001134	0.000580	0.000580	0.000580	0.000580	0.000580	0.000580	0.000580	0.000580	0.000580	0.000580	0.000580	0.001673	0.000580	0.000580	0.000580	0.000580	0.000580	0.000580	0.000580	0.000580	0.000580	0.000580	0.000580	0.000580	0.000580	0.000580	0.000580	0.001073	0.000580	0.000580	0.001381	0.000779	0.001662	0.000580	0.000580	0.013396	0.016452	0.000580	0.000580	0.000580	0.000580	0.000580	0.000580	0.000580	0.000580	0.000580	0.000580	0.938680	
0.000596	0.005998	0.000596	0.000596	0.000596	0.000596	0.000596	0.000596	0.000596	0.000596	0.000596	0.000596	0.000596	0.000891	0.000596	0.000596	0.000596	0.000596	0.000596	0.000596	0.000596	0.000596	0.000596	0.000596	0.000596	0.000596	0.000596	0.000596	0.000596	0.002030	0.000596	0.000596	0.006715	0.001525	0.001317	0.000596	0.000596	0.002714	0.004571	0.000596	0.000596	0.000596	0.000596	0.000596	0.000596	0.000596	0.000596	0.000596	0.000596	0.949790	
0.000596	0.005059	0.000596	0.000596	0.000596	0.000596	0.000596	0.000596	0.000596	0.000596	0.000596	0.000596	0.000596	0.000883	0.000596	0.000596	0.000596	0.000596	0.000596	0.000596	0.000596	0.000596	0.000596	0.000596	0.000596	0.000596	0.000596	0.000596	0.000596	0.001230	0.000596	0.000596	0.005375	0.001943	0.001258	0.000596	0.000596	0.005213	0.006770	0.000596	0.000596	0.000596	0.000596	0.000596	0.000596	0.000596	0.000596	0.000596	0.000596	0.947813	
0.000554	0.005933	0.000554	0.000554	0.000554	0.000554	0.000554	0.000554	0.000554	0.000554	0.000554	0.000554	0.000554	0.001239	0.000554	0.000554	0.000554	0.000554	0.000554	0.000554	0.000554	0.000554	0.000554	0.000554	0.000554	0.000554	0.000554	0.000554	0.000554	0.001254	0.000554	0.000554	0.006283	0.000702	0.000813	0.000554	0.000554	0.006338	0.008195	0.000554	0.000554	0.000554	0.000554	0.000554	0.000554	0.000554	0.000554	0.000554	0.000554	0.946523	
0.000581	0.005489	0.000581	0.000581	0.000581	0.000581	0.000581	0.000581	0.000581	0.000581	0.000581	0.000581	0.000581	0.001775	0.000581	0.000581	0.000581	0.000581	0.000581	0.000581	0.000581	0.000581	0.000581	0.000581	0.000581	0.000581	0.000581	0.000581	0.000581	0.001159	0.000581	0.000581	0.005778	0.001545	0.000777	0.000581	0.000581	0.003192	0.004292	0.000581	0.000581	0.000581	0.000581	0.000581	0.000581	0.000581	0.000581	0.000581	0.000581	0.952171	
0.000579	0.004506	0.000579	0.000579	0.000579	0.000579	0.000579	0.000579	0.000579	0.000579	0.000579	0.000579	0.000579	0.001179	0.000579	0.000579	0.000579	0.000579	0.000579	0.000579	0.000579	0.000579	0.000579	0.000579	0.000579	0.000579	0.000579	0.000579	0.000579	0.000981	0.000579	0.000579	0.004707	0.000745	0.000874	0.000579	0.000579	0.007224	0.008954	0.000579	0.000579	0.000579	0.000579	0.000579	0.000579	0.000579	0.000579	0.000579	0.000579	0.947084	
0.000664	0.003176	0.000664	0.000664	0.000664	0.000664	0.000664	0.000664	0.000664	0.000664	0.000664	0.000664	0.000664	0.000856	0.000664	0.000664	0.000664	0.000664	0.000664	0.000664	0.000664	0.000664	0.000664	0.000664	0.000664	0.000664	0.000664	0.000664	0.000664	0.001270	0.000664	0.000664	0.003478	0.001395	0.001715	0.000664	0.000664	0.002493	0.003464	0.000664	0.000664	0.000664	0.000664	0.000664	0.000664	0.000664	0.000664	0.000664	0.000664	0.954936	
0.000638	0.004580	0.000638	0.000638	0.000638	0.000638	0.000638	0.000638	0.000638	0.000638	0.000638	0.000638	0.000638	0.000995	0.000638	0.000638	0.000638	0.000638	0.000638	0.000638	0.000638	0.000638	0.000638	0.000638	0.000638	0.000638	0.000638	0.000638	0.000638	0.001183	0.000638	0.000638	0.004853	0.001460	0.000992	0.000638	0.000638	0.001531	0.002255	0.000638	0.000638	0.000638	0.000638	0.000638	0.000638	0.000638	0.000638	0.000638	0.000638	0.955991	
0.000669	0.002402	0.000669	0.000669	0.000669	0.000669	0.000669	0.000669	0.000669	0.000669	0.000669	0.000669	0.000669	0.001039	0.000669	0.000669	0.000669	0.000669	0.000669	0.000669	0.000669	0.000669	0.000669	0.000669	0.000669	0.000669	0.000669	0.000669	0.000669	0.002572	0.000669	0.000669	0.003353	0.000897	0.000899	0.000669	0.000669	0.002263	0.004485	0.000669	0.000669	0.000669	0.000669	0.000669	0.000669	0.000669	0.000669	0.000669	0.000669	0.954644	
0.000686	0.001016	0.000686	0.000686	0.000686	0.000686	0.000686	0.000686	0.000686	0.000686	0.000686	0.000686	0.000686	0.000870	0.000686	0.000686	0.000686	0.000686	0.000686	0.000686	0.000686	0.000686	0.000686	0.000686	0.000686	0.000686	0.000686	0.000686	0.000686	0.009565	0.000686	0.000686	0.005455	0.002048	0.001049	0.000686	0.000686	0.001239	0.010229	0.000686	0.000686	0.000686	0.000686	0.000686	0.000686	0.000686	0.000686	0.000686	0.000686	0.940413	
0.000683	0.000862	0.000683	0.000683	0.000683	0.000683	0.000683	0.000683	0.000683	0.000683	0.000683	0.000683	0.000683	0.000811	0.000683	0.000683	0.000683	0.000683	0.000683	0.000683	0.000683	0.000683	0.000683	0.000683	0.000683	0.000683	0.000683	0.000683	0.000683	0.011095	0.000683	0.000683	0.006068	0.001401	0.001082	0.000683	0.000683	0.001297	0.011832	0.000683	0.000683	0.000683	0.000683	0.000683	0.000683	0.000683	0.000683	0.000683	0.000683	0.937565	
0.000668	0.001224	0.000668	0.000668	0.000668	0.000668	0.000668	0.000668	0.000668	0.000668	0.000668	0.000668	0.000668	0.000768	0.000668	0.000668	0.000668	0.000668	0.000668	0.000668	0.000668	0.000668	0.000668	0.000668	0.000668	0.000668	0.000668	0.000668	0.000668	0.010493	0.000668	0.000668	0.006137	0.001190	0.000941	0.000668	0.000668	0.002312	0.012466	0.000668	0.000668	0.000668	0.000668	0.000668	0.000668	0.000668	0.000668	0.000668	0.000668	0.937076	
0.000659	0.001785	0.000659	0.000659	0.000659	0.000659	0.000659	0.000659	0.000659	0.000659	0.000659	0.000659	0.000659	0.000758	0.000659	0.000659	0.000659	0.000659	0.000659	0.000659	0.000659	0.000659	0.000659	0.000659	0.000659	0.000659	0.000659	0.000659	0.000659	0.001117	0.000659	0.000659	0.002014	0.003114	0.002398	0.000659	0.000659	0.006860	0.008559	0.000659	0.000659	0.000659	0.000659	0.000659	0.000659	0.000659	0.000659	0.000659	0.000659	0.946375	
0.000659	0.001060	0.000659	0.000659	0.000659	0.000659	0.000659	0.000659	0.000659	0.000659	0.000659	0.000659	0.000659	0.003008	0.000659	0.000659	0.000659	0.000659	0.000659	0.000659	0.000659	0.000659	0.000659	0.000659	0.000659	0.000659	0.000659	0.000659	0.000659	0.001245	0.000659	0.000659	0.001354	0.002257	0.000894	0.000659	0.000659	0.001567	0.002335	0.000659	0.000659	0.000659	0.000659	0.000659	0.000659	0.000659	0.000659	0.000659	0.000659	0.959263	
0.000637	0.001807	0.000637	0.000637	0.000637	0.000637	0.000637	0.000637	0.000637	0.000637	0.000637	0.000637	0.000637	0.002149	0.000637	0.000637	0.000637	0.000637	0.000637	0.000637	0.000637	0.000637	0.000637	0.000637	0.000637	0.000637	0.000637	0.000637	0.000637	0.002157	0.000637	0.000637	0.002567	0.001683	0.001566	0.000637	0.000637	0.004296	0.006547	0.000637	0.000637	0.000637	0.000637	0.000637	0.000637	0.000637	0.000637	0.000637	0.000637	0.951121	
0.000623	0.001460	0.000623	0.000623	0.000623	0.000623	0.000623	0.000623	0.000623	0.000623	0.000623	0.000623	0.000623	0.003190	0.000623	0.000623	0.000623	0.000623	0.000623	0.000623	0.000623	0.000623	0.000623	0.000623	0.000623	0.000623	0.000623	0.000623	0.000623	0.001349	0.000623	0.000623	0.001823	0.001849	0.000843	0.000623	0.000623	0.003735	0.005084	0.000623	0.000623	0.000623	0.000623	0.000623	0.000623	0.000623	0.000623	0.000623	0.000623	0.955112	
0.000625	0.001814	0.000625	0.000625	0.000625	0.000625	0.000625	0.000625	0.000625	0.000625	0.000625	0.000625	0.000625	0.003177	0.000625	0.000625	0.000625	0.000625	0.000625	0.000625	0.000625	0.000625	0.000625	0.000625	0.000625	0.000625	0.000625	0.000625	0.000625	0.001383	0.000625	0.000625	0.002193	0.001041	0.002312	0.000625	0.000625	0.003067	0.004314	0.000625	0.000625	0.000625	0.000625	0.000625	0.000625	0.000625	0.000625	0.000625	0.000625	0.955091	
0.000623	0.001547	0.000623	0.000623	0.000623	0.000623	0.000623	0.000623	0.000623	0.000623	0.000623	0.000623	0.000623	0.002195	0.000623	0.000623	0.000623	0.000623	0.000623	0.000623	0.000623	0.000623	0.000623	0.000623	0.000623	0.000623	0.000623	0.000623	0.000623	0.000983	0.000623	0.000623	0.001727	0.002664	0.001019	0.000623	0.000623	0.006690	0.008264	0.000623	0.000623	0.000623	0.000623	0.000623	0.000623	0.000623	0.000623	0.000623	0.000623	0.949357	
