0.004545	0.005367	0.013811	0.006152	0.001396	0.071386	0.097828	0.000792	0.001331	0.009830	0.000865	0.000201	0.001989	0.004417	0.002805	0.001457	0.007344	0.002140	0.143925	0.003700	0.097828	0.002906	0.001264	0.008388	0.005702	0.000792	0.004291	0.000201	0.000718	0.088952	0.001786	0.002593	0.005155	0.000201	0.039252	0.004507	0.005756	0.002652	0.015998	0.004873	0.006637	0.001751	0.005543	0.003293	0.071202	0.000718	0.001958	0.009436	0.007562	0.216802	
0.034530	0.017898	0.020369	0.016299	0.003466	0.029603	0.028397	0.000858	0.002418	0.014206	0.001125	0.000156	0.004970	0.012224	0.007610	0.001648	0.014460	0.006231	0.051976	0.004393	0.028397	0.037249	0.014728	0.021215	0.006107	0.000858	0.008317	0.000156	0.000771	0.025830	0.002066	0.004946	0.009876	0.000156	0.011452	0.010546	0.011916	0.021323	0.216221	0.020259	0.023555	0.004593	0.010550	0.042548	0.020695	0.000771	0.023472	0.065115	0.020544	0.062932	
0.042156	0.026489	0.007251	0.011729	0.001343	0.010244	0.005215	0.001697	0.007288	0.018582	0.001409	0.000137	0.002149	0.004915	0.003088	0.003453	0.045358	0.003092	0.034370	0.009742	0.005215	0.045615	0.018003	0.014299	0.007367	0.001697	0.025894	0.000137	0.001502	0.004753	0.004444	0.015280	0.029869	0.000137	0.002168	0.014798	0.008742	0.023364	0.264932	0.039334	0.029799	0.001894	0.016759	0.052112	0.003830	0.001502	0.028981	0.078850	0.007568	0.011449	
0.026612	0.015627	0.081137	0.069488	0.018657	0.052055	0.002699	0.000955	0.001284	0.010715	0.000875	0.000146	0.017264	0.004913	0.003091	0.001865	0.007341	0.002799	0.019400	0.004899	0.002699	0.028962	0.011467	0.076492	0.004282	0.000955	0.004279	0.000146	0.000854	0.002467	0.002303	0.002555	0.005169	0.000146	0.001167	0.038420	0.006330	0.015336	0.168635	0.013704	0.039266	0.001899	0.005899	0.033078	0.002003	0.000854	0.018223	0.049863	0.114175	0.006549	
0.007690	0.004866	0.111857	0.078198	0.021914	0.061873	0.003755	0.000633	0.002098	0.016504	0.001282	0.000154	0.027284	0.055489	0.034332	0.001173	0.012447	0.025021	0.019520	0.003082	0.003755	0.002828	0.001204	0.103002	0.006546	0.000633	0.007159	0.000154	0.000573	0.003428	0.001470	0.004271	0.008671	0.000154	0.001594	0.046149	0.039343	0.016498	0.016590	0.007522	0.037291	0.020498	0.023078	0.003210	0.002773	0.000573	0.001940	0.006715	0.134194	0.009012	
0.012091	0.008819	0.118128	0.096792	0.026890	0.074939	0.004046	0.001055	0.001089	0.049186	0.003534	0.000152	0.025807	0.009993	0.006231	0.002071	0.006077	0.004605	0.023917	0.005427	0.004046	0.002306	0.000999	0.108343	0.019198	0.001055	0.003571	0.000152	0.000942	0.003692	0.002550	0.002136	0.005834	0.000152	0.001710	0.054212	0.021260	0.003868	0.013762	0.003997	0.052113	0.003770	0.016939	0.002614	0.002984	0.000942	0.001554	0.009734	0.164854	0.009858	
0.014297	0.025030	0.067962	0.044856	0.010260	0.032881	0.007679	0.003345	0.001098	0.013240	0.001057	0.000154	0.019384	0.072711	0.044969	0.006934	0.006121	0.032887	0.071931	0.018583	0.007679	0.010721	0.004305	0.074496	0.005355	0.003345	0.003739	0.000154	0.002946	0.006995	0.008557	0.002152	0.004485	0.000154	0.003164	0.021770	0.048980	0.024988	0.062070	0.006875	0.022164	0.026829	0.025708	0.012230	0.005627	0.002946	0.006814	0.019719	0.062405	0.017250	
0.007460	0.019594	0.030249	0.026394	0.005538	0.045576	0.038181	0.002767	0.010221	0.007197	0.000646	0.000160	0.006819	0.013178	0.008200	0.005700	0.063779	0.006114	0.098299	0.016039	0.038181	0.006618	0.002697	0.034536	0.003575	0.002767	0.036423	0.000160	0.002441	0.034725	0.007300	0.021465	0.041264	0.000160	0.015369	0.028026	0.010357	0.006815	0.037966	0.035788	0.022016	0.004946	0.020495	0.007540	0.027812	0.002441	0.004788	0.013218	0.033286	0.084713	
0.013791	0.012271	0.029006	0.013905	0.002940	0.029331	0.024155	0.001347	0.011045	0.012581	0.001010	0.000153	0.009205	0.046029	0.028488	0.002691	0.069029	0.020931	0.057346	0.007982	0.024155	0.011442	0.004588	0.030783	0.005398	0.001347	0.039311	0.000153	0.001198	0.021973	0.003609	0.023218	0.044838	0.000153	0.009754	0.024270	0.032297	0.018077	0.065984	0.040183	0.022509	0.017019	0.032516	0.013055	0.017609	0.001198	0.007849	0.021452	0.017320	0.053505	
0.007932	0.060612	0.011151	0.030902	0.002113	0.014669	0.003313	0.009096	0.015084	0.021607	0.001615	0.000134	0.003183	0.007137	0.004459	0.019178	0.094672	0.003345	0.159231	0.052985	0.003313	0.004022	0.001661	0.042106	0.008501	0.009096	0.054339	0.000134	0.007976	0.003024	0.024099	0.031793	0.061637	0.000134	0.001406	0.030075	0.011041	0.003914	0.022845	0.051140	0.025622	0.002709	0.029640	0.004577	0.002446	0.007976	0.003443	0.009326	0.012322	0.007266	
0.010496	0.080863	0.005756	0.034507	0.000869	0.008962	0.003738	0.011994	0.009436	0.011362	0.000911	0.000137	0.001892	0.006862	0.004291	0.025333	0.058942	0.003321	0.209440	0.069134	0.003738	0.009521	0.003823	0.047885	0.004546	0.011994	0.034247	0.000137	0.010512	0.003411	0.031535	0.019830	0.038312	0.000137	0.001577	0.018176	0.007731	0.006491	0.054792	0.034228	0.017071	0.002609	0.018623	0.010861	0.002756	0.010512	0.006549	0.017352	0.004644	0.008154	
0.006058	0.021558	0.046435	0.043858	0.010231	0.037946	0.003592	0.003193	0.017915	0.018895	0.001429	0.000136	0.010506	0.008716	0.005435	0.006634	0.112563	0.004024	0.058909	0.019287	0.003592	0.002363	0.001011	0.052351	0.007458	0.003193	0.064123	0.000136	0.002811	0.003278	0.008686	0.037786	0.073017	0.000136	0.001518	0.050443	0.011185	0.003544	0.013506	0.059981	0.038242	0.003290	0.033558	0.002681	0.002649	0.002811	0.002573	0.006228	0.062324	0.008206	
0.009581	0.020917	0.009052	0.011906	0.001308	0.025895	0.019137	0.002842	0.020329	0.012924	0.001022	0.000140	0.002433	0.007799	0.004871	0.005883	0.127804	0.003716	0.073204	0.017460	0.019137	0.008019	0.003235	0.017160	0.005432	0.002842	0.072751	0.000140	0.002505	0.017410	0.007827	0.042893	0.082572	0.000140	0.007739	0.037037	0.008789	0.006023	0.046054	0.069911	0.028808	0.002956	0.035307	0.009145	0.013956	0.002505	0.006252	0.015575	0.007331	0.042326	
0.017225	0.008545	0.007665	0.006900	0.001481	0.017689	0.002893	0.000656	0.025672	0.048704	0.003477	0.000126	0.002713	0.004783	0.003002	0.001251	0.161667	0.002369	0.013481	0.005424	0.002893	0.008763	0.003519	0.009162	0.018975	0.000656	0.091825	0.000126	0.000590	0.002641	0.002267	0.054224	0.105674	0.000126	0.001233	0.046393	0.017892	0.005557	0.050460	0.087960	0.044969	0.001838	0.051499	0.009997	0.002138	0.000590	0.007027	0.020494	0.008470	0.006316	
0.010318	0.007313	0.030507	0.025144	0.006644	0.031091	0.003748	0.000770	0.023515	0.025996	0.001914	0.000130	0.007203	0.006887	0.004304	0.001490	0.148001	0.003263	0.017126	0.005872	0.003748	0.005833	0.002371	0.029701	0.010205	0.000770	0.084078	0.000130	0.000690	0.003420	0.002497	0.049650	0.096034	0.000130	0.001578	0.052827	0.012232	0.004718	0.033586	0.079783	0.042329	0.002615	0.043096	0.006647	0.002762	0.000690	0.005070	0.012906	0.040253	0.008416	
0.061294	0.017746	0.008235	0.006035	0.001259	0.005385	0.002426	0.000686	0.001567	0.273989	0.019027	0.000141	0.006650	0.009647	0.006012	0.001299	0.009156	0.004538	0.013474	0.003398	0.002426	0.007580	0.003064	0.009871	0.106155	0.000686	0.005291	0.000141	0.000618	0.002218	0.001613	0.003160	0.016420	0.000141	0.001055	0.004797	0.089950	0.006314	0.043489	0.007403	0.083295	0.003636	0.075262	0.008643	0.001803	0.000618	0.004874	0.045237	0.007024	0.005254	
0.063444	0.017730	0.007204	0.006153	0.001347	0.005248	0.002140	0.000577	0.001188	0.280314	0.019463	0.000141	0.006237	0.005442	0.003415	0.001068	0.006759	0.002674	0.010888	0.002741	0.002140	0.008824	0.003552	0.008498	0.108597	0.000577	0.003923	0.000141	0.000523	0.001958	0.001317	0.002357	0.015123	0.000141	0.000941	0.004318	0.089292	0.005770	0.050739	0.006565	0.085241	0.002090	0.075122	0.010065	0.001595	0.000523	0.005630	0.048067	0.007573	0.004624	
0.053532	0.026266	0.008136	0.010826	0.001448	0.008941	0.006652	0.002088	0.001855	0.208901	0.014540	0.000143	0.005308	0.005995	0.003758	0.004276	0.010970	0.003014	0.043025	0.011478	0.006652	0.013943	0.005564	0.014705	0.081045	0.002088	0.006408	0.000143	0.001845	0.006060	0.005299	0.003769	0.015091	0.000143	0.002747	0.005742	0.067745	0.008389	0.080528	0.010515	0.067550	0.002295	0.057928	0.015914	0.004877	0.001845	0.008869	0.048338	0.008179	0.014632	
0.027308	0.079815	0.009191	0.036318	0.001885	0.006929	0.002681	0.010836	0.000900	0.020187	0.001523	0.000140	0.002573	0.004366	0.002751	0.022870	0.004942	0.002526	0.187924	0.061710	0.002681	0.027566	0.010915	0.047742	0.007944	0.010836	0.003534	0.000140	0.009499	0.002450	0.028240	0.001748	0.003991	0.000140	0.001157	0.005524	0.008895	0.014513	0.159866	0.011969	0.018284	0.001694	0.007615	0.031484	0.001988	0.009499	0.017326	0.048649	0.010888	0.005846	
0.031765	0.039514	0.024892	0.029553	0.004700	0.016925	0.003507	0.004711	0.004899	0.075448	0.005335	0.000141	0.007415	0.015229	0.009460	0.009852	0.030227	0.007250	0.084862	0.026838	0.003507	0.019283	0.007661	0.039765	0.029344	0.004711	0.017499	0.000141	0.004140	0.003201	0.012277	0.010216	0.022338	0.000141	0.001488	0.017479	0.032543	0.013475	0.111759	0.022449	0.039085	0.005688	0.030796	0.022018	0.002589	0.004140	0.012385	0.041340	0.028226	0.007791	
0.017530	0.095178	0.010992	0.042977	0.001816	0.006854	0.002714	0.014142	0.001100	0.073903	0.005230	0.000143	0.004224	0.010721	0.006677	0.029891	0.006195	0.004936	0.245251	0.080723	0.002714	0.002887	0.001221	0.060021	0.028733	0.014142	0.004452	0.000143	0.012392	0.002480	0.036919	0.002170	0.006854	0.000143	0.001171	0.005930	0.029285	0.004344	0.016186	0.004255	0.025248	0.004032	0.023518	0.003279	0.002013	0.012392	0.001914	0.013604	0.010451	0.005913	
0.010095	0.003624	0.066314	0.006872	0.001748	0.008139	0.004438	0.000546	0.001785	0.010855	0.000897	0.000159	0.026651	0.178602	0.110374	0.000980	0.010438	0.080223	0.027193	0.002524	0.004438	0.001642	0.000742	0.066696	0.004376	0.000546	0.006016	0.000159	0.000497	0.004049	0.001221	0.003602	0.007167	0.000159	0.001871	0.006070	0.113652	0.049421	0.008855	0.006065	0.007529	0.065763	0.056467	0.001854	0.003271	0.000497	0.001182	0.004074	0.009946	0.009715	
0.023645	0.014236	0.045744	0.010078	0.001819	0.009253	0.005511	0.001607	0.002139	0.082286	0.005818	0.000154	0.018953	0.115217	0.071222	0.003243	0.012710	0.051825	0.041885	0.008687	0.005511	0.003606	0.001510	0.049918	0.032034	0.001607	0.007370	0.000154	0.001426	0.005024	0.004028	0.004359	0.011360	0.000154	0.002297	0.006896	0.096397	0.033122	0.020320	0.007925	0.028921	0.042456	0.057154	0.004100	0.004050	0.001426	0.002428	0.015899	0.010412	0.012105	
0.029359	0.028681	0.033513	0.013500	0.001263	0.005589	0.002987	0.003155	0.001195	0.040405	0.002925	0.000148	0.013732	0.085942	0.053139	0.006538	0.006766	0.039013	0.062728	0.017530	0.002987	0.021638	0.008591	0.044635	0.015778	0.003155	0.004091	0.000148	0.002779	0.002729	0.008072	0.002365	0.005938	0.000148	0.001284	0.004306	0.065478	0.033850	0.125292	0.010918	0.021446	0.031690	0.036624	0.024708	0.002213	0.002779	0.013641	0.041104	0.007015	0.006490	
