53	0	0	0	2	0	0	
0	0	0	23	52	0	42	
0	0	0	97	0	0	0	
0	0	190	0	0	0	0	
0	0	0	0	0	0	33	
0	0	0	0	0	58	15	
0	0	142	0	0	0	0	
0	253	0	46	0	2	33	
174	0	0	112	0	0	0	
1	1	0	2	2	0	238	
0	0	0	0	223	0	0	
0	0	0	0	0	28	0	
69	0	22	0	25	0	45	
15	0	0	0	0	0	0	
1	0	0	0	40	0	0	
0	0	13	0	0	0	0	
0	96	0	0	0	0	51	
0	0	111	64	0	0	0	
0	22	0	0	0	49	0	
0	18	0	0	0	0	0	
0	0	0	81	0	0	0	
63	0	0	0	0	0	0	
0	0	26	0	1	0	0	
28	66	0	0	1	0	0	
0	0	0	0	0	240	0	
0	0	113	66	23	0	0	
107	0	0	0	0	0	0	
56	0	0	0	50	0	0	
0	0	0	0	0	25	0	
0	0	37	0	0	0	0	
0	0	4	10	79	0	0	
0	0	0	0	0	28	0	
0	0	0	1	22	0	0	
0	0	49	54	0	0	28	
44	0	0	0	0	0	1	
0	0	0	0	13	0	0	
0	0	0	0	0	0	0	
26	0	0	112	76	0	0	
0	154	0	0	28	0	0	
0	0	0	0	0	0	16	
27	0	0	0	0	0	0	
0	0	0	133	0	0	0	
0	0	0	0	0	0	16	
0	0	12	0	0	0	0	
0	33	0	0	1	0	0	
0	0	0	26	0	0	0	
0	0	0	0	56	0	0	
0	0	0	18	0	0	0	
0	44	0	0	0	62	0	
0	0	0	0	0	85	0	
