0.000741	0.000963	0.000741	0.000741	0.000741	0.000741	0.000741	0.000741	0.000741	0.000741	0.000741	0.000741	0.000741	0.000852	0.000741	0.000741	0.000741	0.000741	0.000741	0.000741	0.000741	0.000741	0.000741	0.000741	0.000741	0.000741	0.000741	0.000741	0.000741	0.006684	0.000741	0.000741	0.001282	0.000995	0.000826	0.000741	0.000741	0.001165	0.025117	0.000741	0.000741	0.000741	0.000741	0.000741	0.000741	0.000741	0.000741	0.000741	0.000741	0.931742	
0.000667	0.001139	0.000667	0.000667	0.000667	0.000667	0.000667	0.000667	0.000667	0.000667	0.000667	0.000667	0.000667	0.000903	0.000667	0.000667	0.000667	0.000667	0.000667	0.000667	0.000667	0.000667	0.000667	0.000667	0.000667	0.000667	0.000667	0.000667	0.000667	0.001122	0.000667	0.000667	0.001408	0.001802	0.000826	0.000667	0.000667	0.001461	0.006503	0.000667	0.000667	0.000667	0.000667	0.000667	0.000667	0.000667	0.000667	0.000667	0.000667	0.957487	
0.000652	0.001073	0.000652	0.000652	0.000652	0.000652	0.000652	0.000652	0.000652	0.000652	0.000652	0.000652	0.000652	0.000862	0.000652	0.000652	0.000652	0.000652	0.000652	0.000652	0.000652	0.000652	0.000652	0.000652	0.000652	0.000652	0.000652	0.000652	0.000652	0.001246	0.000652	0.000652	0.001350	0.001285	0.000929	0.000652	0.000652	0.002036	0.007057	0.000652	0.000652	0.000652	0.000652	0.000652	0.000652	0.000652	0.000652	0.000652	0.000652	0.957443	
0.000534	0.001168	0.000534	0.000534	0.000534	0.000534	0.000534	0.000534	0.000534	0.000534	0.000534	0.000534	0.000534	0.000851	0.000534	0.000534	0.000534	0.000534	0.000534	0.000534	0.000534	0.000534	0.000534	0.000534	0.000534	0.000534	0.000534	0.000534	0.000534	0.004099	0.000534	0.000534	0.001564	0.000712	0.003239	0.000534	0.000534	0.014060	0.009917	0.000534	0.000534	0.000534	0.000534	0.000534	0.000534	0.000534	0.000534	0.000534	0.000534	0.942488	
0.000596	0.000843	0.000596	0.000596	0.000596	0.000596	0.000596	0.000596	0.000596	0.000596	0.000596	0.000596	0.000596	0.000719	0.000596	0.000596	0.000596	0.000596	0.000596	0.000596	0.000596	0.000596	0.000596	0.000596	0.000596	0.000596	0.000596	0.000596	0.000596	0.002892	0.000596	0.000596	0.001515	0.002610	0.002656	0.000596	0.000596	0.010896	0.006484	0.000596	0.000596	0.000596	0.000596	0.000596	0.000596	0.000596	0.000596	0.000596	0.000596	0.946951	
0.000572	0.001118	0.000572	0.000572	0.000572	0.000572	0.000572	0.000572	0.000572	0.000572	0.000572	0.000572	0.000572	0.000845	0.000572	0.000572	0.000572	0.000572	0.000572	0.000572	0.000572	0.000572	0.000572	0.000572	0.000572	0.000572	0.000572	0.000572	0.000572	0.002906	0.000572	0.000572	0.001736	0.000786	0.002362	0.000572	0.000572	0.009524	0.007413	0.000572	0.000572	0.000572	0.000572	0.000572	0.000572	0.000572	0.000572	0.000572	0.000572	0.949871	
0.000619	0.000840	0.000619	0.000619	0.000619	0.000619	0.000619	0.000619	0.000619	0.000619	0.000619	0.000619	0.000619	0.000730	0.000619	0.000619	0.000619	0.000619	0.000619	0.000619	0.000619	0.000619	0.000619	0.000619	0.000619	0.000619	0.000619	0.000619	0.000619	0.006000	0.000619	0.000619	0.001206	0.000815	0.002486	0.000619	0.000619	0.009955	0.018690	0.000619	0.000619	0.000619	0.000619	0.000619	0.000619	0.000619	0.000619	0.000619	0.000619	0.933900	
0.000625	0.004748	0.000625	0.000625	0.000625	0.000625	0.000625	0.000625	0.000625	0.000625	0.000625	0.000625	0.000625	0.002687	0.000625	0.000625	0.000625	0.000625	0.000625	0.000625	0.000625	0.000625	0.000625	0.000625	0.000625	0.000625	0.000625	0.000625	0.000625	0.001073	0.000625	0.000625	0.001364	0.000901	0.000815	0.000625	0.000625	0.001574	0.007017	0.000625	0.000625	0.000625	0.000625	0.000625	0.000625	0.000625	0.000625	0.000625	0.000625	0.954189	
0.000632	0.006942	0.000632	0.000632	0.000632	0.000632	0.000632	0.000632	0.000632	0.000632	0.000632	0.000632	0.000632	0.003787	0.000632	0.000632	0.000632	0.000632	0.000632	0.000632	0.000632	0.000632	0.000632	0.000632	0.000632	0.000632	0.000632	0.000632	0.000632	0.002711	0.000632	0.000632	0.001081	0.000870	0.000886	0.000632	0.000632	0.001904	0.012031	0.000632	0.000632	0.000632	0.000632	0.000632	0.000632	0.000632	0.000632	0.000632	0.000632	0.943883	
0.000656	0.005558	0.000656	0.000656	0.000656	0.000656	0.000656	0.000656	0.000656	0.000656	0.000656	0.000656	0.000656	0.003107	0.000656	0.000656	0.000656	0.000656	0.000656	0.000656	0.000656	0.000656	0.000656	0.000656	0.000656	0.000656	0.000656	0.000656	0.000656	0.002898	0.000656	0.000656	0.001857	0.001651	0.000977	0.000656	0.000656	0.002263	0.011625	0.000656	0.000656	0.000656	0.000656	0.000656	0.000656	0.000656	0.000656	0.000656	0.000656	0.943172	
0.000587	0.008570	0.000587	0.000587	0.000587	0.000587	0.000587	0.000587	0.000587	0.000587	0.000587	0.000587	0.000587	0.004579	0.000587	0.000587	0.000587	0.000587	0.000587	0.000587	0.000587	0.000587	0.000587	0.000587	0.000587	0.000587	0.000587	0.000587	0.000587	0.001178	0.000587	0.000587	0.001414	0.000821	0.001013	0.000587	0.000587	0.002715	0.006351	0.000587	0.000587	0.000587	0.000587	0.000587	0.000587	0.000587	0.000587	0.000587	0.000587	0.949274	
0.000772	0.001086	0.000772	0.000772	0.000772	0.000772	0.000772	0.000772	0.000772	0.000772	0.000772	0.000772	0.000772	0.000929	0.000772	0.000772	0.000772	0.000772	0.000772	0.000772	0.000772	0.000772	0.000772	0.000772	0.000772	0.000772	0.000772	0.000772	0.000772	0.002892	0.000772	0.000772	0.001479	0.005621	0.000924	0.000772	0.000772	0.001530	0.009280	0.000772	0.000772	0.000772	0.000772	0.000772	0.000772	0.000772	0.000772	0.000772	0.000772	0.944590	
0.000654	0.002625	0.000654	0.000654	0.000654	0.000654	0.000654	0.000654	0.000654	0.000654	0.000654	0.000654	0.000654	0.001639	0.000654	0.000654	0.000654	0.000654	0.000654	0.000654	0.000654	0.000654	0.000654	0.000654	0.000654	0.000654	0.000654	0.000654	0.000654	0.001775	0.000654	0.000654	0.001235	0.001306	0.000768	0.000654	0.000654	0.001226	0.006275	0.000654	0.000654	0.000654	0.000654	0.000654	0.000654	0.000654	0.000654	0.000654	0.000654	0.956349	
0.000647	0.002667	0.000647	0.000647	0.000647	0.000647	0.000647	0.000647	0.000647	0.000647	0.000647	0.000647	0.000647	0.001657	0.000647	0.000647	0.000647	0.000647	0.000647	0.000647	0.000647	0.000647	0.000647	0.000647	0.000647	0.000647	0.000647	0.000647	0.000647	0.000963	0.000647	0.000647	0.001562	0.001679	0.000782	0.000647	0.000647	0.001320	0.002851	0.000647	0.000647	0.000647	0.000647	0.000647	0.000647	0.000647	0.000647	0.000647	0.000647	0.959993	
0.000677	0.001163	0.000677	0.000677	0.000677	0.000677	0.000677	0.000677	0.000677	0.000677	0.000677	0.000677	0.000677	0.000920	0.000677	0.000677	0.000677	0.000677	0.000677	0.000677	0.000677	0.000677	0.000677	0.000677	0.000677	0.000677	0.000677	0.000677	0.000677	0.000981	0.000677	0.000677	0.001635	0.002672	0.000801	0.000677	0.000677	0.001296	0.002193	0.000677	0.000677	0.000677	0.000677	0.000677	0.000677	0.000677	0.000677	0.000677	0.000677	0.960580	
0.000696	0.000947	0.000696	0.000696	0.000696	0.000696	0.000696	0.000696	0.000696	0.000696	0.000696	0.000696	0.000696	0.000822	0.000696	0.000696	0.000696	0.000696	0.000696	0.000696	0.000696	0.000696	0.000696	0.000696	0.000696	0.000696	0.000696	0.000696	0.000696	0.001476	0.000696	0.000696	0.014028	0.001770	0.000834	0.000696	0.000696	0.001384	0.004084	0.000696	0.000696	0.000696	0.000696	0.000696	0.000696	0.000696	0.000696	0.000696	0.000696	0.946104	
0.000670	0.000868	0.000670	0.000670	0.000670	0.000670	0.000670	0.000670	0.000670	0.000670	0.000670	0.000670	0.000670	0.000769	0.000670	0.000670	0.000670	0.000670	0.000670	0.000670	0.000670	0.000670	0.000670	0.000670	0.000670	0.000670	0.000670	0.000670	0.000670	0.001100	0.000670	0.000670	0.012779	0.000870	0.000820	0.000670	0.000670	0.001419	0.003892	0.000670	0.000670	0.000670	0.000670	0.000670	0.000670	0.000670	0.000670	0.000670	0.000670	0.950017	
0.000669	0.000978	0.000669	0.000669	0.000669	0.000669	0.000669	0.000669	0.000669	0.000669	0.000669	0.000669	0.000669	0.000823	0.000669	0.000669	0.000669	0.000669	0.000669	0.000669	0.000669	0.000669	0.000669	0.000669	0.000669	0.000669	0.000669	0.000669	0.000669	0.001098	0.000669	0.000669	0.015360	0.000927	0.000892	0.000669	0.000669	0.001786	0.002297	0.000669	0.000669	0.000669	0.000669	0.000669	0.000669	0.000669	0.000669	0.000669	0.000669	0.948412	
0.000661	0.004987	0.000661	0.000661	0.000661	0.000661	0.000661	0.000661	0.000661	0.000661	0.000661	0.000661	0.000661	0.002824	0.000661	0.000661	0.000661	0.000661	0.000661	0.000661	0.000661	0.000661	0.000661	0.000661	0.000661	0.000661	0.000661	0.000661	0.000661	0.002607	0.000661	0.000661	0.006148	0.000859	0.000736	0.000661	0.000661	0.001036	0.010629	0.000661	0.000661	0.000661	0.000661	0.000661	0.000661	0.000661	0.000661	0.000661	0.000661	0.943071	
0.000631	0.001288	0.000631	0.000631	0.000631	0.000631	0.000631	0.000631	0.000631	0.000631	0.000631	0.000631	0.000631	0.000959	0.000631	0.000631	0.000631	0.000631	0.000631	0.000631	0.000631	0.000631	0.000631	0.000631	0.000631	0.000631	0.000631	0.000631	0.000631	0.002410	0.000631	0.000631	0.004989	0.003045	0.002208	0.000631	0.000631	0.008516	0.005090	0.000631	0.000631	0.000631	0.000631	0.000631	0.000631	0.000631	0.000631	0.000631	0.000631	0.945626	
0.000669	0.002297	0.000669	0.000669	0.000669	0.000669	0.000669	0.000669	0.000669	0.000669	0.000669	0.000669	0.000669	0.001483	0.000669	0.000669	0.000669	0.000669	0.000669	0.000669	0.000669	0.000669	0.000669	0.000669	0.000669	0.000669	0.000669	0.000669	0.000669	0.002140	0.000669	0.000669	0.005422	0.002643	0.001331	0.000669	0.000669	0.003980	0.006600	0.000669	0.000669	0.000669	0.000669	0.000669	0.000669	0.000669	0.000669	0.000669	0.000669	0.946674	
0.000538	0.000987	0.000538	0.000538	0.000538	0.000538	0.000538	0.000538	0.000538	0.000538	0.000538	0.000538	0.000538	0.000763	0.000538	0.000538	0.000538	0.000538	0.000538	0.000538	0.000538	0.000538	0.000538	0.000538	0.000538	0.000538	0.000538	0.000538	0.000538	0.004586	0.000538	0.000538	0.001386	0.000936	0.003416	0.000538	0.000538	0.014929	0.011453	0.000538	0.000538	0.000538	0.000538	0.000538	0.000538	0.000538	0.000538	0.000538	0.000538	0.939499	
0.000555	0.001113	0.000555	0.000555	0.000555	0.000555	0.000555	0.000555	0.000555	0.000555	0.000555	0.000555	0.000555	0.000834	0.000555	0.000555	0.000555	0.000555	0.000555	0.000555	0.000555	0.000555	0.000555	0.000555	0.000555	0.000555	0.000555	0.000555	0.000555	0.002790	0.000555	0.000555	0.003716	0.000774	0.002659	0.000555	0.000555	0.011074	0.006007	0.000555	0.000555	0.000555	0.000555	0.000555	0.000555	0.000555	0.000555	0.000555	0.000555	0.948286	
0.000516	0.002203	0.000516	0.000516	0.000516	0.000516	0.000516	0.000516	0.000516	0.000516	0.000516	0.000516	0.000516	0.001359	0.000516	0.000516	0.000516	0.000516	0.000516	0.000516	0.000516	0.000516	0.000516	0.000516	0.000516	0.000516	0.000516	0.000516	0.000516	0.003487	0.000516	0.000516	0.001455	0.000734	0.003283	0.000516	0.000516	0.014349	0.008070	0.000516	0.000516	0.000516	0.000516	0.000516	0.000516	0.000516	0.000516	0.000516	0.000516	0.943906	
