0.000780	0.001084	0.000780	0.000780	0.000780	0.000780	0.000780	0.000780	0.000780	0.000780	0.000780	0.000780	0.000780	0.001036	0.000780	0.000780	0.000780	0.000780	0.000780	0.000780	0.000780	0.000780	0.000780	0.000780	0.000780	0.000780	0.000780	0.000780	0.000780	0.001084	0.000780	0.000780	0.001548	0.001043	0.000932	0.000780	0.000780	0.002060	0.009003	0.000780	0.000780	0.000780	0.000780	0.000780	0.000780	0.000780	0.000780	0.000780	0.000780	0.950237	
0.000608	0.001213	0.000608	0.000608	0.000608	0.000608	0.000608	0.000608	0.000608	0.000608	0.000608	0.000608	0.000608	0.000928	0.000608	0.000608	0.000608	0.000608	0.000608	0.000608	0.000608	0.000608	0.000608	0.000608	0.000608	0.000608	0.000608	0.000608	0.000608	0.001213	0.000608	0.000608	0.001567	0.002081	0.000911	0.000608	0.000608	0.002127	0.008899	0.000608	0.000608	0.000608	0.000608	0.000608	0.000608	0.000608	0.000608	0.000608	0.000608	0.956126	
0.000599	0.001044	0.000599	0.000599	0.000599	0.000599	0.000599	0.000599	0.000599	0.000599	0.000599	0.000599	0.000599	0.000970	0.000599	0.000599	0.000599	0.000599	0.000599	0.000599	0.000599	0.000599	0.000599	0.000599	0.000599	0.000599	0.000599	0.000599	0.000599	0.001044	0.000599	0.000599	0.001711	0.001447	0.000822	0.000599	0.000599	0.001652	0.006279	0.000599	0.000599	0.000599	0.000599	0.000599	0.000599	0.000599	0.000599	0.000599	0.000599	0.960468	
0.000629	0.000910	0.000629	0.000629	0.000629	0.000629	0.000629	0.000629	0.000629	0.000629	0.000629	0.000629	0.000629	0.000857	0.000629	0.000629	0.000629	0.000629	0.000629	0.000629	0.000629	0.000629	0.000629	0.000629	0.000629	0.000629	0.000629	0.000629	0.000629	0.000910	0.000629	0.000629	0.001311	0.003038	0.000770	0.000629	0.000629	0.015493	0.010969	0.000629	0.000629	0.000629	0.000629	0.000629	0.000629	0.000629	0.000629	0.000629	0.000629	0.939936	
0.000625	0.002050	0.000625	0.000625	0.000625	0.000625	0.000625	0.000625	0.000625	0.000625	0.000625	0.000625	0.000625	0.001183	0.000625	0.000625	0.000625	0.000625	0.000625	0.000625	0.000625	0.000625	0.000625	0.000625	0.000625	0.000625	0.000625	0.000625	0.000625	0.002050	0.000625	0.000625	0.002298	0.000902	0.001338	0.000625	0.000625	0.009680	0.004028	0.000625	0.000625	0.000625	0.000625	0.000625	0.000625	0.000625	0.000625	0.000625	0.000625	0.950838	
0.000608	0.002139	0.000608	0.000608	0.000608	0.000608	0.000608	0.000608	0.000608	0.000608	0.000608	0.000608	0.000608	0.000832	0.000608	0.000608	0.000608	0.000608	0.000608	0.000608	0.000608	0.000608	0.000608	0.000608	0.000608	0.000608	0.000608	0.000608	0.000608	0.002139	0.000608	0.000608	0.001280	0.001488	0.001373	0.000608	0.000608	0.012570	0.006096	0.000608	0.000608	0.000608	0.000608	0.000608	0.000608	0.000608	0.000608	0.000608	0.000608	0.947156	
0.000648	0.001250	0.000648	0.000648	0.000648	0.000648	0.000648	0.000648	0.000648	0.000648	0.000648	0.000648	0.000648	0.003240	0.000648	0.000648	0.000648	0.000648	0.000648	0.000648	0.000648	0.000648	0.000648	0.000648	0.000648	0.000648	0.000648	0.000648	0.000648	0.001250	0.000648	0.000648	0.008424	0.000787	0.000949	0.000648	0.000648	0.012187	0.004670	0.000648	0.000648	0.000648	0.000648	0.000648	0.000648	0.000648	0.000648	0.000648	0.000648	0.940677	
0.000593	0.004478	0.000593	0.000593	0.000593	0.000593	0.000593	0.000593	0.000593	0.000593	0.000593	0.000593	0.000593	0.001059	0.000593	0.000593	0.000593	0.000593	0.000593	0.000593	0.000593	0.000593	0.000593	0.000593	0.000593	0.000593	0.000593	0.000593	0.000593	0.004478	0.000593	0.000593	0.001990	0.000858	0.002536	0.000593	0.000593	0.004120	0.006299	0.000593	0.000593	0.000593	0.000593	0.000593	0.000593	0.000593	0.000593	0.000593	0.000593	0.949867	
0.000618	0.004299	0.000618	0.000618	0.000618	0.000618	0.000618	0.000618	0.000618	0.000618	0.000618	0.000618	0.000618	0.000846	0.000618	0.000618	0.000618	0.000618	0.000618	0.000618	0.000618	0.000618	0.000618	0.000618	0.000618	0.000618	0.000618	0.000618	0.000618	0.004299	0.000618	0.000618	0.001304	0.002147	0.002458	0.000618	0.000618	0.009766	0.010943	0.000618	0.000618	0.000618	0.000618	0.000618	0.000618	0.000618	0.000618	0.000618	0.000618	0.938615	
0.000648	0.005075	0.000648	0.000648	0.000648	0.000648	0.000648	0.000648	0.000648	0.000648	0.000648	0.000648	0.000648	0.000878	0.000648	0.000648	0.000648	0.000648	0.000648	0.000648	0.000648	0.000648	0.000648	0.000648	0.000648	0.000648	0.000648	0.000648	0.000648	0.005075	0.000648	0.000648	0.001338	0.000819	0.002861	0.000648	0.000648	0.011547	0.007261	0.000648	0.000648	0.000648	0.000648	0.000648	0.000648	0.000648	0.000648	0.000648	0.000648	0.938573	
0.000613	0.006126	0.000613	0.000613	0.000613	0.000613	0.000613	0.000613	0.000613	0.000613	0.000613	0.000613	0.000613	0.001025	0.000613	0.000613	0.000613	0.000613	0.000613	0.000613	0.000613	0.000613	0.000613	0.000613	0.000613	0.000613	0.000613	0.000613	0.000613	0.006126	0.000613	0.000613	0.001848	0.002048	0.003369	0.000613	0.000613	0.002121	0.013088	0.000613	0.000613	0.000613	0.000613	0.000613	0.000613	0.000613	0.000613	0.000613	0.000613	0.939127	
0.000599	0.003515	0.000599	0.000599	0.000599	0.000599	0.000599	0.000599	0.000599	0.000599	0.000599	0.000599	0.000599	0.000963	0.000599	0.000599	0.000599	0.000599	0.000599	0.000599	0.000599	0.000599	0.000599	0.000599	0.000599	0.000599	0.000599	0.000599	0.000599	0.003515	0.000599	0.000599	0.001689	0.000928	0.002057	0.000599	0.000599	0.008980	0.005457	0.000599	0.000599	0.000599	0.000599	0.000599	0.000599	0.000599	0.000599	0.000599	0.000599	0.948326	
0.000608	0.006966	0.000608	0.000608	0.000608	0.000608	0.000608	0.000608	0.000608	0.000608	0.000608	0.000608	0.000608	0.000982	0.000608	0.000608	0.000608	0.000608	0.000608	0.000608	0.000608	0.000608	0.000608	0.000608	0.000608	0.000608	0.000608	0.000608	0.000608	0.006966	0.000608	0.000608	0.001730	0.000918	0.003787	0.000608	0.000608	0.004106	0.009305	0.000608	0.000608	0.000608	0.000608	0.000608	0.000608	0.000608	0.000608	0.000608	0.000608	0.940332	
0.000583	0.005910	0.000583	0.000583	0.000583	0.000583	0.000583	0.000583	0.000583	0.000583	0.000583	0.000583	0.000583	0.001100	0.000583	0.000583	0.000583	0.000583	0.000583	0.000583	0.000583	0.000583	0.000583	0.000583	0.000583	0.000583	0.000583	0.000583	0.000583	0.005910	0.000583	0.000583	0.002135	0.001328	0.003246	0.000583	0.000583	0.001140	0.009698	0.000583	0.000583	0.000583	0.000583	0.000583	0.000583	0.000583	0.000583	0.000583	0.000583	0.945634	
0.000582	0.003537	0.000582	0.000582	0.000582	0.000582	0.000582	0.000582	0.000582	0.000582	0.000582	0.000582	0.000582	0.001197	0.000582	0.000582	0.000582	0.000582	0.000582	0.000582	0.000582	0.000582	0.000582	0.000582	0.000582	0.000582	0.000582	0.000582	0.000582	0.003537	0.000582	0.000582	0.002428	0.001088	0.002059	0.000582	0.000582	0.001693	0.006543	0.000582	0.000582	0.000582	0.000582	0.000582	0.000582	0.000582	0.000582	0.000582	0.000582	0.954056	
0.000636	0.001051	0.000636	0.000636	0.000636	0.000636	0.000636	0.000636	0.000636	0.000636	0.000636	0.000636	0.000636	0.004289	0.000636	0.000636	0.000636	0.000636	0.000636	0.000636	0.000636	0.000636	0.000636	0.000636	0.000636	0.000636	0.000636	0.000636	0.000636	0.001051	0.000636	0.000636	0.011594	0.002212	0.000844	0.000636	0.000636	0.001524	0.011188	0.000636	0.000636	0.000636	0.000636	0.000636	0.000636	0.000636	0.000636	0.000636	0.000636	0.940186	
0.000646	0.000901	0.000646	0.000646	0.000646	0.000646	0.000646	0.000646	0.000646	0.000646	0.000646	0.000646	0.000646	0.004853	0.000646	0.000646	0.000646	0.000646	0.000646	0.000646	0.000646	0.000646	0.000646	0.000646	0.000646	0.000646	0.000646	0.000646	0.000646	0.000901	0.000646	0.000646	0.013267	0.001615	0.000774	0.000646	0.000646	0.001466	0.009203	0.000646	0.000646	0.000646	0.000646	0.000646	0.000646	0.000646	0.000646	0.000646	0.000646	0.940522	
0.000665	0.000889	0.000665	0.000665	0.000665	0.000665	0.000665	0.000665	0.000665	0.000665	0.000665	0.000665	0.000665	0.001722	0.000665	0.000665	0.000665	0.000665	0.000665	0.000665	0.000665	0.000665	0.000665	0.000665	0.000665	0.000665	0.000665	0.000665	0.000665	0.000889	0.000665	0.000665	0.003836	0.002439	0.000777	0.000665	0.000665	0.002354	0.010976	0.000665	0.000665	0.000665	0.000665	0.000665	0.000665	0.000665	0.000665	0.000665	0.000665	0.948864	
0.000662	0.000970	0.000662	0.000662	0.000662	0.000662	0.000662	0.000662	0.000662	0.000662	0.000662	0.000662	0.000662	0.001467	0.000662	0.000662	0.000662	0.000662	0.000662	0.000662	0.000662	0.000662	0.000662	0.000662	0.000662	0.000662	0.000662	0.000662	0.000662	0.000970	0.000662	0.000662	0.003078	0.001958	0.000816	0.000662	0.000662	0.012074	0.008372	0.000662	0.000662	0.000662	0.000662	0.000662	0.000662	0.000662	0.000662	0.000662	0.000662	0.943139	
0.000636	0.001077	0.000636	0.000636	0.000636	0.000636	0.000636	0.000636	0.000636	0.000636	0.000636	0.000636	0.000636	0.001114	0.000636	0.000636	0.000636	0.000636	0.000636	0.000636	0.000636	0.000636	0.000636	0.000636	0.000636	0.000636	0.000636	0.000636	0.000636	0.001077	0.000636	0.000636	0.002071	0.001490	0.000857	0.000636	0.000636	0.001441	0.005266	0.000636	0.000636	0.000636	0.000636	0.000636	0.000636	0.000636	0.000636	0.000636	0.000636	0.959520	
0.000634	0.000969	0.000634	0.000634	0.000634	0.000634	0.000634	0.000634	0.000634	0.000634	0.000634	0.000634	0.000634	0.000876	0.000634	0.000634	0.000634	0.000634	0.000634	0.000634	0.000634	0.000634	0.000634	0.000634	0.000634	0.000634	0.000634	0.000634	0.000634	0.000969	0.000634	0.000634	0.001361	0.000844	0.000801	0.000634	0.000634	0.010496	0.002231	0.000634	0.000634	0.000634	0.000634	0.000634	0.000634	0.000634	0.000634	0.000634	0.000634	0.955468	
0.000645	0.000873	0.000645	0.000645	0.000645	0.000645	0.000645	0.000645	0.000645	0.000645	0.000645	0.000645	0.000645	0.000924	0.000645	0.000645	0.000645	0.000645	0.000645	0.000645	0.000645	0.000645	0.000645	0.000645	0.000645	0.000645	0.000645	0.000645	0.000645	0.000873	0.000645	0.000645	0.001483	0.001889	0.000759	0.000645	0.000645	0.007254	0.006370	0.000645	0.000645	0.000645	0.000645	0.000645	0.000645	0.000645	0.000645	0.000645	0.000645	0.953129	
0.000625	0.001269	0.000625	0.000625	0.000625	0.000625	0.000625	0.000625	0.000625	0.000625	0.000625	0.000625	0.000625	0.003425	0.000625	0.000625	0.000625	0.000625	0.000625	0.000625	0.000625	0.000625	0.000625	0.000625	0.000625	0.000625	0.000625	0.000625	0.000625	0.001269	0.000625	0.000625	0.009025	0.000795	0.000947	0.000625	0.000625	0.001526	0.005088	0.000625	0.000625	0.000625	0.000625	0.000625	0.000625	0.000625	0.000625	0.000625	0.000625	0.951050	
0.000650	0.001206	0.000650	0.000650	0.000650	0.000650	0.000650	0.000650	0.000650	0.000650	0.000650	0.000650	0.000650	0.001469	0.000650	0.000650	0.000650	0.000650	0.000650	0.000650	0.000650	0.000650	0.000650	0.000650	0.000650	0.000650	0.000650	0.000650	0.000650	0.001206	0.000650	0.000650	0.003108	0.001901	0.000928	0.000650	0.000650	0.001863	0.007637	0.000650	0.000650	0.000650	0.000650	0.000650	0.000650	0.000650	0.000650	0.000650	0.000650	0.954032	
