0	0	12	0	0	0	0	
0	0	12	0	0	0	18	
0	0	0	0	0	0	136	
0	0	0	0	0	16	0	
125	0	0	1	0	0	0	
0	25	0	0	0	0	0	
126	0	0	0	0	0	0	
25	0	0	0	0	0	0	
0	21	98	0	0	0	102	
0	0	0	117	0	0	2	
0	0	0	0	22	0	0	
0	0	0	0	0	0	0	
0	0	0	16	0	0	0	
0	0	159	0	0	9	0	
31	0	0	0	0	0	95	
0	0	0	65	0	0	0	
62	0	1	0	1	0	0	
56	8	0	0	41	0	0	
12	103	0	0	0	0	0	
0	0	0	0	0	42	62	
0	0	0	0	0	0	108	
0	0	0	0	0	0	0	
0	0	0	75	0	0	0	
0	0	0	41	0	0	0	
0	0	58	0	0	0	0	
0	0	0	0	0	0	0	
0	0	0	0	0	0	0	
119	0	112	0	104	49	14	
0	41	0	0	0	0	0	
150	9	0	0	0	0	1	
54	25	0	0	0	0	0	
0	0	0	0	118	0	0	
0	0	139	58	35	1	57	
0	0	0	0	0	48	0	
0	0	0	89	0	0	23	
0	47	0	0	0	0	0	
0	0	0	0	0	114	39	
0	22	0	0	0	0	0	
0	0	76	0	0	83	0	
0	0	0	54	128	0	0	
0	121	0	1	0	4	0	
0	1	0	13	0	131	0	
0	29	69	0	0	64	0	
0	0	0	16	0	0	0	
2	19	52	0	33	0	0	
0	0	0	0	0	48	0	
0	0	0	0	139	0	5	
0	0	25	0	0	0	0	
1	0	30	0	0	0	0	
0	73	0	122	0	1	0	
