0.000732	0.008305	0.057375	0.014131	0.007592	0.001469	0.007616	0.001636	0.048879	0.005186	0.001670	0.000156	0.000729	0.015652	0.041960	0.002483	0.003943	0.006714	0.006278	0.062925	0.045594	0.000156	0.002841	0.001624	0.002941	0.000156	0.000156	0.068427	0.002310	0.009930	0.004666	0.008279	0.036171	0.042080	0.013019	0.002625	0.116135	0.001312	0.076300	0.010901	0.010042	0.115092	0.060892	0.000729	0.006041	0.042080	0.011828	0.001356	0.001656	0.009232	
0.001197	0.015885	0.111128	0.002693	0.006136	0.001464	0.006051	0.001321	0.093036	0.017120	0.004753	0.000150	0.002248	0.015450	0.079124	0.008671	0.003350	0.011772	0.006124	0.057417	0.088280	0.000150	0.009982	0.005525	0.005210	0.000150	0.000150	0.056464	0.002304	0.008464	0.003993	0.024840	0.073874	0.007778	0.030586	0.002619	0.050090	0.001306	0.019969	0.034011	0.007274	0.022723	0.017863	0.002248	0.012683	0.007778	0.033314	0.002331	0.002814	0.020138	
0.000829	0.021577	0.156913	0.001213	0.008815	0.001251	0.008819	0.001869	0.124204	0.009982	0.000916	0.000149	0.001178	0.009761	0.111787	0.004331	0.004507	0.005784	0.005516	0.074409	0.124638	0.000149	0.004974	0.002787	0.003437	0.000149	0.000149	0.037709	0.001957	0.012020	0.004967	0.004262	0.078750	0.003342	0.032387	0.002221	0.052687	0.001119	0.009979	0.008085	0.005815	0.009744	0.009597	0.001178	0.005222	0.003342	0.010757	0.001566	0.001918	0.011284	
0.000473	0.001122	0.005034	0.000759	0.140229	0.001120	0.141314	0.028145	0.007415	0.004384	0.000895	0.000133	0.000705	0.004992	0.038292	0.002455	0.069666	0.064615	0.017644	0.004009	0.004025	0.000133	0.002812	0.001598	0.001777	0.000133	0.000133	0.142664	0.001751	0.168596	0.061626	0.004217	0.009449	0.002009	0.004141	0.001988	0.005994	0.001002	0.005531	0.006492	0.005101	0.005757	0.005735	0.000705	0.005740	0.002009	0.005124	0.000842	0.002104	0.007410	
0.001023	0.004095	0.023355	0.001879	0.050694	0.004362	0.051013	0.010241	0.028235	0.010412	0.010629	0.000149	0.001505	0.012710	0.028873	0.005661	0.025726	0.043635	0.022354	0.015271	0.018577	0.000149	0.006509	0.003626	0.004376	0.000149	0.000149	0.113582	0.007059	0.062389	0.026161	0.056361	0.041705	0.005341	0.011621	0.008071	0.019136	0.003857	0.014667	0.065704	0.021061	0.015591	0.016989	0.001505	0.023669	0.005341	0.067218	0.001971	0.002739	0.022908	
0.000862	0.003827	0.022550	0.003937	0.060786	0.008947	0.061143	0.012251	0.030158	0.015439	0.001667	0.000149	0.002195	0.011719	0.030803	0.008461	0.030290	0.032902	0.042205	0.020304	0.017938	0.000149	0.009739	0.005392	0.003592	0.000149	0.000149	0.085484	0.014578	0.076092	0.035087	0.008292	0.027858	0.011512	0.015318	0.016689	0.033558	0.007891	0.024308	0.015887	0.043805	0.033173	0.029600	0.002195	0.013168	0.011512	0.010565	0.001633	0.002414	0.041675	
0.000650	0.002700	0.015637	0.001074	0.090031	0.006402	0.090569	0.018085	0.021158	0.021390	0.001650	0.000143	0.003017	0.007379	0.033213	0.011820	0.044749	0.045144	0.034543	0.009651	0.012447	0.000143	0.013617	0.007509	0.002592	0.000143	0.000143	0.101846	0.010408	0.110160	0.045156	0.008228	0.025381	0.002937	0.018752	0.011910	0.011222	0.005651	0.008183	0.018614	0.030850	0.010354	0.014042	0.003017	0.010792	0.002937	0.010236	0.001198	0.002127	0.040396	
0.005833	0.012222	0.048413	0.001626	0.009106	0.005216	0.009117	0.001922	0.087092	0.007897	0.003559	0.000141	0.001105	0.076394	0.036069	0.004055	0.005188	0.012125	0.021905	0.026045	0.038475	0.000141	0.004658	0.002610	0.027652	0.000141	0.000141	0.087419	0.008464	0.013009	0.009063	0.018475	0.095328	0.004596	0.013664	0.009682	0.024564	0.004607	0.043893	0.023281	0.025136	0.013285	0.044696	0.001105	0.033933	0.004596	0.023513	0.011999	0.014442	0.022400	
0.006006	0.007191	0.009099	0.004371	0.020348	0.007325	0.020458	0.004173	0.060783	0.006227	0.002367	0.000142	0.000956	0.080219	0.011397	0.003449	0.010729	0.015616	0.031669	0.015328	0.007255	0.000142	0.003958	0.002228	0.028485	0.000142	0.000142	0.098452	0.011921	0.026980	0.016032	0.012074	0.078575	0.012831	0.006185	0.013645	0.032846	0.006463	0.059221	0.015833	0.036014	0.035720	0.059110	0.000956	0.034671	0.012831	0.014527	0.012359	0.014963	0.027587	
0.008906	0.009830	0.007112	0.002028	0.025061	0.001579	0.025213	0.005106	0.078258	0.005765	0.002099	0.000130	0.000886	0.117485	0.011178	0.003203	0.013293	0.015411	0.008489	0.008297	0.005674	0.000130	0.003676	0.002068	0.042549	0.000130	0.000130	0.121576	0.002506	0.030564	0.012329	0.010692	0.110710	0.005826	0.005519	0.002854	0.015661	0.001405	0.065564	0.014141	0.007665	0.016349	0.059870	0.000886	0.042614	0.005826	0.012829	0.018414	0.022270	0.010248	
0.011523	0.012096	0.004451	0.001160	0.004760	0.002043	0.004748	0.001043	0.098061	0.005894	0.001197	0.000126	0.000906	0.151727	0.004284	0.003295	0.003399	0.004791	0.008463	0.004814	0.003561	0.000126	0.003783	0.002125	0.055214	0.000126	0.000126	0.119550	0.003269	0.006350	0.004024	0.005874	0.138559	0.003230	0.005197	0.003729	0.008739	0.001813	0.077679	0.008994	0.009711	0.009309	0.072025	0.000906	0.052653	0.003230	0.007056	0.023871	0.028657	0.011736	
0.003220	0.005006	0.013641	0.000913	0.039945	0.001047	0.040215	0.008094	0.036153	0.005914	0.013870	0.000143	0.000905	0.041343	0.019431	0.003239	0.020741	0.043824	0.007686	0.008319	0.010862	0.000143	0.003715	0.002096	0.015014	0.000143	0.000143	0.135345	0.001626	0.048273	0.018221	0.073769	0.066088	0.002455	0.006665	0.001843	0.009504	0.000939	0.023626	0.082581	0.004761	0.007107	0.021965	0.000905	0.035389	0.002455	0.087368	0.006553	0.008153	0.008643	
0.002145	0.003667	0.011658	0.016030	0.004439	0.004959	0.004428	0.001004	0.029056	0.005664	0.001235	0.000156	0.000886	0.035433	0.009241	0.003122	0.002473	0.005603	0.020351	0.047068	0.009290	0.000156	0.003578	0.002027	0.009767	0.000156	0.000156	0.077649	0.008033	0.007055	0.006790	0.005945	0.033366	0.047778	0.006162	0.009186	0.116555	0.004383	0.095095	0.008899	0.027417	0.130908	0.080657	0.000886	0.014110	0.047778	0.007398	0.004299	0.005161	0.020740	
0.001419	0.005220	0.028874	0.010522	0.005235	0.001770	0.005205	0.001157	0.033374	0.008778	0.009220	0.000155	0.001277	0.022735	0.021459	0.004711	0.003157	0.019810	0.007289	0.040460	0.022961	0.000155	0.005412	0.003029	0.006265	0.000155	0.000155	0.094280	0.002804	0.006959	0.003934	0.048777	0.045969	0.031255	0.011250	0.003191	0.082252	0.001576	0.061937	0.056683	0.010633	0.086006	0.050763	0.001277	0.020538	0.031255	0.058486	0.002789	0.003355	0.014070	
0.001125	0.006722	0.042442	0.009713	0.009822	0.001134	0.009860	0.002080	0.040617	0.005334	0.008931	0.000154	0.000778	0.018388	0.032081	0.002687	0.005410	0.021139	0.005115	0.044523	0.033736	0.000154	0.003076	0.001752	0.004844	0.000154	0.000154	0.093495	0.001761	0.012373	0.005294	0.047231	0.045938	0.028829	0.010773	0.001996	0.080383	0.001016	0.055883	0.053325	0.007324	0.078958	0.045103	0.000778	0.018423	0.028829	0.057164	0.002176	0.002657	0.008365	
0.000499	0.001678	0.009067	0.000726	0.004032	0.006313	0.002977	0.000713	0.014838	0.126436	0.001266	0.000153	0.017404	0.005058	0.007074	0.070237	0.001622	0.005453	0.025803	0.005721	0.007232	0.000153	0.081020	0.044360	0.001824	0.000153	0.000153	0.013982	0.010256	0.005798	0.007523	0.006122	0.072239	0.001872	0.097622	0.011734	0.006793	0.005574	0.005317	0.064852	0.031191	0.019109	0.011580	0.017404	0.008048	0.001872	0.007513	0.000873	0.001040	0.149721	
0.000529	0.001254	0.005624	0.001914	0.006871	0.001372	0.005740	0.001259	0.008385	0.137693	0.001093	0.000149	0.018948	0.006176	0.005349	0.076518	0.002975	0.004784	0.005719	0.007276	0.004497	0.000149	0.088267	0.048320	0.001986	0.000149	0.000149	0.019403	0.002155	0.007286	0.003768	0.005211	0.076601	0.005442	0.105641	0.002448	0.014290	0.001225	0.011708	0.069084	0.007683	0.029917	0.010809	0.018948	0.004229	0.005442	0.006313	0.000941	0.001144	0.147167	
0.001039	0.009267	0.062320	0.002594	0.007285	0.003771	0.006896	0.001490	0.057063	0.052821	0.004378	0.000152	0.007229	0.013280	0.045237	0.028905	0.003736	0.012183	0.015705	0.034904	0.049521	0.000152	0.033328	0.018288	0.004440	0.000152	0.000152	0.048657	0.006087	0.009941	0.006661	0.022818	0.069016	0.007478	0.050035	0.006956	0.035379	0.003337	0.018439	0.048626	0.018722	0.026042	0.019220	0.007229	0.013193	0.007478	0.029137	0.002000	0.002423	0.064840	
0.002596	0.003628	0.007943	0.002926	0.028592	0.001670	0.028191	0.005708	0.027306	0.073234	0.002154	0.000143	0.010123	0.034207	0.012492	0.040686	0.014240	0.016844	0.009102	0.011005	0.006337	0.000143	0.046923	0.025716	0.011998	0.000143	0.000143	0.068355	0.002646	0.034140	0.013690	0.010928	0.071372	0.008493	0.056974	0.003013	0.022209	0.001486	0.030114	0.045523	0.008849	0.031099	0.027149	0.010123	0.015393	0.008493	0.013134	0.005253	0.006498	0.080869	
0.000930	0.002215	0.009865	0.000779	0.005851	0.002431	0.005641	0.001244	0.015672	0.029948	0.021935	0.000155	0.004210	0.010765	0.008287	0.016627	0.003909	0.043910	0.010055	0.006219	0.007866	0.000155	0.019162	0.010545	0.003897	0.000155	0.000155	0.118429	0.003888	0.007576	0.004782	0.116972	0.062579	0.002027	0.024352	0.004434	0.007384	0.002158	0.008295	0.140556	0.011581	0.008648	0.009743	0.004210	0.037996	0.002027	0.138118	0.001768	0.002134	0.037758	
0.000730	0.005581	0.036804	0.000843	0.030051	0.001364	0.030035	0.006079	0.033400	0.030277	0.013278	0.000150	0.004196	0.008229	0.033107	0.016588	0.015500	0.038286	0.007997	0.018680	0.029257	0.000150	0.019117	0.010518	0.002955	0.000150	0.000150	0.101748	0.002140	0.036434	0.014172	0.070563	0.057831	0.002230	0.028856	0.002432	0.015602	0.001218	0.007423	0.090186	0.006451	0.009164	0.007669	0.004196	0.023753	0.002230	0.084441	0.001359	0.001838	0.034591	
0.000851	0.001315	0.003673	0.000988	0.033225	0.025746	0.033428	0.006764	0.029894	0.007397	0.003563	0.000164	0.001146	0.009728	0.010799	0.004153	0.016744	0.029470	0.108731	0.003926	0.002951	0.000164	0.004767	0.002680	0.003484	0.000164	0.000164	0.056945	0.042119	0.049000	0.040002	0.018397	0.018610	0.002636	0.006220	0.048259	0.007041	0.022676	0.008788	0.023257	0.124250	0.008731	0.037084	0.001146	0.028210	0.002636	0.021771	0.001595	0.002145	0.082404	
0.000953	0.003281	0.017759	0.000987	0.006121	0.032682	0.006100	0.001348	0.047055	0.008372	0.001273	0.000171	0.001257	0.010986	0.013916	0.004584	0.003204	0.015264	0.134682	0.010331	0.014138	0.000171	0.005263	0.002954	0.003949	0.000171	0.000171	0.022587	0.053489	0.019063	0.035223	0.006084	0.022338	0.002619	0.009187	0.061292	0.011029	0.028781	0.009355	0.010251	0.157797	0.009036	0.045642	0.001257	0.030014	0.002619	0.007783	0.001799	0.002172	0.103437	
0.007927	0.009098	0.008985	0.000891	0.011275	0.005053	0.011181	0.002327	0.074532	0.021536	0.002922	0.000135	0.003044	0.103794	0.009035	0.011952	0.006347	0.011812	0.021449	0.006154	0.007163	0.000135	0.013770	0.007589	0.037793	0.000135	0.000135	0.099684	0.008201	0.015121	0.009787	0.015081	0.109118	0.002403	0.017812	0.009381	0.008058	0.004463	0.053401	0.026165	0.024309	0.008883	0.053663	0.003044	0.041990	0.002403	0.018067	0.016367	0.019701	0.036723	
