42
42
42
42
42
42
42
42
42
42
42
42
42
42
42
42
42
42
42
42
42
42
42
42
42
42
42
42
42
42
42
42
42
42
42
43
43
43
43
43
43
43
43
43
43
43
43
43
3
3
3
3
3
3
3
3
3
18
18
18
18
18
18
18
18
18
18
18
18
18
18
18
18
18
47
47
47
47
47
47
47
47
47
47
47
47
7
7
7
7
7
7
7
7
7
7
7
7
31
31
31
31
31
31
31
31
31
31
19
19
19
19
19
19
19
19
19
19
19
19
45
12
12
12
12
12
12
12
12
12
12
12
6
6
6
6
6
6
6
6
6
16
16
16
16
16
16
16
16
16
16
20
20
20
20
20
20
20
20
20
20
20
20
20
20
20
44
44
44
44
44
44
44
44
44
44
44
44
44
33
33
33
33
33
33
33
33
33
33
33
33
33
33
33
33
33
33
33
33
33
