0.431273	0.001082	0.013657	0.001307	0.028735	0.030351	0.018907	0.169539	0.017929	0.224648	0.004372	0.007965	0.034285	0.013621	0.002329	
0.483035	0.001584	0.034753	0.000972	0.016072	0.021953	0.030141	0.096133	0.074901	0.101717	0.006313	0.026265	0.045414	0.033467	0.027281	
0.435605	0.001778	0.039103	0.001416	0.018710	0.028437	0.047720	0.090575	0.104085	0.096352	0.007609	0.036073	0.030619	0.050889	0.011031	
0.437863	0.003054	0.033157	0.007674	0.039611	0.051096	0.131042	0.048276	0.050452	0.047236	0.022725	0.028483	0.038169	0.030887	0.030274	
0.287596	0.006770	0.088939	0.005962	0.046330	0.046209	0.120110	0.025143	0.132763	0.017593	0.034109	0.067223	0.016560	0.099924	0.004770	
0.236226	0.001143	0.138615	0.004697	0.019505	0.031961	0.120566	0.046167	0.083477	0.011726	0.010278	0.030231	0.038719	0.222975	0.003714	
0.408966	0.002979	0.033393	0.007490	0.036976	0.064409	0.152997	0.019492	0.143810	0.014844	0.022011	0.051948	0.007655	0.029061	0.003969	
0.366721	0.001965	0.119407	0.000671	0.009586	0.017871	0.042289	0.052949	0.107955	0.031098	0.007348	0.033362	0.049397	0.135650	0.023729	
0.447529	0.002271	0.069183	0.002492	0.019293	0.023214	0.051434	0.068620	0.058336	0.060428	0.011530	0.023568	0.056222	0.067358	0.038522	
0.368505	0.001206	0.157277	0.004546	0.020010	0.059470	0.089705	0.011990	0.114550	0.025521	0.010628	0.012138	0.038978	0.066819	0.018658	
0.377337	0.001036	0.184867	0.001644	0.008796	0.048149	0.045606	0.011259	0.137185	0.023256	0.005432	0.012304	0.045630	0.075233	0.022267	
0.233192	0.010399	0.157393	0.002808	0.049676	0.034406	0.053422	0.016709	0.155329	0.025066	0.043165	0.078026	0.025171	0.104288	0.010950	
0.442786	0.001805	0.100508	0.000783	0.011311	0.031277	0.033365	0.048603	0.123445	0.050644	0.006996	0.028405	0.043343	0.050957	0.025772	
0.370672	0.003636	0.136358	0.000645	0.015863	0.026678	0.032205	0.035289	0.132777	0.029964	0.013821	0.039153	0.044312	0.094445	0.024182	
0.345415	0.003510	0.149132	0.000847	0.016140	0.033694	0.040596	0.026641	0.154896	0.025288	0.013581	0.041670	0.035694	0.098255	0.014641	
0.568787	0.001010	0.017352	0.001820	0.012496	0.014744	0.033001	0.085831	0.028960	0.074459	0.005811	0.013656	0.069372	0.014624	0.058077	
0.554876	0.000888	0.027528	0.000697	0.007669	0.010432	0.022283	0.084016	0.049545	0.067820	0.003526	0.018505	0.067033	0.031466	0.053716	
0.529842	0.000790	0.038305	0.001692	0.010840	0.022870	0.041568	0.071547	0.069542	0.062701	0.004655	0.019738	0.056249	0.026336	0.043326	
0.507919	0.001047	0.044197	0.003786	0.019290	0.032083	0.067034	0.067904	0.041635	0.065209	0.008952	0.012341	0.057860	0.025998	0.044745	
0.310550	0.010936	0.100330	0.000762	0.045623	0.007854	0.015633	0.051894	0.121547	0.045443	0.042101	0.083921	0.040467	0.093637	0.029300	
0.331271	0.007231	0.096614	0.002309	0.036097	0.016122	0.048931	0.053068	0.093802	0.038925	0.030261	0.059942	0.045125	0.111283	0.029020	
0.411949	0.005206	0.058193	0.001325	0.024061	0.027449	0.054807	0.036243	0.176092	0.021153	0.020908	0.071139	0.021534	0.055681	0.014259	
0.425830	0.001161	0.059430	0.001635	0.009703	0.032943	0.074591	0.041315	0.168872	0.019112	0.005728	0.050321	0.021893	0.080102	0.007364	
0.460853	0.002080	0.044700	0.003408	0.019814	0.038792	0.084299	0.041725	0.129173	0.030115	0.012207	0.042544	0.030015	0.039241	0.021033	
