0	1	0	32	0	0	0	
41	0	0	0	12	0	102	
0	0	0	0	94	0	0	
0	0	0	193	0	0	0	
0	0	1	0	0	44	4	
0	0	64	0	0	0	17	
0	0	0	176	0	0	0	
0	276	0	0	30	0	29	
246	0	0	0	72	0	0	
0	0	0	0	12	0	189	
0	0	0	135	0	0	20	
0	0	28	0	0	0	0	
5	0	0	0	50	134	85	
100	0	0	0	0	0	0	
0	2	0	0	0	0	42	
1	0	0	21	0	0	24	
0	45	0	0	0	0	102	
8	0	0	0	34	131	1	
0	20	0	0	0	0	8	
1	70	0	0	60	13	1	
4	0	0	0	76	0	0	
67	0	0	0	0	0	0	
0	0	0	16	0	0	0	
0	55	0	0	0	85	0	
0	0	70	91	16	0	0	
0	0	0	0	0	0	0	
0	40	0	0	0	0	0	
0	1	0	0	0	150	0	
0	0	0	15	0	0	0	
1	0	0	2	0	37	0	
0	0	0	14	0	0	0	
0	0	28	0	0	0	0	
0	20	0	0	0	4	0	
0	0	0	43	0	0	0	
49	0	0	0	0	0	0	
0	0	0	0	0	0	14	
0	0	0	0	0	0	0	
25	3	0	0	151	121	14	
0	185	0	0	0	0	0	
0	0	0	0	0	0	14	
29	0	0	0	0	0	0	
0	0	0	0	87	0	0	
0	0	0	0	0	0	14	
0	0	57	0	0	0	0	
1	27	0	0	0	5	0	
0	0	0	0	28	0	0	
16	0	0	0	0	0	0	
0	0	0	0	4	0	60	
0	0	106	0	0	0	0	
0	0	0	88	0	0	8	
