0.000656	0.000942	0.000656	0.000656	0.000656	0.000656	0.000656	0.000656	0.000656	0.000656	0.000656	0.000656	0.000656	0.000840	0.000656	0.000656	0.000656	0.000656	0.000656	0.000656	0.000656	0.000656	0.000656	0.000656	0.000656	0.000656	0.000656	0.000656	0.000656	0.001008	0.000656	0.000656	0.001118	0.000876	0.000876	0.000656	0.000656	0.001756	0.007411	0.000656	0.000656	0.000656	0.000656	0.000656	0.000656	0.000656	0.000656	0.000656	0.000656	0.958288	
0.000684	0.001167	0.000684	0.000684	0.000684	0.000684	0.000684	0.000684	0.000684	0.000684	0.000684	0.000684	0.000684	0.002155	0.000684	0.000684	0.000684	0.000684	0.000684	0.000684	0.000684	0.000684	0.000684	0.000684	0.000684	0.000684	0.000684	0.000684	0.000684	0.001274	0.000684	0.000684	0.001462	0.000937	0.000937	0.000684	0.000684	0.001951	0.010757	0.000684	0.000684	0.000684	0.000684	0.000684	0.000684	0.000684	0.000684	0.000684	0.000684	0.951328	
0.000638	0.002992	0.000638	0.000638	0.000638	0.000638	0.000638	0.000638	0.000638	0.000638	0.000638	0.000638	0.000638	0.000878	0.000638	0.000638	0.000638	0.000638	0.000638	0.000638	0.000638	0.000638	0.000638	0.000638	0.000638	0.000638	0.000638	0.000638	0.000638	0.004927	0.000638	0.000638	0.005136	0.000844	0.000844	0.000638	0.000638	0.001665	0.009350	0.000638	0.000638	0.000638	0.000638	0.000638	0.000638	0.000638	0.000638	0.000638	0.000638	0.947191	
0.000644	0.001057	0.000644	0.000644	0.000644	0.000644	0.000644	0.000644	0.000644	0.000644	0.000644	0.000644	0.000644	0.000903	0.000644	0.000644	0.000644	0.000644	0.000644	0.000644	0.000644	0.000644	0.000644	0.000644	0.000644	0.000644	0.000644	0.000644	0.000644	0.001291	0.000644	0.000644	0.001380	0.004735	0.004735	0.000644	0.000644	0.021097	0.002685	0.000644	0.000644	0.000644	0.000644	0.000644	0.000644	0.000644	0.000644	0.000644	0.000644	0.935708	
0.000685	0.001021	0.000685	0.000685	0.000685	0.000685	0.000685	0.000685	0.000685	0.000685	0.000685	0.000685	0.000685	0.000978	0.000685	0.000685	0.000685	0.000685	0.000685	0.000685	0.000685	0.000685	0.000685	0.000685	0.000685	0.000685	0.000685	0.000685	0.000685	0.001094	0.000685	0.000685	0.001225	0.004496	0.004496	0.000685	0.000685	0.019737	0.002628	0.000685	0.000685	0.000685	0.000685	0.000685	0.000685	0.000685	0.000685	0.000685	0.000685	0.936227	
0.000637	0.000917	0.000637	0.000637	0.000637	0.000637	0.000637	0.000637	0.000637	0.000637	0.000637	0.000637	0.000637	0.001861	0.000637	0.000637	0.000637	0.000637	0.000637	0.000637	0.000637	0.000637	0.000637	0.000637	0.000637	0.000637	0.000637	0.000637	0.000637	0.000932	0.000637	0.000637	0.001065	0.001778	0.001778	0.000637	0.000637	0.006339	0.006228	0.000637	0.000637	0.000637	0.000637	0.000637	0.000637	0.000637	0.000637	0.000637	0.000637	0.952970	
0.000583	0.002783	0.000583	0.000583	0.000583	0.000583	0.000583	0.000583	0.000583	0.000583	0.000583	0.000583	0.000583	0.000857	0.000583	0.000583	0.000583	0.000583	0.000583	0.000583	0.000583	0.000583	0.000583	0.000583	0.000583	0.000583	0.000583	0.000583	0.000583	0.002118	0.000583	0.000583	0.003550	0.002195	0.002195	0.000583	0.000583	0.008644	0.004819	0.000583	0.000583	0.000583	0.000583	0.000583	0.000583	0.000583	0.000583	0.000583	0.000583	0.948919	
0.000567	0.003523	0.000567	0.000567	0.000567	0.000567	0.000567	0.000567	0.000567	0.000567	0.000567	0.000567	0.000567	0.002298	0.000567	0.000567	0.000567	0.000567	0.000567	0.000567	0.000567	0.000567	0.000567	0.000567	0.000567	0.000567	0.000567	0.000567	0.000567	0.001094	0.000567	0.000567	0.003786	0.000787	0.000787	0.000567	0.000567	0.001667	0.011114	0.000567	0.000567	0.000567	0.000567	0.000567	0.000567	0.000567	0.000567	0.000567	0.000567	0.951676	
0.000557	0.002950	0.000557	0.000557	0.000557	0.000557	0.000557	0.000557	0.000557	0.000557	0.000557	0.000557	0.000557	0.001299	0.000557	0.000557	0.000557	0.000557	0.000557	0.000557	0.000557	0.000557	0.000557	0.000557	0.000557	0.000557	0.000557	0.000557	0.000557	0.000797	0.000557	0.000557	0.003070	0.000781	0.000781	0.000557	0.000557	0.001675	0.006452	0.000557	0.000557	0.000557	0.000557	0.000557	0.000557	0.000557	0.000557	0.000557	0.000557	0.959351	
0.000621	0.002605	0.000621	0.000621	0.000621	0.000621	0.000621	0.000621	0.000621	0.000621	0.000621	0.000621	0.000621	0.002589	0.000621	0.000621	0.000621	0.000621	0.000621	0.000621	0.000621	0.000621	0.000621	0.000621	0.000621	0.000621	0.000621	0.000621	0.000621	0.001133	0.000621	0.000621	0.002861	0.000847	0.000847	0.000621	0.000621	0.001753	0.010991	0.000621	0.000621	0.000621	0.000621	0.000621	0.000621	0.000621	0.000621	0.000621	0.000621	0.950911	
0.000518	0.004234	0.000518	0.000518	0.000518	0.000518	0.000518	0.000518	0.000518	0.000518	0.000518	0.000518	0.000518	0.000881	0.000518	0.000518	0.000518	0.000518	0.000518	0.000518	0.000518	0.000518	0.000518	0.000518	0.000518	0.000518	0.000518	0.000518	0.000518	0.000954	0.000518	0.000518	0.004452	0.000721	0.000721	0.000518	0.000518	0.001531	0.006044	0.000518	0.000518	0.000518	0.000518	0.000518	0.000518	0.000518	0.000518	0.000518	0.000518	0.959205	
0.000695	0.001692	0.000695	0.000695	0.000695	0.000695	0.000695	0.000695	0.000695	0.000695	0.000695	0.000695	0.000695	0.002828	0.000695	0.000695	0.000695	0.000695	0.000695	0.000695	0.000695	0.000695	0.000695	0.000695	0.000695	0.000695	0.000695	0.000695	0.000695	0.001962	0.000695	0.000695	0.002325	0.000858	0.000858	0.000695	0.000695	0.001513	0.011150	0.000695	0.000695	0.000695	0.000695	0.000695	0.000695	0.000695	0.000695	0.000695	0.000695	0.948326	
0.000602	0.002922	0.000602	0.000602	0.000602	0.000602	0.000602	0.000602	0.000602	0.000602	0.000602	0.000602	0.000602	0.003204	0.000602	0.000602	0.000602	0.000602	0.000602	0.000602	0.000602	0.000602	0.000602	0.000602	0.000602	0.000602	0.000602	0.000602	0.000602	0.000917	0.000602	0.000602	0.003079	0.000831	0.000831	0.000602	0.000602	0.001747	0.014079	0.000602	0.000602	0.000602	0.000602	0.000602	0.000602	0.000602	0.000602	0.000602	0.000602	0.947691	
0.000617	0.002753	0.000617	0.000617	0.000617	0.000617	0.000617	0.000617	0.000617	0.000617	0.000617	0.000617	0.000617	0.003338	0.000617	0.000617	0.000617	0.000617	0.000617	0.000617	0.000617	0.000617	0.000617	0.000617	0.000617	0.000617	0.000617	0.000617	0.000617	0.001049	0.000617	0.000617	0.002969	0.000757	0.000757	0.000617	0.000617	0.001316	0.014087	0.000617	0.000617	0.000617	0.000617	0.000617	0.000617	0.000617	0.000617	0.000617	0.000617	0.947689	
0.000745	0.001182	0.000745	0.000745	0.000745	0.000745	0.000745	0.000745	0.000745	0.000745	0.000745	0.000745	0.000745	0.005146	0.000745	0.000745	0.000745	0.000745	0.000745	0.000745	0.000745	0.000745	0.000745	0.000745	0.000745	0.000745	0.000745	0.000745	0.000745	0.001402	0.000745	0.000745	0.001511	0.000930	0.000930	0.000745	0.000745	0.001670	0.019405	0.000745	0.000745	0.000745	0.000745	0.000745	0.000745	0.000745	0.000745	0.000745	0.000745	0.937281	
0.000620	0.005273	0.000620	0.000620	0.000620	0.000620	0.000620	0.000620	0.000620	0.000620	0.000620	0.000620	0.000620	0.000861	0.000620	0.000620	0.000620	0.000620	0.000620	0.000620	0.000620	0.000620	0.000620	0.000620	0.000620	0.000620	0.000620	0.000620	0.000620	0.009526	0.000620	0.000620	0.009726	0.000795	0.000795	0.000620	0.000620	0.001495	0.011086	0.000620	0.000620	0.000620	0.000620	0.000620	0.000620	0.000620	0.000620	0.000620	0.000620	0.935031	
0.000621	0.005889	0.000621	0.000621	0.000621	0.000621	0.000621	0.000621	0.000621	0.000621	0.000621	0.000621	0.000621	0.000807	0.000621	0.000621	0.000621	0.000621	0.000621	0.000621	0.000621	0.000621	0.000621	0.000621	0.000621	0.000621	0.000621	0.000621	0.000621	0.010933	0.000621	0.000621	0.011045	0.000765	0.000765	0.000621	0.000621	0.001339	0.012027	0.000621	0.000621	0.000621	0.000621	0.000621	0.000621	0.000621	0.000621	0.000621	0.000621	0.930970	
0.000664	0.003615	0.000664	0.000664	0.000664	0.000664	0.000664	0.000664	0.000664	0.000664	0.000664	0.000664	0.000664	0.000923	0.000664	0.000664	0.000664	0.000664	0.000664	0.000664	0.000664	0.000664	0.000664	0.000664	0.000664	0.000664	0.000664	0.000664	0.000664	0.006277	0.000664	0.000664	0.006422	0.000948	0.000948	0.000664	0.000664	0.002085	0.007804	0.000664	0.000664	0.000664	0.000664	0.000664	0.000664	0.000664	0.000664	0.000664	0.000664	0.943753	
0.000645	0.002529	0.000645	0.000645	0.000645	0.000645	0.000645	0.000645	0.000645	0.000645	0.000645	0.000645	0.000645	0.000812	0.000645	0.000645	0.000645	0.000645	0.000645	0.000645	0.000645	0.000645	0.000645	0.000645	0.000645	0.000645	0.000645	0.000645	0.000645	0.003383	0.000645	0.000645	0.003897	0.000835	0.000835	0.000645	0.000645	0.001592	0.005283	0.000645	0.000645	0.000645	0.000645	0.000645	0.000645	0.000645	0.000645	0.000645	0.000645	0.954379	
0.000636	0.002075	0.000636	0.000636	0.000636	0.000636	0.000636	0.000636	0.000636	0.000636	0.000636	0.000636	0.000636	0.000896	0.000636	0.000636	0.000636	0.000636	0.000636	0.000636	0.000636	0.000636	0.000636	0.000636	0.000636	0.000636	0.000636	0.000636	0.000636	0.001814	0.000636	0.000636	0.002665	0.001126	0.001126	0.000636	0.000636	0.003087	0.003850	0.000636	0.000636	0.000636	0.000636	0.000636	0.000636	0.000636	0.000636	0.000636	0.000636	0.957294	
0.000654	0.002611	0.000654	0.000654	0.000654	0.000654	0.000654	0.000654	0.000654	0.000654	0.000654	0.000654	0.000654	0.000914	0.000654	0.000654	0.000654	0.000654	0.000654	0.000654	0.000654	0.000654	0.000654	0.000654	0.000654	0.000654	0.000654	0.000654	0.000654	0.002210	0.000654	0.000654	0.003389	0.000861	0.000861	0.000654	0.000654	0.001686	0.004806	0.000654	0.000654	0.000654	0.000654	0.000654	0.000654	0.000654	0.000654	0.000654	0.000654	0.955842	
0.000622	0.000949	0.000622	0.000622	0.000622	0.000622	0.000622	0.000622	0.000622	0.000622	0.000622	0.000622	0.000622	0.000774	0.000622	0.000622	0.000622	0.000622	0.000622	0.000622	0.000622	0.000622	0.000622	0.000622	0.000622	0.000622	0.000622	0.000622	0.000622	0.000983	0.000622	0.000622	0.001130	0.002823	0.002823	0.000622	0.000622	0.011625	0.001898	0.000622	0.000622	0.000622	0.000622	0.000622	0.000622	0.000622	0.000622	0.000622	0.000622	0.951474	
0.000633	0.002031	0.000633	0.000633	0.000633	0.000633	0.000633	0.000633	0.000633	0.000633	0.000633	0.000633	0.000633	0.000913	0.000633	0.000633	0.000633	0.000633	0.000633	0.000633	0.000633	0.000633	0.000633	0.000633	0.000633	0.000633	0.000633	0.000633	0.000633	0.003027	0.000633	0.000633	0.003228	0.003103	0.003103	0.000633	0.000633	0.012980	0.004524	0.000633	0.000633	0.000633	0.000633	0.000633	0.000633	0.000633	0.000633	0.000633	0.000633	0.941118	
0.000628	0.001889	0.000628	0.000628	0.000628	0.000628	0.000628	0.000628	0.000628	0.000628	0.000628	0.000628	0.000628	0.000796	0.000628	0.000628	0.000628	0.000628	0.000628	0.000628	0.000628	0.000628	0.000628	0.000628	0.000628	0.000628	0.000628	0.000628	0.000628	0.001013	0.000628	0.000628	0.002082	0.003991	0.003991	0.000628	0.000628	0.017440	0.003006	0.000628	0.000628	0.000628	0.000628	0.000628	0.000628	0.000628	0.000628	0.000628	0.000628	0.940034	
