4
4
4
4
4
4
4
4
4
4
4
4
4
4
4
4
4
4
24
24
24
24
24
24
24
24
24
24
36
36
36
36
36
36
36
36
36
5
5
5
5
5
5
5
14
14
14
14
14
14
14
14
14
14
14
14
14
14
14
14
14
40
40
40
40
40
40
40
40
40
40
40
40
40
40
14
14
14
14
14
14
14
14
14
14
14
14
14
14
14
14
14
14
14
14
14
14
14
14
14
14
21
21
21
21
21
21
21
21
21
9
9
9
9
9
9
9
9
9
9
9
9
9
9
9
9
9
9
9
9
9
9
9
9
9
34
34
34
34
34
34
34
34
34
34
34
34
38
38
38
38
38
38
38
38
38
38
40
40
40
40
40
40
40
40
40
40
40
40
40
40
40
44
44
44
44
44
44
44
44
44
44
44
44
44
44
5
5
5
5
5
5
5
5
17
17
17
17
17
17
17
17
17
17
17
17
17
17
17
17
17
17
17
