0	0	0	33	0	0	0	
0	22	0	0	0	0	0	
0	0	0	0	0	0	25	
0	2	0	0	0	241	0	
0	1	0	0	0	47	0	
0	0	0	0	126	0	0	
0	0	31	0	0	0	0	
0	40	0	0	0	0	0	
92	1	177	66	21	0	0	
0	0	0	0	0	61	0	
32	0	0	0	0	0	0	
0	96	0	0	0	23	0	
0	0	0	0	0	0	15	
0	0	0	21	0	1	0	
41	0	0	0	105	0	0	
0	0	0	0	99	0	0	
116	0	0	0	0	2	74	
71	0	0	0	0	0	0	
0	124	0	1	0	0	32	
0	0	0	0	0	0	0	
0	0	0	328	0	0	2	
0	0	0	0	0	0	0	
0	0	0	0	0	0	0	
0	0	0	0	89	0	134	
0	84	0	0	0	0	0	
0	0	4	0	11	35	0	
0	0	0	42	0	0	0	
0	0	99	0	0	4	40	
0	0	0	0	57	0	0	
54	1	20	5	0	20	0	
76	0	0	0	0	0	81	
0	125	0	0	0	0	50	
0	1	192	0	0	0	146	
48	0	0	0	0	0	0	
0	0	0	0	0	0	0	
0	0	0	0	0	33	0	
0	0	0	0	0	0	0	
0	0	28	0	0	0	0	
0	0	0	0	91	0	0	
0	0	0	0	18	0	0	
124	3	0	0	0	0	126	
0	0	76	0	0	0	0	
0	22	0	0	0	0	0	
0	0	58	0	0	0	0	
0	0	56	0	0	0	0	
0	0	0	58	0	49	0	
0	0	10	36	0	0	0	
0	0	0	0	0	0	0	
127	0	0	0	0	12	0	
1	105	0	0	48	57	0	
