22
22
22
22
22
22
25
25
25
25
25
25
25
25
25
25
25
22
22
22
22
22
22
22
22
22
22
29
29
29
29
29
29
29
29
29
29
29
29
29
29
29
29
20
20
20
20
20
49
49
49
45
45
45
45
45
45
45
45
24
24
24
24
24
24
24
24
24
5
5
5
5
5
5
5
5
5
5
5
5
5
5
5
5
5
5
5
5
5
5
5
5
5
24
24
24
24
24
24
24
24
24
24
31
31
31
31
31
31
26
26
26
26
26
26
26
26
26
11
11
11
11
11
11
11
11
35
35
35
35
35
35
35
35
35
35
35
35
35
35
35
35
35
35
35
35
35
35
35
26
26
26
26
26
26
26
26
26
26
20
20
20
20
20
29
29
29
29
31
31
31
31
31
31
31
31
31
31
31
31
26
26
26
26
26
26
20
20
20
20
20
20
20
20
20
20
20
20
20
20
20
20
42
42
42
42
42
42
42
42
42
42
42
42
42
42
42
0
0
0
0
0
0
0
0
0
0
0
0
0
0
0
