0.414123	0.005768	0.025893	0.000767	0.033971	0.016804	0.024117	0.177115	0.035867	0.172123	0.020322	0.009208	0.027189	0.024422	0.012311	
0.411731	0.004103	0.076197	0.000681	0.035649	0.016519	0.032196	0.132412	0.027285	0.132928	0.014269	0.019720	0.043513	0.047657	0.005140	
0.425362	0.004564	0.077431	0.001094	0.039160	0.021772	0.034041	0.129731	0.015926	0.134417	0.016748	0.019683	0.046567	0.030436	0.003069	
0.438046	0.008905	0.073537	0.008711	0.018124	0.069404	0.155486	0.016843	0.057989	0.013681	0.048163	0.024931	0.010246	0.050807	0.005127	
0.381349	0.005944	0.068049	0.005660	0.017337	0.048670	0.103983	0.027009	0.146765	0.019061	0.031402	0.059341	0.012187	0.062320	0.010922	
0.391922	0.004726	0.092434	0.004486	0.020713	0.047887	0.087573	0.021448	0.120178	0.022019	0.024632	0.046065	0.028280	0.064905	0.022733	
0.476783	0.009130	0.052877	0.008908	0.021173	0.071555	0.148758	0.023827	0.048338	0.020559	0.049392	0.019881	0.019026	0.024161	0.005631	
0.273305	0.000943	0.188272	0.000737	0.007819	0.021026	0.079386	0.014483	0.102204	0.015016	0.003342	0.025753	0.023436	0.203176	0.041101	
0.279101	0.002172	0.188027	0.001996	0.007282	0.025933	0.102108	0.012839	0.083555	0.011885	0.010280	0.023205	0.016475	0.203855	0.031287	
0.359246	0.001117	0.070771	0.000842	0.008122	0.041139	0.021328	0.015670	0.215805	0.016484	0.004468	0.031248	0.035539	0.086016	0.092205	
0.339685	0.001009	0.082272	0.000883	0.004788	0.041234	0.028447	0.007793	0.220527	0.008145	0.004169	0.030357	0.030305	0.105206	0.095180	
0.391592	0.003220	0.076700	0.003008	0.015909	0.050395	0.053779	0.013705	0.165415	0.017500	0.016338	0.035769	0.035088	0.059450	0.062131	
0.375858	0.002399	0.121062	0.000847	0.027751	0.027584	0.040304	0.061537	0.077546	0.069270	0.008707	0.029481	0.046232	0.081598	0.029823	
0.385109	0.000940	0.186682	0.000831	0.038626	0.031734	0.043321	0.013724	0.049761	0.036328	0.003479	0.048534	0.071290	0.076834	0.012807	
0.435410	0.001083	0.172241	0.000742	0.050247	0.035014	0.024228	0.023478	0.031699	0.052923	0.003790	0.053933	0.089202	0.021275	0.004736	
0.585348	0.000946	0.017960	0.000707	0.036057	0.006060	0.011828	0.104650	0.016581	0.087933	0.003434	0.007449	0.104777	0.013262	0.003007	
0.577393	0.000774	0.020724	0.000582	0.035317	0.004829	0.011374	0.103132	0.022452	0.085901	0.002568	0.009856	0.103524	0.018567	0.003008	
0.534046	0.004056	0.030133	0.003799	0.029356	0.029928	0.064254	0.074355	0.038572	0.061447	0.020851	0.016044	0.068606	0.021230	0.003324	
0.430940	0.003965	0.040561	0.002501	0.019727	0.038058	0.044961	0.069937	0.116871	0.065445	0.017842	0.017804	0.038501	0.044934	0.047954	
0.306830	0.001320	0.081223	0.000987	0.017409	0.009348	0.039955	0.050670	0.225078	0.033131	0.005340	0.098772	0.021487	0.104853	0.003598	
0.330851	0.003652	0.105469	0.003396	0.012466	0.033809	0.087298	0.026216	0.151301	0.018145	0.018558	0.053934	0.014542	0.118171	0.022194	
0.304936	0.002995	0.083153	0.002800	0.014520	0.023269	0.068906	0.034633	0.218944	0.019097	0.015038	0.094133	0.009118	0.103312	0.005144	
0.271212	0.001080	0.070217	0.000950	0.014113	0.008655	0.034450	0.041798	0.289192	0.020580	0.004477	0.123618	0.009924	0.104918	0.004816	
0.333734	0.004561	0.096195	0.004416	0.014329	0.035770	0.099924	0.025899	0.158369	0.014983	0.023892	0.068358	0.008788	0.105084	0.005699	
