0.000587	0.005317	0.000587	0.000587	0.000587	0.000587	0.000587	0.000587	0.000587	0.000587	0.000587	0.000587	0.000587	0.001368	0.000587	0.000587	0.000587	0.000587	0.000587	0.000587	0.000587	0.000587	0.000587	0.000587	0.000587	0.000587	0.000587	0.000587	0.000587	0.005317	0.000587	0.000587	0.000956	0.000710	0.001226	0.000587	0.000587	0.003157	0.004669	0.000587	0.000587	0.000587	0.000587	0.000587	0.000587	0.000587	0.000587	0.000587	0.000587	0.953216	
0.000593	0.004305	0.000593	0.000593	0.000593	0.000593	0.000593	0.000593	0.000593	0.000593	0.000593	0.000593	0.000593	0.000766	0.000593	0.000593	0.000593	0.000593	0.000593	0.000593	0.000593	0.000593	0.000593	0.000593	0.000593	0.000593	0.000593	0.000593	0.000593	0.004305	0.000593	0.000593	0.003011	0.001399	0.001269	0.000593	0.000593	0.002948	0.005261	0.000593	0.000593	0.000593	0.000593	0.000593	0.000593	0.000593	0.000593	0.000593	0.000593	0.952440	
0.000571	0.005725	0.000571	0.000571	0.000571	0.000571	0.000571	0.000571	0.000571	0.000571	0.000571	0.000571	0.000571	0.000817	0.000571	0.000571	0.000571	0.000571	0.000571	0.000571	0.000571	0.000571	0.000571	0.000571	0.000571	0.000571	0.000571	0.000571	0.000571	0.005725	0.000571	0.000571	0.002126	0.001089	0.000989	0.000571	0.000571	0.002286	0.005492	0.000571	0.000571	0.000571	0.000571	0.000571	0.000571	0.000571	0.000571	0.000571	0.000571	0.952338	
0.000619	0.000972	0.000619	0.000619	0.000619	0.000619	0.000619	0.000619	0.000619	0.000619	0.000619	0.000619	0.000619	0.000827	0.000619	0.000619	0.000619	0.000619	0.000619	0.000619	0.000619	0.000619	0.000619	0.000619	0.000619	0.000619	0.000619	0.000619	0.000619	0.000972	0.000619	0.000619	0.002875	0.001371	0.000747	0.000619	0.000619	0.001332	0.007506	0.000619	0.000619	0.000619	0.000619	0.000619	0.000619	0.000619	0.000619	0.000619	0.000619	0.958026	
0.000631	0.001378	0.000631	0.000631	0.000631	0.000631	0.000631	0.000631	0.000631	0.000631	0.000631	0.000631	0.000631	0.000822	0.000631	0.000631	0.000631	0.000631	0.000631	0.000631	0.000631	0.000631	0.000631	0.000631	0.000631	0.000631	0.000631	0.000631	0.000631	0.001378	0.000631	0.000631	0.001981	0.001081	0.001404	0.000631	0.000631	0.006098	0.011027	0.000631	0.000631	0.000631	0.000631	0.000631	0.000631	0.000631	0.000631	0.000631	0.000631	0.948952	
0.000622	0.000903	0.000622	0.000622	0.000622	0.000622	0.000622	0.000622	0.000622	0.000622	0.000622	0.000622	0.000622	0.000880	0.000622	0.000622	0.000622	0.000622	0.000622	0.000622	0.000622	0.000622	0.000622	0.000622	0.000622	0.000622	0.000622	0.000622	0.000622	0.000903	0.000622	0.000622	0.002010	0.001085	0.000797	0.000622	0.000622	0.001948	0.007876	0.000622	0.000622	0.000622	0.000622	0.000622	0.000622	0.000622	0.000622	0.000622	0.000622	0.958085	
0.000654	0.000960	0.000654	0.000654	0.000654	0.000654	0.000654	0.000654	0.000654	0.000654	0.000654	0.000654	0.000654	0.001375	0.000654	0.000654	0.000654	0.000654	0.000654	0.000654	0.000654	0.000654	0.000654	0.000654	0.000654	0.000654	0.000654	0.000654	0.000654	0.000960	0.000654	0.000654	0.001154	0.000820	0.003965	0.000654	0.000654	0.011462	0.004426	0.000654	0.000654	0.000654	0.000654	0.000654	0.000654	0.000654	0.000654	0.000654	0.000654	0.948083	
0.000653	0.001076	0.000653	0.000653	0.000653	0.000653	0.000653	0.000653	0.000653	0.000653	0.000653	0.000653	0.000653	0.000981	0.000653	0.000653	0.000653	0.000653	0.000653	0.000653	0.000653	0.000653	0.000653	0.000653	0.000653	0.000653	0.000653	0.000653	0.000653	0.001076	0.000653	0.000653	0.004924	0.002077	0.000955	0.000653	0.000653	0.004233	0.009265	0.000653	0.000653	0.000653	0.000653	0.000653	0.000653	0.000653	0.000653	0.000653	0.000653	0.948627	
0.000658	0.001227	0.000658	0.000658	0.000658	0.000658	0.000658	0.000658	0.000658	0.000658	0.000658	0.000658	0.000658	0.002325	0.000658	0.000658	0.000658	0.000658	0.000658	0.000658	0.000658	0.000658	0.000658	0.000658	0.000658	0.000658	0.000658	0.000658	0.000658	0.001227	0.000658	0.000658	0.006615	0.002644	0.000820	0.000658	0.000658	0.003655	0.010276	0.000658	0.000658	0.000658	0.000658	0.000658	0.000658	0.000658	0.000658	0.000658	0.000658	0.944219	
0.000697	0.000985	0.000697	0.000697	0.000697	0.000697	0.000697	0.000697	0.000697	0.000697	0.000697	0.000697	0.000697	0.005309	0.000697	0.000697	0.000697	0.000697	0.000697	0.000697	0.000697	0.000697	0.000697	0.000697	0.000697	0.000697	0.000697	0.000697	0.000697	0.000985	0.000697	0.000697	0.001573	0.000989	0.000972	0.000697	0.000697	0.003921	0.006460	0.000697	0.000697	0.000697	0.000697	0.000697	0.000697	0.000697	0.000697	0.000697	0.000697	0.950223	
0.000702	0.000889	0.000702	0.000702	0.000702	0.000702	0.000702	0.000702	0.000702	0.000702	0.000702	0.000702	0.000702	0.006126	0.000702	0.000702	0.000702	0.000702	0.000702	0.000702	0.000702	0.000702	0.000702	0.000702	0.000702	0.000702	0.000702	0.000702	0.000702	0.000889	0.000702	0.000702	0.002744	0.001382	0.000890	0.000702	0.000702	0.001748	0.003334	0.000702	0.000702	0.000702	0.000702	0.000702	0.000702	0.000702	0.000702	0.000702	0.000702	0.953232	
0.000681	0.000899	0.000681	0.000681	0.000681	0.000681	0.000681	0.000681	0.000681	0.000681	0.000681	0.000681	0.000681	0.003181	0.000681	0.000681	0.000681	0.000681	0.000681	0.000681	0.000681	0.000681	0.000681	0.000681	0.000681	0.000681	0.000681	0.000681	0.000681	0.000899	0.000681	0.000681	0.001517	0.000960	0.000893	0.000681	0.000681	0.006904	0.013206	0.000681	0.000681	0.000681	0.000681	0.000681	0.000681	0.000681	0.000681	0.000681	0.000681	0.943628	
0.000659	0.000934	0.000659	0.000659	0.000659	0.000659	0.000659	0.000659	0.000659	0.000659	0.000659	0.000659	0.000659	0.000912	0.000659	0.000659	0.000659	0.000659	0.000659	0.000659	0.000659	0.000659	0.000659	0.000659	0.000659	0.000659	0.000659	0.000659	0.000659	0.000934	0.000659	0.000659	0.001932	0.001083	0.000922	0.000659	0.000659	0.003391	0.005661	0.000659	0.000659	0.000659	0.000659	0.000659	0.000659	0.000659	0.000659	0.000659	0.000659	0.957192	
0.000658	0.001028	0.000658	0.000658	0.000658	0.000658	0.000658	0.000658	0.000658	0.000658	0.000658	0.000658	0.000658	0.000846	0.000658	0.000658	0.000658	0.000658	0.000658	0.000658	0.000658	0.000658	0.000658	0.000658	0.000658	0.000658	0.000658	0.000658	0.000658	0.001028	0.000658	0.000658	0.003005	0.001441	0.000893	0.000658	0.000658	0.005734	0.011323	0.000658	0.000658	0.000658	0.000658	0.000658	0.000658	0.000658	0.000658	0.000658	0.000658	0.947706	
0.000663	0.001012	0.000663	0.000663	0.000663	0.000663	0.000663	0.000663	0.000663	0.000663	0.000663	0.000663	0.000663	0.000953	0.000663	0.000663	0.000663	0.000663	0.000663	0.000663	0.000663	0.000663	0.000663	0.000663	0.000663	0.000663	0.000663	0.000663	0.000663	0.001012	0.000663	0.000663	0.001291	0.000872	0.001258	0.000663	0.000663	0.008030	0.012793	0.000663	0.000663	0.000663	0.000663	0.000663	0.000663	0.000663	0.000663	0.000663	0.000663	0.945613	
0.000542	0.007420	0.000542	0.000542	0.000542	0.000542	0.000542	0.000542	0.000542	0.000542	0.000542	0.000542	0.000542	0.000666	0.000542	0.000542	0.000542	0.000542	0.000542	0.000542	0.000542	0.000542	0.000542	0.000542	0.000542	0.000542	0.000542	0.000542	0.000542	0.007420	0.000542	0.000542	0.002142	0.001075	0.000800	0.000542	0.000542	0.002397	0.007492	0.000542	0.000542	0.000542	0.000542	0.000542	0.000542	0.000542	0.000542	0.000542	0.000542	0.948374	
0.000567	0.005747	0.000567	0.000567	0.000567	0.000567	0.000567	0.000567	0.000567	0.000567	0.000567	0.000567	0.000567	0.000745	0.000567	0.000567	0.000567	0.000567	0.000567	0.000567	0.000567	0.000567	0.000567	0.000567	0.000567	0.000567	0.000567	0.000567	0.000567	0.005747	0.000567	0.000567	0.001631	0.000922	0.000924	0.000567	0.000567	0.001973	0.005383	0.000567	0.000567	0.000567	0.000567	0.000567	0.000567	0.000567	0.000567	0.000567	0.000567	0.953686	
0.000533	0.007932	0.000533	0.000533	0.000533	0.000533	0.000533	0.000533	0.000533	0.000533	0.000533	0.000533	0.000533	0.000744	0.000533	0.000533	0.000533	0.000533	0.000533	0.000533	0.000533	0.000533	0.000533	0.000533	0.000533	0.000533	0.000533	0.000533	0.000533	0.007932	0.000533	0.000533	0.002088	0.001052	0.000744	0.000533	0.000533	0.001462	0.006044	0.000533	0.000533	0.000533	0.000533	0.000533	0.000533	0.000533	0.000533	0.000533	0.000533	0.950133	
0.000608	0.004482	0.000608	0.000608	0.000608	0.000608	0.000608	0.000608	0.000608	0.000608	0.000608	0.000608	0.000608	0.002923	0.000608	0.000608	0.000608	0.000608	0.000608	0.000608	0.000608	0.000608	0.000608	0.000608	0.000608	0.000608	0.000608	0.000608	0.000608	0.004482	0.000608	0.000608	0.002920	0.001379	0.000801	0.000608	0.000608	0.001418	0.005077	0.000608	0.000608	0.000608	0.000608	0.000608	0.000608	0.000608	0.000608	0.000608	0.000608	0.951585	
0.000620	0.002007	0.000620	0.000620	0.000620	0.000620	0.000620	0.000620	0.000620	0.000620	0.000620	0.000620	0.000620	0.000778	0.000620	0.000620	0.000620	0.000620	0.000620	0.000620	0.000620	0.000620	0.000620	0.000620	0.000620	0.000620	0.000620	0.000620	0.000620	0.002007	0.000620	0.000620	0.013059	0.004766	0.001162	0.000620	0.000620	0.002704	0.010714	0.000620	0.000620	0.000620	0.000620	0.000620	0.000620	0.000620	0.000620	0.000620	0.000620	0.937385	
0.000645	0.001354	0.000645	0.000645	0.000645	0.000645	0.000645	0.000645	0.000645	0.000645	0.000645	0.000645	0.000645	0.001686	0.000645	0.000645	0.000645	0.000645	0.000645	0.000645	0.000645	0.000645	0.000645	0.000645	0.000645	0.000645	0.000645	0.000645	0.000645	0.001354	0.000645	0.000645	0.006906	0.002732	0.001252	0.000645	0.000645	0.004192	0.009447	0.000645	0.000645	0.000645	0.000645	0.000645	0.000645	0.000645	0.000645	0.000645	0.000645	0.944613	
0.000651	0.000965	0.000651	0.000651	0.000651	0.000651	0.000651	0.000651	0.000651	0.000651	0.000651	0.000651	0.000651	0.000988	0.000651	0.000651	0.000651	0.000651	0.000651	0.000651	0.000651	0.000651	0.000651	0.000651	0.000651	0.000651	0.000651	0.000651	0.000651	0.000965	0.000651	0.000651	0.003745	0.001683	0.003679	0.000651	0.000651	0.011326	0.007051	0.000651	0.000651	0.000651	0.000651	0.000651	0.000651	0.000651	0.000651	0.000651	0.000651	0.942902	
0.000656	0.001135	0.000656	0.000656	0.000656	0.000656	0.000656	0.000656	0.000656	0.000656	0.000656	0.000656	0.000656	0.000833	0.000656	0.000656	0.000656	0.000656	0.000656	0.000656	0.000656	0.000656	0.000656	0.000656	0.000656	0.000656	0.000656	0.000656	0.000656	0.001135	0.000656	0.000656	0.002222	0.001178	0.004797	0.000656	0.000656	0.014332	0.004671	0.000656	0.000656	0.000656	0.000656	0.000656	0.000656	0.000656	0.000656	0.000656	0.000656	0.942814	
0.000655	0.000991	0.000655	0.000655	0.000655	0.000655	0.000655	0.000655	0.000655	0.000655	0.000655	0.000655	0.000655	0.001304	0.000655	0.000655	0.000655	0.000655	0.000655	0.000655	0.000655	0.000655	0.000655	0.000655	0.000655	0.000655	0.000655	0.000655	0.000655	0.000991	0.000655	0.000655	0.005420	0.002243	0.004031	0.000655	0.000655	0.011246	0.005239	0.000655	0.000655	0.000655	0.000655	0.000655	0.000655	0.000655	0.000655	0.000655	0.000655	0.941678	
