0.107740	0.019434	0.480055	0.048074	0.222298	0.095806	0.026594	
0.023866	0.127395	0.376807	0.023866	0.256807	0.101513	0.089748	
0.033916	0.081877	0.523124	0.033916	0.201781	0.062693	0.062693	
0.028775	0.118822	0.035884	0.024035	0.031144	0.019296	0.742045	
0.026280	0.071092	0.075809	0.231469	0.019205	0.115903	0.460243	
0.035547	0.073105	0.028504	0.059021	0.030852	0.026157	0.746814	
0.099629	0.026342	0.031071	0.064168	0.031071	0.496792	0.250929	
0.045255	0.224924	0.042891	0.196555	0.411685	0.045255	0.033435	
0.230007	0.313739	0.057758	0.184552	0.134313	0.024265	0.055366	
0.636489	0.046127	0.029260	0.176248	0.031670	0.041308	0.038898	
0.748585	0.107559	0.018981	0.035298	0.025974	0.028305	0.035298	
0.345007	0.044036	0.022191	0.410541	0.034327	0.031900	0.111997	
0.034811	0.066995	0.027915	0.142857	0.666995	0.039409	0.021018	
0.025914	0.123588	0.037542	0.321262	0.428239	0.035216	0.028239	
0.040147	0.033121	0.035463	0.410171	0.330545	0.089328	0.061224	
0.017129	0.084275	0.698184	0.079479	0.036314	0.038712	0.045906	
0.024559	0.056036	0.525770	0.024559	0.177101	0.053615	0.138360	
0.029120	0.081877	0.750942	0.021925	0.055498	0.031518	0.029120	
0.319388	0.121769	0.393197	0.017007	0.033673	0.028912	0.086054	
0.021769	0.655102	0.140816	0.033673	0.036054	0.081293	0.031293	
0.143539	0.329697	0.071940	0.126833	0.102966	0.091033	0.133992	
0.046463	0.162968	0.031900	0.116852	0.024619	0.454230	0.162968	
0.024500	0.082471	0.048654	0.092133	0.094548	0.621118	0.036577	
0.089501	0.250947	0.034079	0.034079	0.034079	0.506368	0.050947	
