48
48
48
48
48
48
48
48
48
48
48
48
48
48
48
48
48
48
48
5
5
5
5
5
5
5
5
5
5
5
5
5
5
5
5
5
5
5
5
5
5
5
14
14
14
14
14
14
14
14
14
14
14
14
14
14
5
5
5
5
5
5
5
5
5
5
5
5
5
5
5
5
5
5
5
5
5
5
38
38
38
38
38
38
38
38
38
38
38
38
38
38
38
38
38
38
38
19
19
19
19
19
19
19
8
8
8
8
8
8
8
8
8
8
8
8
8
8
8
8
10
10
10
10
10
10
10
10
10
10
10
10
26
26
26
26
26
26
26
26
26
26
26
26
26
26
26
26
26
26
26
26
26
26
26
26
11
11
11
11
11
11
11
11
11
11
11
11
11
11
11
11
11
11
11
11
11
11
11
11
19
19
19
19
19
19
19
19
19
19
19
19
19
19
19
19
19
19
19
19
19
19
19
19
14
14
14
14
14
14
14
14
14
14
14
14
14
14
14
14
14
14
14
14
14
14
14
5
5
5
5
5
5
5
5
5
5
5
5
5
5
5
5
5
1
1
1
