0	49	37	0	0	0	0	
0	0	0	22	0	0	0	
0	0	0	0	0	48	0	
0	25	0	0	294	1	0	
0	52	0	0	0	120	0	
0	39	50	1	0	21	0	
0	0	4	0	25	0	0	
0	0	0	0	0	54	0	
145	15	0	0	0	0	2	
0	0	26	54	32	0	166	
139	0	0	0	0	0	65	
0	0	0	16	0	2	0	
0	0	0	0	0	22	0	
0	0	0	0	0	0	0	
0	0	0	85	0	0	0	
0	0	0	0	38	0	0	
0	0	0	0	0	0	76	
12	0	0	0	0	0	0	
0	0	121	2	0	0	0	
0	0	35	0	0	2	1	
0	109	0	0	16	0	0	
0	0	0	0	0	18	0	
0	27	3	1	0	156	0	
0	30	28	0	0	0	33	
0	0	87	0	0	0	0	
0	0	0	22	0	0	0	
139	0	1	0	0	0	0	
0	0	31	0	1	0	0	
0	41	0	0	191	7	0	
0	43	0	17	0	0	51	
75	0	26	0	0	0	2	
0	12	0	0	0	0	0	
106	0	0	0	0	0	0	
0	0	0	61	0	1	0	
0	0	105	281	0	7	0	
80	0	0	0	0	2	1	
1	88	0	34	0	0	0	
0	0	24	0	0	0	0	
17	0	0	0	0	0	3	
0	0	12	0	0	0	0	
0	0	0	18	0	0	0	
0	0	0	0	201	0	0	
0	80	0	0	0	0	0	
41	0	0	0	0	0	0	
0	0	0	0	16	0	0	
19	17	0	0	46	0	154	
0	0	0	0	0	0	0	
0	0	0	94	0	0	0	
0	0	1	3	5	0	83	
0	0	0	0	39	0	0	
