0.115450	0.026721	0.065091	0.031518	0.033916	0.110654	0.616650	
0.031071	0.026342	0.075988	0.284026	0.049983	0.049983	0.482607	
0.038805	0.026786	0.053228	0.195055	0.120536	0.019574	0.546016	
0.619959	0.036227	0.045796	0.167806	0.072112	0.026658	0.031442	
0.464960	0.210243	0.163073	0.028639	0.045148	0.042790	0.045148	
0.372978	0.089960	0.127695	0.139488	0.075809	0.167790	0.026280	
0.506248	0.144546	0.125633	0.021614	0.028707	0.023978	0.149274	
0.028912	0.093197	0.259864	0.326531	0.031293	0.233673	0.026531	
0.041012	0.201299	0.021873	0.629528	0.055366	0.024265	0.026658	
0.111997	0.437240	0.335298	0.027046	0.041609	0.017337	0.029473	
0.077983	0.477983	0.115630	0.202689	0.033277	0.028571	0.063866	
0.044251	0.427178	0.400348	0.027178	0.036934	0.032056	0.032056	
0.032814	0.083858	0.513092	0.239311	0.056016	0.025853	0.049055	
0.025974	0.028305	0.501499	0.147186	0.098235	0.119214	0.079587	
0.039867	0.039867	0.693355	0.100332	0.042193	0.037542	0.046844	
0.043508	0.045906	0.033916	0.053100	0.667009	0.084275	0.072285	
0.077081	0.029120	0.017129	0.041110	0.786913	0.024323	0.024323	
0.303444	0.028981	0.024207	0.033754	0.406069	0.026594	0.176952	
0.101549	0.344923	0.038898	0.084682	0.294320	0.026850	0.108778	
0.016966	0.026468	0.038344	0.078724	0.173736	0.520529	0.145232	
0.046351	0.206157	0.140782	0.080249	0.215842	0.273954	0.036666	
0.034244	0.259426	0.024559	0.223106	0.184365	0.138360	0.135939	
0.096730	0.024441	0.091910	0.024441	0.084682	0.446127	0.231670	
0.113813	0.180007	0.028707	0.430598	0.090172	0.061803	0.094900	
