0.510704	0.000865	0.026500	0.000745	0.023087	0.027967	0.036115	0.125703	0.049112	0.104060	0.006578	0.008783	0.024184	0.020385	0.035211	
0.540277	0.000800	0.062312	0.001953	0.028647	0.015983	0.031438	0.108565	0.021811	0.093929	0.013216	0.024111	0.034434	0.016144	0.006380	
0.534894	0.001301	0.020772	0.001368	0.022679	0.020212	0.024927	0.127343	0.039987	0.108942	0.009450	0.012498	0.038812	0.018859	0.017956	
0.580929	0.003638	0.026636	0.010506	0.010040	0.076035	0.033497	0.014701	0.070694	0.012429	0.064040	0.048225	0.009507	0.032773	0.006351	
0.373298	0.006702	0.096674	0.002443	0.033706	0.019543	0.080502	0.033862	0.129401	0.036731	0.015046	0.069728	0.035460	0.060608	0.006295	
0.429422	0.005340	0.044941	0.005190	0.020222	0.060126	0.071588	0.024257	0.130281	0.022654	0.032448	0.050454	0.015021	0.051673	0.036381	
0.391608	0.001107	0.024573	0.001413	0.027422	0.104229	0.112282	0.009539	0.131512	0.012139	0.012529	0.013070	0.008705	0.014124	0.135749	
0.269539	0.000871	0.184219	0.001629	0.011122	0.014755	0.047353	0.052266	0.122249	0.044178	0.009809	0.026173	0.040840	0.167415	0.007584	
0.340387	0.001177	0.164209	0.005641	0.007132	0.042038	0.044947	0.013394	0.113345	0.011837	0.033986	0.035430	0.031341	0.148762	0.006373	
0.255979	0.000780	0.164385	0.002172	0.012533	0.048391	0.073057	0.013767	0.144552	0.013533	0.014024	0.024484	0.032632	0.150200	0.049511	
0.325742	0.001007	0.139355	0.002525	0.016195	0.041092	0.061736	0.028193	0.116378	0.028444	0.015840	0.026768	0.041495	0.119540	0.035690	
0.365960	0.001729	0.142772	0.003842	0.020616	0.041006	0.064190	0.017231	0.102645	0.019130	0.023936	0.040731	0.033154	0.100347	0.022711	
0.378029	0.000807	0.158968	0.001910	0.028714	0.021042	0.061124	0.036805	0.074074	0.039324	0.012205	0.038642	0.048007	0.086713	0.013637	
0.312731	0.000757	0.193405	0.000690	0.026612	0.005169	0.058788	0.044128	0.088775	0.045053	0.004307	0.037743	0.055056	0.123498	0.003289	
0.450475	0.001723	0.149913	0.000812	0.048842	0.008289	0.076680	0.039338	0.035992	0.047546	0.006181	0.057278	0.051877	0.018415	0.006641	
0.520442	0.001244	0.032666	0.000950	0.024239	0.007293	0.016378	0.116292	0.035776	0.110677	0.005191	0.013640	0.081012	0.030866	0.003334	
0.547838	0.001132	0.017766	0.000940	0.026339	0.008816	0.014910	0.117473	0.025432	0.114226	0.005064	0.012347	0.087946	0.014292	0.005478	
0.529627	0.001235	0.016069	0.000544	0.027288	0.014275	0.023590	0.111205	0.035910	0.109113	0.002947	0.011808	0.085714	0.013605	0.017070	
0.462616	0.001074	0.021744	0.001955	0.023735	0.066411	0.066328	0.053368	0.087282	0.052420	0.013743	0.012345	0.039224	0.020843	0.076912	
0.233010	0.009280	0.098373	0.000908	0.021811	0.008009	0.082036	0.047665	0.208473	0.044251	0.004710	0.068518	0.036913	0.130975	0.005067	
0.329851	0.004473	0.100666	0.002036	0.021026	0.030542	0.069309	0.042536	0.141067	0.040364	0.012640	0.043797	0.036596	0.099386	0.025713	
0.241123	0.012854	0.060628	0.003219	0.022439	0.029055	0.102954	0.017613	0.248979	0.015904	0.019083	0.092124	0.010353	0.111618	0.012054	
0.252576	0.012165	0.064210	0.002508	0.023482	0.018579	0.093873	0.031311	0.232786	0.029544	0.014439	0.087210	0.022555	0.110527	0.004234	
0.302219	0.010368	0.051889	0.003438	0.021643	0.034809	0.089225	0.026965	0.208683	0.025164	0.020661	0.076159	0.018023	0.092816	0.017939	
