0	0	32	0	43	27	0	
0	0	0	0	0	0	16	
0	0	51	0	0	0	0	
0	0	0	0	0	28	0	
1	49	0	0	0	0	0	
116	1	6	0	43	150	0	
0	0	25	0	0	0	0	
2	77	0	0	0	0	116	
139	0	0	0	0	0	0	
0	0	0	0	46	0	0	
0	0	0	0	0	92	0	
0	0	0	0	0	67	0	
0	102	0	0	0	0	0	
0	0	0	121	12	0	0	
0	92	0	0	0	0	0	
0	120	0	0	0	6	0	
0	0	0	51	84	0	0	
0	0	0	0	123	0	0	
0	0	0	0	0	0	13	
0	0	73	0	0	0	0	
0	0	0	13	0	0	0	
0	11	0	0	0	0	0	
72	0	0	57	0	0	0	
0	0	0	0	0	0	16	
0	0	63	0	0	0	0	
0	1	108	0	0	0	0	
14	0	0	0	0	0	0	
1	55	0	86	0	0	0	
62	0	1	0	0	0	0	
0	0	3	101	0	0	0	
13	0	0	0	0	1	0	
3	0	0	0	25	0	226	
0	0	0	0	0	40	0	
0	0	0	7	0	0	24	
0	193	0	0	0	0	0	
0	0	0	0	48	0	0	
0	102	0	0	0	0	0	
0	0	0	0	73	114	0	
122	0	40	0	8	0	0	
0	0	167	1	18	0	0	
0	0	0	0	48	0	0	
63	0	0	0	0	0	0	
0	1	0	94	0	0	0	
0	26	0	0	0	0	0	
0	0	0	14	1	0	0	
16	0	0	0	13	0	0	
0	0	55	189	0	42	15	
0	0	0	0	57	0	190	
0	0	0	0	46	0	0	
0	0	30	0	0	0	0	
