0	0	0	0	76	16	0	
0	0	127	0	26	9	0	
39	0	1	18	0	12	0	
0	0	0	1	0	0	166	
0	0	0	0	0	0	28	
0	0	0	157	0	0	5	
0	0	0	0	0	56	0	
0	0	0	0	41	0	0	
0	0	0	29	1	0	0	
0	0	0	0	0	0	0	
0	0	0	0	22	0	28	
0	0	0	0	0	0	0	
17	0	1	0	2	0	30	
90	0	0	0	0	0	0	
126	0	0	0	0	0	10	
0	0	34	0	0	0	0	
0	60	0	125	0	0	0	
107	0	0	0	0	0	31	
0	0	465	0	0	96	1	
0	0	196	0	0	0	0	
0	0	0	0	0	73	0	
0	0	0	86	205	0	0	
0	0	0	0	0	16	0	
5	14	0	0	1	0	185	
0	0	0	0	144	0	0	
0	0	16	0	0	0	0	
0	0	0	0	0	0	0	
0	0	0	88	0	0	0	
0	0	14	0	0	0	0	
0	50	0	0	0	0	0	
1	0	0	0	49	0	0	
0	0	0	70	0	0	0	
0	140	0	0	0	0	0	
0	0	0	0	0	0	0	
0	22	0	0	0	0	0	
0	0	0	0	0	0	0	
0	0	0	0	25	0	0	
0	0	0	0	0	0	44	
0	276	0	0	52	0	0	
0	0	0	119	0	13	0	
0	0	0	0	158	0	0	
46	28	0	0	0	0	0	
81	0	0	31	13	0	0	
46	0	0	0	0	0	0	
0	0	0	0	0	40	0	
0	0	14	0	0	0	0	
0	2	0	0	0	30	0	
0	0	0	0	0	0	0	
0	0	0	2	0	0	162	
0	51	0	0	0	73	0	
