0.000579	0.000890	0.000579	0.000579	0.000579	0.000579	0.000579	0.000579	0.000579	0.000579	0.000579	0.000579	0.000579	0.000936	0.000579	0.000579	0.000579	0.000579	0.000579	0.000579	0.000579	0.000579	0.000579	0.000579	0.000579	0.000579	0.000579	0.000579	0.000579	0.002414	0.000579	0.000579	0.002004	0.001496	0.000931	0.000579	0.000579	0.002339	0.003549	0.000579	0.000579	0.000579	0.000579	0.000579	0.000579	0.000579	0.000579	0.000579	0.000579	0.961718	
0.000574	0.000994	0.000574	0.000574	0.000574	0.000574	0.000574	0.000574	0.000574	0.000574	0.000574	0.000574	0.000574	0.000737	0.000574	0.000574	0.000574	0.000574	0.000574	0.000574	0.000574	0.000574	0.000574	0.000574	0.000574	0.000574	0.000574	0.000574	0.000574	0.001256	0.000574	0.000574	0.001932	0.000915	0.001382	0.000574	0.000574	0.004612	0.002467	0.000574	0.000574	0.000574	0.000574	0.000574	0.000574	0.000574	0.000574	0.000574	0.000574	0.962158	
0.000577	0.001385	0.000577	0.000577	0.000577	0.000577	0.000577	0.000577	0.000577	0.000577	0.000577	0.000577	0.000577	0.000743	0.000577	0.000577	0.000577	0.000577	0.000577	0.000577	0.000577	0.000577	0.000577	0.000577	0.000577	0.000577	0.000577	0.000577	0.000577	0.001661	0.000577	0.000577	0.001758	0.001119	0.000813	0.000577	0.000577	0.001754	0.003845	0.000577	0.000577	0.000577	0.000577	0.000577	0.000577	0.000577	0.000577	0.000577	0.000577	0.963251	
0.000639	0.000986	0.000639	0.000639	0.000639	0.000639	0.000639	0.000639	0.000639	0.000639	0.000639	0.000639	0.000639	0.000833	0.000639	0.000639	0.000639	0.000639	0.000639	0.000639	0.000639	0.000639	0.000639	0.000639	0.000639	0.000639	0.000639	0.000639	0.000639	0.001228	0.000639	0.000639	0.001315	0.000934	0.000847	0.000639	0.000639	0.001679	0.002288	0.000639	0.000639	0.000639	0.000639	0.000639	0.000639	0.000639	0.000639	0.000639	0.000639	0.963680	
0.000658	0.004362	0.000658	0.000658	0.000658	0.000658	0.000658	0.000658	0.000658	0.000658	0.000658	0.000658	0.000658	0.000924	0.000658	0.000658	0.000658	0.000658	0.000658	0.000658	0.000658	0.000658	0.000658	0.000658	0.000658	0.000658	0.000658	0.000658	0.000658	0.001148	0.000658	0.000658	0.003885	0.000903	0.001788	0.000658	0.000658	0.006308	0.010672	0.000658	0.000658	0.000658	0.000658	0.000658	0.000658	0.000658	0.000658	0.000658	0.000658	0.943013	
0.000621	0.001565	0.000621	0.000621	0.000621	0.000621	0.000621	0.000621	0.000621	0.000621	0.000621	0.000621	0.000621	0.000885	0.000621	0.000621	0.000621	0.000621	0.000621	0.000621	0.000621	0.000621	0.000621	0.000621	0.000621	0.000621	0.000621	0.000621	0.000621	0.000882	0.000621	0.000621	0.002476	0.000752	0.001873	0.000621	0.000621	0.006881	0.003508	0.000621	0.000621	0.000621	0.000621	0.000621	0.000621	0.000621	0.000621	0.000621	0.000621	0.955733	
0.000600	0.001095	0.000600	0.000600	0.000600	0.000600	0.000600	0.000600	0.000600	0.000600	0.000600	0.000600	0.000600	0.000865	0.000600	0.000600	0.000600	0.000600	0.000600	0.000600	0.000600	0.000600	0.000600	0.000600	0.000600	0.000600	0.000600	0.000600	0.000600	0.000862	0.000600	0.000600	0.003269	0.000731	0.002891	0.000600	0.000600	0.012054	0.002364	0.000600	0.000600	0.000600	0.000600	0.000600	0.000600	0.000600	0.000600	0.000600	0.000600	0.951281	
0.000724	0.010073	0.000724	0.000724	0.000724	0.000724	0.000724	0.000724	0.000724	0.000724	0.000724	0.000724	0.000724	0.001064	0.000724	0.000724	0.000724	0.000724	0.000724	0.000724	0.000724	0.000724	0.000724	0.000724	0.000724	0.000724	0.000724	0.000724	0.000724	0.001150	0.000724	0.000724	0.005922	0.000937	0.001035	0.000724	0.000724	0.002275	0.024860	0.000724	0.000724	0.000724	0.000724	0.000724	0.000724	0.000724	0.000724	0.000724	0.000724	0.922982	
0.000672	0.004926	0.000672	0.000672	0.000672	0.000672	0.000672	0.000672	0.000672	0.000672	0.000672	0.000672	0.000672	0.001922	0.000672	0.000672	0.000672	0.000672	0.000672	0.000672	0.000672	0.000672	0.000672	0.000672	0.000672	0.000672	0.000672	0.000672	0.000672	0.001037	0.000672	0.000672	0.003165	0.000854	0.000856	0.000672	0.000672	0.001591	0.012923	0.000672	0.000672	0.000672	0.000672	0.000672	0.000672	0.000672	0.000672	0.000672	0.000672	0.945181	
0.000630	0.001445	0.000630	0.000630	0.000630	0.000630	0.000630	0.000630	0.000630	0.000630	0.000630	0.000630	0.000630	0.005496	0.000630	0.000630	0.000630	0.000630	0.000630	0.000630	0.000630	0.000630	0.000630	0.000630	0.000630	0.000630	0.000630	0.000630	0.000630	0.001163	0.000630	0.000630	0.001489	0.000896	0.000815	0.000630	0.000630	0.001556	0.008067	0.000630	0.000630	0.000630	0.000630	0.000630	0.000630	0.000630	0.000630	0.000630	0.000630	0.953252	
0.000624	0.001075	0.000624	0.000624	0.000624	0.000624	0.000624	0.000624	0.000624	0.000624	0.000624	0.000624	0.000624	0.005252	0.000624	0.000624	0.000624	0.000624	0.000624	0.000624	0.000624	0.000624	0.000624	0.000624	0.000624	0.000624	0.000624	0.000624	0.000624	0.000914	0.000624	0.000624	0.001185	0.000769	0.000815	0.000624	0.000624	0.001578	0.006669	0.000624	0.000624	0.000624	0.000624	0.000624	0.000624	0.000624	0.000624	0.000624	0.000624	0.956170	
0.000678	0.005926	0.000678	0.000678	0.000678	0.000678	0.000678	0.000678	0.000678	0.000678	0.000678	0.000678	0.000678	0.003484	0.000678	0.000678	0.000678	0.000678	0.000678	0.000678	0.000678	0.000678	0.000678	0.000678	0.000678	0.000678	0.000678	0.000678	0.000678	0.001015	0.000678	0.000678	0.003710	0.000846	0.000917	0.000678	0.000678	0.001874	0.016942	0.000678	0.000678	0.000678	0.000678	0.000678	0.000678	0.000678	0.000678	0.000678	0.000678	0.937492	
0.000624	0.004197	0.000624	0.000624	0.000624	0.000624	0.000624	0.000624	0.000624	0.000624	0.000624	0.000624	0.000624	0.001068	0.000624	0.000624	0.000624	0.000624	0.000624	0.000624	0.000624	0.000624	0.000624	0.000624	0.000624	0.000624	0.000624	0.000624	0.000624	0.001321	0.000624	0.000624	0.003410	0.000972	0.001275	0.000624	0.000624	0.003881	0.010698	0.000624	0.000624	0.000624	0.000624	0.000624	0.000624	0.000624	0.000624	0.000624	0.000624	0.947610	
0.000663	0.006473	0.000663	0.000663	0.000663	0.000663	0.000663	0.000663	0.000663	0.000663	0.000663	0.000663	0.000663	0.000853	0.000663	0.000663	0.000663	0.000663	0.000663	0.000663	0.000663	0.000663	0.000663	0.000663	0.000663	0.000663	0.000663	0.000663	0.000663	0.001114	0.000663	0.000663	0.004566	0.000888	0.001436	0.000663	0.000663	0.004527	0.015828	0.000663	0.000663	0.000663	0.000663	0.000663	0.000663	0.000663	0.000663	0.000663	0.000663	0.937126	
0.000604	0.003226	0.000604	0.000604	0.000604	0.000604	0.000604	0.000604	0.000604	0.000604	0.000604	0.000604	0.000604	0.001157	0.000604	0.000604	0.000604	0.000604	0.000604	0.000604	0.000604	0.000604	0.000604	0.000604	0.000604	0.000604	0.000604	0.000604	0.000604	0.001120	0.000604	0.000604	0.003788	0.000862	0.002218	0.000604	0.000604	0.008676	0.008229	0.000604	0.000604	0.000604	0.000604	0.000604	0.000604	0.000604	0.000604	0.000604	0.000604	0.945966	
0.000668	0.001825	0.000668	0.000668	0.000668	0.000668	0.000668	0.000668	0.000668	0.000668	0.000668	0.000668	0.000668	0.000819	0.000668	0.000668	0.000668	0.000668	0.000668	0.000668	0.000668	0.000668	0.000668	0.000668	0.000668	0.000668	0.000668	0.000668	0.000668	0.009608	0.000668	0.000668	0.005953	0.005138	0.000905	0.000668	0.000668	0.001850	0.012651	0.000668	0.000668	0.000668	0.000668	0.000668	0.000668	0.000668	0.000668	0.000668	0.000668	0.933861	
0.000659	0.001242	0.000659	0.000659	0.000659	0.000659	0.000659	0.000659	0.000659	0.000659	0.000659	0.000659	0.000659	0.000825	0.000659	0.000659	0.000659	0.000659	0.000659	0.000659	0.000659	0.000659	0.000659	0.000659	0.000659	0.000659	0.000659	0.000659	0.000659	0.009884	0.000659	0.000659	0.006296	0.005272	0.001393	0.000659	0.000659	0.004326	0.011506	0.000659	0.000659	0.000659	0.000659	0.000659	0.000659	0.000659	0.000659	0.000659	0.000659	0.932232	
0.000673	0.001214	0.000673	0.000673	0.000673	0.000673	0.000673	0.000673	0.000673	0.000673	0.000673	0.000673	0.000673	0.000824	0.000673	0.000673	0.000673	0.000673	0.000673	0.000673	0.000673	0.000673	0.000673	0.000673	0.000673	0.000673	0.000673	0.000673	0.000673	0.011099	0.000673	0.000673	0.006328	0.005886	0.000844	0.000673	0.000673	0.001527	0.012603	0.000673	0.000673	0.000673	0.000673	0.000673	0.000673	0.000673	0.000673	0.000673	0.000673	0.932086	
0.000648	0.001073	0.000648	0.000648	0.000648	0.000648	0.000648	0.000648	0.000648	0.000648	0.000648	0.000648	0.000648	0.002189	0.000648	0.000648	0.000648	0.000648	0.000648	0.000648	0.000648	0.000648	0.000648	0.000648	0.000648	0.000648	0.000648	0.000648	0.000648	0.005415	0.000648	0.000648	0.003336	0.003032	0.000741	0.000648	0.000648	0.001111	0.008016	0.000648	0.000648	0.000648	0.000648	0.000648	0.000648	0.000648	0.000648	0.000648	0.000648	0.948499	
0.000655	0.001384	0.000655	0.000655	0.000655	0.000655	0.000655	0.000655	0.000655	0.000655	0.000655	0.000655	0.000655	0.000820	0.000655	0.000655	0.000655	0.000655	0.000655	0.000655	0.000655	0.000655	0.000655	0.000655	0.000655	0.000655	0.000655	0.000655	0.000655	0.001736	0.000655	0.000655	0.001782	0.001195	0.000877	0.000655	0.000655	0.001764	0.003724	0.000655	0.000655	0.000655	0.000655	0.000655	0.000655	0.000655	0.000655	0.000655	0.000655	0.959865	
0.000671	0.003884	0.000671	0.000671	0.000671	0.000671	0.000671	0.000671	0.000671	0.000671	0.000671	0.000671	0.000671	0.001829	0.000671	0.000671	0.000671	0.000671	0.000671	0.000671	0.000671	0.000671	0.000671	0.000671	0.000671	0.000671	0.000671	0.000671	0.000671	0.003095	0.000671	0.000671	0.003893	0.001883	0.001074	0.000671	0.000671	0.002690	0.012286	0.000671	0.000671	0.000671	0.000671	0.000671	0.000671	0.000671	0.000671	0.000671	0.000671	0.941876	
0.000602	0.001811	0.000602	0.000602	0.000602	0.000602	0.000602	0.000602	0.000602	0.000602	0.000602	0.000602	0.000602	0.000951	0.000602	0.000602	0.000602	0.000602	0.000602	0.000602	0.000602	0.000602	0.000602	0.000602	0.000602	0.000602	0.000602	0.000602	0.000602	0.001172	0.000602	0.000602	0.004277	0.000887	0.003387	0.000602	0.000602	0.014528	0.004544	0.000602	0.000602	0.000602	0.000602	0.000602	0.000602	0.000602	0.000602	0.000602	0.000602	0.943764	
0.000578	0.001624	0.000578	0.000578	0.000578	0.000578	0.000578	0.000578	0.000578	0.000578	0.000578	0.000578	0.000578	0.000804	0.000578	0.000578	0.000578	0.000578	0.000578	0.000578	0.000578	0.000578	0.000578	0.000578	0.000578	0.000578	0.000578	0.000578	0.000578	0.000912	0.000578	0.000578	0.005212	0.000745	0.004521	0.000578	0.000578	0.020296	0.003755	0.000578	0.000578	0.000578	0.000578	0.000578	0.000578	0.000578	0.000578	0.000578	0.000578	0.938445	
0.000602	0.001216	0.000602	0.000602	0.000602	0.000602	0.000602	0.000602	0.000602	0.000602	0.000602	0.000602	0.000602	0.001032	0.000602	0.000602	0.000602	0.000602	0.000602	0.000602	0.000602	0.000602	0.000602	0.000602	0.000602	0.000602	0.000602	0.000602	0.000602	0.001323	0.000602	0.000602	0.003569	0.000963	0.002902	0.000602	0.000602	0.012101	0.003287	0.000602	0.000602	0.000602	0.000602	0.000602	0.000602	0.000602	0.000602	0.000602	0.000602	0.948914	
