0.000831	0.003978	0.002418	0.002965	0.002622	0.031135	0.001233	0.000825	0.166514	0.009687	0.022607	0.001212	0.062456	0.008829	0.002592	0.011610	0.002770	0.001212	0.002736	0.004189	0.060126	0.001222	0.057874	0.000980	0.130286	0.005405	0.012965	0.003608	0.025651	0.000146	0.021722	0.050924	0.041974	0.000851	0.001199	0.028545	0.015302	0.007695	0.024055	0.000146	0.024809	0.026043	0.046647	0.004603	0.000467	0.020305	0.021221	0.009687	0.012974	0.000146	
0.003517	0.008706	0.011510	0.014002	0.012317	0.009020	0.002588	0.001673	0.126034	0.016724	0.021972	0.005389	0.045440	0.015232	0.005640	0.006975	0.004927	0.004236	0.012878	0.006425	0.045097	0.005529	0.042110	0.001442	0.094763	0.022157	0.063177	0.009065	0.109746	0.000147	0.003084	0.040062	0.014250	0.001896	0.002512	0.004197	0.029772	0.011543	0.003402	0.000147	0.033409	0.005933	0.042047	0.022053	0.000645	0.014800	0.015467	0.016724	0.009472	0.000147	
0.003410	0.007016	0.007120	0.013575	0.011941	0.006411	0.002127	0.001383	0.143533	0.005387	0.022903	0.005225	0.052647	0.004915	0.004608	0.005753	0.012922	0.005921	0.012486	0.027659	0.050293	0.003448	0.048786	0.005821	0.109929	0.021607	0.039246	0.020963	0.070075	0.000143	0.002535	0.044798	0.007664	0.001505	0.002065	0.003477	0.012628	0.048457	0.002794	0.000143	0.028919	0.005563	0.036977	0.021380	0.002327	0.017130	0.017902	0.005387	0.010953	0.000143	
0.000902	0.088795	0.005494	0.003286	0.002902	0.009385	0.025897	0.016236	0.086364	0.010542	0.072291	0.001327	0.003552	0.009605	0.058099	0.058072	0.034954	0.003220	0.003030	0.027015	0.004808	0.002674	0.003301	0.005682	0.007412	0.005039	0.037803	0.017819	0.166916	0.000135	0.005160	0.004277	0.025762	0.015572	0.025092	0.006968	0.016841	0.049656	0.005703	0.000135	0.009752	0.030107	0.010987	0.005116	0.002269	0.001241	0.001291	0.010542	0.000839	0.000135	
0.001650	0.062087	0.002806	0.006340	0.005586	0.011829	0.018068	0.011346	0.096123	0.032925	0.054918	0.002488	0.016266	0.029975	0.040474	0.042091	0.020565	0.002506	0.005837	0.009260	0.019907	0.001405	0.015081	0.002024	0.033861	0.009926	0.020420	0.007522	0.107252	0.000143	0.007733	0.016742	0.037204	0.010856	0.017508	0.010468	0.050811	0.018173	0.008553	0.000143	0.009802	0.025395	0.037639	0.009941	0.000867	0.005359	0.005596	0.032925	0.003462	0.000143	
0.001575	0.053320	0.006652	0.006042	0.005324	0.007395	0.015569	0.009783	0.104569	0.014028	0.049911	0.002373	0.022349	0.012778	0.034858	0.035088	0.025645	0.004010	0.005563	0.027960	0.022987	0.003224	0.020716	0.005880	0.046666	0.009560	0.040908	0.019237	0.128675	0.000139	0.003382	0.020004	0.019560	0.009472	0.015087	0.004676	0.022953	0.050344	0.003732	0.000139	0.017936	0.018731	0.025524	0.009472	0.002347	0.007325	0.007651	0.014028	0.004712	0.000139	
0.000812	0.083326	0.003565	0.002926	0.002586	0.006049	0.024311	0.015244	0.077396	0.008411	0.067406	0.001190	0.001940	0.007666	0.054532	0.053996	0.044862	0.005557	0.002699	0.055731	0.002993	0.001759	0.001807	0.011606	0.004201	0.004462	0.027065	0.034596	0.142938	0.000133	0.003345	0.002759	0.020909	0.014579	0.023555	0.004721	0.013470	0.099602	0.003693	0.000133	0.006164	0.027499	0.008202	0.004549	0.004546	0.000718	0.000744	0.008411	0.000505	0.000133	
0.004192	0.005025	0.029190	0.016767	0.014746	0.023320	0.001523	0.001008	0.013692	0.015547	0.006386	0.006438	0.003749	0.014161	0.003240	0.007325	0.013096	0.006904	0.015420	0.029529	0.005693	0.013906	0.003485	0.006212	0.007822	0.025802	0.159847	0.026343	0.255776	0.000150	0.008012	0.007384	0.021570	0.001730	0.001481	0.010764	0.029855	0.051836	0.008862	0.000150	0.047220	0.011358	0.015307	0.026423	0.002482	0.001314	0.001367	0.015547	0.000891	0.000150	
0.000838	0.006634	0.033915	0.002976	0.002633	0.052997	0.002022	0.001320	0.010553	0.004961	0.006093	0.001220	0.001979	0.004528	0.004363	0.016769	0.006892	0.001940	0.002747	0.012715	0.002545	0.016144	0.001844	0.002743	0.004035	0.004531	0.185686	0.013681	0.298620	0.000150	0.027904	0.002522	0.050593	0.002150	0.001964	0.036645	0.009964	0.022688	0.030904	0.000150	0.054082	0.034125	0.005320	0.004618	0.001147	0.000742	0.000769	0.004961	0.000527	0.000150	
0.001232	0.009266	0.001659	0.004613	0.004070	0.056026	0.002759	0.001779	0.030295	0.013968	0.010326	0.001836	0.008669	0.012724	0.006025	0.022922	0.038296	0.008909	0.004251	0.090112	0.010103	0.000862	0.008042	0.018710	0.018420	0.007153	0.010195	0.055261	0.025498	0.000146	0.039835	0.008865	0.075584	0.001737	0.002677	0.052785	0.022131	0.158149	0.044126	0.000146	0.005417	0.050959	0.017021	0.007209	0.007286	0.002903	0.003029	0.013968	0.001901	0.000146	
0.001198	0.007566	0.009376	0.004475	0.003948	0.052754	0.002290	0.001485	0.021220	0.004910	0.008122	0.001783	0.005737	0.004481	0.004971	0.020151	0.037654	0.008829	0.004124	0.089601	0.006075	0.004517	0.005326	0.018604	0.012297	0.006898	0.052290	0.056140	0.089476	0.000144	0.035149	0.005786	0.063040	0.001661	0.002223	0.046550	0.009087	0.157059	0.038933	0.000144	0.016612	0.045137	0.007602	0.006991	0.007244	0.001954	0.002036	0.004910	0.001296	0.000144	
0.000933	0.006070	0.001398	0.003370	0.002978	0.059524	0.001772	0.001164	0.012344	0.034788	0.005735	0.001368	0.002950	0.031671	0.003798	0.021807	0.032921	0.007644	0.003109	0.078902	0.007635	0.000741	0.002744	0.016401	0.006414	0.005151	0.008318	0.048215	0.018493	0.000150	0.042430	0.005754	0.089526	0.001146	0.001721	0.056334	0.052524	0.138722	0.047001	0.000150	0.003067	0.052684	0.030975	0.005241	0.006400	0.001056	0.001097	0.034788	0.000727	0.000150	
0.000898	0.017414	0.011178	0.003210	0.002839	0.017514	0.004934	0.003142	0.026603	0.083212	0.014974	0.001311	0.004782	0.075737	0.010908	0.014628	0.008397	0.001742	0.002963	0.009635	0.016138	0.005377	0.004442	0.002111	0.009867	0.004930	0.062087	0.008307	0.117193	0.000155	0.009292	0.011052	0.057820	0.003283	0.004785	0.013013	0.124650	0.018109	0.010280	0.000155	0.019125	0.015282	0.072781	0.004986	0.000908	0.001652	0.001720	0.083212	0.001108	0.000155	
0.000901	0.004984	0.011075	0.003218	0.002846	0.013535	0.001316	0.000881	0.046204	0.084180	0.008616	0.001315	0.016418	0.076618	0.002766	0.005617	0.003474	0.001418	0.002970	0.005778	0.027225	0.005328	0.015222	0.001316	0.034145	0.005113	0.060345	0.005986	0.099507	0.000156	0.006465	0.020371	0.051773	0.001132	0.001280	0.009296	0.126079	0.011006	0.007147	0.000156	0.022897	0.008632	0.080780	0.004998	0.000602	0.005417	0.005656	0.084180	0.003504	0.000156	
0.001197	0.005667	0.001997	0.004443	0.003921	0.006564	0.001510	0.001001	0.058529	0.084958	0.010640	0.001776	0.020898	0.077326	0.003207	0.004999	0.014495	0.004043	0.004095	0.033087	0.031551	0.001027	0.019373	0.006949	0.043648	0.007067	0.011019	0.021179	0.022639	0.000153	0.004202	0.024223	0.048389	0.001008	0.001468	0.006482	0.127153	0.058687	0.004639	0.000153	0.010081	0.007079	0.084203	0.006936	0.002767	0.006865	0.007170	0.084958	0.004424	0.000153	
0.023599	0.006116	0.001389	0.096494	0.084779	0.005228	0.001853	0.001222	0.016529	0.015750	0.013946	0.036616	0.004488	0.014348	0.003959	0.005238	0.004496	0.025487	0.088684	0.007092	0.006415	0.000747	0.004170	0.001597	0.009225	0.148626	0.007449	0.027931	0.018600	0.000169	0.003435	0.023069	0.013998	0.001201	0.001801	0.004642	0.054534	0.012615	0.003788	0.000169	0.003557	0.005667	0.015925	0.152467	0.000718	0.001566	0.001630	0.015750	0.001058	0.000169	
0.015694	0.022496	0.004438	0.064029	0.056261	0.006901	0.006642	0.004210	0.067421	0.004979	0.028809	0.024325	0.018422	0.004545	0.014747	0.015767	0.008300	0.016997	0.058850	0.005358	0.018022	0.002185	0.017079	0.001230	0.038325	0.098823	0.025669	0.019479	0.067545	0.000157	0.003708	0.027131	0.011557	0.004120	0.006439	0.004887	0.028234	0.009942	0.004092	0.000157	0.013094	0.010277	0.015489	0.101144	0.000570	0.006066	0.006335	0.004979	0.003917	0.000157	
0.018358	0.006266	0.001372	0.074964	0.065867	0.031846	0.001930	0.001267	0.013151	0.003374	0.011992	0.028466	0.003101	0.003085	0.004137	0.013544	0.013729	0.021910	0.068899	0.030177	0.003377	0.000736	0.002885	0.006357	0.006456	0.115440	0.007650	0.036494	0.018857	0.000163	0.022560	0.016904	0.040667	0.001244	0.001874	0.029712	0.029239	0.053069	0.024981	0.000163	0.003066	0.028442	0.004675	0.118430	0.002546	0.001114	0.001157	0.003374	0.000768	0.000163	
0.007049	0.006667	0.001384	0.028471	0.025028	0.108439	0.002045	0.001339	0.013570	0.003803	0.008548	0.010875	0.003129	0.003475	0.004396	0.036722	0.004675	0.008018	0.026176	0.007087	0.003464	0.000742	0.002911	0.001592	0.006393	0.043816	0.007505	0.011381	0.019496	0.000164	0.077584	0.008165	0.134617	0.001313	0.001986	0.101721	0.014795	0.013511	0.085954	0.000164	0.003094	0.091018	0.005052	0.044920	0.000713	0.001123	0.001167	0.003803	0.000774	0.000164	
0.002408	0.006436	0.010789	0.009459	0.008326	0.016457	0.001916	0.001251	0.013778	0.019610	0.006758	0.003667	0.003317	0.017858	0.004134	0.008407	0.046649	0.012101	0.008703	0.113148	0.005856	0.005185	0.003084	0.023460	0.007371	0.014542	0.060174	0.071654	0.099851	0.000142	0.008643	0.005984	0.024793	0.001475	0.001861	0.012078	0.032537	0.197931	0.009562	0.000142	0.018028	0.015102	0.018457	0.014873	0.009110	0.001169	0.001216	0.019610	0.000795	0.000142	
0.004247	0.009554	0.008998	0.017003	0.014953	0.025606	0.002821	0.001818	0.024830	0.021751	0.010832	0.006525	0.006512	0.019807	0.006163	0.013092	0.033078	0.010966	0.015637	0.076816	0.009162	0.004340	0.006044	0.015968	0.013845	0.026208	0.050241	0.051484	0.088705	0.000147	0.015761	0.010119	0.038356	0.001968	0.002737	0.021235	0.038053	0.134691	0.017449	0.000147	0.016275	0.022939	0.022226	0.026798	0.006232	0.002206	0.002300	0.021751	0.001458	0.000147	
0.001142	0.063708	0.004759	0.004276	0.003773	0.007108	0.018595	0.011672	0.065786	0.011905	0.052447	0.001702	0.004059	0.010845	0.041669	0.041944	0.045250	0.007131	0.003941	0.070214	0.005476	0.002325	0.003771	0.014596	0.008701	0.006573	0.031957	0.043772	0.126393	0.000135	0.003746	0.004976	0.020586	0.011217	0.018018	0.005357	0.019140	0.124393	0.004136	0.000135	0.008764	0.023236	0.012445	0.006683	0.005697	0.001405	0.001462	0.011905	0.000943	0.000135	
0.001295	0.017135	0.002181	0.004888	0.004311	0.007236	0.005016	0.003187	0.084027	0.023508	0.022105	0.001936	0.026598	0.021404	0.011111	0.013027	0.037869	0.008432	0.004503	0.083697	0.028313	0.001106	0.024653	0.017382	0.055833	0.007844	0.013719	0.051574	0.040895	0.000140	0.004621	0.023919	0.021272	0.003088	0.004863	0.006689	0.036372	0.146784	0.005105	0.000140	0.012311	0.012359	0.036111	0.007647	0.006771	0.008700	0.009089	0.023508	0.005587	0.000140	
0.000901	0.046230	0.015401	0.003268	0.002888	0.023231	0.013522	0.008504	0.048578	0.009287	0.038171	0.001324	0.003309	0.008464	0.030248	0.034651	0.030689	0.004784	0.003014	0.045510	0.004403	0.007369	0.003076	0.009502	0.006996	0.005005	0.088338	0.030437	0.193838	0.000140	0.012113	0.003980	0.031190	0.008487	0.013103	0.016166	0.015495	0.080866	0.013408	0.000140	0.025309	0.027460	0.009780	0.005085	0.003741	0.001165	0.001212	0.009287	0.000792	0.000140	
