0.144313	0.000935	0.000197	0.048603	0.002602	0.013203	0.001258	0.007312	0.004190	0.001602	0.080549	0.121212	0.003893	0.005404	0.004928	0.009153	0.005598	0.004177	0.024400	0.003574	0.000541	0.000620	0.004107	0.000690	0.003381	0.005121	0.000771	0.006425	0.001948	0.004371	0.000771	0.133243	0.002345	0.001560	0.006869	0.003933	0.004117	0.169931	0.008017	0.008624	0.002237	0.001948	0.004568	0.001149	0.000812	0.000632	0.122618	0.008840	0.001066	0.001644	
0.034580	0.000721	0.000154	0.011627	0.007319	0.056296	0.000862	0.143242	0.013764	0.002180	0.028446	0.028835	0.075006	0.004154	0.003471	0.052732	0.005926	0.005894	0.005891	0.002406	0.001423	0.008779	0.011345	0.010216	0.002277	0.003600	0.000595	0.052713	0.006606	0.003383	0.000595	0.043753	0.008431	0.001359	0.135303	0.003458	0.048651	0.050314	0.017762	0.009107	0.003096	0.006606	0.012190	0.019559	0.000627	0.000781	0.040947	0.010489	0.001408	0.001119	
0.051513	0.000954	0.000156	0.017311	0.004338	0.038181	0.001011	0.061717	0.009986	0.016644	0.032140	0.043043	0.032363	0.005787	0.004015	0.025531	0.031658	0.046872	0.008733	0.002878	0.001055	0.003864	0.009707	0.004482	0.002722	0.004171	0.000777	0.023064	0.004725	0.005026	0.000777	0.084035	0.003864	0.001663	0.058285	0.024323	0.021830	0.080169	0.020883	0.028283	0.024103	0.004725	0.006696	0.008498	0.000821	0.005259	0.051726	0.067951	0.010363	0.001322	
0.004153	0.000604	0.000148	0.001274	0.002712	0.146459	0.001277	0.007881	0.157777	0.001675	0.003822	0.002963	0.005385	0.003366	0.005163	0.007775	0.004616	0.004475	0.000711	0.003740	0.015136	0.000608	0.122044	0.000685	0.003535	0.005368	0.000503	0.005308	0.076337	0.002744	0.000503	0.088914	0.001714	0.000996	0.007382	0.002370	0.004372	0.007301	0.175375	0.007760	0.002366	0.076337	0.003161	0.001183	0.000528	0.000621	0.010029	0.008063	0.001093	0.001687	
0.009790	0.006914	0.000143	0.002922	0.007633	0.065406	0.002525	0.068155	0.047531	0.001416	0.010809	0.007091	0.035925	0.047913	0.010770	0.033804	0.029783	0.003749	0.001533	0.007722	0.004359	0.004231	0.043719	0.004912	0.007289	0.011203	0.005409	0.027747	0.021576	0.038164	0.005409	0.034526	0.005350	0.012304	0.064567	0.002061	0.026201	0.016569	0.056675	0.035722	0.001992	0.021576	0.021256	0.009341	0.005785	0.000537	0.071586	0.034076	0.000931	0.003391	
0.005462	0.001496	0.000144	0.001685	0.005236	0.102155	0.001412	0.063817	0.095696	0.004816	0.005858	0.003997	0.034113	0.009687	0.005803	0.027167	0.013638	0.013381	0.000914	0.004181	0.009181	0.003976	0.075409	0.004615	0.003950	0.006033	0.001196	0.021492	0.046084	0.007844	0.001196	0.063993	0.002863	0.002613	0.060263	0.006873	0.023126	0.013229	0.109445	0.015923	0.006929	0.046084	0.006561	0.008767	0.001271	0.001590	0.019754	0.024173	0.003036	0.001874	
0.005594	0.016588	0.000137	0.001797	0.002307	0.035015	0.001046	0.009003	0.032952	0.002144	0.006004	0.004287	0.004929	0.116207	0.004206	0.007484	0.070294	0.005823	0.000967	0.003027	0.002562	0.000667	0.042730	0.000755	0.002862	0.004371	0.012932	0.007931	0.012464	0.092492	0.012932	0.022383	0.002825	0.029447	0.009348	0.003063	0.004413	0.010787	0.033289	0.067487	0.003052	0.012464	0.038386	0.001329	0.013846	0.000758	0.143509	0.078346	0.001379	0.001376	
0.022253	0.000722	0.000158	0.005534	0.022367	0.108012	0.010584	0.034888	0.016785	0.001675	0.036335	0.013597	0.017939	0.004139	0.046677	0.060109	0.005046	0.004455	0.002846	0.033331	0.001673	0.002195	0.013292	0.002535	0.031435	0.048572	0.000597	0.056942	0.007857	0.003360	0.000597	0.030267	0.023289	0.001712	0.032104	0.002517	0.027001	0.044884	0.049037	0.042450	0.002361	0.007857	0.031640	0.004741	0.000628	0.000627	0.058415	0.008493	0.001097	0.014375	
0.009856	0.001859	0.000171	0.002265	0.012246	0.193961	0.006055	0.008336	0.012330	0.001446	0.059201	0.005407	0.004247	0.012085	0.027229	0.037404	0.009206	0.003786	0.001218	0.018894	0.001232	0.000631	0.011184	0.000707	0.017824	0.028299	0.001484	0.100019	0.005565	0.009676	0.001484	0.023008	0.046929	0.004286	0.007473	0.002068	0.011528	0.057941	0.030466	0.037716	0.002024	0.005565	0.064967	0.001206	0.001578	0.000566	0.075840	0.012376	0.000960	0.008195	
0.021572	0.001827	0.000142	0.003873	0.035735	0.036887	0.017689	0.014151	0.022332	0.003276	0.010898	0.009471	0.006793	0.012029	0.077604	0.078628	0.012347	0.009021	0.002008	0.055974	0.002108	0.000891	0.018598	0.001015	0.052784	0.080795	0.001452	0.011574	0.010136	0.009670	0.001452	0.027833	0.004139	0.003232	0.011963	0.004752	0.030580	0.021204	0.076111	0.066503	0.004694	0.010136	0.008933	0.001826	0.001546	0.001112	0.056963	0.019586	0.002082	0.024070	
0.019929	0.001850	0.000142	0.002734	0.041331	0.035652	0.020623	0.007629	0.010137	0.002007	0.012409	0.006622	0.003147	0.012193	0.090609	0.089208	0.010266	0.005426	0.001438	0.065310	0.000933	0.000481	0.009041	0.000538	0.061586	0.094333	0.001470	0.015784	0.004163	0.009771	0.001470	0.016352	0.006947	0.003341	0.005551	0.002898	0.032730	0.019043	0.070763	0.074799	0.002850	0.004163	0.012659	0.000905	0.001565	0.000719	0.062386	0.014730	0.001296	0.028071	
0.017690	0.001818	0.000141	0.002008	0.041540	0.035952	0.020475	0.020150	0.005971	0.001064	0.012344	0.004808	0.009665	0.011971	0.089980	0.092921	0.008522	0.002756	0.001075	0.064841	0.000538	0.001237	0.005739	0.001419	0.061143	0.093677	0.001445	0.020809	0.002156	0.009571	0.001445	0.010641	0.007871	0.003306	0.017391	0.001526	0.036666	0.016530	0.065369	0.073206	0.001481	0.002156	0.013803	0.002605	0.001539	0.000427	0.061112	0.010916	0.000713	0.027870	
0.017901	0.001131	0.000146	0.004592	0.019531	0.055351	0.007888	0.097851	0.013462	0.004067	0.017760	0.011262	0.050939	0.007102	0.034494	0.066739	0.010867	0.011257	0.002369	0.024782	0.001339	0.005995	0.011438	0.006970	0.023374	0.035902	0.000912	0.042455	0.006210	0.005771	0.000912	0.028371	0.008939	0.002108	0.091840	0.005907	0.043931	0.029063	0.038619	0.035329	0.005841	0.006210	0.013742	0.013307	0.000967	0.001359	0.040742	0.019676	0.002573	0.010704	
0.007486	0.000756	0.000145	0.002060	0.012040	0.070493	0.002962	0.156137	0.007114	0.003241	0.018720	0.004933	0.081587	0.004457	0.012875	0.066434	0.007931	0.008918	0.001102	0.009108	0.000771	0.009536	0.006272	0.011101	0.008596	0.013387	0.000620	0.065767	0.003325	0.003648	0.000620	0.018028	0.013163	0.001541	0.147307	0.004637	0.056022	0.023720	0.017153	0.018409	0.004642	0.003325	0.018482	0.021275	0.000654	0.001103	0.027499	0.014849	0.002062	0.003986	
0.008476	0.000750	0.000138	0.001786	0.018248	0.035937	0.005981	0.160469	0.010739	0.002501	0.006863	0.004258	0.083731	0.004460	0.025982	0.078364	0.006673	0.006833	0.000962	0.018730	0.001096	0.009774	0.008905	0.011380	0.017667	0.027045	0.000614	0.046659	0.005010	0.003631	0.000614	0.015890	0.003562	0.001308	0.151139	0.003572	0.061902	0.012116	0.029537	0.024654	0.003570	0.005010	0.005915	0.021819	0.000648	0.000869	0.022517	0.011985	0.001601	0.008106	
0.007340	0.000879	0.000134	0.002394	0.002036	0.052574	0.000994	0.004755	0.013574	0.040634	0.008201	0.005783	0.002612	0.005392	0.004012	0.006114	0.072585	0.114884	0.001264	0.002869	0.001379	0.000408	0.014123	0.000454	0.002712	0.004168	0.000714	0.009059	0.006461	0.005280	0.000714	0.093720	0.003860	0.001548	0.004467	0.058072	0.002930	0.054252	0.036253	0.059526	0.058956	0.006461	0.006586	0.000750	0.000755	0.012670	0.016717	0.161465	0.025206	0.001306	
0.005447	0.000761	0.000132	0.001685	0.003416	0.046491	0.001340	0.021852	0.010796	0.038918	0.005888	0.004013	0.011508	0.004569	0.005522	0.012991	0.069172	0.110025	0.000909	0.003975	0.001116	0.001436	0.011728	0.001653	0.003755	0.005741	0.000621	0.011193	0.005133	0.004584	0.000621	0.086923	0.002872	0.001315	0.020582	0.055596	0.009111	0.049012	0.033470	0.057703	0.056464	0.005133	0.005047	0.003064	0.000656	0.012138	0.013731	0.154271	0.024143	0.001779	
0.018827	0.002960	0.000138	0.006272	0.002254	0.035774	0.000991	0.010408	0.008173	0.034407	0.012100	0.015475	0.005518	0.020053	0.003942	0.007684	0.070332	0.097234	0.003205	0.002853	0.000780	0.000752	0.011696	0.000855	0.002698	0.004097	0.002333	0.006349	0.003402	0.016791	0.002333	0.087993	0.001904	0.005198	0.009924	0.049313	0.004798	0.058962	0.026622	0.058617	0.049910	0.003402	0.008410	0.001521	0.002490	0.010745	0.040827	0.146025	0.021352	0.001301	
0.028030	0.002186	0.000161	0.009310	0.002905	0.117805	0.001430	0.005394	0.005614	0.018544	0.045804	0.023032	0.002871	0.014448	0.006375	0.013060	0.039886	0.052246	0.004736	0.004199	0.000590	0.000470	0.007747	0.000521	0.003968	0.006605	0.001736	0.055875	0.002337	0.011961	0.001736	0.067998	0.026150	0.004380	0.005108	0.026749	0.003762	0.078070	0.017776	0.041938	0.026860	0.002337	0.038469	0.000856	0.001849	0.005851	0.066228	0.080603	0.011541	0.001892	
0.008823	0.007657	0.000142	0.002790	0.004201	0.067355	0.001551	0.031151	0.040832	0.010097	0.012214	0.006761	0.016577	0.053165	0.006509	0.017776	0.047685	0.028348	0.001466	0.004624	0.003693	0.002004	0.039995	0.002315	0.004368	0.006766	0.005987	0.021503	0.018193	0.042547	0.005987	0.047749	0.006708	0.013658	0.029734	0.014458	0.012497	0.026592	0.050421	0.047132	0.014601	0.018193	0.024605	0.004332	0.006405	0.003223	0.077078	0.071162	0.006305	0.002063	
0.008952	0.003592	0.000150	0.002949	0.003078	0.115087	0.001003	0.030625	0.063227	0.008762	0.020784	0.007148	0.016524	0.024433	0.004235	0.016804	0.028872	0.024552	0.001550	0.002865	0.006008	0.001983	0.052897	0.002288	0.002710	0.004390	0.002827	0.036033	0.029928	0.019667	0.002827	0.059521	0.013703	0.006591	0.029058	0.012553	0.011511	0.033008	0.074033	0.030142	0.012658	0.029928	0.025164	0.004274	0.003018	0.002816	0.049975	0.048502	0.005481	0.001313	
0.006105	0.014257	0.000142	0.001995	0.001992	0.059719	0.000937	0.006712	0.023682	0.005162	0.015523	0.004775	0.003675	0.099727	0.003893	0.007918	0.065988	0.014364	0.001069	0.002670	0.001783	0.000534	0.033369	0.000599	0.002526	0.004037	0.011120	0.023571	0.008484	0.079459	0.011120	0.026001	0.010561	0.025483	0.007065	0.007379	0.003489	0.022705	0.025183	0.064224	0.007432	0.008484	0.043582	0.001024	0.011904	0.001696	0.132286	0.080119	0.003249	0.001226	
0.010252	0.009062	0.000138	0.002945	0.008077	0.035339	0.003177	0.046708	0.010108	0.010672	0.010676	0.007154	0.024378	0.063097	0.013658	0.029385	0.054385	0.029983	0.001541	0.009808	0.000697	0.002930	0.017800	0.003395	0.009255	0.014210	0.007079	0.022147	0.002978	0.050459	0.007079	0.032640	0.005202	0.016123	0.044369	0.015286	0.020050	0.026237	0.021502	0.057883	0.015437	0.002978	0.025607	0.006419	0.007575	0.003399	0.090334	0.079441	0.006659	0.004282	
0.017728	0.010042	0.000151	0.005855	0.002772	0.084167	0.001282	0.009162	0.049081	0.001934	0.022431	0.014411	0.005159	0.069941	0.005402	0.010402	0.043323	0.005203	0.003003	0.003751	0.004387	0.000688	0.048261	0.000777	0.003546	0.005608	0.007844	0.025424	0.021686	0.055695	0.007844	0.044193	0.011166	0.017998	0.009116	0.002902	0.004803	0.033167	0.053808	0.045476	0.002741	0.021686	0.035457	0.001359	0.008394	0.000703	0.107692	0.049427	0.001255	0.001694	
