5
5
5
5
5
5
5
5
5
5
5
5
5
5
5
5
5
5
5
5
5
5
5
5
5
5
5
5
5
21
21
21
21
21
21
21
21
21
21
21
21
21
21
40
40
40
40
40
40
40
40
40
40
40
40
40
40
40
40
40
42
42
42
42
42
42
42
42
42
42
42
42
42
42
42
42
42
42
42
42
14
14
14
14
14
14
14
14
14
14
14
14
14
14
14
14
14
14
14
14
14
14
14
17
17
17
17
17
17
17
17
17
17
17
17
17
17
17
40
40
40
40
40
40
40
40
40
40
40
40
40
40
40
40
40
40
40
40
30
30
30
30
30
30
30
30
30
30
30
30
30
30
30
46
46
46
46
46
46
46
46
46
46
46
46
46
46
46
46
46
46
46
46
46
46
46
46
46
46
46
46
46
7
7
7
7
7
7
7
7
7
7
7
7
7
7
7
7
7
7
7
7
7
26
26
26
26
26
26
26
26
26
26
26
26
26
26
26
26
30
30
30
30
30
30
30
