0.033673	0.028912	0.028912	0.021769	0.045578	0.024150	0.817007	
0.050221	0.228368	0.083475	0.033593	0.268748	0.019342	0.316254	
0.028981	0.191272	0.193658	0.028981	0.038527	0.031367	0.487214	
0.177375	0.098428	0.105605	0.072112	0.361586	0.146275	0.038619	
0.187099	0.061803	0.120905	0.057075	0.428234	0.116177	0.028707	
0.158356	0.306941	0.080526	0.290431	0.106469	0.026280	0.030997	
0.045362	0.021666	0.042993	0.749154	0.045362	0.052471	0.042993	
0.019342	0.774686	0.033593	0.040719	0.028843	0.057346	0.045470	
0.026531	0.400340	0.021769	0.174150	0.124150	0.228912	0.024150	
0.034495	0.022300	0.034495	0.210105	0.100348	0.546690	0.051568	
0.042489	0.077618	0.028438	0.129140	0.030780	0.653730	0.037805	
0.076518	0.017550	0.029835	0.115830	0.410670	0.292734	0.056862	
0.030353	0.316727	0.021115	0.085780	0.392940	0.083471	0.069614	
0.028305	0.256743	0.037629	0.084249	0.317349	0.189144	0.086580	
0.059021	0.023810	0.056673	0.019115	0.706908	0.028504	0.105969	
0.041209	0.098901	0.634959	0.021978	0.060440	0.021978	0.120536	
0.043404	0.100820	0.722830	0.031442	0.041012	0.024265	0.036227	
0.038619	0.029050	0.686945	0.067327	0.110390	0.033835	0.033835	
0.088016	0.078538	0.282329	0.391334	0.088016	0.028775	0.042993	
0.557983	0.120336	0.183866	0.033277	0.021513	0.066218	0.016807	
0.163021	0.210868	0.167806	0.127136	0.258715	0.033835	0.038619	
0.687091	0.024441	0.077453	0.123236	0.024441	0.034079	0.029260	
0.437240	0.201803	0.126560	0.029473	0.034327	0.138696	0.031900	
0.696301	0.078724	0.031218	0.102477	0.038344	0.024092	0.028843	
