0.001007	0.007849	0.001459	0.004270	0.005877	0.005684	0.001025	0.002295	0.380098	0.005474	0.002282	0.002225	0.002458	0.003173	0.000180	0.003610	0.002835	0.002087	0.003029	0.008493	0.004229	0.000819	0.097668	0.001169	0.004671	0.007703	0.008241	0.004804	0.018201	0.000180	0.043259	0.002458	0.012964	0.000711	0.000976	0.047243	0.001951	0.011627	0.005001	0.000180	0.054525	0.006806	0.172026	0.007974	0.001084	0.034224	0.000918	0.002171	0.000629	0.000180	
0.003519	0.020830	0.009812	0.011182	0.015514	0.016151	0.001819	0.001366	0.119006	0.016344	0.026392	0.005668	0.033165	0.041510	0.000155	0.004343	0.005386	0.002297	0.007834	0.007842	0.036898	0.004983	0.030313	0.002105	0.065245	0.020436	0.060854	0.006118	0.118741	0.000155	0.014753	0.033165	0.010976	0.001201	0.001724	0.022176	0.003129	0.018816	0.006765	0.000155	0.029342	0.007216	0.098362	0.021816	0.000986	0.010686	0.010848	0.005085	0.006664	0.000155	
0.003808	0.018135	0.008138	0.009742	0.013510	0.023308	0.001002	0.002425	0.071962	0.020149	0.036171	0.004945	0.046209	0.057605	0.000149	0.002340	0.002830	0.001848	0.006830	0.018984	0.051040	0.004144	0.018409	0.001148	0.090972	0.017792	0.050581	0.016323	0.096301	0.000149	0.012515	0.046209	0.008407	0.000685	0.000953	0.015221	0.003821	0.032056	0.005485	0.000149	0.020750	0.005585	0.095965	0.019475	0.000784	0.006526	0.015070	0.004013	0.009232	0.000149	
0.001074	0.006218	0.011920	0.003388	0.004659	0.022270	0.010847	0.001858	0.119922	0.019356	0.010723	0.001770	0.008276	0.010642	0.000153	0.024434	0.033764	0.006467	0.002406	0.012606	0.009524	0.006036	0.028358	0.012681	0.016170	0.006103	0.074399	0.010393	0.176826	0.000153	0.015115	0.008276	0.041450	0.006875	0.010236	0.030625	0.014663	0.050043	0.015238	0.000153	0.031124	0.028833	0.060278	0.006666	0.003443	0.010002	0.002784	0.008889	0.001755	0.000153	
0.002622	0.013584	0.003709	0.007317	0.010131	0.009332	0.014664	0.001057	0.056668	0.033297	0.027727	0.003736	0.028256	0.035654	0.000156	0.032664	0.045754	0.009186	0.005143	0.007188	0.031201	0.001932	0.011170	0.017151	0.055564	0.013328	0.023905	0.006077	0.095401	0.000156	0.006538	0.028256	0.057802	0.009275	0.013835	0.022354	0.018535	0.056200	0.022079	0.000156	0.010872	0.040446	0.058394	0.014684	0.004788	0.004002	0.009258	0.012949	0.005696	0.000156	
0.002107	0.004464	0.005571	0.002449	0.003354	0.015151	0.016957	0.001528	0.048775	0.019432	0.035274	0.001298	0.036813	0.046155	0.000146	0.037745	0.052981	0.002486	0.001750	0.011888	0.040562	0.002858	0.008575	0.019839	0.072446	0.004382	0.035856	0.010313	0.125722	0.000146	0.006612	0.036813	0.015066	0.010713	0.015997	0.011087	0.021984	0.068095	0.007397	0.000146	0.011987	0.018746	0.065856	0.005577	0.001334	0.003089	0.012024	0.012935	0.007376	0.000146	
0.000792	0.005668	0.003298	0.003088	0.004246	0.082232	0.008512	0.011458	0.103824	0.005004	0.005820	0.001613	0.003149	0.004214	0.000138	0.019190	0.026455	0.001720	0.002192	0.101362	0.003837	0.001718	0.024770	0.009947	0.006075	0.005563	0.020556	0.089130	0.068010	0.000138	0.035675	0.003149	0.010509	0.005402	0.008033	0.015508	0.024758	0.168158	0.004938	0.000138	0.018165	0.010341	0.046953	0.005804	0.000901	0.008740	0.001114	0.007120	0.000732	0.000138	
0.002067	0.019546	0.021634	0.010486	0.014554	0.066548	0.002503	0.006144	0.026162	0.005986	0.002645	0.005310	0.002151	0.003072	0.000133	0.005513	0.007584	0.002622	0.007343	0.054681	0.002448	0.010883	0.006251	0.002910	0.004113	0.019176	0.134149	0.048291	0.259188	0.000133	0.016273	0.002151	0.013366	0.001623	0.002368	0.019378	0.010863	0.087798	0.007439	0.000133	0.032385	0.008564	0.013534	0.019672	0.001169	0.002269	0.000787	0.005339	0.000531	0.000133	
0.000551	0.003601	0.031969	0.001984	0.002710	0.042862	0.003367	0.001203	0.014212	0.016653	0.003010	0.001059	0.002178	0.002825	0.000135	0.007384	0.010295	0.006201	0.001422	0.009626	0.002424	0.016052	0.002971	0.003922	0.004163	0.003535	0.198522	0.008465	0.382661	0.000135	0.003688	0.002178	0.039866	0.002167	0.003183	0.031292	0.005378	0.023869	0.013606	0.000135	0.044160	0.023627	0.007890	0.003872	0.003331	0.001125	0.000796	0.003071	0.000537	0.000135	
0.001124	0.008428	0.001017	0.004560	0.006296	0.099311	0.002458	0.013945	0.038979	0.027953	0.004653	0.002349	0.004768	0.006101	0.000139	0.005456	0.007427	0.010258	0.003218	0.125947	0.005374	0.000578	0.009564	0.002855	0.009267	0.008270	0.005868	0.111341	0.018975	0.000139	0.035393	0.004768	0.066588	0.001596	0.002325	0.022159	0.021130	0.185703	0.022491	0.000139	0.007047	0.037243	0.022901	0.008911	0.005433	0.003430	0.001638	0.003295	0.001052	0.000139	
0.000626	0.004393	0.008097	0.002406	0.003298	0.094575	0.002148	0.012250	0.053644	0.017767	0.002501	0.001271	0.002149	0.002770	0.000135	0.004832	0.006462	0.006649	0.001717	0.109957	0.002559	0.004116	0.013407	0.002493	0.004107	0.004312	0.049876	0.097065	0.100278	0.000135	0.033031	0.002149	0.043377	0.001401	0.002033	0.022086	0.018422	0.161263	0.014484	0.000135	0.018480	0.024430	0.025905	0.004678	0.003560	0.004770	0.000788	0.002344	0.000532	0.000135	
0.000715	0.004555	0.002216	0.002495	0.003420	0.095322	0.001863	0.013108	0.014148	0.042036	0.003639	0.001318	0.003768	0.004769	0.000141	0.004029	0.005552	0.015617	0.001781	0.118951	0.004176	0.001179	0.003326	0.002158	0.007292	0.004471	0.013251	0.105318	0.030687	0.000141	0.031029	0.003768	0.102772	0.001224	0.001765	0.029687	0.019429	0.173537	0.033354	0.000141	0.005242	0.056594	0.010707	0.005205	0.008364	0.001253	0.001316	0.002170	0.000856	0.000141	
0.001905	0.005994	0.013353	0.003263	0.004489	0.046407	0.002473	0.004767	0.059573	0.015966	0.023206	0.001702	0.028711	0.035730	0.000141	0.005572	0.007470	0.002337	0.002315	0.040980	0.031762	0.006747	0.014858	0.002873	0.056477	0.005883	0.082952	0.035910	0.162578	0.000141	0.016489	0.028711	0.014064	0.001607	0.002340	0.018307	0.008796	0.065271	0.005575	0.000141	0.025909	0.009262	0.065441	0.006871	0.001228	0.005280	0.009396	0.002866	0.005774	0.000141	
0.001880	0.003133	0.011195	0.001740	0.002366	0.030382	0.002035	0.002921	0.069302	0.029173	0.027439	0.000945	0.034404	0.042716	0.000149	0.004628	0.006078	0.006470	0.001257	0.023653	0.038056	0.005672	0.017474	0.002359	0.067693	0.003076	0.069527	0.020486	0.135726	0.000149	0.013282	0.034404	0.041965	0.001335	0.001928	0.025512	0.005743	0.038809	0.013958	0.000149	0.024346	0.024256	0.077887	0.004320	0.003489	0.006199	0.011245	0.002036	0.006903	0.000149	
0.002550	0.004774	0.001605	0.002611	0.003582	0.060031	0.001669	0.008322	0.020850	0.028598	0.036844	0.001376	0.046732	0.058019	0.000140	0.003626	0.004945	0.004585	0.001861	0.074767	0.051404	0.000873	0.005095	0.001931	0.092011	0.004685	0.010043	0.066121	0.022870	0.000140	0.020785	0.046732	0.029249	0.001101	0.001582	0.010784	0.012779	0.110648	0.010107	0.000140	0.005153	0.017268	0.073678	0.006240	0.002450	0.001871	0.015233	0.002071	0.009327	0.000140	
0.013245	0.135615	0.001451	0.072404	0.100784	0.012599	0.002443	0.001752	0.016605	0.005547	0.004407	0.036284	0.004464	0.008139	0.000163	0.005303	0.007329	0.005474	0.050474	0.014346	0.004947	0.000807	0.003838	0.002834	0.008644	0.133035	0.008433	0.012626	0.023622	0.000163	0.005237	0.004464	0.009867	0.001597	0.002313	0.005106	0.004940	0.053982	0.024100	0.000163	0.003937	0.006790	0.012519	0.135787	0.000935	0.001447	0.001557	0.026302	0.001012	0.000163	
0.009373	0.088559	0.009739	0.047303	0.065826	0.014113	0.001605	0.000678	0.016938	0.010550	0.015374	0.023729	0.019053	0.025303	0.000155	0.003449	0.004711	0.003995	0.032990	0.004510	0.020979	0.004947	0.004119	0.001853	0.037419	0.086875	0.060178	0.003902	0.117085	0.000155	0.002906	0.019053	0.008973	0.001066	0.001522	0.010074	0.002508	0.028187	0.016562	0.000155	0.015095	0.006033	0.033364	0.089138	0.000859	0.001539	0.006277	0.017187	0.003881	0.000155	
0.009295	0.094568	0.001995	0.050512	0.070293	0.022267	0.002820	0.003116	0.042255	0.021050	0.003799	0.025338	0.003485	0.006154	0.000163	0.006245	0.008512	0.010303	0.035228	0.026137	0.003974	0.001079	0.010343	0.003275	0.006712	0.092770	0.011833	0.022890	0.031345	0.000163	0.010905	0.003485	0.049900	0.001833	0.002668	0.018832	0.007072	0.063239	0.030536	0.000163	0.008232	0.028652	0.022407	0.094927	0.004151	0.003718	0.001239	0.019144	0.000818	0.000163	
0.006729	0.067508	0.001253	0.036087	0.050194	0.005080	0.001743	0.000773	0.021382	0.068419	0.003358	0.018132	0.003475	0.005592	0.000177	0.003746	0.005097	0.027465	0.025186	0.005076	0.003880	0.000715	0.005251	0.002011	0.006679	0.066225	0.007052	0.004375	0.018513	0.000177	0.003530	0.003475	0.168774	0.001161	0.001653	0.047477	0.002743	0.025062	0.064062	0.000177	0.004374	0.092656	0.013553	0.068506	0.013765	0.001949	0.001246	0.013479	0.000828	0.000177	
0.001088	0.008682	0.006707	0.004699	0.006488	0.048248	0.013322	0.005859	0.021382	0.037020	0.007766	0.002423	0.003179	0.004444	0.000147	0.029544	0.041554	0.013923	0.003317	0.052383	0.003514	0.003427	0.002413	0.015581	0.006126	0.008520	0.042136	0.046364	0.125431	0.000147	0.014092	0.003179	0.090344	0.008429	0.012569	0.028844	0.023525	0.115270	0.031467	0.000147	0.010387	0.056906	0.008296	0.009251	0.007396	0.000939	0.001129	0.011102	0.000745	0.000147	
0.002793	0.022405	0.005376	0.012020	0.016683	0.043405	0.006855	0.005405	0.017528	0.041725	0.012407	0.006086	0.012511	0.016086	0.000152	0.015135	0.021218	0.014806	0.008417	0.048105	0.013775	0.002764	0.002995	0.008004	0.024522	0.021981	0.033410	0.042559	0.085860	0.000152	0.013274	0.012511	0.093565	0.004365	0.006472	0.029140	0.015139	0.092358	0.033847	0.000152	0.008900	0.054913	0.022304	0.023254	0.007661	0.001144	0.004155	0.008966	0.002589	0.000152	
0.000681	0.004525	0.006185	0.002480	0.003398	0.015965	0.032667	0.001524	0.058548	0.007473	0.015350	0.001312	0.002980	0.004672	0.000144	0.072738	0.102361	0.002649	0.001771	0.012012	0.003373	0.003164	0.007277	0.038243	0.005737	0.004442	0.040563	0.010458	0.191262	0.000144	0.006096	0.002980	0.016129	0.020587	0.030809	0.011172	0.040861	0.115927	0.009544	0.000144	0.012109	0.028284	0.016440	0.004690	0.001419	0.002635	0.001063	0.024168	0.000703	0.000144	
0.002001	0.006636	0.001760	0.003605	0.004966	0.033851	0.018994	0.004679	0.042170	0.014726	0.030419	0.001874	0.029492	0.037182	0.000142	0.042254	0.059391	0.001779	0.002554	0.041127	0.032485	0.000951	0.006379	0.022226	0.058016	0.006512	0.012237	0.036280	0.088993	0.000142	0.012959	0.029492	0.010094	0.011992	0.017917	0.006442	0.028682	0.116018	0.006344	0.000142	0.005876	0.017102	0.051857	0.007514	0.000920	0.002320	0.009650	0.014783	0.005929	0.000142	
0.000859	0.006544	0.011426	0.003557	0.004898	0.018373	0.026886	0.000993	0.039548	0.012993	0.012798	0.001850	0.002670	0.004161	0.000143	0.059800	0.084193	0.004838	0.002521	0.007536	0.002977	0.005785	0.003792	0.031471	0.005125	0.006422	0.072677	0.006590	0.230797	0.000143	0.003517	0.002670	0.030212	0.016953	0.025358	0.016556	0.033291	0.092672	0.013683	0.000143	0.017194	0.032501	0.009979	0.006777	0.002560	0.001417	0.000962	0.020404	0.000641	0.000143	
