0.512548	0.000692	0.014936	0.000723	0.039614	0.064055	0.033050	0.162073	0.021152	0.105900	0.015231	0.006651	0.006742	0.013329	0.003304	
0.498571	0.000753	0.056477	0.002338	0.030506	0.050679	0.049005	0.109962	0.031454	0.079498	0.017313	0.022332	0.017921	0.029447	0.003744	
0.486234	0.005278	0.045807	0.001175	0.026417	0.033858	0.036556	0.112676	0.026585	0.095637	0.009448	0.019816	0.042992	0.027697	0.029825	
0.649158	0.000708	0.019343	0.013191	0.005669	0.087848	0.090097	0.012958	0.023051	0.010961	0.036199	0.007987	0.007255	0.031696	0.003879	
0.348188	0.001224	0.107165	0.003174	0.025866	0.022043	0.078571	0.027090	0.159583	0.029974	0.020611	0.065578	0.036931	0.067778	0.006225	
0.496250	0.000756	0.098980	0.005859	0.012139	0.040219	0.082438	0.030841	0.053408	0.036175	0.018633	0.042844	0.022775	0.054092	0.004590	
0.381449	0.000898	0.053749	0.005397	0.018546	0.044103	0.099325	0.032776	0.185484	0.024735	0.017262	0.061015	0.008888	0.061809	0.004562	
0.330808	0.000914	0.154346	0.000637	0.010377	0.039409	0.062519	0.020508	0.110268	0.023226	0.006331	0.022872	0.020145	0.170767	0.026873	
0.390788	0.000860	0.112320	0.004196	0.014578	0.056824	0.063174	0.013886	0.111632	0.011938	0.020319	0.014422	0.021514	0.141571	0.021979	
0.276895	0.000908	0.139693	0.000973	0.024352	0.036874	0.056427	0.015815	0.170438	0.013755	0.018465	0.032276	0.033683	0.156995	0.022450	
0.321752	0.000650	0.134871	0.001499	0.008620	0.053077	0.067247	0.016041	0.136834	0.012842	0.007157	0.015083	0.008923	0.186609	0.028794	
0.219924	0.000879	0.156766	0.001140	0.065708	0.009326	0.015669	0.009525	0.208671	0.009156	0.056499	0.054969	0.100618	0.086210	0.004941	
0.419464	0.001048	0.135626	0.001701	0.013342	0.028586	0.067950	0.044552	0.057847	0.047901	0.007992	0.039376	0.025629	0.095130	0.013856	
0.404840	0.001316	0.140065	0.001889	0.020706	0.019877	0.062512	0.038799	0.070331	0.045737	0.015268	0.047921	0.041223	0.078496	0.011020	
0.374344	0.000977	0.152872	0.000890	0.025969	0.015791	0.055255	0.040167	0.080108	0.045462	0.017445	0.049283	0.046892	0.084856	0.009689	
0.483137	0.012895	0.021647	0.000898	0.022122	0.009421	0.014129	0.103916	0.020574	0.112370	0.004886	0.013724	0.092574	0.015904	0.071802	
0.486034	0.011351	0.027051	0.000759	0.022975	0.013430	0.018424	0.108774	0.017828	0.111630	0.004922	0.015460	0.082173	0.016197	0.062992	
0.437229	0.010577	0.044278	0.000642	0.021219	0.008801	0.029939	0.089171	0.057065	0.097093	0.004116	0.027518	0.078637	0.033858	0.059856	
0.448978	0.009046	0.048836	0.001901	0.024814	0.021454	0.025670	0.078232	0.054301	0.082127	0.013644	0.017388	0.076335	0.044040	0.053235	
0.330858	0.004993	0.080571	0.001644	0.025205	0.013234	0.065514	0.045663	0.165462	0.050316	0.012616	0.059767	0.051743	0.064118	0.028295	
0.348912	0.005302	0.086521	0.001788	0.034126	0.014988	0.042587	0.047887	0.137765	0.051352	0.023172	0.046030	0.070365	0.059204	0.030001	
0.236405	0.000830	0.078886	0.003233	0.020201	0.022951	0.116224	0.010098	0.292145	0.009647	0.011346	0.093407	0.010550	0.089316	0.004760	
0.303565	0.003021	0.091511	0.000717	0.020504	0.012169	0.085594	0.049166	0.186962	0.049495	0.003931	0.074391	0.028803	0.072643	0.017528	
0.305543	0.001052	0.081432	0.003731	0.015802	0.035829	0.101630	0.016920	0.223145	0.015048	0.011682	0.066404	0.009951	0.100705	0.011125	
