0	157	0	0	63	0	1	
148	0	0	0	0	0	0	
0	0	20	0	0	0	0	
0	0	0	28	0	0	0	
0	0	0	0	0	88	58	
0	0	0	0	0	0	22	
130	0	0	2	0	0	0	
0	182	0	0	77	0	0	
0	0	0	0	12	0	0	
0	0	0	0	12	0	0	
0	0	0	2	0	0	12	
0	0	0	53	0	16	0	
78	0	0	0	0	51	0	
0	18	0	0	0	97	0	
0	19	0	0	0	0	32	
0	23	0	0	0	0	2	
0	0	0	0	32	0	0	
0	0	0	0	0	0	73	
0	0	0	0	0	200	43	
3	18	71	40	0	0	0	
0	0	118	12	9	0	5	
57	0	0	0	129	12	0	
0	0	0	88	0	0	0	
0	106	51	0	37	0	0	
0	0	31	0	0	0	0	
50	0	0	35	31	0	0	
0	0	0	0	93	0	0	
0	0	0	0	80	0	0	
0	2	0	0	15	0	0	
69	0	0	0	0	0	0	
0	0	95	0	0	0	0	
6	0	0	0	0	0	0	
0	0	0	0	37	0	0	
51	0	1	0	0	0	0	
53	0	0	0	0	0	0	
0	1	0	0	0	10	0	
0	0	129	0	3	0	0	
0	0	2	0	0	160	0	
64	30	0	2	0	1	0	
13	0	55	41	0	0	0	
0	1	0	0	0	0	119	
0	0	0	88	0	0	0	
0	0	0	0	0	25	0	
0	0	0	28	0	204	1	
0	0	0	51	0	101	0	
0	0	0	0	10	0	0	
0	0	0	0	0	9	0	
43	0	0	58	0	0	0	
0	0	0	0	0	0	22	
0	140	0	0	123	2	1	
