0.026658	0.543404	0.036227	0.055366	0.072112	0.232399	0.033835	
0.071598	0.411266	0.040719	0.062097	0.130981	0.069223	0.214116	
0.024739	0.549129	0.088153	0.024739	0.058885	0.078397	0.175958	
0.292208	0.021873	0.029050	0.024265	0.029050	0.024265	0.579289	
0.321092	0.040431	0.269205	0.033356	0.127695	0.181941	0.026280	
0.438727	0.166215	0.059580	0.076168	0.042993	0.045362	0.170955	
0.402689	0.026218	0.468571	0.019160	0.030924	0.030924	0.021513	
0.045796	0.136705	0.096036	0.208476	0.060150	0.273069	0.179768	
0.117567	0.029050	0.038619	0.177375	0.021873	0.292208	0.323308	
0.032134	0.037024	0.171498	0.479567	0.076144	0.151939	0.051694	
0.026096	0.033121	0.234527	0.459351	0.030780	0.026096	0.190030	
0.164596	0.022084	0.123533	0.398896	0.138026	0.111456	0.041408	
0.032890	0.053821	0.030565	0.077076	0.035216	0.625914	0.144518	
0.082884	0.026280	0.026280	0.038073	0.113544	0.594677	0.118261	
0.091669	0.035463	0.157243	0.021412	0.190030	0.405487	0.098695	
0.017047	0.033754	0.031367	0.036140	0.501534	0.055234	0.324923	
0.034079	0.188296	0.022031	0.022031	0.453356	0.041308	0.238898	
0.086054	0.057483	0.021769	0.076531	0.578912	0.069388	0.109864	
0.158616	0.026721	0.021925	0.307297	0.321686	0.017129	0.146626	
0.065404	0.055766	0.287091	0.053356	0.320826	0.041308	0.176248	
0.055498	0.041110	0.127441	0.256937	0.312093	0.031518	0.175403	
0.100594	0.132379	0.371987	0.029689	0.100594	0.137269	0.127489	
0.033754	0.594613	0.210365	0.071940	0.024207	0.040914	0.024207	
0.072633	0.171429	0.195525	0.082272	0.041308	0.101549	0.335284	
