0.023978	0.016886	0.040527	0.016886	0.023978	0.860858	0.016886	
0.099160	0.125042	0.275630	0.035630	0.045042	0.341513	0.077983	
0.314216	0.175530	0.097671	0.041710	0.083073	0.260688	0.027112	
0.026531	0.026531	0.502721	0.064626	0.031293	0.026531	0.321769	
0.189016	0.165431	0.023922	0.026280	0.038073	0.028639	0.528639	
0.049865	0.512129	0.040431	0.040431	0.028639	0.026280	0.302224	
0.496807	0.033277	0.035630	0.033277	0.068571	0.021513	0.310924	
0.079289	0.459672	0.163021	0.124744	0.036227	0.052973	0.084074	
0.029190	0.033997	0.596497	0.168613	0.038805	0.021978	0.110920	
0.027244	0.032134	0.029689	0.665386	0.041914	0.034579	0.169053	
0.084842	0.246814	0.021462	0.441650	0.101274	0.059021	0.044936	
0.039469	0.098149	0.027244	0.376877	0.034579	0.068809	0.354873	
0.173231	0.203605	0.119493	0.367156	0.042390	0.061081	0.033044	
0.139220	0.153108	0.160053	0.379960	0.041997	0.039683	0.085979	
0.145534	0.232185	0.089328	0.286049	0.037805	0.082302	0.126798	
0.046239	0.031746	0.401311	0.022084	0.454451	0.022084	0.022084	
0.106368	0.125645	0.284682	0.019621	0.405164	0.034079	0.024441	
0.168585	0.099865	0.090386	0.090386	0.462424	0.057211	0.031144	
0.022084	0.034161	0.224983	0.121118	0.522084	0.029331	0.046239	
0.091033	0.165019	0.215138	0.031367	0.131606	0.069553	0.296284	
0.026405	0.251523	0.173324	0.097495	0.201760	0.031144	0.218348	
0.565881	0.068308	0.143551	0.036755	0.024619	0.019764	0.141123	
0.496745	0.184995	0.026721	0.101062	0.110654	0.029120	0.050702	
0.477009	0.029835	0.216567	0.101088	0.083889	0.029835	0.061776	
