0.033835	0.787423	0.038619	0.026658	0.055366	0.031442	0.026658	
0.033435	0.390409	0.125633	0.243837	0.033435	0.116177	0.057075	
0.089286	0.445055	0.139766	0.228709	0.024382	0.050824	0.021978	
0.120536	0.089286	0.029190	0.038805	0.026786	0.120536	0.574863	
0.201283	0.042891	0.031071	0.047619	0.156366	0.210740	0.310030	
0.031218	0.024092	0.024092	0.147608	0.202240	0.192738	0.378012	
0.395630	0.021513	0.127395	0.045042	0.028571	0.030924	0.350924	
0.073624	0.035799	0.040527	0.515704	0.279298	0.026342	0.028707	
0.067007	0.033673	0.040816	0.362245	0.240816	0.036054	0.219388	
0.053356	0.036489	0.029260	0.065404	0.595525	0.041308	0.178657	
0.204508	0.025853	0.109380	0.042095	0.554856	0.030494	0.032814	
0.051568	0.019861	0.022300	0.185714	0.393031	0.041812	0.285714	
0.030565	0.102658	0.072425	0.479402	0.193355	0.086379	0.035216	
0.018981	0.028305	0.042291	0.592408	0.193806	0.088911	0.035298	
0.153821	0.032890	0.072425	0.665449	0.028239	0.028239	0.018937	
0.019342	0.031218	0.850696	0.024092	0.016966	0.028843	0.028843	
0.021821	0.017047	0.773611	0.024207	0.019434	0.119673	0.024207	
0.064780	0.060007	0.775997	0.024207	0.026594	0.019434	0.028981	
0.033514	0.024035	0.396073	0.024035	0.313135	0.033514	0.175694	
0.088016	0.038253	0.092756	0.123561	0.035884	0.557211	0.064320	
0.098664	0.038712	0.108256	0.031518	0.240151	0.254539	0.228160	
0.287091	0.019621	0.026850	0.043718	0.026850	0.407573	0.188296	
0.261733	0.019527	0.079479	0.053100	0.026721	0.532717	0.026721	
0.765185	0.024092	0.043095	0.024092	0.047845	0.052596	0.043095	
