0.004339	0.089506	0.001933	0.004257	0.001023	0.004371	0.076600	0.002074	0.001109	0.006881	0.000930	0.000621	0.001948	0.004379	0.005304	0.001140	0.006162	0.003537	0.221189	0.004801	0.075262	0.065482	0.000682	0.006634	0.004933	0.000621	0.002637	0.000160	0.000631	0.002613	0.042216	0.001633	0.008344	0.000160	0.001587	0.003445	0.000160	0.004009	0.015701	0.003524	0.007845	0.002571	0.003849	0.001196	0.055753	0.000586	0.001073	0.159600	0.005016	0.079973	
0.028592	0.023957	0.039425	0.008827	0.001970	0.044072	0.019517	0.004367	0.001556	0.018859	0.002445	0.000560	0.002810	0.003971	0.004811	0.001031	0.050613	0.003761	0.061655	0.004984	0.019408	0.016699	0.011695	0.011284	0.014426	0.000560	0.055023	0.000141	0.001159	0.011822	0.013808	0.012559	0.035847	0.000141	0.003720	0.072931	0.000141	0.003635	0.071698	0.074664	0.070112	0.007057	0.037840	0.001082	0.014233	0.000725	0.020361	0.043297	0.010572	0.035578	
0.038144	0.010405	0.048093	0.006273	0.001427	0.051079	0.005679	0.005987	0.002863	0.020862	0.002891	0.001146	0.005289	0.017745	0.021607	0.002284	0.054492	0.014715	0.033954	0.010921	0.005720	0.004873	0.014240	0.013882	0.017222	0.001146	0.067135	0.000135	0.001254	0.006913	0.007191	0.016326	0.024258	0.000135	0.004681	0.088998	0.000135	0.016201	0.044208	0.091114	0.085170	0.008467	0.052512	0.004460	0.004167	0.001098	0.024819	0.015210	0.007475	0.014999	
0.006940	0.005069	0.002130	0.134365	0.028413	0.082827	0.002728	0.004035	0.001203	0.065856	0.002148	0.000667	0.029432	0.004804	0.005823	0.001238	0.022493	0.003878	0.016541	0.007220	0.003013	0.002354	0.000739	0.144785	0.012489	0.000667	0.002913	0.000159	0.001503	0.016087	0.001959	0.001786	0.046080	0.000159	0.003489	0.003812	0.000159	0.004397	0.095659	0.003899	0.016408	0.009427	0.004238	0.001300	0.002027	0.000903	0.001174	0.008069	0.157906	0.024630	
0.024708	0.004346	0.021791	0.076826	0.016290	0.067596	0.001648	0.003037	0.001745	0.038236	0.001366	0.000787	0.026470	0.046568	0.056748	0.001507	0.023880	0.036786	0.015960	0.007938	0.001660	0.001429	0.006513	0.096851	0.007707	0.000787	0.030385	0.000147	0.000705	0.002031	0.002877	0.007833	0.007941	0.000147	0.002291	0.040252	0.000147	0.042496	0.013215	0.041207	0.038358	0.014119	0.042684	0.011549	0.001238	0.000706	0.011287	0.004842	0.090126	0.004238	
0.008421	0.005905	0.005626	0.160080	0.033824	0.101741	0.003149	0.003349	0.001434	0.072367	0.001612	0.000755	0.035209	0.006469	0.007853	0.001429	0.010374	0.005240	0.019373	0.008556	0.003153	0.002713	0.001765	0.172724	0.009185	0.000755	0.007799	0.000156	0.000745	0.002989	0.002490	0.003000	0.010970	0.000156	0.002595	0.010292	0.000156	0.005915	0.019126	0.010534	0.017621	0.003345	0.008245	0.001707	0.002332	0.000702	0.002972	0.008252	0.187795	0.007044	
0.016158	0.024600	0.002897	0.071663	0.015209	0.045869	0.016860	0.003136	0.002936	0.031718	0.000697	0.001525	0.027900	0.058024	0.070715	0.003067	0.009538	0.045545	0.071549	0.014803	0.016599	0.014430	0.000961	0.096215	0.003516	0.001525	0.003986	0.000155	0.001227	0.002234	0.010153	0.003788	0.006828	0.000155	0.002016	0.005236	0.000155	0.052948	0.013132	0.005357	0.007632	0.017438	0.031082	0.014368	0.012304	0.001311	0.001566	0.035485	0.084072	0.019719	
0.027085	0.042029	0.004028	0.005219	0.001209	0.007025	0.005002	0.018900	0.018943	0.019778	0.002795	0.009513	0.002311	0.005166	0.006269	0.020058	0.059930	0.005293	0.184136	0.092832	0.005367	0.004295	0.001283	0.024056	0.016598	0.009513	0.005571	0.000140	0.007944	0.021900	0.007764	0.020615	0.062725	0.000140	0.011660	0.007344	0.000140	0.004726	0.130493	0.007515	0.023565	0.012431	0.006154	0.001375	0.003676	0.008209	0.002141	0.013668	0.006550	0.034922	
0.005991	0.005658	0.002160	0.021718	0.004699	0.015098	0.002123	0.002325	0.001867	0.012254	0.000712	0.000999	0.007031	0.010793	0.013125	0.001943	0.073222	0.008596	0.020873	0.008796	0.003289	0.001837	0.000749	0.027799	0.003578	0.000999	0.002954	0.000160	0.004344	0.057880	0.001797	0.002478	0.150592	0.000160	0.002761	0.003866	0.000160	0.009860	0.334242	0.003954	0.006673	0.032005	0.007207	0.002772	0.001587	0.002044	0.001190	0.004944	0.026648	0.081487	
0.032245	0.048934	0.004954	0.009011	0.002004	0.010222	0.006466	0.020174	0.021650	0.017704	0.002255	0.010857	0.006617	0.021171	0.025784	0.022919	0.047319	0.017969	0.212747	0.106216	0.006492	0.005546	0.001553	0.035436	0.013280	0.010857	0.006867	0.000135	0.007928	0.006886	0.009304	0.023666	0.022662	0.000135	0.011743	0.009064	0.000135	0.019325	0.042907	0.009276	0.021213	0.009415	0.014862	0.005302	0.004740	0.008987	0.002615	0.016014	0.010687	0.015748	
0.028066	0.049156	0.003421	0.006670	0.001511	0.007303	0.003085	0.020067	0.023740	0.009246	0.001121	0.011914	0.002245	0.003482	0.004216	0.025164	0.063298	0.004269	0.222564	0.116595	0.003417	0.002656	0.001101	0.029439	0.006247	0.011914	0.004725	0.000135	0.009387	0.018607	0.007875	0.025395	0.050220	0.000135	0.011371	0.006223	0.000135	0.003189	0.108508	0.006368	0.011380	0.010311	0.004775	0.000957	0.002281	0.010090	0.001826	0.007532	0.008185	0.028484	
0.031591	0.029804	0.028035	0.037395	0.007978	0.050038	0.004065	0.011386	0.013533	0.019439	0.000846	0.006628	0.009302	0.006172	0.007497	0.013935	0.050626	0.006070	0.129194	0.065239	0.004070	0.003493	0.008340	0.053263	0.004550	0.006628	0.039113	0.000133	0.004828	0.003801	0.007577	0.021735	0.011319	0.000133	0.006413	0.051833	0.000133	0.005643	0.022584	0.053064	0.043547	0.003663	0.028539	0.001617	0.002993	0.005487	0.014494	0.009209	0.043916	0.009109	
0.031606	0.014407	0.040324	0.005612	0.001289	0.043027	0.003259	0.006074	0.006247	0.009250	0.001185	0.002896	0.002371	0.005070	0.006152	0.006001	0.068138	0.004924	0.059019	0.028064	0.003605	0.002804	0.011956	0.012459	0.006637	0.002896	0.056281	0.000136	0.003243	0.019489	0.006174	0.017648	0.052647	0.000136	0.004145	0.074602	0.000136	0.004637	0.113704	0.076375	0.062820	0.011197	0.039201	0.001348	0.002407	0.002782	0.020821	0.007971	0.006962	0.029868	
0.033069	0.005566	0.042133	0.009118	0.002029	0.046916	0.001830	0.006423	0.002558	0.024572	0.003285	0.001040	0.003298	0.005925	0.007194	0.002053	0.064098	0.005387	0.021227	0.009787	0.002209	0.001584	0.012490	0.013067	0.019646	0.001040	0.058808	0.000139	0.001988	0.019810	0.004599	0.014348	0.058508	0.000139	0.005371	0.077952	0.000139	0.005418	0.119322	0.079805	0.079585	0.011599	0.041270	0.001560	0.001369	0.001281	0.021754	0.007734	0.011080	0.028878	
0.036593	0.005446	0.050684	0.022632	0.004871	0.063473	0.002465	0.005179	0.002242	0.026001	0.002702	0.000817	0.006329	0.006786	0.008244	0.001584	0.056950	0.006156	0.019020	0.007951	0.002585	0.002126	0.015002	0.027263	0.016050	0.000817	0.070755	0.000135	0.001091	0.007926	0.005463	0.016409	0.026424	0.000135	0.004188	0.093800	0.000135	0.006202	0.049720	0.096030	0.087467	0.005897	0.049491	0.001768	0.001829	0.000851	0.026153	0.008301	0.026685	0.013178	
0.051894	0.006251	0.002135	0.006802	0.001557	0.006102	0.004219	0.040588	0.000932	0.173717	0.025867	0.000531	0.002762	0.005651	0.006855	0.000949	0.007626	0.004522	0.018217	0.003961	0.004224	0.003628	0.000740	0.009562	0.159550	0.000531	0.002920	0.000159	0.000651	0.003936	0.002705	0.001507	0.071617	0.000159	0.033961	0.003821	0.000159	0.005169	0.068232	0.003908	0.177707	0.003589	0.004659	0.001508	0.003111	0.000540	0.001176	0.041995	0.008030	0.009412	
0.049782	0.005126	0.002329	0.007307	0.001663	0.006597	0.002309	0.039006	0.001482	0.165293	0.024570	0.000804	0.002501	0.003979	0.004817	0.001531	0.013590	0.003254	0.017892	0.006677	0.002435	0.001997	0.000797	0.010081	0.151513	0.000804	0.003191	0.000158	0.001096	0.008061	0.001814	0.002129	0.079163	0.000158	0.032584	0.004181	0.000158	0.003644	0.089706	0.004277	0.169161	0.005182	0.004015	0.001097	0.001723	0.000848	0.001276	0.036353	0.008708	0.013176	
0.034319	0.038345	0.001944	0.006311	0.001454	0.005618	0.030376	0.026614	0.002029	0.109886	0.016297	0.001081	0.002202	0.003569	0.004317	0.002118	0.008584	0.002963	0.100992	0.009385	0.029894	0.025981	0.000684	0.009400	0.100218	0.001081	0.002653	0.000158	0.000994	0.003381	0.017233	0.002586	0.047216	0.000158	0.021955	0.003467	0.000158	0.003270	0.047804	0.003546	0.112370	0.002727	0.003462	0.000996	0.022135	0.000975	0.001077	0.083771	0.007442	0.034807	
0.007997	0.061962	0.001935	0.037041	0.007922	0.024094	0.048851	0.004728	0.003295	0.023756	0.001538	0.001713	0.009215	0.006053	0.007346	0.003464	0.016393	0.004981	0.163911	0.016103	0.048133	0.041768	0.000680	0.043890	0.008715	0.001713	0.002640	0.000157	0.001732	0.008229	0.027626	0.003889	0.024320	0.000157	0.003384	0.003450	0.000157	0.005536	0.049219	0.003529	0.011999	0.005848	0.004674	0.001606	0.035571	0.001590	0.001072	0.102879	0.043587	0.059948	
0.036833	0.031206	0.023241	0.011277	0.002483	0.029602	0.009244	0.015887	0.011129	0.036360	0.004930	0.005463	0.006874	0.020160	0.024551	0.011455	0.040419	0.016775	0.122330	0.053236	0.009118	0.007920	0.006933	0.027747	0.029849	0.005463	0.032415	0.000138	0.003917	0.002031	0.009466	0.017917	0.016529	0.000138	0.010734	0.042948	0.000138	0.018404	0.019688	0.043967	0.064661	0.006705	0.031039	0.005056	0.006761	0.004504	0.012029	0.025243	0.013243	0.011847	
0.035558	0.063864	0.003296	0.006310	0.001430	0.006968	0.006567	0.025967	0.029264	0.015897	0.002136	0.014673	0.002274	0.003977	0.004820	0.031036	0.052067	0.004997	0.282571	0.143897	0.006482	0.005631	0.001060	0.034226	0.012577	0.014673	0.004554	0.000129	0.010224	0.001666	0.011146	0.031059	0.008920	0.000129	0.014588	0.005998	0.000129	0.003639	0.012618	0.006138	0.018161	0.001978	0.004907	0.001074	0.004811	0.011978	0.001759	0.016084	0.007411	0.008682	
0.031195	0.005195	0.002167	0.008470	0.001904	0.007141	0.001697	0.002574	0.001872	0.008131	0.000863	0.000998	0.033865	0.145896	0.177857	0.001948	0.007008	0.114070	0.019813	0.008650	0.001709	0.001472	0.000745	0.055248	0.004559	0.000998	0.002967	0.000153	0.000855	0.002092	0.001566	0.002488	0.006867	0.000153	0.001803	0.003885	0.000153	0.133111	0.012621	0.003974	0.007770	0.042032	0.073582	0.035949	0.001276	0.000880	0.001190	0.004277	0.009949	0.004363	
0.031093	0.014783	0.004289	0.009364	0.002090	0.009771	0.005295	0.006066	0.004722	0.014015	0.001693	0.002405	0.027240	0.114835	0.139985	0.004943	0.014134	0.090027	0.055483	0.022622	0.005253	0.004546	0.001367	0.049217	0.009718	0.002405	0.005932	0.000150	0.001855	0.002626	0.004388	0.006019	0.010251	0.000150	0.004040	0.007819	0.000150	0.104775	0.017219	0.008002	0.016366	0.033580	0.060260	0.028318	0.003892	0.002034	0.002280	0.012820	0.011009	0.008700	
0.018985	0.025514	0.002520	0.004776	0.001127	0.005265	0.016091	0.004100	0.003857	0.006598	0.000852	0.001988	0.015986	0.067910	0.082769	0.004051	0.033431	0.053315	0.077836	0.018366	0.016243	0.013773	0.000850	0.029180	0.004477	0.001988	0.003460	0.000155	0.002741	0.021371	0.009938	0.004632	0.056638	0.000155	0.002993	0.004538	0.000155	0.061967	0.123849	0.004643	0.008166	0.029782	0.035595	0.016796	0.011745	0.002086	0.001372	0.034092	0.006017	0.045264	
