0.514394	0.007645	0.031048	0.000735	0.027636	0.017168	0.015007	0.150052	0.033133	0.136145	0.007686	0.008671	0.010092	0.028365	0.012223	
0.504021	0.005803	0.047059	0.001511	0.029826	0.014368	0.017485	0.124363	0.040813	0.114694	0.009533	0.026574	0.034506	0.025786	0.003658	
0.495093	0.006531	0.058326	0.001046	0.030574	0.022795	0.027246	0.122499	0.034896	0.115415	0.008073	0.025687	0.029768	0.017416	0.004637	
0.372494	0.003470	0.066967	0.004355	0.029876	0.046230	0.114813	0.011286	0.137065	0.011623	0.048676	0.064504	0.019458	0.065449	0.003733	
0.358784	0.003925	0.073546	0.003404	0.026257	0.060031	0.125886	0.015034	0.133538	0.015464	0.038831	0.050601	0.020589	0.061736	0.012375	
0.385822	0.002874	0.098865	0.003587	0.030314	0.030388	0.076723	0.021785	0.114203	0.025058	0.034064	0.065694	0.036894	0.065259	0.008471	
0.357495	0.005539	0.037847	0.002421	0.024048	0.109052	0.194307	0.021406	0.125077	0.019323	0.034525	0.028539	0.023901	0.013745	0.002775	
0.324220	0.001972	0.125359	0.001086	0.009822	0.028571	0.048591	0.034362	0.140171	0.030342	0.003521	0.011879	0.026545	0.141928	0.071632	
0.312793	0.001940	0.138324	0.001476	0.012511	0.018425	0.043941	0.021266	0.148058	0.019557	0.014872	0.022628	0.011905	0.157425	0.074878	
0.299309	0.002580	0.138693	0.002298	0.012764	0.039767	0.065956	0.015564	0.153736	0.018507	0.004858	0.034865	0.028701	0.127779	0.054624	
0.254776	0.003277	0.133694	0.001517	0.004599	0.059641	0.094380	0.009864	0.178266	0.009796	0.002644	0.011408	0.007246	0.151721	0.077171	
0.364393	0.001683	0.140033	0.001075	0.025650	0.020695	0.060449	0.015574	0.102143	0.018400	0.029231	0.039909	0.030915	0.100763	0.049085	
0.408674	0.003188	0.127487	0.001035	0.023496	0.007965	0.011826	0.067212	0.078491	0.066796	0.004950	0.033196	0.038946	0.086851	0.039889	
0.384678	0.001229	0.178967	0.001856	0.029306	0.006524	0.012678	0.026434	0.078385	0.038159	0.002917	0.067917	0.074823	0.071621	0.024506	
0.416174	0.001694	0.176937	0.001294	0.036175	0.021251	0.033914	0.029669	0.044278	0.044637	0.003471	0.073345	0.092581	0.020081	0.004500	
0.560110	0.000800	0.016951	0.000724	0.027851	0.005966	0.011927	0.122278	0.018990	0.103626	0.003956	0.009298	0.103240	0.011556	0.002726	
0.554368	0.000914	0.015797	0.000998	0.027070	0.005519	0.010870	0.121689	0.025710	0.102985	0.003731	0.010764	0.100369	0.016488	0.002727	
0.485163	0.002535	0.025930	0.001622	0.025571	0.037708	0.066906	0.088888	0.062009	0.076064	0.012636	0.018258	0.073301	0.020027	0.003381	
0.427080	0.002085	0.092489	0.000698	0.021875	0.007192	0.025075	0.068481	0.081536	0.060057	0.016517	0.016573	0.037155	0.095584	0.047601	
0.348888	0.002981	0.075170	0.006262	0.018720	0.023753	0.049665	0.031859	0.174782	0.031120	0.015678	0.072029	0.036245	0.107655	0.005195	
0.371528	0.002422	0.091361	0.003290	0.023345	0.021139	0.062144	0.027900	0.132755	0.025466	0.031878	0.048088	0.023682	0.104434	0.030569	
0.300791	0.003394	0.079633	0.007987	0.016110	0.022503	0.054147	0.011571	0.219519	0.013211	0.022244	0.087742	0.015097	0.139852	0.006197	
0.269427	0.005097	0.068475	0.007468	0.008757	0.063225	0.094962	0.019319	0.229185	0.021063	0.002587	0.069776	0.018523	0.117497	0.004639	
0.275811	0.005773	0.050350	0.005877	0.012046	0.095440	0.157302	0.010009	0.209150	0.010470	0.016838	0.052263	0.011133	0.082308	0.005230	
