0.005164	0.007678	0.004825	0.005273	0.006231	0.000150	0.001867	0.086622	0.002626	0.068899	0.000866	0.000150	0.028558	0.000150	0.001171	0.018355	0.009087	0.005642	0.051078	0.010199	0.001980	0.006560	0.004012	0.000717	0.002587	0.003659	0.079863	0.000797	0.012643	0.049532	0.009508	0.015085	0.000640	0.000930	0.000723	0.001096	0.075054	0.047930	0.085512	0.005821	0.090036	0.007655	0.000717	0.004956	0.007899	0.000752	0.005608	0.142990	0.008958	0.011185	
0.011992	0.029534	0.011191	0.008815	0.038848	0.000145	0.002619	0.018029	0.002438	0.073125	0.001742	0.000145	0.065484	0.000145	0.002194	0.003910	0.033319	0.011290	0.043768	0.015198	0.004467	0.031220	0.009270	0.004205	0.004933	0.007974	0.016777	0.001556	0.026703	0.023918	0.021014	0.033841	0.002808	0.005728	0.001423	0.001020	0.117179	0.028438	0.019561	0.005399	0.018735	0.007470	0.004205	0.020589	0.008155	0.001947	0.039229	0.036388	0.058989	0.062933	
0.008074	0.037317	0.007539	0.003077	0.032243	0.000150	0.002298	0.040670	0.002198	0.076248	0.000430	0.000150	0.028229	0.000150	0.001494	0.008681	0.040590	0.007471	0.062751	0.005180	0.003041	0.021588	0.006254	0.003527	0.003493	0.001523	0.037578	0.000538	0.018010	0.029465	0.003857	0.018568	0.002372	0.004793	0.000374	0.000932	0.115360	0.021836	0.041023	0.004842	0.042269	0.006874	0.003527	0.024282	0.008836	0.002077	0.032652	0.071183	0.048258	0.056126	
0.008057	0.049862	0.007523	0.027491	0.008675	0.000152	0.004296	0.004284	0.006425	0.018957	0.005385	0.000152	0.127334	0.000152	0.005065	0.001022	0.053376	0.025487	0.064410	0.046962	0.003036	0.025783	0.006241	0.000761	0.004640	0.025793	0.004065	0.004517	0.057183	0.037846	0.068414	0.056619	0.000875	0.000989	0.004338	0.002547	0.018708	0.068459	0.010178	0.014524	0.004447	0.019679	0.000761	0.028482	0.001467	0.003607	0.006011	0.013783	0.013507	0.027672	
0.007290	0.078301	0.006808	0.022197	0.012047	0.000156	0.002372	0.003454	0.003192	0.024472	0.004786	0.000156	0.113361	0.000156	0.002483	0.000850	0.083020	0.012384	0.092706	0.039414	0.002759	0.026418	0.005651	0.001292	0.003490	0.022843	0.003290	0.003729	0.028443	0.019843	0.060457	0.043980	0.001032	0.001718	0.003860	0.001315	0.031708	0.060433	0.006250	0.007111	0.003584	0.010508	0.001292	0.044910	0.002262	0.004068	0.011090	0.013136	0.020182	0.043741	
0.007113	0.018715	0.006642	0.021458	0.029272	0.000142	0.003334	0.005953	0.004026	0.048715	0.004427	0.000142	0.105492	0.000142	0.005258	0.001366	0.020654	0.026437	0.027472	0.037465	0.002686	0.035424	0.005512	0.003023	0.003651	0.021139	0.005588	0.003873	0.059903	0.039824	0.056090	0.050552	0.002155	0.004104	0.003570	0.001625	0.078377	0.057161	0.009671	0.009040	0.006182	0.012024	0.003023	0.013262	0.005283	0.002358	0.027871	0.014548	0.044616	0.043638	
0.014514	0.044668	0.013543	0.029969	0.006611	0.000146	0.002501	0.005943	0.003616	0.024182	0.006541	0.000146	0.168599	0.000146	0.001160	0.001367	0.049786	0.006234	0.056642	0.053781	0.005389	0.030527	0.011214	0.000734	0.006141	0.031480	0.005680	0.004767	0.014264	0.013045	0.083324	0.059872	0.000703	0.000954	0.005262	0.001471	0.019312	0.083951	0.008902	0.008095	0.006172	0.011233	0.000734	0.025664	0.001559	0.002287	0.005799	0.019648	0.013873	0.027848	
0.007747	0.025860	0.007234	0.025579	0.022926	0.000154	0.018321	0.018920	0.028038	0.039400	0.000534	0.000154	0.029211	0.000154	0.004846	0.004105	0.028717	0.024352	0.068139	0.027480	0.002924	0.011890	0.006003	0.001844	0.010427	0.002017	0.017541	0.001091	0.054859	0.041197	0.005321	0.029495	0.002731	0.002478	0.000458	0.010801	0.056755	0.013379	0.043468	0.064034	0.019661	0.083720	0.001844	0.016961	0.004382	0.002547	0.016419	0.035348	0.026862	0.031671	
0.006721	0.008318	0.006277	0.034011	0.014017	0.000152	0.019443	0.016642	0.030232	0.024055	0.002093	0.000152	0.057422	0.000152	0.007124	0.003623	0.010023	0.035792	0.049548	0.041629	0.002549	0.011890	0.005212	0.000749	0.010664	0.009665	0.015429	0.002507	0.079777	0.056043	0.025723	0.043536	0.002166	0.000973	0.001705	0.011637	0.027031	0.032186	0.043454	0.069063	0.017293	0.089971	0.000749	0.006032	0.002424	0.002456	0.005900	0.030736	0.012876	0.012181	
0.011247	0.023908	0.010498	0.038383	0.012989	0.000154	0.024910	0.013856	0.038880	0.022242	0.001377	0.000154	0.055839	0.000154	0.002968	0.003039	0.027871	0.015105	0.075836	0.043269	0.004202	0.007984	0.008699	0.000603	0.014613	0.006147	0.012924	0.001412	0.033785	0.026382	0.016186	0.033165	0.002547	0.000771	0.001133	0.014940	0.021267	0.021815	0.048084	0.088871	0.014397	0.116018	0.000603	0.015124	0.001965	0.001937	0.004474	0.028949	0.010993	0.017330	
0.009619	0.012128	0.008980	0.039579	0.009908	0.000150	0.020151	0.014683	0.031486	0.020428	0.003162	0.000150	0.086977	0.000150	0.003921	0.003209	0.014998	0.019823	0.054669	0.051106	0.003605	0.014250	0.007444	0.000391	0.012023	0.014909	0.013663	0.002797	0.044122	0.034080	0.039486	0.043189	0.002010	0.000482	0.002559	0.012115	0.016505	0.044904	0.042386	0.071939	0.015256	0.093783	0.000391	0.008018	0.001690	0.001711	0.002475	0.029364	0.008820	0.010360	
0.003511	0.081824	0.003285	0.038082	0.011793	0.000167	0.027178	0.003877	0.042493	0.008791	0.000583	0.000167	0.018512	0.000167	0.001211	0.000948	0.086660	0.005660	0.140570	0.039717	0.001387	0.003737	0.002742	0.000471	0.012885	0.002204	0.003629	0.000607	0.013184	0.009225	0.005620	0.011629	0.002666	0.000585	0.000500	0.016328	0.010584	0.007105	0.041538	0.097131	0.004023	0.127733	0.000471	0.047547	0.000954	0.003864	0.003094	0.011278	0.008643	0.033442	
0.005271	0.005493	0.004924	0.019907	0.042766	0.000144	0.014443	0.018477	0.021027	0.068602	0.000600	0.000144	0.023658	0.000144	0.003432	0.004004	0.006947	0.017088	0.037414	0.022078	0.002015	0.026288	0.004093	0.004182	0.007641	0.002381	0.017099	0.000933	0.039415	0.031880	0.006235	0.021308	0.003807	0.005696	0.000509	0.008117	0.116901	0.014144	0.036672	0.047985	0.019201	0.062497	0.004182	0.007753	0.008153	0.001293	0.039007	0.032611	0.059441	0.051999	
0.008994	0.023427	0.008396	0.021584	0.039747	0.000147	0.013974	0.002630	0.020425	0.055835	0.001125	0.000147	0.044649	0.000147	0.004376	0.000670	0.026378	0.022090	0.049517	0.025269	0.003375	0.026397	0.006962	0.003837	0.008786	0.004940	0.002554	0.001436	0.050560	0.030699	0.013065	0.033046	0.003560	0.005221	0.000930	0.007890	0.096903	0.013681	0.021001	0.046603	0.002728	0.060994	0.003837	0.017348	0.006340	0.002309	0.035666	0.009619	0.054898	0.055285	
0.010016	0.027309	0.009349	0.011534	0.052675	0.000144	0.008038	0.002093	0.010446	0.077626	0.000760	0.000144	0.040303	0.000144	0.002980	0.000554	0.030615	0.015128	0.042725	0.013864	0.003746	0.034855	0.007748	0.005498	0.006422	0.003162	0.002072	0.000980	0.035720	0.021115	0.008285	0.028161	0.004052	0.007506	0.000636	0.004077	0.139372	0.008837	0.011464	0.023745	0.002170	0.031311	0.005498	0.020889	0.008998	0.002075	0.051677	0.009345	0.077200	0.076937	
0.077144	0.005243	0.071941	0.003077	0.004221	0.000145	0.001396	0.003801	0.002022	0.048442	0.000461	0.000145	0.221894	0.000145	0.004984	0.000915	0.022698	0.029773	0.009127	0.004343	0.028239	0.002827	0.059455	0.000371	0.027711	0.001694	0.004553	0.001058	0.066095	0.034601	0.004485	0.136378	0.000389	0.000455	0.000398	0.000862	0.008505	0.005795	0.005790	0.004446	0.003945	0.005820	0.000371	0.003028	0.000800	0.001721	0.002317	0.043777	0.003756	0.028439	
0.047489	0.008300	0.044290	0.008084	0.016585	0.000142	0.001738	0.017221	0.001997	0.060704	0.001656	0.000142	0.162918	0.000142	0.002246	0.003738	0.019342	0.013960	0.019017	0.014133	0.017417	0.016468	0.036612	0.001804	0.017283	0.007558	0.016512	0.001502	0.031512	0.023546	0.019916	0.088081	0.001282	0.002427	0.001353	0.000851	0.054839	0.027002	0.018400	0.004392	0.017895	0.005806	0.001804	0.006315	0.004191	0.001075	0.016136	0.051450	0.024992	0.037734	
0.062152	0.009989	0.057963	0.008773	0.005165	0.000143	0.001441	0.013990	0.002007	0.050799	0.001819	0.000143	0.207189	0.000143	0.001753	0.003059	0.024518	0.012457	0.019491	0.015336	0.022768	0.009847	0.047907	0.000588	0.022439	0.008353	0.013735	0.001546	0.027695	0.018584	0.022000	0.109919	0.000523	0.000755	0.001484	0.000855	0.021246	0.027615	0.015257	0.004413	0.014537	0.005863	0.000588	0.006067	0.001959	0.001007	0.004422	0.053458	0.007932	0.028311	
0.026193	0.005563	0.024433	0.013318	0.004828	0.000147	0.004321	0.049497	0.006588	0.052934	0.001972	0.000147	0.109556	0.000147	0.001950	0.010536	0.011710	0.011010	0.035918	0.021370	0.009650	0.009625	0.020209	0.000449	0.011055	0.009091	0.045953	0.001682	0.024443	0.037232	0.023963	0.055916	0.000687	0.000562	0.001607	0.002606	0.042335	0.045407	0.053460	0.014903	0.051446	0.019441	0.000449	0.003611	0.004533	0.000881	0.003052	0.093272	0.006456	0.013883	
0.017417	0.065733	0.016252	0.003215	0.009496	0.000167	0.001461	0.004635	0.002035	0.018491	0.000513	0.000167	0.055868	0.000167	0.015349	0.001108	0.070956	0.077963	0.076433	0.004612	0.006461	0.004145	0.013454	0.000588	0.006737	0.001861	0.004516	0.002578	0.174035	0.104501	0.005383	0.078990	0.000532	0.000746	0.000444	0.000880	0.014125	0.006555	0.007569	0.004447	0.004812	0.006807	0.000588	0.036457	0.001204	0.007176	0.004219	0.018532	0.006560	0.033058	
0.018612	0.046852	0.017365	0.012123	0.015501	0.000159	0.007589	0.011520	0.011400	0.032917	0.000720	0.000159	0.063389	0.000159	0.008746	0.002551	0.052389	0.044752	0.069468	0.014499	0.006892	0.009153	0.014373	0.001265	0.009708	0.002910	0.010873	0.001779	0.100206	0.063768	0.007866	0.060161	0.001463	0.001680	0.000608	0.004451	0.036563	0.012371	0.021904	0.025911	0.011969	0.034443	0.001265	0.027287	0.002853	0.004524	0.010805	0.029547	0.017253	0.035280	
0.003724	0.008517	0.003482	0.028778	0.020914	0.000144	0.006141	0.002992	0.008882	0.030509	0.005184	0.000144	0.111019	0.000144	0.008707	0.000744	0.008997	0.043609	0.019649	0.047501	0.001450	0.031799	0.002901	0.001892	0.003785	0.024839	0.002816	0.004895	0.097627	0.061764	0.066070	0.060569	0.001713	0.002547	0.004176	0.003480	0.047140	0.065425	0.011480	0.020161	0.003105	0.026324	0.001892	0.006429	0.003209	0.002905	0.016968	0.007819	0.029660	0.025381	
0.006154	0.018013	0.005748	0.011161	0.040093	0.000145	0.002837	0.005155	0.002824	0.060111	0.002223	0.000145	0.058648	0.000145	0.008817	0.001200	0.019326	0.044322	0.024596	0.018980	0.002338	0.032561	0.004774	0.004093	0.002987	0.010325	0.004841	0.002838	0.100112	0.062340	0.027567	0.049048	0.002759	0.005574	0.001807	0.001168	0.105306	0.028772	0.008170	0.006283	0.005353	0.008418	0.004093	0.013706	0.006957	0.003333	0.038147	0.012302	0.057820	0.055564	
0.004184	0.015276	0.003911	0.023965	0.011485	0.000147	0.001555	0.015170	0.002019	0.027524	0.005437	0.000147	0.117361	0.000147	0.009029	0.003309	0.015987	0.045254	0.025211	0.043934	0.001620	0.027556	0.003256	0.001012	0.002076	0.026068	0.014038	0.005119	0.101010	0.069852	0.069341	0.063707	0.000789	0.001336	0.004379	0.000862	0.032902	0.074052	0.017091	0.004437	0.015763	0.005969	0.001012	0.009055	0.002739	0.003279	0.008474	0.028078	0.016770	0.017312	
