0	0	0	0	0	0	0	
0	0	0	0	20	0	0	
22	0	0	0	0	0	0	
0	0	0	122	0	0	1	
0	0	1	41	0	27	0	
0	0	0	0	0	200	0	
0	0	0	0	0	0	29	
0	1	0	0	21	0	0	
26	0	0	0	0	57	12	
0	0	0	62	0	0	0	
0	0	31	0	0	0	0	
0	0	0	52	59	0	7	
0	0	0	1	0	35	0	
0	28	0	0	0	0	0	
0	0	111	0	0	0	0	
0	0	0	0	1	84	1	
104	0	87	40	0	0	0	
18	0	0	0	0	15	0	
0	0	0	0	159	0	0	
0	0	0	0	0	0	0	
0	341	0	0	0	1	21	
0	0	0	0	0	0	0	
40	0	0	0	0	0	0	
0	0	0	0	0	0	0	
0	0	0	0	88	0	0	
0	0	0	0	0	0	0	
0	50	0	0	0	0	0	
0	0	0	0	1	0	260	
16	0	0	0	0	0	0	
28	68	0	24	3	0	0	
89	0	49	0	30	0	0	
0	0	0	0	133	0	0	
0	0	0	0	57	0	284	
53	35	0	0	0	1	0	
0	0	0	0	0	0	0	
0	0	0	29	0	0	0	
0	0	0	0	0	0	0	
0	0	0	0	0	0	27	
38	0	80	0	0	0	0	
0	0	0	0	0	0	0	
172	0	0	0	1	0	0	
0	0	0	0	0	0	96	
0	0	0	0	0	18	0	
109	0	55	0	0	25	50	
0	0	0	0	0	17	56	
0	60	0	57	0	0	0	
0	46	0	0	0	0	4	
73	0	0	0	21	0	0	
0	0	287	19	0	0	0	
0	0	0	0	0	235	0	
