0.028707	0.033435	0.035799	0.823033	0.021614	0.033435	0.023978	
0.159864	0.033673	0.036054	0.519388	0.043197	0.162245	0.045578	
0.095351	0.033593	0.073974	0.570411	0.035969	0.040719	0.149983	
0.538435	0.038435	0.021769	0.028912	0.033673	0.028912	0.309864	
0.421513	0.183866	0.070924	0.023866	0.223866	0.049748	0.026218	
0.116452	0.054841	0.042993	0.021666	0.080907	0.097495	0.585647	
0.130361	0.109085	0.269841	0.187099	0.033435	0.052347	0.217832	
0.064168	0.021614	0.276933	0.040527	0.054711	0.494428	0.047619	
0.115728	0.060440	0.046016	0.017170	0.021978	0.625343	0.113324	
0.031978	0.027112	0.482099	0.036844	0.049009	0.275287	0.097671	
0.084644	0.035463	0.644363	0.023754	0.019070	0.159585	0.033121	
0.032056	0.068641	0.214983	0.173519	0.036934	0.219861	0.254007	
0.041708	0.025616	0.223317	0.046305	0.041708	0.575041	0.046305	
0.030636	0.028305	0.184482	0.028305	0.123876	0.580753	0.023643	
0.044726	0.033044	0.026035	0.245661	0.028371	0.519025	0.103138	
0.028843	0.038344	0.019342	0.038344	0.774686	0.050221	0.050221	
0.054971	0.035969	0.019342	0.218867	0.575161	0.038344	0.057346	
0.071769	0.109864	0.128912	0.071769	0.574150	0.024150	0.019388	
0.078538	0.031144	0.204130	0.050102	0.182803	0.016926	0.436357	
0.145578	0.176531	0.219388	0.267007	0.062245	0.102721	0.026531	
0.026594	0.048074	0.523014	0.086260	0.167405	0.033754	0.114899	
0.039087	0.719474	0.019716	0.022138	0.024559	0.036666	0.138360	
0.041209	0.747940	0.041209	0.058036	0.036401	0.026786	0.048420	
0.329697	0.317763	0.184112	0.086260	0.026594	0.033754	0.021821	
