0.471605	0.006509	0.017792	0.000726	0.036280	0.046773	0.032186	0.121023	0.079245	0.127948	0.008444	0.007526	0.015878	0.017010	0.011053	
0.478824	0.006089	0.057931	0.000791	0.035334	0.020551	0.036798	0.112235	0.025523	0.119044	0.012222	0.020203	0.023370	0.041648	0.009437	
0.490308	0.006885	0.024439	0.000686	0.037254	0.034832	0.033928	0.128539	0.048850	0.136717	0.008855	0.008870	0.015252	0.016299	0.008286	
0.373931	0.000874	0.075075	0.006944	0.026502	0.032867	0.097234	0.014767	0.139360	0.010615	0.022485	0.057563	0.016250	0.120941	0.004593	
0.405915	0.001774	0.109798	0.004501	0.020667	0.023191	0.085811	0.025426	0.116436	0.026472	0.012754	0.049171	0.039851	0.062740	0.015495	
0.418690	0.000995	0.088393	0.006905	0.024951	0.032042	0.102160	0.014515	0.139154	0.017723	0.011244	0.051038	0.024448	0.062068	0.005672	
0.430694	0.000702	0.036607	0.009911	0.021536	0.051374	0.132401	0.008507	0.209643	0.008445	0.004659	0.044969	0.011664	0.023344	0.005544	
0.354679	0.003198	0.119292	0.000639	0.020495	0.014604	0.059053	0.054132	0.086494	0.053614	0.025201	0.047805	0.043079	0.101835	0.015880	
0.289915	0.001948	0.125043	0.000897	0.021094	0.020436	0.061545	0.034180	0.113564	0.030939	0.035978	0.059470	0.036692	0.158041	0.010259	
0.266399	0.001018	0.099717	0.001025	0.014479	0.068463	0.063215	0.012087	0.241320	0.010948	0.021777	0.043765	0.045598	0.087408	0.022781	
0.275622	0.001170	0.037449	0.000799	0.026296	0.128922	0.014103	0.015217	0.304143	0.011626	0.011481	0.018898	0.038847	0.079631	0.035796	
0.255453	0.000881	0.137419	0.000954	0.009398	0.033730	0.086002	0.010200	0.198151	0.010149	0.029702	0.059258	0.048428	0.105746	0.014529	
0.441949	0.002753	0.153463	0.000647	0.032192	0.016313	0.042876	0.048087	0.043104	0.065887	0.009905	0.040838	0.045840	0.050255	0.005891	
0.385535	0.000945	0.193228	0.000658	0.030780	0.012698	0.039952	0.013901	0.046393	0.028292	0.018323	0.057901	0.053945	0.110037	0.007411	
0.410802	0.001191	0.168761	0.000816	0.029388	0.036968	0.039934	0.016188	0.099357	0.034541	0.005751	0.042506	0.056050	0.044991	0.012756	
0.477763	0.007490	0.039133	0.000752	0.012792	0.011227	0.033243	0.117521	0.028513	0.091926	0.006782	0.014888	0.063274	0.031420	0.063276	
0.474310	0.006901	0.060999	0.000722	0.011635	0.006891	0.033658	0.105284	0.023006	0.080584	0.006339	0.019726	0.069897	0.035474	0.064573	
0.482634	0.008292	0.019157	0.000835	0.006354	0.011485	0.032077	0.126436	0.033583	0.090130	0.004567	0.009729	0.072110	0.022701	0.079909	
0.406728	0.005868	0.059385	0.000886	0.010519	0.014765	0.045039	0.090297	0.068169	0.065516	0.016303	0.028795	0.060334	0.072160	0.055237	
0.265527	0.001185	0.130838	0.001159	0.031058	0.020734	0.033759	0.023118	0.070865	0.012980	0.046793	0.069814	0.030697	0.251243	0.010230	
0.328597	0.002669	0.117881	0.000855	0.018157	0.021797	0.050470	0.040885	0.100304	0.031636	0.027329	0.050840	0.050158	0.130788	0.027634	
0.381439	0.000914	0.100934	0.005477	0.024905	0.032089	0.090094	0.013850	0.137212	0.016028	0.017597	0.054302	0.027468	0.091459	0.006231	
0.438125	0.001317	0.109869	0.005104	0.027104	0.034624	0.083624	0.019766	0.124783	0.030385	0.005384	0.044162	0.033954	0.034684	0.007116	
0.364800	0.000992	0.079761	0.004996	0.027864	0.052125	0.073096	0.015927	0.163199	0.015910	0.017663	0.047592	0.024635	0.101116	0.010324	
