0.006547	0.005809	0.006005	0.003500	0.006836	0.002041	0.164508	0.003238	0.000179	0.001229	0.001508	0.000550	0.000979	0.008165	0.009574	0.004301	0.000653	0.043276	0.002440	0.007440	0.020818	0.149124	0.004089	0.002020	0.053922	0.006197	0.038567	0.001525	0.002551	0.103118	0.006416	0.008210	0.038567	0.002357	0.001719	0.003344	0.001892	0.013680	0.004512	0.038567	0.005816	0.000179	0.000179	0.007836	0.001225	0.006702	0.005859	0.000849	0.002786	0.188595	
0.008892	0.009026	0.037834	0.010068	0.015467	0.036513	0.007358	0.009284	0.000137	0.002075	0.012108	0.000632	0.001237	0.096303	0.052327	0.007745	0.000789	0.033959	0.004143	0.142001	0.024124	0.006646	0.005512	0.004885	0.002486	0.078132	0.001815	0.002482	0.004515	0.004715	0.042342	0.009470	0.001815	0.004156	0.002255	0.061975	0.033603	0.011252	0.018300	0.001815	0.016994	0.000137	0.000137	0.031397	0.008022	0.048940	0.017124	0.013232	0.030098	0.023725	
0.006564	0.008731	0.047581	0.003488	0.006841	0.048757	0.011668	0.003224	0.000136	0.002083	0.015500	0.000515	0.000943	0.128712	0.013638	0.007780	0.000614	0.045825	0.004028	0.189760	0.022060	0.010563	0.004082	0.002553	0.003898	0.076425	0.002823	0.002382	0.004535	0.007398	0.010341	0.008666	0.002823	0.004174	0.001691	0.082792	0.044868	0.010094	0.005193	0.002823	0.005826	0.000136	0.000136	0.037823	0.001815	0.010564	0.005870	0.017640	0.039227	0.024389	
0.008935	0.042121	0.008346	0.003779	0.006143	0.001880	0.005972	0.003494	0.000159	0.001941	0.001737	0.001776	0.001262	0.004810	0.075655	0.007154	0.000813	0.003130	0.003882	0.006870	0.332582	0.005392	0.005547	0.002567	0.002047	0.017134	0.001508	0.002349	0.004184	0.003855	0.025212	0.129502	0.001508	0.003855	0.002282	0.003084	0.001742	0.126617	0.008648	0.001508	0.006304	0.000159	0.000159	0.012403	0.004742	0.028463	0.006351	0.000779	0.003093	0.066563	
0.009618	0.038547	0.028990	0.005095	0.010916	0.010568	0.004494	0.004704	0.000145	0.007011	0.004417	0.001142	0.001335	0.027741	0.077905	0.027098	0.000850	0.010403	0.013133	0.040793	0.153034	0.004047	0.005961	0.006226	0.001553	0.043967	0.001151	0.007451	0.015656	0.002929	0.052260	0.059633	0.001151	0.014385	0.002436	0.017863	0.009734	0.060870	0.014812	0.001151	0.008547	0.000145	0.000145	0.049300	0.009208	0.056070	0.008612	0.003897	0.009993	0.052906	
0.020638	0.039663	0.029302	0.002927	0.007872	0.008160	0.005986	0.002708	0.000147	0.006885	0.005029	0.001706	0.002720	0.021409	0.076919	0.026599	0.001672	0.008648	0.013519	0.031398	0.166728	0.005354	0.012728	0.005377	0.002026	0.038957	0.001489	0.007838	0.015370	0.003934	0.049772	0.064962	0.001489	0.014122	0.005103	0.013769	0.007519	0.067479	0.012212	0.001489	0.004866	0.000147	0.000147	0.047236	0.008736	0.053099	0.004903	0.003032	0.010114	0.056095	
0.042787	0.050322	0.041426	0.016437	0.028698	0.001714	0.009920	0.015151	0.000147	0.011584	0.005774	0.002589	0.005502	0.004461	0.029685	0.045046	0.003321	0.003941	0.023282	0.006255	0.126260	0.008827	0.026326	0.013135	0.003279	0.008378	0.002384	0.013567	0.025985	0.006539	0.018951	0.049217	0.002384	0.023868	0.010460	0.002810	0.001588	0.056426	0.017854	0.002384	0.027796	0.000147	0.000147	0.073817	0.002031	0.012170	0.028011	0.000711	0.009104	0.077399	
0.107108	0.007873	0.039180	0.006503	0.010011	0.010332	0.006873	0.006001	0.000144	0.001921	0.016135	0.005171	0.013576	0.027158	0.096444	0.007121	0.008104	0.010682	0.009339	0.039879	0.014381	0.005793	0.065815	0.003522	0.002182	0.063112	0.001600	0.006896	0.004159	0.005041	0.080591	0.005683	0.001600	0.003830	0.026014	0.017464	0.009517	0.021016	0.022918	0.001600	0.010937	0.000144	0.000144	0.016764	0.015381	0.094116	0.011021	0.003812	0.027494	0.027897	
0.043784	0.007480	0.015561	0.006000	0.008996	0.002653	0.030029	0.005538	0.000148	0.001211	0.006177	0.002302	0.005628	0.007315	0.146390	0.004320	0.003396	0.009841	0.004512	0.009916	0.034126	0.027053	0.026939	0.002896	0.009856	0.075945	0.007083	0.003241	0.002549	0.019138	0.119030	0.013369	0.007083	0.002352	0.010702	0.004406	0.002453	0.020582	0.030768	0.007083	0.010080	0.000148	0.000148	0.008219	0.023005	0.141011	0.010157	0.001050	0.010017	0.048316	
0.237456	0.008067	0.062958	0.003017	0.005047	0.002234	0.021291	0.002791	0.000155	0.001568	0.029476	0.011270	0.029956	0.006018	0.013138	0.005702	0.017815	0.007039	0.015964	0.008263	0.021448	0.018315	0.145847	0.002061	0.006708	0.008272	0.004835	0.012605	0.003347	0.014906	0.010660	0.008440	0.004835	0.003086	0.057549	0.003689	0.002068	0.041117	0.004665	0.004835	0.005012	0.000155	0.000155	0.010237	0.001765	0.010143	0.005050	0.000903	0.044822	0.053246	
0.182301	0.013781	0.054607	0.002899	0.006006	0.001996	0.022103	0.002682	0.000152	0.003566	0.022732	0.008690	0.023026	0.005415	0.043270	0.013556	0.013707	0.007100	0.016514	0.007344	0.018461	0.019284	0.111983	0.003277	0.007055	0.023514	0.005083	0.012038	0.007865	0.015061	0.037423	0.007275	0.005083	0.007233	0.044206	0.003287	0.001848	0.033260	0.009954	0.005083	0.004815	0.000152	0.000152	0.022861	0.006701	0.040541	0.004852	0.000815	0.034631	0.054761	
0.123704	0.018537	0.037231	0.003863	0.006404	0.003341	0.021249	0.003570	0.000155	0.001898	0.016051	0.006310	0.015670	0.008950	0.055022	0.006996	0.009349	0.008136	0.010213	0.012581	0.112659	0.018756	0.076008	0.002569	0.006867	0.024656	0.004949	0.007644	0.004092	0.014153	0.034512	0.043929	0.004949	0.003769	0.030036	0.005571	0.003086	0.060181	0.010595	0.004949	0.006449	0.000155	0.000155	0.012913	0.006444	0.038968	0.006498	0.001302	0.025051	0.058904	
0.030324	0.016655	0.037444	0.005036	0.010094	0.021480	0.032924	0.004650	0.000144	0.004803	0.010195	0.001602	0.003934	0.057082	0.057072	0.018434	0.002390	0.027156	0.010283	0.083355	0.015179	0.029733	0.018673	0.004815	0.010821	0.059246	0.007770	0.006206	0.010669	0.020863	0.049571	0.005994	0.007770	0.009806	0.007443	0.036416	0.019773	0.012246	0.014529	0.007770	0.008448	0.000144	0.000144	0.040916	0.009000	0.054791	0.008512	0.007825	0.022261	0.057608	
0.039758	0.007613	0.031036	0.005327	0.008169	0.022792	0.006469	0.004917	0.000141	0.001023	0.011727	0.002131	0.005116	0.060055	0.097611	0.003603	0.003089	0.021624	0.003952	0.088480	0.040879	0.005711	0.024464	0.002538	0.002151	0.079984	0.001576	0.002865	0.002133	0.004357	0.077422	0.015992	0.001576	0.001970	0.009722	0.038648	0.020980	0.021607	0.021330	0.001576	0.008943	0.000141	0.000141	0.017537	0.014960	0.091507	0.009011	0.008295	0.024995	0.022358	
0.041019	0.010075	0.042802	0.003944	0.006785	0.034999	0.005038	0.003644	0.000139	0.001487	0.015541	0.002223	0.005273	0.092258	0.043078	0.005428	0.003182	0.032004	0.004866	0.136093	0.050139	0.004408	0.025237	0.002339	0.001680	0.069321	0.001240	0.003388	0.003183	0.003468	0.031251	0.019594	0.001240	0.002934	0.010026	0.059401	0.032211	0.025043	0.010131	0.001240	0.006597	0.000139	0.000139	0.026849	0.005933	0.035906	0.006647	0.012689	0.034746	0.023003	
0.010478	0.007205	0.007866	0.093062	0.126985	0.001868	0.007854	0.085727	0.000152	0.001608	0.001915	0.000672	0.001448	0.004826	0.010772	0.005869	0.000920	0.003594	0.003371	0.006846	0.011139	0.007091	0.006491	0.034076	0.002655	0.007280	0.001940	0.002088	0.003442	0.005041	0.008884	0.004427	0.001940	0.003172	0.002649	0.003070	0.001731	0.006298	0.090997	0.001940	0.157856	0.000152	0.000152	0.010321	0.001616	0.011613	0.159078	0.000770	0.003364	0.065692	
0.008899	0.024229	0.028696	0.062831	0.089238	0.010025	0.005943	0.057882	0.000144	0.007139	0.004167	0.000591	0.001244	0.026337	0.006920	0.027605	0.000796	0.010292	0.013327	0.038678	0.011132	0.005364	0.005519	0.026818	0.002028	0.017231	0.001490	0.007546	0.015947	0.003831	0.009973	0.004419	0.001490	0.014652	0.002262	0.016941	0.009234	0.007442	0.061278	0.001490	0.106546	0.000144	0.000144	0.049841	0.000987	0.006985	0.107371	0.003701	0.009439	0.063774	
0.008106	0.008082	0.008136	0.079414	0.108748	0.002636	0.029589	0.073157	0.000155	0.001688	0.001861	0.000593	0.001154	0.007254	0.007988	0.006173	0.000747	0.009756	0.003381	0.009830	0.018682	0.026805	0.005036	0.029278	0.009771	0.006433	0.007024	0.002058	0.003619	0.018637	0.005722	0.007364	0.007024	0.003335	0.002078	0.004373	0.002438	0.009415	0.077206	0.007024	0.134687	0.000155	0.000155	0.011211	0.000997	0.007420	0.135730	0.001049	0.003533	0.083293	
0.008118	0.016028	0.007997	0.024603	0.035141	0.001727	0.090152	0.022674	0.000168	0.001941	0.001597	0.000868	0.001166	0.005964	0.023383	0.007129	0.000760	0.024236	0.003829	0.006247	0.091101	0.081709	0.005049	0.009965	0.029590	0.007707	0.021184	0.002311	0.004174	0.056564	0.010183	0.035549	0.021184	0.003845	0.002091	0.002818	0.001602	0.038332	0.025463	0.021184	0.041644	0.000168	0.000168	0.012274	0.001836	0.011078	0.041966	0.000729	0.002826	0.131981	
0.016153	0.054290	0.047591	0.012412	0.025817	0.002342	0.006518	0.011443	0.000137	0.016232	0.002735	0.000990	0.002148	0.006075	0.068646	0.063326	0.001329	0.003668	0.030241	0.008735	0.029893	0.005854	0.009970	0.014632	0.002200	0.036150	0.001610	0.016977	0.036501	0.004235	0.066304	0.011715	0.001610	0.033520	0.004010	0.003885	0.002165	0.018117	0.023291	0.001610	0.020972	0.000137	0.000137	0.103817	0.010527	0.064424	0.021133	0.000931	0.004762	0.068084	
0.107039	0.020703	0.040781	0.016191	0.024306	0.005049	0.004105	0.014925	0.000147	0.004260	0.014544	0.005349	0.013571	0.013153	0.058972	0.016294	0.008102	0.005334	0.013577	0.019265	0.063400	0.003285	0.065774	0.008437	0.001279	0.032735	0.000956	0.009232	0.009439	0.003309	0.045388	0.024758	0.000956	0.008677	0.026000	0.008481	0.004657	0.039671	0.024371	0.000956	0.027380	0.000147	0.000147	0.028896	0.008205	0.050172	0.027591	0.001912	0.023361	0.044759	
0.011491	0.059715	0.049944	0.009722	0.022932	0.002205	0.005588	0.008966	0.000136	0.017618	0.002130	0.000810	0.001562	0.005699	0.064831	0.068769	0.000981	0.003319	0.032496	0.008204	0.040144	0.005031	0.007107	0.014549	0.001902	0.033263	0.001398	0.018146	0.039633	0.003623	0.062970	0.015703	0.001398	0.036395	0.002882	0.003653	0.002039	0.021634	0.019777	0.001398	0.016408	0.000136	0.000136	0.112579	0.009675	0.059111	0.016534	0.000881	0.003809	0.070969	
0.032926	0.061042	0.068430	0.003797	0.015889	0.013907	0.006608	0.003508	0.000133	0.018955	0.008231	0.001707	0.004251	0.036614	0.012519	0.074024	0.002574	0.013850	0.036121	0.053851	0.013477	0.005865	0.020266	0.013285	0.002201	0.025596	0.001611	0.020480	0.042656	0.004397	0.023669	0.005325	0.001611	0.039170	0.008065	0.023549	0.012805	0.014664	0.005507	0.001611	0.006352	0.000133	0.000133	0.127194	0.001829	0.010670	0.006400	0.005092	0.016825	0.070623	
0.013546	0.051620	0.046165	0.004282	0.014841	0.002463	0.031418	0.003955	0.000141	0.015890	0.002459	0.000824	0.001824	0.006853	0.064406	0.061971	0.001139	0.010061	0.029471	0.009195	0.016467	0.028439	0.008371	0.011528	0.010352	0.035131	0.007434	0.016514	0.035723	0.019812	0.064078	0.006493	0.007434	0.032806	0.003383	0.004088	0.002277	0.013335	0.015069	0.007434	0.007170	0.000141	0.000141	0.101676	0.010153	0.061887	0.007225	0.000977	0.004383	0.087555	
