0.001803	0.004640	0.005118	0.006343	0.001029	0.148723	0.004536	0.015489	0.011014	0.011365	0.006090	0.057184	0.006979	0.000595	0.001283	0.000657	0.005371	0.007888	0.142620	0.001868	0.004675	0.001773	0.001057	0.005490	0.209725	0.005940	0.002852	0.003057	0.000995	0.001364	0.006676	0.057184	0.000762	0.007265	0.001484	0.000546	0.000227	0.013300	0.004528	0.000982	0.000914	0.007034	0.000982	0.000596	0.000968	0.001504	0.001657	0.001134	0.211814	0.002920	
0.009341	0.051037	0.005720	0.017667	0.017096	0.018489	0.013351	0.073036	0.014651	0.235313	0.012720	0.007188	0.133294	0.000630	0.001508	0.001482	0.078081	0.014755	0.017735	0.002786	0.006768	0.002145	0.002712	0.008589	0.037221	0.009615	0.003534	0.005836	0.002523	0.003659	0.005933	0.007188	0.001221	0.010705	0.001845	0.000567	0.000157	0.068928	0.008715	0.016099	0.001040	0.007900	0.016099	0.001292	0.001589	0.001666	0.002015	0.001189	0.026368	0.011002	
0.008629	0.051685	0.016874	0.009486	0.016599	0.015196	0.006867	0.071799	0.022438	0.228434	0.010673	0.005925	0.128651	0.000632	0.001631	0.000826	0.075235	0.017120	0.014578	0.002914	0.009559	0.002158	0.001448	0.009001	0.027326	0.014727	0.003557	0.004120	0.001352	0.001927	0.006245	0.005925	0.001000	0.025196	0.001871	0.000569	0.000156	0.074493	0.006947	0.015632	0.001046	0.023424	0.015632	0.000730	0.001419	0.004398	0.002031	0.003258	0.021631	0.007030	
0.012476	0.020583	0.005040	0.014717	0.001745	0.005284	0.005301	0.151767	0.092546	0.022305	0.074866	0.002118	0.013064	0.004743	0.012756	0.000579	0.029016	0.036016	0.005073	0.018483	0.038559	0.019444	0.000979	0.058945	0.016479	0.031981	0.032920	0.022419	0.000917	0.001286	0.002670	0.002118	0.007424	0.007280	0.015541	0.004130	0.000149	0.088799	0.058654	0.001651	0.008724	0.006956	0.001651	0.000518	0.009596	0.002268	0.017932	0.001056	0.007495	0.002982	
0.028950	0.026919	0.032990	0.040467	0.000934	0.004789	0.014702	0.021926	0.146286	0.011125	0.021768	0.001925	0.008049	0.011227	0.030778	0.001596	0.009424	0.027978	0.004598	0.001868	0.011103	0.046695	0.002944	0.005676	0.019038	0.030016	0.079208	0.054967	0.002737	0.003982	0.011843	0.001925	0.002073	0.045738	0.031416	0.009749	0.000143	0.031858	0.015666	0.000888	0.020833	0.045858	0.000888	0.001388	0.002975	0.008512	0.041582	0.006238	0.006866	0.008894	
0.022414	0.030468	0.017268	0.030371	0.002222	0.005266	0.011823	0.048636	0.108019	0.029011	0.082315	0.002108	0.017606	0.008479	0.023105	0.001227	0.033108	0.019528	0.005055	0.002862	0.009558	0.035155	0.002234	0.008862	0.016982	0.043015	0.059608	0.041356	0.002079	0.003009	0.007321	0.002108	0.008073	0.024367	0.023859	0.007367	0.000143	0.030076	0.063916	0.002100	0.015704	0.023976	0.002100	0.001072	0.010563	0.005371	0.031359	0.003320	0.007519	0.006939	
0.026194	0.034898	0.003706	0.025723	0.007337	0.003552	0.005940	0.085681	0.120812	0.099937	0.008588	0.001454	0.056664	0.009324	0.025263	0.000727	0.034113	0.019848	0.003412	0.008841	0.018639	0.038682	0.001264	0.028023	0.012303	0.006084	0.065594	0.043880	0.001181	0.001677	0.002788	0.001454	0.000900	0.006252	0.027037	0.008100	0.000149	0.063274	0.006186	0.006914	0.017275	0.005099	0.006914	0.000644	0.001155	0.001123	0.034700	0.000809	0.005038	0.004844	
0.008209	0.024529	0.005347	0.081980	0.003988	0.004845	0.065016	0.052955	0.014072	0.053648	0.104671	0.001940	0.037904	0.000707	0.001756	0.006589	0.047054	0.041651	0.004651	0.002099	0.005316	0.002545	0.012583	0.006439	0.060293	0.051220	0.004229	0.019836	0.011661	0.017195	0.021220	0.001940	0.010104	0.012701	0.002012	0.000630	0.000133	0.028654	0.080319	0.003761	0.001205	0.007390	0.003761	0.005666	0.013066	0.002669	0.002344	0.001100	0.007307	0.039087	
0.003539	0.018857	0.004399	0.024649	0.001078	0.026011	0.020020	0.115863	0.034396	0.012987	0.126539	0.010071	0.009590	0.000779	0.001908	0.002013	0.041111	0.032009	0.024948	0.011659	0.024524	0.002782	0.003740	0.037050	0.054774	0.053072	0.004618	0.007947	0.003474	0.005068	0.007492	0.010071	0.012447	0.007457	0.003493	0.000696	0.000154	0.057419	0.099010	0.001024	0.001322	0.006062	0.001024	0.001747	0.016076	0.002741	0.002887	0.000941	0.037124	0.011341	
0.012890	0.013049	0.006133	0.121939	0.001077	0.006256	0.093673	0.031079	0.030104	0.013276	0.057949	0.002480	0.018925	0.002143	0.005695	0.009552	0.020221	0.058265	0.006005	0.002033	0.005364	0.008587	0.018302	0.006234	0.086597	0.037859	0.014494	0.034295	0.016956	0.025032	0.030538	0.002480	0.005434	0.015752	0.006030	0.001875	0.000130	0.021924	0.042787	0.001021	0.003888	0.008485	0.001021	0.008206	0.007043	0.002278	0.007713	0.001244	0.009531	0.056159	
0.007505	0.012908	0.004627	0.087117	0.000683	0.003521	0.068591	0.092009	0.032166	0.007755	0.084118	0.001433	0.012707	0.000851	0.002139	0.006978	0.026455	0.056871	0.003382	0.010064	0.021357	0.003145	0.013333	0.031980	0.064120	0.043560	0.005248	0.021519	0.012355	0.018221	0.022220	0.001433	0.008100	0.011644	0.003511	0.000755	0.000134	0.053049	0.064196	0.000650	0.001472	0.006387	0.000650	0.006000	0.010470	0.002241	0.003153	0.000967	0.005448	0.040805	
0.009455	0.015306	0.010467	0.097532	0.001838	0.012358	0.075981	0.048290	0.027006	0.023759	0.062378	0.004824	0.022603	0.001203	0.003157	0.007758	0.024981	0.053987	0.011856	0.004048	0.010438	0.004614	0.014834	0.012681	0.080862	0.039807	0.007741	0.025182	0.013746	0.020278	0.026115	0.004824	0.005915	0.020276	0.003661	0.001060	0.000137	0.034512	0.046609	0.001738	0.002126	0.014513	0.001738	0.006669	0.007708	0.003415	0.004251	0.002053	0.018092	0.045619	
0.008827	0.009747	0.008374	0.107393	0.001106	0.029875	0.084134	0.033677	0.019187	0.013477	0.040925	0.011549	0.017892	0.000805	0.002034	0.008619	0.015361	0.056018	0.028654	0.003118	0.008060	0.002917	0.016488	0.009678	0.111811	0.031522	0.004854	0.025578	0.015278	0.022541	0.028769	0.011549	0.003805	0.018030	0.002403	0.000717	0.000145	0.027386	0.029574	0.001049	0.001377	0.011598	0.001049	0.007409	0.004957	0.002639	0.002712	0.001672	0.043106	0.050555	
0.007476	0.014139	0.011488	0.090977	0.000918	0.014175	0.071820	0.055010	0.023756	0.010967	0.079137	0.005522	0.014911	0.000696	0.001781	0.007315	0.025891	0.053326	0.013598	0.004789	0.012176	0.002482	0.013980	0.015056	0.079964	0.046232	0.004120	0.021676	0.012955	0.019107	0.025026	0.005522	0.007575	0.021198	0.002342	0.000621	0.000138	0.035207	0.059945	0.000872	0.001180	0.015934	0.000872	0.006290	0.009861	0.003875	0.002382	0.002244	0.020649	0.042829	
0.012522	0.014010	0.013492	0.118583	0.002898	0.008078	0.091087	0.035560	0.034286	0.038509	0.013248	0.003181	0.032789	0.001759	0.004714	0.009349	0.015006	0.063663	0.007751	0.003659	0.010335	0.006961	0.017907	0.011439	0.087920	0.025020	0.011729	0.031967	0.016590	0.024490	0.031549	0.003181	0.001026	0.025740	0.005171	0.001542	0.000133	0.039174	0.007310	0.002735	0.003168	0.018725	0.002735	0.008033	0.001424	0.003550	0.006324	0.002612	0.012109	0.055258	
0.004290	0.031745	0.068842	0.008916	0.004974	0.006199	0.006286	0.061003	0.065858	0.067172	0.028345	0.002468	0.038354	0.000832	0.002728	0.000738	0.028755	0.048477	0.005950	0.005866	0.027364	0.003025	0.001288	0.018490	0.015158	0.052925	0.005036	0.004864	0.001203	0.001711	0.017002	0.002468	0.002582	0.093954	0.002855	0.000740	0.000146	0.083872	0.019738	0.004690	0.001426	0.095754	0.004690	0.000654	0.004001	0.017448	0.002903	0.012894	0.008812	0.004508	
0.002442	0.024623	0.093764	0.007173	0.001378	0.004869	0.004874	0.054694	0.084267	0.017257	0.012019	0.001957	0.010287	0.000721	0.002684	0.000615	0.007868	0.062947	0.004674	0.007223	0.035778	0.002563	0.001052	0.022843	0.012739	0.061676	0.004251	0.004035	0.000985	0.001388	0.021986	0.001957	0.000906	0.127093	0.002733	0.000644	0.000145	0.094194	0.006268	0.001305	0.001220	0.130440	0.001305	0.000548	0.002094	0.023404	0.002538	0.017518	0.006908	0.003150	
0.003781	0.027062	0.088148	0.013428	0.002487	0.011256	0.009497	0.033249	0.074889	0.032629	0.013576	0.004408	0.019452	0.000931	0.003198	0.001084	0.013211	0.056393	0.010799	0.003539	0.027007	0.003440	0.001954	0.011025	0.024266	0.059460	0.005741	0.006230	0.001820	0.002623	0.022381	0.004408	0.001061	0.120005	0.002811	0.000827	0.000147	0.078306	0.007495	0.002349	0.001611	0.122623	0.002349	0.000950	0.002235	0.022035	0.003192	0.016477	0.016040	0.006115	
0.003446	0.012816	0.005059	0.010076	0.003351	0.032791	0.007274	0.181839	0.061861	0.044360	0.016972	0.012681	0.025737	0.000742	0.001788	0.000869	0.018962	0.047779	0.031451	0.024572	0.050928	0.002580	0.001520	0.078430	0.058634	0.010331	0.004264	0.004662	0.001419	0.002020	0.004273	0.012681	0.001751	0.007699	0.005142	0.000666	0.000168	0.120543	0.012902	0.003164	0.001240	0.006976	0.003164	0.000769	0.002264	0.001576	0.003153	0.001076	0.046695	0.004884	
0.003494	0.031374	0.037564	0.010845	0.001060	0.003573	0.009122	0.064156	0.040569	0.012941	0.172941	0.001455	0.008148	0.001122	0.003214	0.000837	0.054447	0.026955	0.003432	0.002316	0.013057	0.004271	0.001486	0.007123	0.011309	0.089180	0.007158	0.006512	0.001386	0.001985	0.010482	0.001455	0.016884	0.051340	0.003194	0.000991	0.000138	0.036587	0.134809	0.001006	0.001975	0.052226	0.001006	0.000737	0.022155	0.011491	0.003887	0.007083	0.005082	0.004445	
0.009011	0.030794	0.029764	0.013485	0.002398	0.003990	0.007372	0.076857	0.064290	0.031472	0.123557	0.001617	0.018372	0.003175	0.008739	0.000724	0.045908	0.027570	0.003831	0.005443	0.017646	0.012882	0.001264	0.017143	0.011893	0.065550	0.021781	0.015634	0.001181	0.001680	0.008448	0.001617	0.012078	0.040869	0.009367	0.002771	0.000141	0.049439	0.096132	0.002266	0.005804	0.041368	0.002266	0.000640	0.015865	0.008963	0.011649	0.005638	0.005665	0.003991	
0.027185	0.035228	0.012407	0.026731	0.006020	0.003666	0.005890	0.060438	0.125817	0.081682	0.020841	0.001497	0.046429	0.009950	0.027068	0.000705	0.031831	0.018173	0.003521	0.005258	0.013326	0.041320	0.001224	0.016538	0.011187	0.015985	0.070076	0.046716	0.001144	0.001622	0.004612	0.001497	0.002071	0.017834	0.028301	0.008643	0.000147	0.048950	0.015621	0.005675	0.018446	0.017210	0.005675	0.000625	0.002759	0.003421	0.036921	0.002422	0.005200	0.004493	
0.025538	0.033081	0.011333	0.029442	0.003498	0.007071	0.009158	0.044612	0.114822	0.046697	0.070239	0.002801	0.027189	0.009616	0.026147	0.000973	0.035258	0.013840	0.006786	0.002140	0.006741	0.039922	0.001743	0.006543	0.017151	0.034494	0.067702	0.045899	0.001624	0.002334	0.005301	0.002801	0.006918	0.016300	0.026938	0.008353	0.000145	0.026964	0.054610	0.003301	0.017823	0.015716	0.003301	0.000855	0.009009	0.003760	0.035571	0.002221	0.010071	0.005648	
0.017997	0.020557	0.005391	0.020873	0.002308	0.008711	0.006360	0.135410	0.113155	0.030079	0.034614	0.003435	0.017604	0.006839	0.018485	0.000740	0.019628	0.035187	0.008359	0.017376	0.036382	0.028239	0.001285	0.055387	0.022167	0.017104	0.047855	0.032467	0.001201	0.001705	0.003326	0.003435	0.003474	0.007943	0.021252	0.005947	0.000152	0.086016	0.026864	0.002181	0.012635	0.007444	0.002181	0.000656	0.004496	0.001863	0.025712	0.001124	0.012388	0.004016	
