0.016966	0.021717	0.021717	0.850696	0.031218	0.026468	0.031218	
0.042891	0.248565	0.068896	0.274569	0.016886	0.255657	0.092536	
0.026721	0.175403	0.031518	0.309695	0.074683	0.304899	0.077081	
0.320055	0.219093	0.195055	0.086882	0.046016	0.094093	0.038805	
0.340711	0.094232	0.155265	0.056673	0.042589	0.284373	0.026157	
0.271563	0.132412	0.047507	0.038073	0.056941	0.372978	0.080526	
0.454238	0.073624	0.023978	0.109085	0.248565	0.066532	0.023978	
0.040527	0.492063	0.052347	0.028707	0.220196	0.052347	0.113813	
0.036227	0.651059	0.117567	0.031442	0.112782	0.026658	0.024265	
0.049009	0.044143	0.177963	0.073340	0.572124	0.036844	0.046576	
0.061658	0.193733	0.120620	0.033356	0.535714	0.030997	0.023922	
0.039469	0.054139	0.195948	0.032134	0.596926	0.046804	0.034579	
0.053696	0.311236	0.039775	0.072257	0.021213	0.473649	0.028174	
0.035053	0.238757	0.062831	0.120701	0.081349	0.437831	0.023479	
0.040147	0.042489	0.058883	0.023754	0.328203	0.452325	0.054199	
0.033835	0.019481	0.067327	0.021873	0.052973	0.041012	0.763500	
0.043508	0.161014	0.182597	0.019527	0.024323	0.232956	0.336074	
0.024035	0.024035	0.175694	0.028775	0.061950	0.035884	0.649628	
0.029050	0.043404	0.796992	0.026658	0.038619	0.024265	0.041012	
0.147959	0.178912	0.043197	0.038435	0.440816	0.031293	0.119388	
0.048304	0.187393	0.175403	0.024323	0.283316	0.129839	0.151422	
0.677531	0.128988	0.053745	0.024619	0.056172	0.039182	0.019764	
0.375343	0.031593	0.031593	0.060440	0.192651	0.267170	0.041209	
0.389888	0.380387	0.069223	0.033593	0.069223	0.026468	0.031218	
