0.033835	0.033835	0.033835	0.029050	0.043404	0.019481	0.806562	
0.038344	0.019342	0.045470	0.722430	0.066848	0.071598	0.035969	
0.041209	0.050824	0.046016	0.663805	0.033997	0.077266	0.086882	
0.730007	0.029050	0.024265	0.048189	0.033835	0.033835	0.100820	
0.325809	0.035714	0.040431	0.118261	0.049865	0.370620	0.059299	
0.476642	0.059580	0.016926	0.225457	0.083277	0.090386	0.047732	
0.404140	0.057346	0.050221	0.028843	0.040719	0.389888	0.028843	
0.031293	0.159864	0.045578	0.088435	0.569388	0.074150	0.031293	
0.039087	0.252162	0.024559	0.024559	0.564511	0.070564	0.024559	
0.031978	0.413973	0.024678	0.044143	0.399374	0.046576	0.039277	
0.047284	0.258551	0.021462	0.084842	0.490946	0.077800	0.019115	
0.211134	0.169468	0.019958	0.039566	0.311625	0.167017	0.081232	
0.021115	0.039591	0.021115	0.148136	0.582316	0.044210	0.143517	
0.072425	0.025914	0.021262	0.158472	0.532890	0.028239	0.160797	
0.121829	0.049399	0.033044	0.259680	0.371829	0.124166	0.040053	
0.019342	0.021717	0.817441	0.045470	0.026468	0.043095	0.026468	
0.019434	0.017047	0.628026	0.262871	0.019434	0.028981	0.024207	
0.033916	0.045906	0.408016	0.065091	0.029120	0.031518	0.386434	
0.114083	0.419770	0.341571	0.028775	0.033514	0.024035	0.038253	
0.043095	0.052596	0.064472	0.040719	0.035969	0.682050	0.081099	
0.080444	0.357143	0.102288	0.160541	0.075589	0.196949	0.027046	
0.058599	0.124133	0.155687	0.056172	0.027046	0.446949	0.131415	
0.048654	0.150104	0.181504	0.321601	0.034161	0.169427	0.094548	
0.075988	0.078352	0.092536	0.057075	0.042891	0.492063	0.161094	
