0.036140	0.036140	0.778384	0.031367	0.036140	0.036140	0.045687	
0.084682	0.361790	0.125645	0.024441	0.101549	0.159380	0.142513	
0.057620	0.360723	0.410842	0.026594	0.067167	0.026594	0.050460	
0.681398	0.043508	0.021925	0.033916	0.060295	0.110654	0.048304	
0.553529	0.118541	0.073624	0.087808	0.090172	0.045255	0.031071	
0.479012	0.239675	0.019296	0.178064	0.026405	0.038253	0.019296	
0.355630	0.028571	0.021513	0.047395	0.452101	0.056807	0.037983	
0.071260	0.324215	0.023978	0.258021	0.052347	0.206011	0.064168	
0.101549	0.026850	0.096730	0.113597	0.082272	0.540103	0.038898	
0.034411	0.044143	0.041710	0.148766	0.321515	0.382343	0.027112	
0.019115	0.021462	0.023810	0.049631	0.502683	0.350101	0.033199	
0.054139	0.032134	0.098149	0.342648	0.161718	0.271743	0.039469	
0.099637	0.041900	0.041900	0.037281	0.034972	0.713956	0.030353	
0.030636	0.170496	0.100566	0.032967	0.032967	0.608725	0.023643	
0.096353	0.122114	0.049515	0.061224	0.084644	0.548344	0.037805	
0.077081	0.038712	0.225762	0.019527	0.050702	0.127441	0.460774	
0.028843	0.323380	0.040719	0.019342	0.021717	0.021717	0.544282	
0.031442	0.052973	0.186945	0.026658	0.064935	0.043404	0.593643	
0.105102	0.031293	0.212245	0.026531	0.409864	0.050340	0.164626	
0.180007	0.021614	0.026342	0.510976	0.071260	0.045255	0.144546	
0.036054	0.167007	0.028912	0.414626	0.126531	0.033673	0.193197	
0.164163	0.049249	0.024799	0.325533	0.323088	0.017464	0.095704	
0.034161	0.314355	0.072809	0.369910	0.029331	0.152519	0.026915	
0.141490	0.038619	0.043404	0.203691	0.237184	0.131921	0.203691	
