0	0	0	0	0	25	0	
0	0	31	0	0	0	0	
0	0	11	0	0	0	0	
0	0	0	0	0	67	210	
0	0	0	14	0	0	0	
0	21	0	0	0	0	0	
0	0	0	98	13	0	0	
0	0	0	111	0	0	0	
0	0	3	40	65	2	0	
0	22	0	0	0	0	0	
0	0	0	0	25	0	0	
0	19	0	0	0	0	0	
0	0	0	0	0	0	0	
0	0	0	0	0	0	76	
0	56	0	1	75	0	0	
0	137	0	0	0	1	124	
0	0	0	0	6	0	126	
0	0	0	0	10	0	0	
0	0	0	0	1	85	0	
0	0	20	0	0	0	0	
0	1	0	151	0	0	0	
0	0	148	0	0	0	0	
0	0	0	0	0	18	0	
0	7	0	0	0	0	13	
30	0	0	0	0	0	0	
0	92	28	0	52	0	0	
0	0	0	79	0	261	0	
1	0	0	45	0	0	0	
0	46	0	21	2	1	118	
0	0	0	2	48	0	0	
38	0	0	0	0	0	0	
0	0	102	0	0	0	0	
157	28	0	0	1	0	0	
0	13	157	0	1	0	0	
157	0	0	4	0	0	0	
0	0	0	0	36	0	0	
0	0	0	0	27	0	0	
0	0	0	0	119	0	0	
28	0	0	0	0	2	0	
0	0	0	0	0	0	132	
0	0	0	156	0	0	0	
0	0	0	0	0	92	0	
0	58	0	0	43	0	0	
0	0	0	0	0	0	0	
0	236	0	0	0	0	0	
117	65	89	0	0	33	0	
0	0	0	27	0	0	0	
0	0	0	0	0	46	13	
0	34	0	0	11	0	0	
0	35	0	0	0	0	0	
