0.003838	0.001371	0.003660	0.003827	0.000183	0.033654	0.102117	0.008475	0.002878	0.001148	0.005833	0.117057	0.000604	0.021696	0.003714	0.001148	0.014161	0.000942	0.007516	0.095414	0.147191	0.002801	0.001535	0.003595	0.007749	0.005702	0.023004	0.001148	0.042251	0.093044	0.056328	0.000480	0.004680	0.001148	0.001148	0.001250	0.005372	0.003623	0.000865	0.006295	0.012816	0.005953	0.009871	0.006728	0.027423	0.078580	0.008945	0.002427	0.000183	0.008631	
0.002683	0.001357	0.043849	0.027242	0.000166	0.011629	0.035077	0.004154	0.019826	0.001809	0.009793	0.043248	0.000535	0.028359	0.003706	0.001809	0.108446	0.000927	0.060875	0.033466	0.055955	0.004627	0.016027	0.010953	0.003710	0.017613	0.007982	0.001809	0.015227	0.032420	0.020240	0.000463	0.005804	0.001809	0.001809	0.013577	0.003164	0.009545	0.002323	0.051379	0.031925	0.033418	0.004264	0.011319	0.009728	0.035927	0.049132	0.002415	0.000166	0.106310	
0.003141	0.002418	0.049818	0.030059	0.000164	0.017261	0.052233	0.005301	0.008462	0.001539	0.008216	0.065896	0.000849	0.014408	0.006865	0.001539	0.120070	0.001604	0.024097	0.050032	0.078911	0.003895	0.018183	0.002687	0.005855	0.004245	0.011821	0.001539	0.023026	0.047754	0.030353	0.000728	0.002793	0.001539	0.001539	0.015409	0.005283	0.004701	0.000669	0.020228	0.018865	0.015249	0.006505	0.009493	0.014495	0.044367	0.020493	0.004423	0.000164	0.120814	
0.019747	0.005235	0.033169	0.020118	0.000136	0.002177	0.006351	0.010692	0.006829	0.001103	0.005799	0.117032	0.002142	0.087979	0.015291	0.001103	0.080241	0.003394	0.016271	0.060799	0.012862	0.002760	0.012227	0.006626	0.048046	0.010633	0.001528	0.001103	0.006890	0.005916	0.071254	0.001411	0.003087	0.001103	0.001103	0.010278	0.030827	0.009516	0.001434	0.013411	0.032186	0.015849	0.063169	0.006697	0.020471	0.010959	0.012744	0.009767	0.000136	0.080400	
0.006484	0.025016	0.017517	0.011753	0.000152	0.000967	0.002635	0.003907	0.020732	0.001275	0.006728	0.089191	0.007229	0.042495	0.074052	0.001275	0.046212	0.016037	0.040900	0.018275	0.008287	0.003199	0.007168	0.010206	0.025699	0.016413	0.000708	0.001275	0.021872	0.002712	0.021022	0.006368	0.004510	0.001275	0.001275	0.005483	0.036313	0.032065	0.002163	0.032832	0.109311	0.054115	0.018377	0.007770	0.006195	0.010137	0.030807	0.047117	0.000152	0.042346	
0.013976	0.018482	0.021631	0.013827	0.000141	0.001259	0.003547	0.007660	0.010791	0.001154	0.006078	0.114693	0.005643	0.068032	0.054656	0.001154	0.054727	0.011859	0.015942	0.041338	0.009118	0.002892	0.008452	0.008090	0.040685	0.012998	0.000903	0.001154	0.016798	0.003352	0.048930	0.004726	0.003630	0.001154	0.001154	0.006739	0.038652	0.023559	0.001731	0.012201	0.080214	0.033087	0.043738	0.007019	0.013992	0.009627	0.011528	0.034786	0.000141	0.052358	
0.025687	0.009531	0.003962	0.003069	0.000133	0.002073	0.006040	0.013443	0.005363	0.000592	0.002823	0.160052	0.003531	0.118019	0.028065	0.000592	0.011649	0.006137	0.007517	0.079161	0.010323	0.001380	0.001804	0.009079	0.065452	0.014602	0.001456	0.000592	0.010345	0.005562	0.094101	0.002483	0.004121	0.000592	0.000592	0.001309	0.044162	0.014902	0.001922	0.005710	0.047857	0.017598	0.084371	0.003250	0.026736	0.009277	0.005528	0.017884	0.000133	0.009436	
0.003998	0.002763	0.024979	0.015393	0.000133	0.006241	0.018735	0.003512	0.002905	0.000989	0.005148	0.041073	0.000964	0.145799	0.007951	0.000989	0.061214	0.001814	0.006316	0.025334	0.029778	0.002457	0.009203	0.064178	0.009128	0.103718	0.004298	0.000989	0.009821	0.017115	0.020032	0.000791	0.027977	0.000989	0.000989	0.007761	0.007391	0.039765	0.012942	0.005172	0.096932	0.018805	0.010805	0.005943	0.007767	0.037857	0.005404	0.005101	0.000133	0.060505	
0.006361	0.001876	0.035556	0.020441	0.000131	0.004587	0.013701	0.004217	0.003062	0.000541	0.002536	0.048384	0.000800	0.136575	0.005318	0.000541	0.082012	0.001246	0.007668	0.029030	0.020871	0.001245	0.012949	0.054624	0.015219	0.088267	0.003169	0.000541	0.007054	0.012543	0.027623	0.000567	0.023755	0.000541	0.000541	0.011007	0.009921	0.033409	0.011029	0.006376	0.080239	0.016492	0.019885	0.002918	0.009279	0.029204	0.006380	0.003427	0.000131	0.086208	
0.009553	0.003607	0.006848	0.005091	0.000127	0.002523	0.007424	0.005551	0.004065	0.000827	0.004226	0.061928	0.001371	0.180806	0.010471	0.000827	0.019660	0.002350	0.009157	0.032410	0.013265	0.002027	0.002691	0.070437	0.023226	0.113846	0.001761	0.000827	0.005968	0.006839	0.035571	0.000997	0.030303	0.000827	0.000827	0.002191	0.015837	0.044280	0.014189	0.007512	0.108224	0.022486	0.029807	0.004876	0.010746	0.031076	0.007255	0.006701	0.000127	0.016458	
0.007828	0.002451	0.015720	0.009749	0.000126	0.002134	0.006240	0.004563	0.004185	0.000689	0.003422	0.049594	0.000999	0.177075	0.007036	0.000689	0.038625	0.001611	0.010652	0.026652	0.011034	0.001654	0.005839	0.071727	0.018757	0.115932	0.001495	0.000689	0.004527	0.005772	0.029180	0.000707	0.030817	0.000689	0.000689	0.004914	0.012367	0.043904	0.014446	0.008857	0.105634	0.021969	0.024400	0.003945	0.008846	0.030035	0.008479	0.004517	0.000126	0.038017	
0.012255	0.003513	0.003375	0.002979	0.000133	0.001507	0.004318	0.006676	0.011108	0.000724	0.003591	0.073285	0.001436	0.165569	0.010179	0.000724	0.011179	0.002293	0.031400	0.037940	0.008450	0.001736	0.001435	0.057830	0.029876	0.093451	0.001070	0.000724	0.004636	0.004184	0.044268	0.000978	0.024842	0.000724	0.000724	0.001129	0.019378	0.037629	0.011673	0.026315	0.094180	0.030810	0.039115	0.004139	0.012791	0.024309	0.024758	0.006517	0.000133	0.008010	
0.004427	0.002815	0.017121	0.010615	0.000155	0.006528	0.019563	0.003688	0.022836	0.000762	0.003710	0.045110	0.001013	0.098568	0.008059	0.000762	0.042006	0.001854	0.068950	0.027813	0.029897	0.001802	0.006374	0.040209	0.010616	0.064937	0.004500	0.000762	0.010192	0.018356	0.022601	0.000820	0.017801	0.000762	0.000762	0.005364	0.008238	0.027971	0.008166	0.058097	0.073561	0.044853	0.012844	0.004273	0.008585	0.029633	0.054955	0.005178	0.000155	0.041379	
0.002175	0.001315	0.037198	0.022709	0.000149	0.001453	0.004120	0.001858	0.024055	0.001317	0.006987	0.012542	0.000508	0.096148	0.003615	0.001317	0.090527	0.000894	0.074238	0.006784	0.010556	0.003318	0.013590	0.044369	0.003400	0.071670	0.001038	0.001317	0.002721	0.004338	0.005946	0.000441	0.019109	0.001317	0.001317	0.011524	0.002965	0.029071	0.008993	0.062669	0.076154	0.046299	0.003856	0.008071	0.002206	0.022391	0.058773	0.002352	0.000149	0.090172	
0.002661	0.001584	0.004577	0.003897	0.000167	0.002358	0.006840	0.002097	0.041272	0.000891	0.004407	0.020060	0.000621	0.099872	0.004381	0.000891	0.014687	0.001072	0.128130	0.011501	0.012529	0.002132	0.001844	0.044583	0.005510	0.072006	0.001661	0.000891	0.004037	0.007234	0.010136	0.000521	0.019291	0.000891	0.000891	0.001521	0.004348	0.031092	0.009050	0.108191	0.083521	0.072990	0.006606	0.005080	0.003686	0.022445	0.101453	0.002845	0.000167	0.010884	
0.013989	0.001754	0.024088	0.042005	0.000161	0.001910	0.005488	0.013689	0.003221	0.016189	0.094038	0.015528	0.000642	0.012310	0.004896	0.016189	0.156718	0.001179	0.008252	0.008320	0.074036	0.043665	0.009955	0.003606	0.003928	0.005733	0.001354	0.016189	0.003635	0.005073	0.007021	0.000559	0.001788	0.016189	0.016189	0.007507	0.003640	0.005123	0.000850	0.006886	0.059493	0.006831	0.004289	0.108921	0.002668	0.076066	0.006613	0.003170	0.000161	0.058299	
0.014234	0.001230	0.024089	0.043629	0.000162	0.001605	0.004557	0.014114	0.002839	0.017098	0.099362	0.010934	0.000482	0.008515	0.003337	0.017098	0.162562	0.000844	0.007554	0.006148	0.076495	0.046133	0.010007	0.002679	0.002536	0.004234	0.001146	0.017098	0.002823	0.004220	0.004902	0.000429	0.001366	0.017098	0.017098	0.007508	0.002412	0.004111	0.000665	0.006333	0.059060	0.005634	0.002719	0.115089	0.001976	0.079126	0.006067	0.002180	0.000162	0.058300	
0.016521	0.002149	0.005402	0.031882	0.000162	0.002932	0.008598	0.015187	0.003354	0.016304	0.094705	0.032284	0.000829	0.030338	0.006067	0.016304	0.115650	0.001431	0.008286	0.018138	0.078868	0.043975	0.003255	0.007626	0.010002	0.012235	0.002051	0.016304	0.005217	0.007904	0.017267	0.000659	0.003594	0.016304	0.016304	0.001771	0.007306	0.007832	0.001655	0.006887	0.066566	0.008126	0.012456	0.109693	0.005853	0.080090	0.006707	0.003915	0.000162	0.012895	
0.022960	0.001460	0.022864	0.014726	0.000139	0.006637	0.019930	0.013177	0.002677	0.001275	0.006793	0.137548	0.001191	0.096058	0.004066	0.001275	0.058275	0.000983	0.006849	0.081392	0.032613	0.003222	0.008430	0.004480	0.053565	0.007160	0.004570	0.001275	0.009215	0.018209	0.088492	0.000469	0.002579	0.001275	0.001275	0.007116	0.030461	0.004237	0.001007	0.005716	0.015478	0.005954	0.073462	0.007848	0.026794	0.020746	0.005948	0.002634	0.000139	0.055357	
0.001721	0.013333	0.054493	0.032012	0.000158	0.001084	0.002979	0.001510	0.027536	0.001181	0.006152	0.037624	0.003842	0.012217	0.039318	0.001181	0.128275	0.008576	0.073580	0.004789	0.008355	0.002935	0.020139	0.004499	0.008573	0.007180	0.000790	0.001181	0.012274	0.003287	0.004174	0.003452	0.002092	0.001181	0.001181	0.016840	0.016526	0.018141	0.001026	0.061269	0.065157	0.053876	0.002697	0.007102	0.001591	0.008108	0.057428	0.025045	0.000158	0.132182	
0.009031	0.010021	0.036445	0.024331	0.000149	0.002785	0.008177	0.005976	0.015202	0.002458	0.013676	0.068074	0.003112	0.052964	0.029490	0.002458	0.096184	0.006456	0.037980	0.027739	0.020981	0.006418	0.013642	0.012107	0.022090	0.019490	0.001946	0.002458	0.011611	0.007745	0.029362	0.002617	0.005484	0.002458	0.002458	0.011292	0.020942	0.018196	0.002541	0.031419	0.062715	0.033673	0.023780	0.015821	0.009133	0.019976	0.029651	0.018796	0.000149	0.088341	
0.006227	0.023098	0.020713	0.015261	0.000149	0.002041	0.005912	0.004357	0.014855	0.002247	0.012440	0.082544	0.006662	0.047284	0.068360	0.002247	0.059638	0.014811	0.024263	0.018064	0.016928	0.005845	0.008332	0.014414	0.022283	0.023220	0.001439	0.002247	0.021596	0.005568	0.018787	0.005886	0.006399	0.002247	0.002247	0.006462	0.032737	0.032123	0.003002	0.018908	0.108734	0.044320	0.014961	0.014388	0.005955	0.018160	0.017875	0.043498	0.000149	0.050116	
0.004483	0.023954	0.032613	0.023826	0.000148	0.001807	0.005201	0.003879	0.011050	0.003360	0.018963	0.070106	0.006817	0.030078	0.070905	0.003360	0.093420	0.015357	0.011468	0.009766	0.020546	0.008867	0.012715	0.011091	0.016409	0.017848	0.001279	0.003360	0.022023	0.004821	0.008975	0.006099	0.004961	0.003360	0.003360	0.010115	0.030299	0.030754	0.002336	0.008036	0.108836	0.038543	0.006203	0.021946	0.003165	0.021515	0.007681	0.045115	0.000148	0.079034	
0.006311	0.016277	0.033784	0.020457	0.000144	0.004505	0.013424	0.004399	0.009678	0.001109	0.005794	0.079071	0.004795	0.059956	0.048095	0.001109	0.081592	0.010451	0.014565	0.027332	0.022772	0.002762	0.012760	0.018562	0.021227	0.029933	0.003117	0.001109	0.018940	0.012337	0.025699	0.004177	0.008388	0.001109	0.001109	0.010472	0.026066	0.027322	0.003828	0.011193	0.085680	0.031564	0.018231	0.006690	0.008725	0.019856	0.010880	0.030618	0.000144	0.081883	
