0.001070	0.001359	0.001070	0.001070	0.001070	0.001070	0.001070	0.001070	0.001070	0.001070	0.001070	0.001070	0.001070	0.001313	0.001070	0.001070	0.001070	0.001070	0.001070	0.001070	0.001070	0.001070	0.001070	0.001070	0.001070	0.001070	0.001070	0.001070	0.001070	0.001498	0.001070	0.001070	0.001482	0.001284	0.010752	0.001070	0.001070	0.002284	0.002464	0.001070	0.001070	0.001070	0.001070	0.001070	0.001070	0.001070	0.001070	0.001070	0.001070	0.933706	
0.000680	0.001229	0.000680	0.000680	0.000680	0.000680	0.000680	0.000680	0.000680	0.000680	0.000680	0.000680	0.000680	0.001204	0.000680	0.000680	0.000680	0.000680	0.000680	0.000680	0.000680	0.000680	0.000680	0.000680	0.000680	0.000680	0.000680	0.000680	0.000680	0.001406	0.000680	0.000680	0.003354	0.001043	0.002700	0.000680	0.000680	0.003300	0.012912	0.000680	0.000680	0.000680	0.000680	0.000680	0.000680	0.000680	0.000680	0.000680	0.000680	0.944990	
0.000759	0.001284	0.000759	0.000759	0.000759	0.000759	0.000759	0.000759	0.000759	0.000759	0.000759	0.000759	0.000759	0.001104	0.000759	0.000759	0.000759	0.000759	0.000759	0.000759	0.000759	0.000759	0.000759	0.000759	0.000759	0.000759	0.000759	0.000759	0.000759	0.002059	0.000759	0.000759	0.003193	0.001409	0.004185	0.000759	0.000759	0.002484	0.009510	0.000759	0.000759	0.000759	0.000759	0.000759	0.000759	0.000759	0.000759	0.000759	0.000759	0.943665	
0.000548	0.000983	0.000548	0.000548	0.000548	0.000548	0.000548	0.000548	0.000548	0.000548	0.000548	0.000548	0.000548	0.004450	0.000548	0.000548	0.000548	0.000548	0.000548	0.000548	0.000548	0.000548	0.000548	0.000548	0.000548	0.000548	0.000548	0.000548	0.000548	0.000766	0.000548	0.000548	0.001147	0.000657	0.000832	0.000548	0.000548	0.020054	0.007331	0.000548	0.000548	0.000548	0.000548	0.000548	0.000548	0.000548	0.000548	0.000548	0.000548	0.941298	
0.000599	0.001480	0.000599	0.000599	0.000599	0.000599	0.000599	0.000599	0.000599	0.000599	0.000599	0.000599	0.000599	0.002110	0.000599	0.000599	0.000599	0.000599	0.000599	0.000599	0.000599	0.000599	0.000599	0.000599	0.000599	0.000599	0.000599	0.000599	0.000599	0.000972	0.000599	0.000599	0.005750	0.000785	0.000934	0.000599	0.000599	0.008153	0.003412	0.000599	0.000599	0.000599	0.000599	0.000599	0.000599	0.000599	0.000599	0.000599	0.000599	0.951846	
0.000583	0.000957	0.000583	0.000583	0.000583	0.000583	0.000583	0.000583	0.000583	0.000583	0.000583	0.000583	0.000583	0.002619	0.000583	0.000583	0.000583	0.000583	0.000583	0.000583	0.000583	0.000583	0.000583	0.000583	0.000583	0.000583	0.000583	0.000583	0.000583	0.000799	0.000583	0.000583	0.004370	0.000691	0.000865	0.000583	0.000583	0.010760	0.006894	0.000583	0.000583	0.000583	0.000583	0.000583	0.000583	0.000583	0.000583	0.000583	0.000583	0.948126	
0.000561	0.001047	0.000561	0.000561	0.000561	0.000561	0.000561	0.000561	0.000561	0.000561	0.000561	0.000561	0.000561	0.004285	0.000561	0.000561	0.000561	0.000561	0.000561	0.000561	0.000561	0.000561	0.000561	0.000561	0.000561	0.000561	0.000561	0.000561	0.000561	0.000882	0.000561	0.000561	0.001737	0.000722	0.000870	0.000561	0.000561	0.019177	0.005537	0.000561	0.000561	0.000561	0.000561	0.000561	0.000561	0.000561	0.000561	0.000561	0.000561	0.942725	
0.000615	0.002078	0.000615	0.000615	0.000615	0.000615	0.000615	0.000615	0.000615	0.000615	0.000615	0.000615	0.000615	0.000786	0.000615	0.000615	0.000615	0.000615	0.000615	0.000615	0.000615	0.000615	0.000615	0.000615	0.000615	0.000615	0.000615	0.000615	0.000615	0.000966	0.000615	0.000615	0.001534	0.000790	0.000954	0.000615	0.000615	0.001472	0.021967	0.000615	0.000615	0.000615	0.000615	0.000615	0.000615	0.000615	0.000615	0.000615	0.000615	0.944243	
0.000612	0.006439	0.000612	0.000612	0.000612	0.000612	0.000612	0.000612	0.000612	0.000612	0.000612	0.000612	0.000612	0.001273	0.000612	0.000612	0.000612	0.000612	0.000612	0.000612	0.000612	0.000612	0.000612	0.000612	0.000612	0.000612	0.000612	0.000612	0.000612	0.000804	0.000612	0.000612	0.001170	0.000708	0.001010	0.000612	0.000612	0.003917	0.009690	0.000612	0.000612	0.000612	0.000612	0.000612	0.000612	0.000612	0.000612	0.000612	0.000612	0.949879	
0.000607	0.006883	0.000607	0.000607	0.000607	0.000607	0.000607	0.000607	0.000607	0.000607	0.000607	0.000607	0.000607	0.001659	0.000607	0.000607	0.000607	0.000607	0.000607	0.000607	0.000607	0.000607	0.000607	0.000607	0.000607	0.000607	0.000607	0.000607	0.000607	0.001209	0.000607	0.000607	0.002128	0.000908	0.001038	0.000607	0.000607	0.005866	0.002855	0.000607	0.000607	0.000607	0.000607	0.000607	0.000607	0.000607	0.000607	0.000607	0.000607	0.952575	
0.000621	0.007074	0.000621	0.000621	0.000621	0.000621	0.000621	0.000621	0.000621	0.000621	0.000621	0.000621	0.000621	0.000827	0.000621	0.000621	0.000621	0.000621	0.000621	0.000621	0.000621	0.000621	0.000621	0.000621	0.000621	0.000621	0.000621	0.000621	0.000621	0.000942	0.000621	0.000621	0.001511	0.000782	0.000902	0.000621	0.000621	0.001648	0.009005	0.000621	0.000621	0.000621	0.000621	0.000621	0.000621	0.000621	0.000621	0.000621	0.000621	0.951829	
0.000587	0.001207	0.000587	0.000587	0.000587	0.000587	0.000587	0.000587	0.000587	0.000587	0.000587	0.000587	0.000587	0.001222	0.000587	0.000587	0.000587	0.000587	0.000587	0.000587	0.000587	0.000587	0.000587	0.000587	0.000587	0.000587	0.000587	0.000587	0.000587	0.000837	0.000587	0.000587	0.008373	0.000712	0.001107	0.000587	0.000587	0.003762	0.002362	0.000587	0.000587	0.000587	0.000587	0.000587	0.000587	0.000587	0.000587	0.000587	0.000587	0.956334	
0.000629	0.003947	0.000629	0.000629	0.000629	0.000629	0.000629	0.000629	0.000629	0.000629	0.000629	0.000629	0.000629	0.000845	0.000629	0.000629	0.000629	0.000629	0.000629	0.000629	0.000629	0.000629	0.000629	0.000629	0.000629	0.000629	0.000629	0.000629	0.000629	0.001366	0.000629	0.000629	0.005220	0.000998	0.001675	0.000629	0.000629	0.001708	0.004611	0.000629	0.000629	0.000629	0.000629	0.000629	0.000629	0.000629	0.000629	0.000629	0.000629	0.953824	
0.000597	0.005028	0.000597	0.000597	0.000597	0.000597	0.000597	0.000597	0.000597	0.000597	0.000597	0.000597	0.000597	0.000836	0.000597	0.000597	0.000597	0.000597	0.000597	0.000597	0.000597	0.000597	0.000597	0.000597	0.000597	0.000597	0.000597	0.000597	0.000597	0.001777	0.000597	0.000597	0.004751	0.001187	0.001011	0.000597	0.000597	0.001792	0.003847	0.000597	0.000597	0.000597	0.000597	0.000597	0.000597	0.000597	0.000597	0.000597	0.000597	0.955289	
0.000579	0.001643	0.000579	0.000579	0.000579	0.000579	0.000579	0.000579	0.000579	0.000579	0.000579	0.000579	0.000579	0.000829	0.000579	0.000579	0.000579	0.000579	0.000579	0.000579	0.000579	0.000579	0.000579	0.000579	0.000579	0.000579	0.000579	0.000579	0.000579	0.000999	0.000579	0.000579	0.008733	0.000789	0.000964	0.000579	0.000579	0.001827	0.002583	0.000579	0.000579	0.000579	0.000579	0.000579	0.000579	0.000579	0.000579	0.000579	0.000579	0.957897	
0.000587	0.000879	0.000587	0.000587	0.000587	0.000587	0.000587	0.000587	0.000587	0.000587	0.000587	0.000587	0.000587	0.000759	0.000587	0.000587	0.000587	0.000587	0.000587	0.000587	0.000587	0.000587	0.000587	0.000587	0.000587	0.000587	0.000587	0.000587	0.000587	0.009038	0.000587	0.000587	0.001195	0.004812	0.000900	0.000587	0.000587	0.001448	0.012096	0.000587	0.000587	0.000587	0.000587	0.000587	0.000587	0.000587	0.000587	0.000587	0.000587	0.944807	
0.000599	0.000948	0.000599	0.000599	0.000599	0.000599	0.000599	0.000599	0.000599	0.000599	0.000599	0.000599	0.000599	0.000893	0.000599	0.000599	0.000599	0.000599	0.000599	0.000599	0.000599	0.000599	0.000599	0.000599	0.000599	0.000599	0.000599	0.000599	0.000599	0.006583	0.000599	0.000599	0.001024	0.003591	0.001052	0.000599	0.000599	0.002069	0.015801	0.000599	0.000599	0.000599	0.000599	0.000599	0.000599	0.000599	0.000599	0.000599	0.000599	0.943475	
0.000579	0.001132	0.000579	0.000579	0.000579	0.000579	0.000579	0.000579	0.000579	0.000579	0.000579	0.000579	0.000579	0.000936	0.000579	0.000579	0.000579	0.000579	0.000579	0.000579	0.000579	0.000579	0.000579	0.000579	0.000579	0.000579	0.000579	0.000579	0.000579	0.009124	0.000579	0.000579	0.001226	0.004852	0.000865	0.000579	0.000579	0.002362	0.010503	0.000579	0.000579	0.000579	0.000579	0.000579	0.000579	0.000579	0.000579	0.000579	0.000579	0.945257	
0.000605	0.005228	0.000605	0.000605	0.000605	0.000605	0.000605	0.000605	0.000605	0.000605	0.000605	0.000605	0.000605	0.001579	0.000605	0.000605	0.000605	0.000605	0.000605	0.000605	0.000605	0.000605	0.000605	0.000605	0.000605	0.000605	0.000605	0.000605	0.000605	0.003552	0.000605	0.000605	0.001082	0.002079	0.001198	0.000605	0.000605	0.005473	0.006329	0.000605	0.000605	0.000605	0.000605	0.000605	0.000605	0.000605	0.000605	0.000605	0.000605	0.948656	
0.000641	0.001042	0.000641	0.000641	0.000641	0.000641	0.000641	0.000641	0.000641	0.000641	0.000641	0.000641	0.000641	0.000811	0.000641	0.000641	0.000641	0.000641	0.000641	0.000641	0.000641	0.000641	0.000641	0.000641	0.000641	0.000641	0.000641	0.000641	0.000641	0.003976	0.000641	0.000641	0.005351	0.002308	0.000894	0.000641	0.000641	0.001490	0.005786	0.000641	0.000641	0.000641	0.000641	0.000641	0.000641	0.000641	0.000641	0.000641	0.000641	0.952065	
0.000635	0.002074	0.000635	0.000635	0.000635	0.000635	0.000635	0.000635	0.000635	0.000635	0.000635	0.000635	0.000635	0.001062	0.000635	0.000635	0.000635	0.000635	0.000635	0.000635	0.000635	0.000635	0.000635	0.000635	0.000635	0.000635	0.000635	0.000635	0.000635	0.003635	0.000635	0.000635	0.004359	0.002135	0.001256	0.000635	0.000635	0.002770	0.005794	0.000635	0.000635	0.000635	0.000635	0.000635	0.000635	0.000635	0.000635	0.000635	0.000635	0.950865	
0.000676	0.000969	0.000676	0.000676	0.000676	0.000676	0.000676	0.000676	0.000676	0.000676	0.000676	0.000676	0.000676	0.001742	0.000676	0.000676	0.000676	0.000676	0.000676	0.000676	0.000676	0.000676	0.000676	0.000676	0.000676	0.000676	0.000676	0.000676	0.000676	0.001057	0.000676	0.000676	0.005603	0.000867	0.001019	0.000676	0.000676	0.006007	0.003506	0.000676	0.000676	0.000676	0.000676	0.000676	0.000676	0.000676	0.000676	0.000676	0.000676	0.951504	
0.000629	0.001359	0.000629	0.000629	0.000629	0.000629	0.000629	0.000629	0.000629	0.000629	0.000629	0.000629	0.000629	0.000852	0.000629	0.000629	0.000629	0.000629	0.000629	0.000629	0.000629	0.000629	0.000629	0.000629	0.000629	0.000629	0.000629	0.000629	0.000629	0.004532	0.000629	0.000629	0.002782	0.002580	0.000945	0.000629	0.000629	0.001744	0.012096	0.000629	0.000629	0.000629	0.000629	0.000629	0.000629	0.000629	0.000629	0.000629	0.000629	0.947323	
0.000668	0.002454	0.000668	0.000668	0.000668	0.000668	0.000668	0.000668	0.000668	0.000668	0.000668	0.000668	0.000668	0.001022	0.000668	0.000668	0.000668	0.000668	0.000668	0.000668	0.000668	0.000668	0.000668	0.000668	0.000668	0.000668	0.000668	0.000668	0.000668	0.001932	0.000668	0.000668	0.004290	0.001300	0.001065	0.000668	0.000668	0.002442	0.006898	0.000668	0.000668	0.000668	0.000668	0.000668	0.000668	0.000668	0.000668	0.000668	0.000668	0.951228	
