46
46
46
46
46
46
46
46
46
46
46
46
46
46
46
46
46
46
46
46
46
46
46
46
46
46
46
46
46
46
46
46
46
35
35
35
35
35
35
35
35
35
35
35
35
35
42
42
42
42
42
42
42
42
42
42
42
42
42
42
42
42
42
42
42
9
9
9
9
9
9
9
9
9
9
9
9
9
47
47
47
47
11
11
11
11
11
11
11
11
11
11
11
11
11
11
11
11
11
11
11
11
11
11
22
22
22
22
22
22
22
22
13
13
13
13
13
13
13
13
13
13
13
13
13
13
13
13
13
13
13
13
40
40
40
40
26
26
26
26
30
30
30
30
30
30
30
30
30
30
30
30
30
30
30
30
24
24
24
24
24
24
24
24
24
24
24
24
24
2
2
2
2
2
2
13
13
13
13
13
13
13
13
13
13
13
13
13
13
13
13
13
13
13
13
13
13
13
13
13
13
13
13
13
13
13
