0.000599	0.001017	0.000599	0.000599	0.000599	0.000599	0.000599	0.000599	0.000599	0.000599	0.000599	0.000599	0.000599	0.000808	0.000599	0.000599	0.000599	0.000599	0.000599	0.000599	0.000599	0.000599	0.000599	0.000599	0.000599	0.000599	0.000599	0.000599	0.000599	0.001075	0.000599	0.000599	0.001240	0.000837	0.000767	0.000599	0.000599	0.003755	0.011609	0.000599	0.000599	0.000599	0.000599	0.000599	0.000599	0.000599	0.000599	0.000599	0.000599	0.954333	
0.000633	0.000967	0.000633	0.000633	0.000633	0.000633	0.000633	0.000633	0.000633	0.000633	0.000633	0.000633	0.000633	0.000800	0.000633	0.000633	0.000633	0.000633	0.000633	0.000633	0.000633	0.000633	0.000633	0.000633	0.000633	0.000633	0.000633	0.000633	0.000633	0.001553	0.000633	0.000633	0.001445	0.001093	0.000850	0.000633	0.000633	0.001587	0.008865	0.000633	0.000633	0.000633	0.000633	0.000633	0.000633	0.000633	0.000633	0.000633	0.000633	0.956883	
0.000614	0.001037	0.000614	0.000614	0.000614	0.000614	0.000614	0.000614	0.000614	0.000614	0.000614	0.000614	0.000614	0.000825	0.000614	0.000614	0.000614	0.000614	0.000614	0.000614	0.000614	0.000614	0.000614	0.000614	0.000614	0.000614	0.000614	0.000614	0.000614	0.002354	0.000614	0.000614	0.002119	0.001484	0.001188	0.000614	0.000614	0.001524	0.010385	0.000614	0.000614	0.000614	0.000614	0.000614	0.000614	0.000614	0.000614	0.000614	0.000614	0.953926	
0.000565	0.000958	0.000565	0.000565	0.000565	0.000565	0.000565	0.000565	0.000565	0.000565	0.000565	0.000565	0.000565	0.000762	0.000565	0.000565	0.000565	0.000565	0.000565	0.000565	0.000565	0.000565	0.000565	0.000565	0.000565	0.000565	0.000565	0.000565	0.000565	0.001270	0.000565	0.000565	0.001779	0.000917	0.001069	0.000565	0.000565	0.015944	0.011338	0.000565	0.000565	0.000565	0.000565	0.000565	0.000565	0.000565	0.000565	0.000565	0.000565	0.942797	
0.000602	0.001840	0.000602	0.000602	0.000602	0.000602	0.000602	0.000602	0.000602	0.000602	0.000602	0.000602	0.000602	0.001221	0.000602	0.000602	0.000602	0.000602	0.000602	0.000602	0.000602	0.000602	0.000602	0.000602	0.000602	0.000602	0.000602	0.000602	0.000602	0.001001	0.000602	0.000602	0.004982	0.000802	0.002666	0.000602	0.000602	0.009573	0.008299	0.000602	0.000602	0.000602	0.000602	0.000602	0.000602	0.000602	0.000602	0.000602	0.000602	0.944920	
0.000618	0.001425	0.000618	0.000618	0.000618	0.000618	0.000618	0.000618	0.000618	0.000618	0.000618	0.000618	0.000618	0.001021	0.000618	0.000618	0.000618	0.000618	0.000618	0.000618	0.000618	0.000618	0.000618	0.000618	0.000618	0.000618	0.000618	0.000618	0.000618	0.001644	0.000618	0.000618	0.003194	0.001131	0.001403	0.000618	0.000618	0.010448	0.009476	0.000618	0.000618	0.000618	0.000618	0.000618	0.000618	0.000618	0.000618	0.000618	0.000618	0.944920	
0.000532	0.000810	0.000532	0.000532	0.000532	0.000532	0.000532	0.000532	0.000532	0.000532	0.000532	0.000532	0.000532	0.000671	0.000532	0.000532	0.000532	0.000532	0.000532	0.000532	0.000532	0.000532	0.000532	0.000532	0.000532	0.000532	0.000532	0.000532	0.000532	0.000757	0.000532	0.000532	0.001438	0.000645	0.000896	0.000532	0.000532	0.021070	0.013561	0.000532	0.000532	0.000532	0.000532	0.000532	0.000532	0.000532	0.000532	0.000532	0.000532	0.938340	
0.000731	0.003621	0.000731	0.000731	0.000731	0.000731	0.000731	0.000731	0.000731	0.000731	0.000731	0.000731	0.000731	0.002176	0.000731	0.000731	0.000731	0.000731	0.000731	0.000731	0.000731	0.000731	0.000731	0.000731	0.000731	0.000731	0.000731	0.000731	0.000731	0.000957	0.000731	0.000731	0.003293	0.000844	0.000915	0.000731	0.000731	0.001980	0.002190	0.000731	0.000731	0.000731	0.000731	0.000731	0.000731	0.000731	0.000731	0.000731	0.000731	0.954064	
0.000646	0.000955	0.000646	0.000646	0.000646	0.000646	0.000646	0.000646	0.000646	0.000646	0.000646	0.000646	0.000646	0.000800	0.000646	0.000646	0.000646	0.000646	0.000646	0.000646	0.000646	0.000646	0.000646	0.000646	0.000646	0.000646	0.000646	0.000646	0.000646	0.001099	0.000646	0.000646	0.001396	0.000872	0.000882	0.000646	0.000646	0.007500	0.005753	0.000646	0.000646	0.000646	0.000646	0.000646	0.000646	0.000646	0.000646	0.000646	0.000646	0.954249	
0.000610	0.006005	0.000610	0.000610	0.000610	0.000610	0.000610	0.000610	0.000610	0.000610	0.000610	0.000610	0.000610	0.003307	0.000610	0.000610	0.000610	0.000610	0.000610	0.000610	0.000610	0.000610	0.000610	0.000610	0.000610	0.000610	0.000610	0.000610	0.000610	0.000944	0.000610	0.000610	0.003073	0.000777	0.001546	0.000610	0.000610	0.006141	0.005011	0.000610	0.000610	0.000610	0.000610	0.000610	0.000610	0.000610	0.000610	0.000610	0.000610	0.948181	
0.000656	0.004345	0.000656	0.000656	0.000656	0.000656	0.000656	0.000656	0.000656	0.000656	0.000656	0.000656	0.000656	0.002500	0.000656	0.000656	0.000656	0.000656	0.000656	0.000656	0.000656	0.000656	0.000656	0.000656	0.000656	0.000656	0.000656	0.000656	0.000656	0.001102	0.000656	0.000656	0.005714	0.000879	0.002874	0.000656	0.000656	0.002836	0.003028	0.000656	0.000656	0.000656	0.000656	0.000656	0.000656	0.000656	0.000656	0.000656	0.000656	0.949832	
0.000606	0.007206	0.000606	0.000606	0.000606	0.000606	0.000606	0.000606	0.000606	0.000606	0.000606	0.000606	0.000606	0.003906	0.000606	0.000606	0.000606	0.000606	0.000606	0.000606	0.000606	0.000606	0.000606	0.000606	0.000606	0.000606	0.000606	0.000606	0.000606	0.000840	0.000606	0.000606	0.001908	0.000723	0.000830	0.000606	0.000606	0.006727	0.004954	0.000606	0.000606	0.000606	0.000606	0.000606	0.000606	0.000606	0.000606	0.000606	0.000606	0.948074	
0.000610	0.005914	0.000610	0.000610	0.000610	0.000610	0.000610	0.000610	0.000610	0.000610	0.000610	0.000610	0.000610	0.003262	0.000610	0.000610	0.000610	0.000610	0.000610	0.000610	0.000610	0.000610	0.000610	0.000610	0.000610	0.000610	0.000610	0.000610	0.000610	0.001880	0.000610	0.000610	0.001237	0.001245	0.000775	0.000610	0.000610	0.003002	0.004784	0.000610	0.000610	0.000610	0.000610	0.000610	0.000610	0.000610	0.000610	0.000610	0.000610	0.952898	
0.000638	0.003995	0.000638	0.000638	0.000638	0.000638	0.000638	0.000638	0.000638	0.000638	0.000638	0.000638	0.000638	0.002317	0.000638	0.000638	0.000638	0.000638	0.000638	0.000638	0.000638	0.000638	0.000638	0.000638	0.000638	0.000638	0.000638	0.000638	0.000638	0.003199	0.000638	0.000638	0.002975	0.001919	0.001389	0.000638	0.000638	0.001635	0.005745	0.000638	0.000638	0.000638	0.000638	0.000638	0.000638	0.000638	0.000638	0.000638	0.000638	0.950652	
0.000599	0.006794	0.000599	0.000599	0.000599	0.000599	0.000599	0.000599	0.000599	0.000599	0.000599	0.000599	0.000599	0.003696	0.000599	0.000599	0.000599	0.000599	0.000599	0.000599	0.000599	0.000599	0.000599	0.000599	0.000599	0.000599	0.000599	0.000599	0.000599	0.001015	0.000599	0.000599	0.001393	0.000807	0.000860	0.000599	0.000599	0.001880	0.005385	0.000599	0.000599	0.000599	0.000599	0.000599	0.000599	0.000599	0.000599	0.000599	0.000599	0.953610	
0.000564	0.001711	0.000564	0.000564	0.000564	0.000564	0.000564	0.000564	0.000564	0.000564	0.000564	0.000564	0.000564	0.001138	0.000564	0.000564	0.000564	0.000564	0.000564	0.000564	0.000564	0.000564	0.000564	0.000564	0.000564	0.000564	0.000564	0.000564	0.000564	0.007925	0.000564	0.000564	0.001152	0.004245	0.000717	0.000564	0.000564	0.001352	0.012539	0.000564	0.000564	0.000564	0.000564	0.000564	0.000564	0.000564	0.000564	0.000564	0.000564	0.946095	
0.000571	0.000881	0.000571	0.000571	0.000571	0.000571	0.000571	0.000571	0.000571	0.000571	0.000571	0.000571	0.000571	0.000726	0.000571	0.000571	0.000571	0.000571	0.000571	0.000571	0.000571	0.000571	0.000571	0.000571	0.000571	0.000571	0.000571	0.000571	0.000571	0.008040	0.000571	0.000571	0.001258	0.004305	0.000774	0.000571	0.000571	0.001357	0.012734	0.000571	0.000571	0.000571	0.000571	0.000571	0.000571	0.000571	0.000571	0.000571	0.000571	0.946514	
0.000592	0.001180	0.000592	0.000592	0.000592	0.000592	0.000592	0.000592	0.000592	0.000592	0.000592	0.000592	0.000592	0.000886	0.000592	0.000592	0.000592	0.000592	0.000592	0.000592	0.000592	0.000592	0.000592	0.000592	0.000592	0.000592	0.000592	0.000592	0.000592	0.006708	0.000592	0.000592	0.002518	0.003650	0.001213	0.000592	0.000592	0.001617	0.012008	0.000592	0.000592	0.000592	0.000592	0.000592	0.000592	0.000592	0.000592	0.000592	0.000592	0.945967	
0.000715	0.000996	0.000715	0.000715	0.000715	0.000715	0.000715	0.000715	0.000715	0.000715	0.000715	0.000715	0.000715	0.000856	0.000715	0.000715	0.000715	0.000715	0.000715	0.000715	0.000715	0.000715	0.000715	0.000715	0.000715	0.000715	0.000715	0.000715	0.000715	0.003960	0.000715	0.000715	0.004606	0.002337	0.000967	0.000715	0.000715	0.005307	0.008880	0.000715	0.000715	0.000715	0.000715	0.000715	0.000715	0.000715	0.000715	0.000715	0.000715	0.942771	
0.000727	0.002067	0.000727	0.000727	0.000727	0.000727	0.000727	0.000727	0.000727	0.000727	0.000727	0.000727	0.000727	0.001397	0.000727	0.000727	0.000727	0.000727	0.000727	0.000727	0.000727	0.000727	0.000727	0.000727	0.000727	0.000727	0.000727	0.000727	0.000727	0.001783	0.000727	0.000727	0.006432	0.001255	0.002369	0.000727	0.000727	0.001513	0.004723	0.000727	0.000727	0.000727	0.000727	0.000727	0.000727	0.000727	0.000727	0.000727	0.000727	0.948642	
0.000808	0.001284	0.000808	0.000808	0.000808	0.000808	0.000808	0.000808	0.000808	0.000808	0.000808	0.000808	0.000808	0.001046	0.000808	0.000808	0.000808	0.000808	0.000808	0.000808	0.000808	0.000808	0.000808	0.000808	0.000808	0.000808	0.000808	0.000808	0.000808	0.002436	0.000808	0.000808	0.006367	0.001622	0.000960	0.000808	0.000808	0.004814	0.006169	0.000808	0.000808	0.000808	0.000808	0.000808	0.000808	0.000808	0.000808	0.000808	0.000808	0.942180	
0.000623	0.001077	0.000623	0.000623	0.000623	0.000623	0.000623	0.000623	0.000623	0.000623	0.000623	0.000623	0.000623	0.000850	0.000623	0.000623	0.000623	0.000623	0.000623	0.000623	0.000623	0.000623	0.000623	0.000623	0.000623	0.000623	0.000623	0.000623	0.000623	0.003187	0.000623	0.000623	0.006381	0.001905	0.003385	0.000623	0.000623	0.005111	0.007368	0.000623	0.000623	0.000623	0.000623	0.000623	0.000623	0.000623	0.000623	0.000623	0.000623	0.945196	
0.000723	0.001259	0.000723	0.000723	0.000723	0.000723	0.000723	0.000723	0.000723	0.000723	0.000723	0.000723	0.000723	0.000991	0.000723	0.000723	0.000723	0.000723	0.000723	0.000723	0.000723	0.000723	0.000723	0.000723	0.000723	0.000723	0.000723	0.000723	0.000723	0.003275	0.000723	0.000723	0.008037	0.001999	0.003085	0.000723	0.000723	0.001997	0.005893	0.000723	0.000723	0.000723	0.000723	0.000723	0.000723	0.000723	0.000723	0.000723	0.000723	0.943819	
0.000710	0.001297	0.000710	0.000710	0.000710	0.000710	0.000710	0.000710	0.000710	0.000710	0.000710	0.000710	0.000710	0.001003	0.000710	0.000710	0.000710	0.000710	0.000710	0.000710	0.000710	0.000710	0.000710	0.000710	0.000710	0.000710	0.000710	0.000710	0.000710	0.001038	0.000710	0.000710	0.010035	0.000874	0.004868	0.000710	0.000710	0.001554	0.002423	0.000710	0.000710	0.000710	0.000710	0.000710	0.000710	0.000710	0.000710	0.000710	0.000710	0.947795	
