0	0	59	18	0	0	0	
0	0	6	42	0	0	45	
0	0	0	0	27	0	0	
0	282	1	0	0	0	0	
0	0	0	42	0	0	0	
0	20	0	0	0	0	79	
67	0	0	107	0	1	0	
0	0	282	10	1	0	0	
0	0	0	5	0	98	0	
1	0	0	0	0	196	0	
0	0	0	0	0	0	12	
0	0	0	167	0	0	0	
0	0	0	57	136	0	0	
0	0	0	0	1	0	123	
1	0	0	24	0	0	0	
0	121	0	0	4	0	0	
56	0	0	0	82	0	0	
0	0	0	0	27	0	0	
0	0	35	0	1	50	0	
0	0	0	0	0	0	12	
0	0	67	0	0	0	0	
0	0	0	0	0	0	0	
0	0	0	0	0	0	94	
0	0	0	0	101	0	6	
0	0	0	0	36	0	0	
0	0	89	0	0	0	1	
0	0	0	209	0	0	0	
0	0	0	0	46	0	50	
0	0	0	0	16	0	0	
0	1	0	0	0	0	47	
0	0	0	0	0	0	44	
0	0	0	0	0	87	0	
0	0	0	0	0	106	47	
0	0	0	0	45	0	0	
0	0	14	1	0	0	0	
106	0	44	0	0	0	1	
26	163	3	134	5	11	0	
0	0	84	0	0	0	0	
121	0	0	0	0	0	0	
16	0	0	0	0	0	0	
0	0	12	0	0	0	0	
0	0	0	0	0	0	0	
0	0	0	0	65	0	0	
0	0	0	67	3	0	0	
0	0	0	0	0	0	14	
0	0	0	0	0	0	0	
0	0	0	0	0	0	132	
0	0	0	0	0	12	0	
171	0	0	0	0	0	0	
0	0	0	0	0	103	2	
