0.006973	0.000151	0.003286	0.005866	0.024021	0.000908	0.009200	0.031310	0.036239	0.083765	0.003733	0.105894	0.055684	0.006973	0.003643	0.000151	0.005751	0.002774	0.027841	0.000151	0.003995	0.005747	0.005576	0.016568	0.045195	0.016811	0.000151	0.000773	0.010529	0.077269	0.000151	0.010024	0.024512	0.002070	0.001463	0.031003	0.002119	0.010558	0.002936	0.144534	0.008361	0.006708	0.042996	0.022317	0.004873	0.010765	0.016218	0.007620	0.001244	0.052599	
0.009178	0.000138	0.004292	0.007741	0.006046	0.002780	0.021658	0.050939	0.044561	0.063393	0.012864	0.010451	0.077390	0.009178	0.004357	0.000138	0.004412	0.002195	0.020844	0.000138	0.011026	0.004527	0.008341	0.019152	0.062798	0.023314	0.000138	0.000613	0.002050	0.012530	0.000138	0.013872	0.033097	0.003629	0.001167	0.043056	0.001681	0.014151	0.010422	0.203546	0.010474	0.013145	0.003998	0.038823	0.003841	0.017141	0.001586	0.014956	0.000995	0.073098	
0.025213	0.000143	0.011661	0.012627	0.015053	0.001639	0.025444	0.042901	0.055391	0.056402	0.006955	0.019735	0.052939	0.025213	0.012167	0.000143	0.014495	0.003677	0.030223	0.000143	0.007996	0.007682	0.007911	0.028629	0.042966	0.015982	0.000143	0.001737	0.005463	0.033239	0.000143	0.009529	0.023909	0.003709	0.001910	0.029474	0.002793	0.038259	0.006160	0.140853	0.018502	0.011606	0.007817	0.054536	0.006504	0.012544	0.003021	0.013202	0.001615	0.050006	
0.003589	0.000150	0.001730	0.034231	0.013845	0.007994	0.048752	0.039193	0.088605	0.040291	0.035614	0.062503	0.004617	0.003589	0.008342	0.000150	0.052592	0.004081	0.026184	0.000150	0.024476	0.008536	0.011001	0.057339	0.003773	0.001490	0.000150	0.005977	0.018958	0.116207	0.000150	0.000944	0.004280	0.005973	0.002115	0.002632	0.003098	0.006353	0.033320	0.020245	0.066776	0.013561	0.025168	0.033261	0.007226	0.019676	0.009532	0.015428	0.001788	0.004369	
0.004925	0.000138	0.002337	0.043738	0.003829	0.001990	0.011342	0.015264	0.111505	0.057644	0.006616	0.009388	0.014910	0.004925	0.010329	0.000138	0.063782	0.010979	0.027410	0.000138	0.010154	0.023265	0.016011	0.071210	0.012119	0.004569	0.000138	0.007209	0.017305	0.097227	0.000138	0.002764	0.012534	0.008604	0.005558	0.008344	0.008268	0.007554	0.008857	0.051746	0.069448	0.021939	0.003339	0.052526	0.019651	0.013143	0.001338	0.024975	0.004655	0.014089	
0.004682	0.000142	0.002228	0.045105	0.008061	0.004739	0.029131	0.024118	0.118111	0.039178	0.020122	0.030948	0.004303	0.004682	0.011135	0.000142	0.070743	0.006445	0.024340	0.000142	0.016278	0.013589	0.012789	0.076810	0.003517	0.001390	0.000142	0.007987	0.020972	0.121656	0.000142	0.000882	0.005529	0.007407	0.003294	0.002454	0.004869	0.007572	0.021006	0.021027	0.078747	0.015926	0.012267	0.039494	0.011488	0.014618	0.004689	0.018124	0.002768	0.004072	
0.003540	0.000133	0.001698	0.061698	0.003833	0.001589	0.010441	0.009353	0.176745	0.017481	0.006324	0.011610	0.003188	0.003540	0.015438	0.000133	0.107544	0.002922	0.011480	0.000133	0.005837	0.006083	0.008612	0.115614	0.002611	0.001049	0.000133	0.012068	0.028915	0.162509	0.000133	0.000676	0.003016	0.006910	0.001528	0.001830	0.002225	0.005461	0.011308	0.012528	0.105017	0.007259	0.004618	0.019485	0.005153	0.006223	0.001815	0.008251	0.001295	0.003018	
0.004989	0.000145	0.002371	0.013363	0.010090	0.007992	0.041602	0.035628	0.033480	0.146347	0.029471	0.040128	0.008743	0.004989	0.004317	0.000145	0.017179	0.030777	0.019522	0.000145	0.019904	0.065494	0.007599	0.020567	0.007119	0.002724	0.000145	0.002038	0.007898	0.050553	0.000145	0.001673	0.021549	0.003378	0.015461	0.004922	0.023119	0.008300	0.026080	0.028188	0.048854	0.009802	0.016161	0.026840	0.055283	0.036309	0.006151	0.011147	0.012908	0.008265	
0.003306	0.000150	0.001600	0.015614	0.006871	0.009318	0.048888	0.039079	0.010143	0.130624	0.036249	0.029072	0.003787	0.003306	0.001987	0.000150	0.004454	0.028810	0.040699	0.000150	0.030218	0.061292	0.020760	0.005893	0.003100	0.001241	0.000150	0.000628	0.003543	0.023978	0.000150	0.000796	0.018364	0.008545	0.014480	0.002171	0.021645	0.005936	0.030993	0.030632	0.038416	0.032522	0.011081	0.073492	0.051738	0.037021	0.004249	0.037030	0.012092	0.003585	
0.006254	0.000149	0.002954	0.007482	0.017492	0.006268	0.030618	0.024740	0.019146	0.177865	0.020107	0.074431	0.003575	0.006254	0.003842	0.000149	0.009544	0.036382	0.021252	0.000149	0.013402	0.077446	0.005237	0.011797	0.002927	0.001176	0.000149	0.001192	0.008850	0.062177	0.000149	0.000758	0.022693	0.001959	0.018265	0.002052	0.027324	0.009951	0.017713	0.012366	0.041518	0.005581	0.030225	0.019219	0.065369	0.035461	0.011427	0.006338	0.015246	0.003384	
0.004376	0.000147	0.002090	0.014601	0.012181	0.003315	0.010693	0.009245	0.015488	0.180767	0.006135	0.053063	0.002914	0.004376	0.002872	0.000147	0.007941	0.039033	0.037546	0.000147	0.010892	0.083104	0.016958	0.009650	0.002392	0.000977	0.000147	0.001013	0.006517	0.045040	0.000147	0.000639	0.023968	0.006881	0.019590	0.001684	0.029312	0.006707	0.005421	0.023696	0.035754	0.025320	0.021024	0.059079	0.070142	0.030957	0.007976	0.028825	0.016350	0.002761	
0.004240	0.000146	0.002027	0.011703	0.012811	0.008191	0.041562	0.033237	0.031068	0.159135	0.029660	0.055305	0.003581	0.004240	0.004025	0.000146	0.017263	0.033428	0.017042	0.000146	0.018821	0.071147	0.005263	0.019664	0.002932	0.001177	0.000146	0.002048	0.009229	0.060793	0.000146	0.000757	0.020972	0.002317	0.016787	0.002054	0.025107	0.007175	0.026343	0.012394	0.050825	0.005592	0.022443	0.016943	0.060053	0.037653	0.008508	0.006351	0.014014	0.003390	
0.002638	0.000132	0.001284	0.005323	0.002476	0.002276	0.007571	0.034037	0.040612	0.143976	0.005241	0.006546	0.063634	0.002638	0.002058	0.000132	0.007148	0.024086	0.006167	0.000132	0.003719	0.051233	0.002898	0.018627	0.051640	0.019183	0.000132	0.000912	0.002477	0.014331	0.000132	0.011422	0.040212	0.001306	0.012109	0.035411	0.018097	0.004048	0.004266	0.162505	0.024514	0.003484	0.002655	0.010323	0.043248	0.027764	0.001078	0.003950	0.010113	0.060107	
0.004015	0.000139	0.001920	0.013337	0.004298	0.006890	0.036578	0.042960	0.045925	0.120827	0.026499	0.012949	0.033650	0.004015	0.004057	0.000139	0.018245	0.022833	0.013069	0.000139	0.017568	0.048553	0.006287	0.025684	0.027320	0.010192	0.000139	0.002151	0.005875	0.034349	0.000139	0.006096	0.027154	0.003044	0.011486	0.018756	0.017159	0.006738	0.023366	0.090034	0.043189	0.008303	0.005140	0.022457	0.040988	0.032516	0.002014	0.009439	0.009595	0.031788	
0.006831	0.000137	0.003213	0.007548	0.005277	0.004907	0.025504	0.038239	0.035847	0.141487	0.016575	0.011422	0.042168	0.006831	0.004020	0.000137	0.009159	0.026555	0.012359	0.000137	0.011339	0.056496	0.004759	0.017925	0.034229	0.012746	0.000137	0.001139	0.003399	0.020310	0.000137	0.007609	0.032827	0.002106	0.013346	0.023487	0.019951	0.010719	0.014283	0.110182	0.032933	0.006266	0.004570	0.021360	0.047690	0.031805	0.001799	0.007120	0.011145	0.039833	
0.053700	0.000151	0.024755	0.005095	0.027025	0.005718	0.068962	0.063708	0.037973	0.043444	0.024929	0.015610	0.024662	0.053700	0.022549	0.000151	0.005463	0.005409	0.039747	0.000151	0.017856	0.011368	0.003670	0.019300	0.020032	0.007504	0.000151	0.000741	0.002811	0.017746	0.000151	0.004509	0.013295	0.001674	0.002780	0.013768	0.004095	0.081889	0.021429	0.065292	0.019000	0.005193	0.006310	0.074847	0.009615	0.018074	0.002461	0.005895	0.002342	0.023300	
0.093328	0.000157	0.042965	0.007029	0.043445	0.001125	0.069773	0.055240	0.046381	0.012236	0.004395	0.009346	0.004358	0.093328	0.038956	0.000157	0.008082	0.001675	0.063620	0.000157	0.008128	0.003395	0.004389	0.025664	0.003565	0.001417	0.000157	0.001038	0.002957	0.017366	0.000157	0.000904	0.002770	0.002113	0.000916	0.002491	0.001295	0.141288	0.004128	0.014884	0.010326	0.006434	0.003733	0.124420	0.002889	0.003702	0.001498	0.007308	0.000790	0.004125	
0.050455	0.000159	0.023268	0.012179	0.033375	0.001201	0.040484	0.037577	0.031511	0.041335	0.004737	0.056191	0.015456	0.050455	0.021151	0.000159	0.004801	0.003167	0.063590	0.000159	0.011381	0.006577	0.015223	0.016487	0.012566	0.004748	0.000159	0.000674	0.005985	0.042615	0.000159	0.002878	0.008203	0.006301	0.001663	0.008657	0.002415	0.076400	0.003947	0.054154	0.008252	0.023573	0.022349	0.110098	0.005574	0.006221	0.008480	0.026833	0.001412	0.014606	
0.027470	0.000171	0.012714	0.004366	0.048873	0.003071	0.036466	0.028558	0.018409	0.078112	0.012883	0.185160	0.003263	0.027470	0.011840	0.000171	0.004814	0.003366	0.049980	0.000171	0.009736	0.006988	0.004972	0.010426	0.002679	0.001099	0.000171	0.000687	0.017030	0.127943	0.000171	0.000721	0.003306	0.001423	0.001769	0.001889	0.002568	0.041845	0.011268	0.010664	0.012003	0.004267	0.075316	0.041514	0.005923	0.008515	0.028350	0.004837	0.001503	0.003091	
0.032051	0.000156	0.014811	0.010830	0.015951	0.015455	0.112916	0.090104	0.026199	0.022717	0.070152	0.009181	0.007907	0.032051	0.013980	0.000156	0.007046	0.003698	0.038517	0.000156	0.046522	0.007713	0.010925	0.014388	0.006443	0.002481	0.000156	0.000921	0.002616	0.015316	0.000156	0.001534	0.005409	0.004794	0.001927	0.004462	0.002813	0.050403	0.060370	0.030936	0.038548	0.017215	0.003388	0.075237	0.006532	0.034694	0.001368	0.019591	0.001632	0.007477	
0.022804	0.000157	0.010562	0.009256	0.019594	0.016471	0.112234	0.087355	0.032710	0.041420	0.074130	0.047600	0.003234	0.022804	0.011165	0.000157	0.014251	0.005748	0.024767	0.000157	0.044606	0.012085	0.003405	0.019656	0.002652	0.001080	0.000157	0.001723	0.007813	0.051464	0.000157	0.000704	0.004683	0.001684	0.002953	0.001866	0.004351	0.036524	0.064378	0.010191	0.048436	0.003613	0.019367	0.035177	0.010221	0.037470	0.007361	0.004094	0.002487	0.003063	
0.002517	0.000159	0.001242	0.038165	0.005369	0.004027	0.023505	0.020401	0.013900	0.033091	0.017891	0.026580	0.005574	0.002517	0.001946	0.000159	0.006566	0.005507	0.095465	0.000159	0.034605	0.011568	0.052482	0.008298	0.004551	0.001784	0.000159	0.000871	0.003603	0.023195	0.000159	0.001122	0.005505	0.022022	0.002833	0.003167	0.004170	0.004197	0.014760	0.069887	0.016760	0.085345	0.008714	0.185352	0.009786	0.012131	0.003367	0.097206	0.002388	0.005273	
0.007286	0.000147	0.003427	0.041172	0.005225	0.007301	0.047421	0.039624	0.085417	0.016848	0.033165	0.011959	0.007400	0.007286	0.009388	0.000147	0.049104	0.002224	0.043393	0.000147	0.029398	0.004578	0.023524	0.054740	0.006030	0.002323	0.000147	0.005587	0.013652	0.077141	0.000147	0.001436	0.004340	0.011339	0.001186	0.004176	0.001705	0.011872	0.030760	0.041645	0.061109	0.035402	0.004044	0.084361	0.003885	0.017462	0.001609	0.040311	0.001013	0.006997	
0.007196	0.000159	0.003392	0.030678	0.008856	0.009899	0.062998	0.049885	0.028223	0.020580	0.045323	0.031791	0.003753	0.007196	0.004905	0.000159	0.014767	0.002206	0.067954	0.000159	0.042206	0.004526	0.034859	0.017549	0.003074	0.001237	0.000159	0.001782	0.006328	0.039682	0.000159	0.000798	0.002831	0.014922	0.001182	0.002155	0.001694	0.012067	0.039104	0.045849	0.034042	0.055801	0.011594	0.127979	0.003844	0.021936	0.004447	0.063549	0.001012	0.003553	
