0.125345	0.003788	0.002834	0.006566	0.003388	0.005649	0.092155	0.001138	0.001138	0.006401	0.000987	0.000194	0.002800	0.004911	0.004842	0.001138	0.008834	0.002657	0.192932	0.004039	0.092155	0.001614	0.033634	0.009804	0.004633	0.000682	0.004448	0.000194	0.000621	0.004010	0.001352	0.001847	0.009531	0.000194	0.002550	0.003804	0.000194	0.068659	0.020183	0.004154	0.009706	0.003240	0.005847	0.004714	0.067075	0.000621	0.057072	0.005564	0.008029	0.102131	
0.054811	0.004097	0.029060	0.006352	0.003157	0.027304	0.033466	0.001189	0.001189	0.042131	0.005749	0.000153	0.002854	0.006070	0.005983	0.001189	0.040126	0.003242	0.079350	0.004672	0.033466	0.006910	0.012266	0.013118	0.031494	0.000687	0.046726	0.000153	0.000620	0.009416	0.001423	0.018098	0.048755	0.000153	0.009360	0.039372	0.000153	0.041725	0.057493	0.043514	0.067312	0.006570	0.034366	0.004404	0.024380	0.000620	0.021067	0.019388	0.007522	0.047325	
0.066584	0.003445	0.029236	0.005099	0.002520	0.026796	0.044369	0.001022	0.001022	0.029789	0.004106	0.000159	0.002297	0.004898	0.004829	0.001022	0.037883	0.002633	0.097932	0.003977	0.044369	0.005002	0.016235	0.010789	0.022264	0.000604	0.047005	0.000159	0.000549	0.007998	0.001217	0.018126	0.043686	0.000159	0.007201	0.039602	0.000159	0.049758	0.046791	0.043775	0.047526	0.005542	0.030638	0.003501	0.032312	0.000549	0.027812	0.014129	0.005951	0.056972	
0.006089	0.006675	0.002098	0.102781	0.063413	0.066218	0.002873	0.001875	0.001875	0.015653	0.001442	0.000164	0.036961	0.006054	0.005967	0.001875	0.019635	0.003239	0.121570	0.007059	0.002873	0.002563	0.001149	0.099329	0.007321	0.001047	0.003280	0.000164	0.000936	0.010782	0.002261	0.001410	0.019783	0.000164	0.005838	0.002841	0.000164	0.003294	0.053561	0.003065	0.015501	0.007362	0.006845	0.089668	0.002134	0.000936	0.001860	0.008228	0.155304	0.016824	
0.013197	0.002766	0.020938	0.044076	0.027265	0.045098	0.003903	0.000839	0.000839	0.034971	0.004483	0.000153	0.025167	0.057316	0.056475	0.000839	0.022419	0.029995	0.056799	0.003949	0.003903	0.005315	0.001516	0.054414	0.024402	0.000507	0.033641	0.000153	0.000463	0.002958	0.000994	0.013071	0.030051	0.000153	0.005445	0.028351	0.000153	0.015352	0.023845	0.031331	0.052116	0.011868	0.050264	0.038519	0.002880	0.000463	0.002702	0.039272	0.066655	0.007755	
0.009444	0.009255	0.004704	0.094669	0.057698	0.062573	0.002333	0.002548	0.002548	0.032222	0.003733	0.000158	0.035099	0.014177	0.013971	0.002548	0.007737	0.007477	0.117789	0.009898	0.002333	0.005478	0.000949	0.089713	0.020179	0.001391	0.007483	0.000158	0.001237	0.002384	0.003088	0.003115	0.014118	0.000158	0.004489	0.006398	0.000158	0.004467	0.019292	0.006977	0.043061	0.003923	0.017088	0.081583	0.001740	0.001237	0.001553	0.019028	0.141295	0.005346	
0.010715	0.020426	0.002078	0.072143	0.040917	0.043286	0.003909	0.005483	0.005483	0.025979	0.003108	0.000158	0.031239	0.047520	0.046823	0.005483	0.006494	0.024884	0.121520	0.022002	0.003909	0.006495	0.001522	0.080144	0.016677	0.002906	0.003252	0.000158	0.002563	0.002964	0.006685	0.001479	0.011653	0.000158	0.004139	0.002933	0.000158	0.004038	0.020537	0.003039	0.035555	0.010144	0.029690	0.057836	0.002886	0.002563	0.002498	0.035878	0.100133	0.007761	
0.009112	0.017283	0.031690	0.015464	0.005870	0.032266	0.005511	0.004647	0.004647	0.007937	0.001118	0.000144	0.004379	0.006020	0.005934	0.004647	0.081416	0.003212	0.061489	0.018446	0.005511	0.003830	0.002096	0.037097	0.005596	0.002468	0.050968	0.000144	0.002178	0.032664	0.005664	0.019471	0.076257	0.000144	0.014727	0.043052	0.000144	0.022975	0.156623	0.047463	0.011827	0.020043	0.026939	0.008246	0.004048	0.002178	0.003813	0.010336	0.014188	0.048079	
0.005122	0.007425	0.004534	0.006597	0.002553	0.006241	0.002911	0.002071	0.002071	0.005480	0.000847	0.000164	0.003025	0.009083	0.008952	0.002071	0.115591	0.004820	0.027020	0.007912	0.002911	0.002023	0.001163	0.047867	0.003990	0.001148	0.007206	0.000164	0.001025	0.066673	0.002502	0.002869	0.102319	0.000164	0.028747	0.006150	0.000164	0.004785	0.317059	0.006720	0.008363	0.040313	0.008787	0.003546	0.002162	0.001025	0.001911	0.008205	0.006026	0.089524	
0.010908	0.066563	0.019676	0.031959	0.004940	0.021317	0.007028	0.017585	0.017585	0.006664	0.000949	0.000133	0.004482	0.009758	0.009616	0.017585	0.035296	0.005158	0.183299	0.069736	0.007028	0.011164	0.002640	0.049330	0.004701	0.009140	0.031619	0.000133	0.008015	0.011240	0.021526	0.012117	0.034966	0.000133	0.005573	0.027187	0.000133	0.016873	0.054740	0.029447	0.009922	0.008274	0.019974	0.006935	0.005147	0.008015	0.004612	0.025413	0.011924	0.021843	
0.004607	0.073168	0.011172	0.031420	0.003081	0.012336	0.002014	0.019320	0.019320	0.008468	0.001214	0.000133	0.002978	0.007085	0.006983	0.019320	0.042599	0.003763	0.186719	0.076487	0.002014	0.012463	0.000817	0.054464	0.006189	0.010036	0.017919	0.000133	0.008798	0.019862	0.023653	0.006933	0.040932	0.000133	0.009446	0.015716	0.000133	0.008125	0.096241	0.016692	0.013110	0.012802	0.013295	0.004305	0.001501	0.008798	0.001419	0.026752	0.007365	0.027764	
0.006085	0.048991	0.039957	0.028035	0.006501	0.039812	0.003482	0.012964	0.012964	0.006385	0.000887	0.000127	0.006390	0.015829	0.015598	0.012964	0.040755	0.008325	0.136014	0.051735	0.003482	0.008416	0.001347	0.039981	0.004379	0.006753	0.064297	0.000127	0.005925	0.004290	0.015863	0.024506	0.041695	0.000127	0.002597	0.054533	0.000127	0.026465	0.021681	0.059872	0.009238	0.005313	0.036915	0.009146	0.002567	0.005925	0.002644	0.023154	0.015760	0.009076	
0.015660	0.008689	0.052713	0.008853	0.003671	0.047550	0.010847	0.002385	0.002385	0.004923	0.000736	0.000138	0.003683	0.009274	0.009139	0.002385	0.075333	0.004908	0.047442	0.009770	0.010847	0.002100	0.004032	0.022201	0.003485	0.001298	0.084842	0.000138	0.001153	0.018470	0.002892	0.032297	0.072508	0.000138	0.008405	0.071479	0.000138	0.039471	0.088467	0.079000	0.007309	0.012383	0.042435	0.005137	0.007927	0.001153	0.007342	0.008405	0.008803	0.035263	
0.015784	0.003350	0.053540	0.004969	0.002444	0.046994	0.005936	0.000977	0.000977	0.033562	0.004590	0.000132	0.002418	0.005912	0.005827	0.000977	0.068997	0.003149	0.022941	0.004164	0.005936	0.005526	0.002242	0.014561	0.025096	0.000568	0.086178	0.000132	0.000514	0.014278	0.001168	0.032993	0.074382	0.000132	0.010308	0.072556	0.000132	0.036397	0.077884	0.080243	0.053627	0.009357	0.049153	0.003404	0.004353	0.000514	0.004313	0.015969	0.005803	0.024642	
0.010064	0.002708	0.074976	0.006046	0.003267	0.065702	0.005667	0.000804	0.000804	0.010650	0.001498	0.000125	0.003748	0.011034	0.010873	0.000804	0.070627	0.005820	0.022191	0.003810	0.005667	0.002029	0.002140	0.010911	0.007814	0.000475	0.120718	0.000125	0.000431	0.004467	0.000957	0.045936	0.072302	0.000125	0.003253	0.101611	0.000125	0.049066	0.024001	0.112401	0.016601	0.004568	0.060400	0.004571	0.004155	0.000431	0.004382	0.009676	0.007832	0.011613	
0.038589	0.003110	0.005908	0.004641	0.002293	0.007146	0.002592	0.000915	0.000915	0.149630	0.020173	0.000133	0.003150	0.010744	0.010588	0.000915	0.011481	0.005673	0.015606	0.003456	0.002592	0.022631	0.001027	0.009393	0.112354	0.000537	0.009437	0.000133	0.000486	0.003985	0.001092	0.004664	0.048734	0.000133	0.020789	0.007987	0.000133	0.005387	0.066487	0.008795	0.240606	0.004240	0.049248	0.003190	0.001922	0.000486	0.001718	0.060989	0.005431	0.007734	
0.042184	0.003097	0.003025	0.004285	0.002072	0.004518	0.004456	0.000913	0.000913	0.154318	0.020806	0.000134	0.002623	0.008366	0.008245	0.000913	0.009016	0.004432	0.018843	0.003376	0.004456	0.023325	0.001706	0.008507	0.115894	0.000536	0.004792	0.000134	0.000486	0.003968	0.001088	0.002934	0.047473	0.000134	0.021382	0.004078	0.000134	0.005012	0.067918	0.004470	0.248190	0.003811	0.047374	0.002876	0.003277	0.000486	0.002838	0.061622	0.004887	0.009676	
0.038431	0.017070	0.002793	0.011068	0.003139	0.005411	0.005540	0.004584	0.004584	0.132161	0.017818	0.000134	0.003625	0.010720	0.010564	0.004584	0.006812	0.005660	0.056747	0.017973	0.005540	0.022170	0.002100	0.016962	0.099162	0.002431	0.004418	0.000134	0.002144	0.002773	0.005588	0.002643	0.039974	0.000134	0.018042	0.003882	0.000134	0.005661	0.055081	0.004123	0.212338	0.003533	0.042344	0.004386	0.004065	0.002144	0.003505	0.058404	0.007504	0.009264	
0.014347	0.090797	0.003267	0.037596	0.002923	0.005589	0.007952	0.023950	0.023950	0.015844	0.002205	0.000131	0.003206	0.008966	0.008836	0.023950	0.014969	0.004744	0.241056	0.094803	0.007952	0.016243	0.002975	0.056418	0.011744	0.012425	0.005184	0.000131	0.010888	0.007387	0.029329	0.002151	0.018082	0.000131	0.005149	0.005151	0.000131	0.007700	0.039501	0.004836	0.025017	0.005899	0.010632	0.004082	0.005819	0.010888	0.005000	0.035282	0.006980	0.017811	
0.010063	0.042077	0.031664	0.032973	0.011208	0.037695	0.003390	0.011151	0.011151	0.024318	0.003237	0.000131	0.008981	0.015384	0.015160	0.011151	0.032540	0.008094	0.126403	0.044429	0.003390	0.009947	0.001316	0.042511	0.017527	0.005819	0.050934	0.000131	0.005108	0.003573	0.013639	0.019556	0.038041	0.000131	0.004528	0.043231	0.000131	0.021420	0.023899	0.047430	0.037407	0.004819	0.035594	0.015807	0.002501	0.005108	0.002496	0.027470	0.027302	0.008041	
0.017330	0.093514	0.002802	0.041313	0.004643	0.006955	0.009606	0.024663	0.024663	0.019262	0.002641	0.000130	0.003988	0.007835	0.007722	0.024663	0.005823	0.004153	0.253638	0.097614	0.009606	0.017137	0.003576	0.056914	0.014191	0.012792	0.004435	0.000130	0.011210	0.002176	0.030203	0.001888	0.010936	0.000130	0.003375	0.004543	0.000130	0.008624	0.015854	0.004138	0.030261	0.002676	0.010648	0.006517	0.007021	0.011210	0.006017	0.036720	0.011200	0.012782	
0.005961	0.003820	0.003814	0.006299	0.003201	0.006291	0.002646	0.001132	0.001132	0.004627	0.000734	0.000175	0.035989	0.201818	0.198853	0.001132	0.008392	0.105444	0.018675	0.006980	0.002646	0.001346	0.001073	0.055475	0.003307	0.000669	0.006038	0.000175	0.000607	0.003236	0.001348	0.002427	0.008812	0.000175	0.001992	0.005139	0.000175	0.004155	0.016030	0.005634	0.006886	0.037535	0.098732	0.004457	0.001972	0.000607	0.001743	0.096141	0.007597	0.006761	
0.045702	0.006735	0.006430	0.008690	0.004041	0.009325	0.032225	0.001900	0.001900	0.006957	0.001038	0.000177	0.023049	0.122491	0.120692	0.001900	0.009563	0.064032	0.084654	0.008881	0.032225	0.002125	0.011831	0.039103	0.004999	0.001066	0.010252	0.000177	0.000955	0.002621	0.002289	0.004042	0.010717	0.000177	0.002021	0.008709	0.000177	0.027237	0.013826	0.009557	0.010510	0.023179	0.063836	0.005644	0.023485	0.000955	0.020058	0.061039	0.009654	0.037150	
0.006707	0.019976	0.003293	0.011798	0.002949	0.005609	0.003147	0.005369	0.005369	0.007714	0.001142	0.000164	0.020556	0.111419	0.109783	0.005369	0.041548	0.058246	0.058737	0.022486	0.003147	0.004262	0.001249	0.053680	0.005641	0.002850	0.005205	0.000164	0.002514	0.023224	0.006544	0.002125	0.038501	0.000164	0.010778	0.004573	0.000164	0.004211	0.111819	0.004857	0.011902	0.033172	0.056666	0.004105	0.002333	0.002514	0.002043	0.059932	0.006996	0.033288	
