0.000895	0.004479	0.001384	0.002722	0.000199	0.006824	0.001178	0.001559	0.191703	0.003738	0.005169	0.001460	0.008498	0.004231	0.000199	0.003341	0.003232	0.004794	0.004388	0.013160	0.005967	0.000809	0.039561	0.001513	0.010030	0.005244	0.007869	0.012175	0.009098	0.038139	0.063557	0.005025	0.006278	0.001770	0.000869	0.176223	0.000611	0.015692	0.007757	0.000199	0.065637	0.146352	0.068555	0.005519	0.000709	0.038139	0.001903	0.000199	0.001248	0.000199	
0.002570	0.010260	0.011725	0.006904	0.000143	0.010955	0.001846	0.001326	0.019245	0.009166	0.049944	0.003523	0.054966	0.043399	0.000143	0.004132	0.005464	0.012458	0.011371	0.011710	0.065050	0.004894	0.038093	0.002429	0.110780	0.013665	0.074893	0.010629	0.086252	0.002810	0.006588	0.051324	0.012897	0.002878	0.001308	0.013670	0.000860	0.027317	0.011542	0.000143	0.020555	0.012661	0.094372	0.027805	0.000974	0.002810	0.019320	0.000143	0.011944	0.000143	
0.001851	0.005387	0.009279	0.003497	0.000143	0.005684	0.001141	0.003452	0.016739	0.007221	0.058186	0.001820	0.064599	0.046904	0.000143	0.005749	0.003249	0.006253	0.005714	0.031068	0.076659	0.004129	0.043074	0.001482	0.130567	0.006852	0.059096	0.029172	0.068170	0.001396	0.003258	0.060827	0.006561	0.001745	0.000826	0.006863	0.000563	0.014449	0.014092	0.000143	0.014811	0.006212	0.108213	0.023703	0.000570	0.001396	0.022750	0.000143	0.014055	0.000143	
0.000916	0.043213	0.014192	0.003055	0.000141	0.008570	0.027145	0.002134	0.062915	0.004447	0.020951	0.001598	0.003777	0.016589	0.000141	0.042427	0.082625	0.005448	0.004980	0.019065	0.004200	0.005961	0.004691	0.036383	0.007060	0.005968	0.091480	0.019714	0.104609	0.002588	0.005766	0.003763	0.007558	0.043489	0.018617	0.012891	0.011511	0.111192	0.055055	0.000141	0.023577	0.031445	0.009662	0.012470	0.000789	0.002588	0.001340	0.000141	0.000879	0.000141	
0.001581	0.043466	0.001832	0.004940	0.000137	0.039275	0.025872	0.001937	0.052638	0.019965	0.033129	0.002538	0.018226	0.013767	0.000137	0.040313	0.078783	0.008885	0.008113	0.019048	0.021551	0.000995	0.012670	0.034676	0.036639	0.009743	0.011750	0.017921	0.013004	0.001030	0.009125	0.017476	0.025229	0.041449	0.017745	0.004449	0.010973	0.156781	0.053663	0.000137	0.003971	0.026381	0.031246	0.011868	0.003147	0.001030	0.006464	0.000137	0.004030	0.000137	
0.001305	0.031063	0.006080	0.003218	0.000141	0.022658	0.018775	0.001759	0.050397	0.012833	0.038445	0.001680	0.029613	0.023979	0.000141	0.029624	0.057078	0.005745	0.005251	0.016405	0.034868	0.002679	0.021919	0.025150	0.059334	0.006294	0.038937	0.015768	0.044426	0.003112	0.009333	0.027802	0.014913	0.030053	0.012891	0.014511	0.007987	0.104039	0.039530	0.000141	0.013304	0.027661	0.053012	0.014023	0.001873	0.003112	0.010401	0.000141	0.006455	0.000141	
0.000651	0.005843	0.005460	0.001916	0.000177	0.007918	0.002694	0.028212	0.085754	0.004082	0.004416	0.001046	0.003204	0.006918	0.000177	0.038930	0.007892	0.003344	0.003064	0.259943	0.003621	0.005094	0.003426	0.003556	0.006048	0.003654	0.034317	0.245678	0.040841	0.001613	0.004014	0.008522	0.005984	0.004218	0.001900	0.007360	0.001237	0.022468	0.088524	0.000177	0.009855	0.008184	0.007236	0.006091	0.000773	0.001613	0.001195	0.000177	0.000803	0.000177	
0.000918	0.006070	0.027772	0.003039	0.000146	0.041060	0.001958	0.007667	0.028590	0.019771	0.004575	0.001593	0.003876	0.027953	0.000146	0.012216	0.005727	0.005415	0.004950	0.072072	0.004462	0.011949	0.003562	0.002577	0.007502	0.005932	0.178382	0.066094	0.205843	0.001259	0.009835	0.005231	0.024096	0.003054	0.001386	0.008069	0.000909	0.073539	0.027596	0.000146	0.040004	0.008341	0.007900	0.019619	0.003293	0.001259	0.001421	0.000146	0.000931	0.000146	
0.000525	0.004580	0.032281	0.001528	0.000147	0.037957	0.002101	0.001335	0.040462	0.018177	0.003626	0.000837	0.003234	0.031436	0.000147	0.004512	0.006137	0.002662	0.002440	0.013324	0.003072	0.013119	0.008329	0.002769	0.005133	0.002908	0.207464	0.010703	0.238984	0.007047	0.018709	0.002860	0.020895	0.003284	0.001484	0.035352	0.000970	0.068229	0.008059	0.000147	0.055936	0.030291	0.015180	0.019546	0.003055	0.007047	0.001011	0.000147	0.000679	0.000147	
0.001094	0.007279	0.001502	0.003723	0.000155	0.108036	0.002266	0.010287	0.066119	0.051347	0.004655	0.001939	0.004302	0.003586	0.000155	0.015930	0.006662	0.006653	0.006079	0.100099	0.004304	0.001707	0.009332	0.002988	0.007226	0.007290	0.008897	0.088976	0.011180	0.007399	0.032755	0.005953	0.058955	0.003543	0.001599	0.033874	0.001044	0.181886	0.036322	0.000155	0.014189	0.035894	0.017430	0.006776	0.008454	0.007399	0.001381	0.000155	0.000910	0.000155	
0.001372	0.010757	0.006932	0.004898	0.000140	0.126840	0.003712	0.006705	0.031633	0.060216	0.005273	0.002519	0.003410	0.008466	0.000140	0.013610	0.011129	0.008807	0.008042	0.068174	0.003851	0.003513	0.003735	0.004934	0.006465	0.009657	0.044040	0.057864	0.051505	0.001786	0.027199	0.004972	0.069806	0.005874	0.002584	0.008451	0.001644	0.217781	0.029194	0.000140	0.012247	0.016809	0.007903	0.011263	0.009886	0.001786	0.001237	0.000140	0.000815	0.000140	
0.000778	0.006141	0.001899	0.002543	0.000149	0.136376	0.002388	0.005142	0.061688	0.064571	0.003638	0.001346	0.003235	0.003229	0.000149	0.009690	0.007027	0.004508	0.004124	0.054191	0.002837	0.001348	0.010276	0.003154	0.004731	0.004936	0.011491	0.044012	0.014042	0.009222	0.041193	0.003911	0.072137	0.003744	0.001681	0.042387	0.001092	0.226910	0.020519	0.000149	0.017813	0.044545	0.018310	0.005018	0.010628	0.009222	0.000944	0.000149	0.000638	0.000149	
0.001100	0.005660	0.013838	0.002588	0.000146	0.060646	0.002024	0.001202	0.042846	0.030457	0.024066	0.001367	0.026261	0.028033	0.000146	0.004233	0.005922	0.004593	0.004201	0.013399	0.030392	0.005729	0.023788	0.002666	0.051702	0.005029	0.088508	0.009529	0.102152	0.007630	0.024028	0.024364	0.033594	0.003161	0.001431	0.036214	0.000937	0.104779	0.008308	0.000146	0.031559	0.033825	0.053985	0.016365	0.004800	0.007630	0.009083	0.000146	0.005646	0.000146	
0.001000	0.004914	0.010061	0.002050	0.000144	0.077064	0.001926	0.001739	0.037651	0.038351	0.026367	0.001097	0.028792	0.026111	0.000144	0.004764	0.005617	0.003616	0.003309	0.019337	0.033545	0.004270	0.024250	0.002535	0.057077	0.003956	0.064155	0.014242	0.074227	0.006312	0.025029	0.027022	0.041386	0.003004	0.001363	0.029732	0.000894	0.130339	0.009340	0.000144	0.024153	0.029641	0.056262	0.014180	0.006061	0.006312	0.010012	0.000144	0.006217	0.000144	
0.001532	0.006273	0.002335	0.003391	0.000139	0.081894	0.001819	0.004323	0.020016	0.041671	0.039477	0.001765	0.043116	0.027747	0.000139	0.007845	0.005325	0.006062	0.005540	0.043557	0.051116	0.001436	0.029103	0.002394	0.087031	0.006643	0.014348	0.036881	0.017047	0.001353	0.017848	0.041339	0.045287	0.002836	0.001289	0.005988	0.000847	0.138459	0.017780	0.000139	0.005201	0.010992	0.072742	0.015264	0.006428	0.001353	0.015201	0.000139	0.009408	0.000139	
0.015806	0.074375	0.001601	0.062616	0.000146	0.012806	0.002826	0.001154	0.016130	0.008557	0.004752	0.031381	0.003496	0.003528	0.000146	0.005356	0.009444	0.113931	0.103891	0.010199	0.003936	0.000828	0.003924	0.003743	0.006607	0.125086	0.009599	0.009176	0.011058	0.001938	0.005514	0.003380	0.073530	0.004449	0.001980	0.008602	0.001274	0.065574	0.053512	0.000146	0.005161	0.013183	0.008252	0.091957	0.001120	0.001938	0.001266	0.000146	0.000835	0.000146	
0.010762	0.048720	0.010132	0.041547	0.000144	0.006247	0.001499	0.001066	0.012616	0.005834	0.018671	0.020845	0.020060	0.021211	0.000144	0.003294	0.005021	0.075557	0.068903	0.009023	0.023657	0.004231	0.014476	0.001963	0.040224	0.082950	0.064604	0.008317	0.074383	0.001722	0.003900	0.018794	0.047614	0.002320	0.001071	0.008459	0.000715	0.038359	0.035530	0.000144	0.016532	0.009809	0.035252	0.069549	0.000613	0.001722	0.007091	0.000144	0.004419	0.000144	
0.014130	0.065898	0.002237	0.055900	0.000150	0.012097	0.002205	0.004553	0.023455	0.007983	0.004318	0.028025	0.003458	0.004066	0.000150	0.008682	0.007420	0.101695	0.092735	0.041564	0.003904	0.001425	0.003787	0.002908	0.006549	0.111651	0.013668	0.038836	0.015927	0.001815	0.005173	0.004032	0.065971	0.003449	0.001556	0.008080	0.001015	0.058379	0.057525	0.000150	0.005821	0.011808	0.008004	0.082567	0.001069	0.001815	0.001259	0.000150	0.000832	0.000150	
0.012230	0.057580	0.002396	0.048323	0.000158	0.009825	0.002355	0.002252	0.055815	0.006583	0.003581	0.024241	0.003235	0.003663	0.000158	0.006012	0.007723	0.087887	0.080146	0.020078	0.002795	0.001263	0.010621	0.003106	0.004653	0.096487	0.014651	0.018648	0.016927	0.009612	0.017488	0.002691	0.056689	0.003684	0.001661	0.044215	0.001083	0.050912	0.045411	0.000158	0.019136	0.041127	0.018854	0.071479	0.000902	0.009612	0.000937	0.000158	0.000638	0.000158	
0.003281	0.026894	0.008232	0.012509	0.000139	0.090428	0.008851	0.004122	0.030882	0.043368	0.009138	0.006324	0.003904	0.010262	0.000139	0.017956	0.026954	0.022671	0.020683	0.042191	0.004495	0.003774	0.003587	0.011831	0.007565	0.024880	0.052571	0.035679	0.060866	0.001262	0.019340	0.004785	0.059406	0.014124	0.006100	0.006157	0.003807	0.182274	0.036077	0.000139	0.013157	0.017178	0.007966	0.023073	0.007084	0.001262	0.001426	0.000139	0.000931	0.000139	
0.004633	0.024945	0.007787	0.017694	0.000142	0.085873	0.003573	0.004345	0.027571	0.041675	0.009184	0.008918	0.007943	0.011918	0.000142	0.010453	0.010930	0.032112	0.029291	0.043972	0.009188	0.003620	0.007120	0.004747	0.015562	0.035247	0.049545	0.037195	0.057532	0.002283	0.020132	0.008488	0.062638	0.005650	0.002489	0.010832	0.001587	0.159202	0.031353	0.000142	0.014255	0.016912	0.016089	0.031189	0.006736	0.002283	0.002814	0.000142	0.001787	0.000142	
0.000595	0.051200	0.007896	0.001747	0.000139	0.015526	0.033559	0.000984	0.071001	0.007716	0.025694	0.000943	0.004368	0.011452	0.000139	0.050446	0.102188	0.003069	0.002810	0.008844	0.004897	0.003326	0.005132	0.044993	0.008249	0.003356	0.051055	0.010172	0.057855	0.002651	0.007210	0.004112	0.009704	0.053787	0.023005	0.012565	0.014210	0.144349	0.061856	0.000139	0.015031	0.037091	0.010732	0.007404	0.001322	0.002651	0.001544	0.000139	0.001004	0.000139	
0.001366	0.028719	0.002265	0.003480	0.000142	0.037622	0.016985	0.004983	0.046908	0.019870	0.036961	0.001811	0.029103	0.020151	0.000142	0.031015	0.051618	0.006222	0.005685	0.047087	0.034460	0.001475	0.019944	0.022747	0.058638	0.006818	0.014277	0.043834	0.016325	0.001276	0.009206	0.028199	0.022819	0.027180	0.011666	0.005614	0.007234	0.121712	0.046122	0.000142	0.004968	0.020112	0.049524	0.012324	0.003025	0.001276	0.010281	0.000142	0.006382	0.000142	
0.001292	0.037844	0.015303	0.004614	0.000140	0.024777	0.022310	0.002776	0.052718	0.012074	0.016919	0.002377	0.002753	0.016795	0.000140	0.036106	0.067896	0.008289	0.007570	0.025944	0.003065	0.006469	0.003341	0.029894	0.005126	0.009088	0.098522	0.024955	0.112972	0.001822	0.007629	0.003079	0.017489	0.035728	0.015309	0.009452	0.009475	0.120781	0.049697	0.000140	0.023817	0.025724	0.006870	0.015104	0.002035	0.001822	0.001004	0.000140	0.000672	0.000140	
