0.000587	0.001721	0.000587	0.000587	0.000587	0.000587	0.000587	0.000587	0.000587	0.000587	0.000587	0.000587	0.000587	0.004873	0.000587	0.000587	0.000587	0.000587	0.000587	0.000587	0.000587	0.000587	0.000587	0.000587	0.000587	0.000587	0.000587	0.000587	0.000587	0.000975	0.000587	0.000587	0.001205	0.000781	0.000814	0.000587	0.000587	0.001542	0.014417	0.000587	0.000587	0.000587	0.000587	0.000587	0.000587	0.000587	0.000587	0.000587	0.000587	0.949586	
0.000602	0.000889	0.000602	0.000602	0.000602	0.000602	0.000602	0.000602	0.000602	0.000602	0.000602	0.000602	0.000602	0.002403	0.000602	0.000602	0.000602	0.000602	0.000602	0.000602	0.000602	0.000602	0.000602	0.000602	0.000602	0.000602	0.000602	0.000602	0.000602	0.001499	0.000602	0.000602	0.002187	0.001051	0.000942	0.000602	0.000602	0.002104	0.008595	0.000602	0.000602	0.000602	0.000602	0.000602	0.000602	0.000602	0.000602	0.000602	0.000602	0.955633	
0.000589	0.000953	0.000589	0.000589	0.000589	0.000589	0.000589	0.000589	0.000589	0.000589	0.000589	0.000589	0.000589	0.003626	0.000589	0.000589	0.000589	0.000589	0.000589	0.000589	0.000589	0.000589	0.000589	0.000589	0.000589	0.000589	0.000589	0.000589	0.000589	0.000936	0.000589	0.000589	0.002379	0.000762	0.000784	0.000589	0.000589	0.003043	0.011815	0.000589	0.000589	0.000589	0.000589	0.000589	0.000589	0.000589	0.000589	0.000589	0.000589	0.951574	
0.000680	0.000940	0.000680	0.000680	0.000680	0.000680	0.000680	0.000680	0.000680	0.000680	0.000680	0.000680	0.000680	0.000819	0.000680	0.000680	0.000680	0.000680	0.000680	0.000680	0.000680	0.000680	0.000680	0.000680	0.000680	0.000680	0.000680	0.000680	0.000680	0.001279	0.000680	0.000680	0.001160	0.000980	0.000859	0.000680	0.000680	0.023860	0.002296	0.000680	0.000680	0.000680	0.000680	0.000680	0.000680	0.000680	0.000680	0.000680	0.000680	0.939914	
0.000638	0.001383	0.000638	0.000638	0.000638	0.000638	0.000638	0.000638	0.000638	0.000638	0.000638	0.000638	0.000638	0.000777	0.000638	0.000638	0.000638	0.000638	0.000638	0.000638	0.000638	0.000638	0.000638	0.000638	0.000638	0.000638	0.000638	0.000638	0.000638	0.001404	0.000638	0.000638	0.004704	0.001021	0.002126	0.000638	0.000638	0.008797	0.004781	0.000638	0.000638	0.000638	0.000638	0.000638	0.000638	0.000638	0.000638	0.000638	0.000638	0.948845	
0.000650	0.001161	0.000650	0.000650	0.000650	0.000650	0.000650	0.000650	0.000650	0.000650	0.000650	0.000650	0.000650	0.001656	0.000650	0.000650	0.000650	0.000650	0.000650	0.000650	0.000650	0.000650	0.000650	0.000650	0.000650	0.000650	0.000650	0.000650	0.000650	0.001033	0.000650	0.000650	0.003320	0.000842	0.001731	0.000650	0.000650	0.014481	0.005832	0.000650	0.000650	0.000650	0.000650	0.000650	0.000650	0.000650	0.000650	0.000650	0.000650	0.943296	
0.000634	0.002145	0.000634	0.000634	0.000634	0.000634	0.000634	0.000634	0.000634	0.000634	0.000634	0.000634	0.000634	0.000759	0.000634	0.000634	0.000634	0.000634	0.000634	0.000634	0.000634	0.000634	0.000634	0.000634	0.000634	0.000634	0.000634	0.000634	0.000634	0.001400	0.000634	0.000634	0.003362	0.001017	0.001674	0.000634	0.000634	0.009256	0.003845	0.000634	0.000634	0.000634	0.000634	0.000634	0.000634	0.000634	0.000634	0.000634	0.000634	0.950559	
0.000586	0.003540	0.000586	0.000586	0.000586	0.000586	0.000586	0.000586	0.000586	0.000586	0.000586	0.000586	0.000586	0.000738	0.000586	0.000586	0.000586	0.000586	0.000586	0.000586	0.000586	0.000586	0.000586	0.000586	0.000586	0.000586	0.000586	0.000586	0.000586	0.001474	0.000586	0.000586	0.004042	0.001030	0.000843	0.000586	0.000586	0.004376	0.005573	0.000586	0.000586	0.000586	0.000586	0.000586	0.000586	0.000586	0.000586	0.000586	0.000586	0.954357	
0.000603	0.003064	0.000603	0.000603	0.000603	0.000603	0.000603	0.000603	0.000603	0.000603	0.000603	0.000603	0.000603	0.000743	0.000603	0.000603	0.000603	0.000603	0.000603	0.000603	0.000603	0.000603	0.000603	0.000603	0.000603	0.000603	0.000603	0.000603	0.000603	0.001207	0.000603	0.000603	0.003722	0.000905	0.000945	0.000603	0.000603	0.008684	0.004707	0.000603	0.000603	0.000603	0.000603	0.000603	0.000603	0.000603	0.000603	0.000603	0.000603	0.951291	
0.000585	0.007257	0.000585	0.000585	0.000585	0.000585	0.000585	0.000585	0.000585	0.000585	0.000585	0.000585	0.000585	0.000893	0.000585	0.000585	0.000585	0.000585	0.000585	0.000585	0.000585	0.000585	0.000585	0.000585	0.000585	0.000585	0.000585	0.000585	0.000585	0.001193	0.000585	0.000585	0.001317	0.000889	0.000717	0.000585	0.000585	0.005617	0.003023	0.000585	0.000585	0.000585	0.000585	0.000585	0.000585	0.000585	0.000585	0.000585	0.000585	0.955115	
0.000567	0.008307	0.000567	0.000567	0.000567	0.000567	0.000567	0.000567	0.000567	0.000567	0.000567	0.000567	0.000567	0.000784	0.000567	0.000567	0.000567	0.000567	0.000567	0.000567	0.000567	0.000567	0.000567	0.000567	0.000567	0.000567	0.000567	0.000567	0.000567	0.001114	0.000567	0.000567	0.001784	0.000840	0.000837	0.000567	0.000567	0.001956	0.002987	0.000567	0.000567	0.000567	0.000567	0.000567	0.000567	0.000567	0.000567	0.000567	0.000567	0.958159	
0.000594	0.004790	0.000594	0.000594	0.000594	0.000594	0.000594	0.000594	0.000594	0.000594	0.000594	0.000594	0.000594	0.000737	0.000594	0.000594	0.000594	0.000594	0.000594	0.000594	0.000594	0.000594	0.000594	0.000594	0.000594	0.000594	0.000594	0.000594	0.000594	0.000992	0.000594	0.000594	0.001478	0.000793	0.000959	0.000594	0.000594	0.004567	0.002140	0.000594	0.000594	0.000594	0.000594	0.000594	0.000594	0.000594	0.000594	0.000594	0.000594	0.959194	
0.000589	0.003039	0.000589	0.000589	0.000589	0.000589	0.000589	0.000589	0.000589	0.000589	0.000589	0.000589	0.000589	0.003021	0.000589	0.000589	0.000589	0.000589	0.000589	0.000589	0.000589	0.000589	0.000589	0.000589	0.000589	0.000589	0.000589	0.000589	0.000589	0.001296	0.000589	0.000589	0.002629	0.000943	0.001044	0.000589	0.000589	0.002298	0.010529	0.000589	0.000589	0.000589	0.000589	0.000589	0.000589	0.000589	0.000589	0.000589	0.000589	0.951047	
0.000601	0.000831	0.000601	0.000601	0.000601	0.000601	0.000601	0.000601	0.000601	0.000601	0.000601	0.000601	0.000601	0.002704	0.000601	0.000601	0.000601	0.000601	0.000601	0.000601	0.000601	0.000601	0.000601	0.000601	0.000601	0.000601	0.000601	0.000601	0.000601	0.001605	0.000601	0.000601	0.002410	0.001103	0.000776	0.000601	0.000601	0.002835	0.010054	0.000601	0.000601	0.000601	0.000601	0.000601	0.000601	0.000601	0.000601	0.000601	0.000601	0.953061	
0.000588	0.002728	0.000588	0.000588	0.000588	0.000588	0.000588	0.000588	0.000588	0.000588	0.000588	0.000588	0.000588	0.002781	0.000588	0.000588	0.000588	0.000588	0.000588	0.000588	0.000588	0.000588	0.000588	0.000588	0.000588	0.000588	0.000588	0.000588	0.000588	0.001133	0.000588	0.000588	0.001326	0.000861	0.000731	0.000588	0.000588	0.001940	0.008580	0.000588	0.000588	0.000588	0.000588	0.000588	0.000588	0.000588	0.000588	0.000588	0.000588	0.955824	
0.000813	0.001153	0.000813	0.000813	0.000813	0.000813	0.000813	0.000813	0.000813	0.000813	0.000813	0.000813	0.000813	0.000940	0.000813	0.000813	0.000813	0.000813	0.000813	0.000813	0.000813	0.000813	0.000813	0.000813	0.000813	0.000813	0.000813	0.000813	0.000813	0.013605	0.000813	0.000813	0.001896	0.007209	0.001300	0.000813	0.000813	0.001718	0.020976	0.000813	0.000813	0.000813	0.000813	0.000813	0.000813	0.000813	0.000813	0.000813	0.000813	0.917854	
0.000850	0.001061	0.000850	0.000850	0.000850	0.000850	0.000850	0.000850	0.000850	0.000850	0.000850	0.000850	0.000850	0.001018	0.000850	0.000850	0.000850	0.000850	0.000850	0.000850	0.000850	0.000850	0.000850	0.000850	0.000850	0.000850	0.000850	0.000850	0.000850	0.016016	0.000850	0.000850	0.001382	0.008433	0.001047	0.000850	0.000850	0.001655	0.024438	0.000850	0.000850	0.000850	0.000850	0.000850	0.000850	0.000850	0.000850	0.000850	0.000850	0.910095	
0.000658	0.001284	0.000658	0.000658	0.000658	0.000658	0.000658	0.000658	0.000658	0.000658	0.000658	0.000658	0.000658	0.001200	0.000658	0.000658	0.000658	0.000658	0.000658	0.000658	0.000658	0.000658	0.000658	0.000658	0.000658	0.000658	0.000658	0.000658	0.000658	0.004133	0.000658	0.000658	0.002665	0.002395	0.001551	0.000658	0.000658	0.001807	0.008611	0.000658	0.000658	0.000658	0.000658	0.000658	0.000658	0.000658	0.000658	0.000658	0.000658	0.949381	
0.000651	0.001427	0.000651	0.000651	0.000651	0.000651	0.000651	0.000651	0.000651	0.000651	0.000651	0.000651	0.000651	0.000956	0.000651	0.000651	0.000651	0.000651	0.000651	0.000651	0.000651	0.000651	0.000651	0.000651	0.000651	0.000651	0.000651	0.000651	0.000651	0.003506	0.000651	0.000651	0.002581	0.002079	0.001426	0.000651	0.000651	0.003781	0.007003	0.000651	0.000651	0.000651	0.000651	0.000651	0.000651	0.000651	0.000651	0.000651	0.000651	0.950535	
0.000605	0.002040	0.000605	0.000605	0.000605	0.000605	0.000605	0.000605	0.000605	0.000605	0.000605	0.000605	0.000605	0.000730	0.000605	0.000605	0.000605	0.000605	0.000605	0.000605	0.000605	0.000605	0.000605	0.000605	0.000605	0.000605	0.000605	0.000605	0.000605	0.001160	0.000605	0.000605	0.003927	0.000882	0.001741	0.000605	0.000605	0.002441	0.003998	0.000605	0.000605	0.000605	0.000605	0.000605	0.000605	0.000605	0.000605	0.000605	0.000605	0.958279	
0.000622	0.002454	0.000622	0.000622	0.000622	0.000622	0.000622	0.000622	0.000622	0.000622	0.000622	0.000622	0.000622	0.000778	0.000622	0.000622	0.000622	0.000622	0.000622	0.000622	0.000622	0.000622	0.000622	0.000622	0.000622	0.000622	0.000622	0.000622	0.000622	0.002440	0.000622	0.000622	0.003216	0.001531	0.001293	0.000622	0.000622	0.003801	0.005738	0.000622	0.000622	0.000622	0.000622	0.000622	0.000622	0.000622	0.000622	0.000622	0.000622	0.953249	
0.000658	0.001990	0.000658	0.000658	0.000658	0.000658	0.000658	0.000658	0.000658	0.000658	0.000658	0.000658	0.000658	0.000813	0.000658	0.000658	0.000658	0.000658	0.000658	0.000658	0.000658	0.000658	0.000658	0.000658	0.000658	0.000658	0.000658	0.000658	0.000658	0.001095	0.000658	0.000658	0.007504	0.000876	0.003998	0.000658	0.000658	0.008162	0.005285	0.000658	0.000658	0.000658	0.000658	0.000658	0.000658	0.000658	0.000658	0.000658	0.000658	0.943296	
0.000665	0.001006	0.000665	0.000665	0.000665	0.000665	0.000665	0.000665	0.000665	0.000665	0.000665	0.000665	0.000665	0.000973	0.000665	0.000665	0.000665	0.000665	0.000665	0.000665	0.000665	0.000665	0.000665	0.000665	0.000665	0.000665	0.000665	0.000665	0.000665	0.001143	0.000665	0.000665	0.011253	0.000904	0.005848	0.000665	0.000665	0.002080	0.007709	0.000665	0.000665	0.000665	0.000665	0.000665	0.000665	0.000665	0.000665	0.000665	0.000665	0.941824	
0.000652	0.001173	0.000652	0.000652	0.000652	0.000652	0.000652	0.000652	0.000652	0.000652	0.000652	0.000652	0.000652	0.000875	0.000652	0.000652	0.000652	0.000652	0.000652	0.000652	0.000652	0.000652	0.000652	0.000652	0.000652	0.000652	0.000652	0.000652	0.000652	0.002068	0.000652	0.000652	0.008191	0.001360	0.003952	0.000652	0.000652	0.002322	0.007685	0.000652	0.000652	0.000652	0.000652	0.000652	0.000652	0.000652	0.000652	0.000652	0.000652	0.945658	
