0.002208	0.006041	0.054962	0.069294	0.007980	0.002547	0.002742	0.000167	0.012373	0.009023	0.003776	0.000167	0.006405	0.000167	0.003534	0.002785	0.008596	0.001285	0.010167	0.020715	0.010539	0.078388	0.006401	0.014075	0.096058	0.000742	0.001161	0.002649	0.005801	0.000167	0.001391	0.003841	0.013293	0.003669	0.054962	0.222087	0.001323	0.000167	0.000167	0.008963	0.090877	0.091949	0.003840	0.000912	0.016160	0.003048	0.003158	0.001387	0.002074	0.035821	
0.002226	0.007374	0.030364	0.054823	0.012918	0.002561	0.002918	0.000164	0.021070	0.026857	0.009525	0.000164	0.010957	0.000164	0.003555	0.030362	0.094648	0.002099	0.016223	0.011489	0.014075	0.052524	0.016333	0.010024	0.053015	0.006258	0.001865	0.002664	0.050099	0.000164	0.001397	0.014398	0.034205	0.003909	0.030364	0.122477	0.001328	0.000164	0.000164	0.046317	0.055282	0.050750	0.003863	0.001454	0.033241	0.005150	0.003392	0.002275	0.022165	0.020225	
0.006916	0.005704	0.027209	0.050952	0.019163	0.008360	0.002127	0.000157	0.017859	0.022197	0.006825	0.000157	0.025855	0.000157	0.011758	0.026446	0.082723	0.004766	0.013801	0.010302	0.038872	0.044665	0.011675	0.010110	0.047497	0.005455	0.003939	0.008712	0.043647	0.000157	0.004376	0.019035	0.024404	0.002836	0.027209	0.109715	0.004142	0.000157	0.000157	0.041504	0.060852	0.045468	0.012813	0.003230	0.028820	0.012029	0.002478	0.005185	0.019311	0.018116	
0.001722	0.044887	0.001631	0.249192	0.107116	0.001953	0.002741	0.000148	0.218666	0.009558	0.002087	0.000148	0.006994	0.000148	0.002701	0.003565	0.012171	0.001376	0.218459	0.000704	0.009560	0.007379	0.003497	0.004580	0.002744	0.000883	0.003581	0.002031	0.005750	0.000148	0.001076	0.008472	0.007198	0.003675	0.001631	0.006156	0.001025	0.000148	0.000148	0.009869	0.007287	0.002632	0.002933	0.000966	0.007732	0.003311	0.004337	0.001487	0.002638	0.001161	
0.004229	0.015318	0.002575	0.081177	0.060690	0.005048	0.002393	0.000153	0.073264	0.019017	0.016700	0.000153	0.062492	0.000153	0.007076	0.020185	0.063547	0.011333	0.063035	0.001061	0.058284	0.023093	0.028735	0.005182	0.004392	0.004204	0.009669	0.005258	0.032837	0.000153	0.002670	0.020081	0.060325	0.003200	0.002575	0.009963	0.002531	0.000153	0.000153	0.032534	0.047205	0.004210	0.007705	0.007607	0.056561	0.028951	0.003060	0.012350	0.014748	0.002014	
0.001907	0.025983	0.001781	0.133475	0.060514	0.002135	0.003674	0.000151	0.111313	0.035458	0.003542	0.000151	0.017544	0.000151	0.002957	0.040624	0.127003	0.003270	0.109798	0.000762	0.017817	0.010248	0.006008	0.005964	0.003003	0.008316	0.003841	0.002220	0.066105	0.000151	0.001171	0.020690	0.012482	0.004943	0.001781	0.006752	0.001114	0.000151	0.000151	0.061326	0.014808	0.002881	0.003212	0.002230	0.012496	0.008186	0.004784	0.003554	0.029638	0.001788	
0.002450	0.019097	0.002257	0.108227	0.102527	0.002913	0.001438	0.000140	0.096618	0.005747	0.003118	0.000140	0.120023	0.000140	0.004061	0.003274	0.010642	0.021640	0.090996	0.000934	0.095433	0.007600	0.005283	0.003160	0.003845	0.000793	0.018106	0.003031	0.005298	0.000140	0.001566	0.020317	0.010969	0.001906	0.002257	0.008714	0.001486	0.000140	0.000140	0.007507	0.086339	0.003686	0.004418	0.014473	0.011781	0.055521	0.002133	0.023595	0.002424	0.001561	
0.002855	0.038950	0.017822	0.089547	0.012929	0.002351	0.022938	0.000156	0.025648	0.074078	0.011187	0.000156	0.009236	0.000156	0.003260	0.016275	0.050831	0.001784	0.017837	0.006780	0.012355	0.063565	0.019210	0.035801	0.031071	0.003835	0.001636	0.002445	0.026849	0.000156	0.001285	0.009041	0.040271	0.031139	0.017822	0.071703	0.001222	0.000156	0.000156	0.062588	0.034341	0.029746	0.003543	0.001241	0.037770	0.004350	0.026226	0.001932	0.011900	0.011869	
0.004050	0.067123	0.008807	0.151976	0.030479	0.003148	0.036649	0.000143	0.058847	0.103860	0.002518	0.000143	0.009855	0.000143	0.004393	0.002532	0.008112	0.001885	0.053978	0.003392	0.014544	0.060561	0.004245	0.053669	0.015304	0.001351	0.002124	0.003277	0.004250	0.000143	0.001689	0.005615	0.008777	0.049791	0.008807	0.035230	0.001603	0.000143	0.000143	0.068545	0.020620	0.014655	0.004779	0.001305	0.010363	0.004630	0.042064	0.002044	0.001884	0.005809	
0.006634	0.049480	0.002501	0.092934	0.031602	0.006663	0.029699	0.000145	0.028119	0.086279	0.012153	0.000145	0.047126	0.000145	0.009363	0.005523	0.017637	0.008571	0.017547	0.001028	0.050693	0.053319	0.020887	0.043889	0.004268	0.001811	0.006979	0.006942	0.008962	0.000145	0.003497	0.013078	0.043812	0.040339	0.002501	0.009688	0.003311	0.000145	0.000145	0.061432	0.036562	0.004091	0.010201	0.005762	0.043314	0.021848	0.033935	0.009337	0.004063	0.001753	
0.003318	0.069590	0.003360	0.114302	0.025782	0.001918	0.043403	0.000138	0.017560	0.124686	0.002259	0.000138	0.041909	0.000138	0.002656	0.005558	0.017227	0.007630	0.010721	0.001347	0.035307	0.061874	0.003801	0.061807	0.005777	0.002088	0.006159	0.001995	0.009046	0.000138	0.001054	0.008830	0.007850	0.058978	0.003360	0.013188	0.001003	0.000138	0.000138	0.084122	0.034120	0.005535	0.002885	0.005133	0.008369	0.019435	0.049519	0.008311	0.004087	0.002310	
0.002601	0.009863	0.003193	0.045999	0.020771	0.003038	0.002506	0.000184	0.063905	0.008547	0.061762	0.000184	0.010638	0.000184	0.004221	0.003145	0.011151	0.002059	0.032712	0.001312	0.016119	0.070044	0.106545	0.004818	0.005449	0.000823	0.002029	0.003161	0.005081	0.000184	0.001652	0.005362	0.224102	0.003342	0.003193	0.012367	0.001571	0.000184	0.000184	0.009144	0.012260	0.005223	0.004588	0.001434	0.198383	0.005014	0.003015	0.002230	0.002342	0.002182	
0.002529	0.033124	0.007321	0.069916	0.010407	0.002112	0.019677	0.000151	0.017267	0.086688	0.003087	0.000151	0.007958	0.000151	0.002924	0.050844	0.158278	0.001551	0.014350	0.002840	0.010666	0.037469	0.005223	0.029330	0.012699	0.010680	0.001406	0.002196	0.082887	0.000151	0.001159	0.020964	0.010828	0.026706	0.007321	0.029192	0.001103	0.000151	0.000151	0.103206	0.016917	0.012161	0.003176	0.001084	0.011309	0.003757	0.022487	0.001678	0.037084	0.005536	
0.005383	0.034159	0.001759	0.067346	0.012002	0.005580	0.020417	0.000152	0.021200	0.083098	0.011781	0.000152	0.011796	0.000152	0.007829	0.041838	0.130622	0.002240	0.013584	0.000755	0.021973	0.040075	0.020239	0.030433	0.002965	0.008894	0.001942	0.005813	0.068081	0.000152	0.002944	0.020740	0.042440	0.027713	0.001759	0.006662	0.002788	0.000152	0.000152	0.093504	0.010953	0.002844	0.008527	0.001544	0.041267	0.005531	0.023327	0.002430	0.030523	0.001792	
0.002665	0.006685	0.001607	0.022417	0.007482	0.003072	0.003468	0.000165	0.019957	0.048364	0.023905	0.000165	0.007918	0.000165	0.004277	0.062134	0.193902	0.001556	0.008389	0.000706	0.013371	0.030547	0.041170	0.005913	0.002689	0.012625	0.001344	0.003197	0.101122	0.000165	0.001660	0.025550	0.086492	0.004656	0.001607	0.006006	0.001577	0.000165	0.000165	0.090107	0.007912	0.002581	0.004651	0.001092	0.077933	0.003747	0.003971	0.001682	0.045314	0.001988	
0.055010	0.004298	0.001776	0.056720	0.008573	0.067455	0.001599	0.000126	0.012486	0.006238	0.003983	0.000126	0.007554	0.000126	0.095349	0.003291	0.013974	0.001458	0.010229	0.000745	0.166332	0.008100	0.006788	0.022675	0.003013	0.000789	0.001290	0.070341	0.005322	0.000126	0.034753	0.051466	0.014151	0.002129	0.001776	0.006807	0.032829	0.000126	0.000126	0.028128	0.010737	0.002889	0.104005	0.001014	0.062496	0.003558	0.001862	0.001580	0.002432	0.001244	
0.040868	0.005144	0.011597	0.060610	0.012949	0.050085	0.001614	0.000135	0.016336	0.009404	0.002515	0.000135	0.012141	0.000135	0.070779	0.008290	0.028524	0.002288	0.014740	0.004433	0.128231	0.019363	0.004246	0.019197	0.020194	0.001795	0.001995	0.052226	0.013703	0.000135	0.025824	0.041268	0.008789	0.002147	0.011597	0.046557	0.024396	0.000135	0.000135	0.029389	0.028616	0.019334	0.077201	0.001570	0.045387	0.005681	0.001903	0.002484	0.006077	0.007702	
0.051757	0.007853	0.002771	0.061503	0.008949	0.063356	0.003719	0.000127	0.013478	0.013012	0.002941	0.000127	0.007039	0.000127	0.089551	0.004627	0.017883	0.001367	0.011577	0.001119	0.156147	0.011040	0.004988	0.024587	0.004755	0.001099	0.001233	0.066066	0.007522	0.000127	0.032645	0.048923	0.010360	0.005012	0.002771	0.010837	0.030838	0.000127	0.000127	0.032364	0.011773	0.004556	0.097681	0.000954	0.056183	0.003320	0.004286	0.001480	0.003406	0.001910	
0.030717	0.036998	0.001771	0.103691	0.019351	0.036717	0.019983	0.000133	0.035605	0.058827	0.003541	0.000133	0.008631	0.000133	0.051873	0.005087	0.017907	0.001657	0.031843	0.000748	0.093770	0.031155	0.006018	0.039185	0.003000	0.001521	0.001692	0.038285	0.008242	0.000133	0.018948	0.030334	0.012523	0.027129	0.001771	0.006767	0.017903	0.000133	0.000133	0.053219	0.010146	0.002877	0.056577	0.001149	0.038233	0.004059	0.022941	0.001796	0.003743	0.001269	
0.020839	0.010663	0.001610	0.049741	0.044292	0.025347	0.004454	0.000144	0.032708	0.014334	0.018617	0.000144	0.069874	0.000144	0.035787	0.003522	0.012637	0.012650	0.020551	0.000694	0.112228	0.026459	0.032051	0.013995	0.002710	0.000906	0.010228	0.026427	0.005681	0.000144	0.013106	0.028888	0.067317	0.006005	0.001610	0.006082	0.012386	0.000144	0.000144	0.020185	0.051662	0.002600	0.039028	0.008482	0.077715	0.032356	0.005172	0.013787	0.002605	0.001146	
0.023209	0.011927	0.001954	0.053387	0.031418	0.028215	0.005310	0.000146	0.031339	0.020839	0.018414	0.000146	0.044205	0.000146	0.039844	0.010063	0.033164	0.008048	0.020267	0.000824	0.100092	0.027789	0.031700	0.016113	0.003310	0.002233	0.006597	0.029418	0.016342	0.000146	0.014581	0.030097	0.066576	0.007169	0.001954	0.007468	0.013780	0.000146	0.000146	0.031374	0.034607	0.003174	0.043453	0.005414	0.079214	0.020499	0.006146	0.008766	0.007372	0.001463	
0.003155	0.012812	0.001473	0.068872	0.100397	0.003762	0.001785	0.000136	0.061114	0.007589	0.002528	0.000136	0.150862	0.000136	0.005264	0.004647	0.014753	0.027169	0.054390	0.000638	0.120247	0.006431	0.004267	0.003767	0.002476	0.001071	0.022047	0.003918	0.007516	0.000136	0.002001	0.024454	0.008833	0.002379	0.001473	0.005551	0.001897	0.000136	0.000136	0.010236	0.106431	0.002376	0.005730	0.018158	0.010506	0.069765	0.002322	0.029626	0.003423	0.001070	
0.014220	0.005974	0.004092	0.033755	0.058492	0.017311	0.002593	0.000137	0.016476	0.018918	0.002737	0.000137	0.107807	0.000137	0.024426	0.019075	0.060217	0.019447	0.011165	0.001620	0.120751	0.011081	0.004628	0.009420	0.007058	0.003974	0.015473	0.018047	0.031078	0.000137	0.008969	0.033115	0.009591	0.003477	0.004092	0.016154	0.008479	0.000137	0.000137	0.035289	0.081417	0.006761	0.026635	0.013010	0.021365	0.049876	0.002998	0.021203	0.013935	0.002978	
0.002974	0.030393	0.005692	0.090655	0.071856	0.002939	0.014012	0.000139	0.052157	0.042938	0.001870	0.000139	0.100821	0.000139	0.004099	0.006432	0.020196	0.018196	0.046425	0.002222	0.081275	0.026885	0.003129	0.021373	0.009857	0.001675	0.014888	0.003059	0.010526	0.000139	0.001579	0.018055	0.006434	0.019006	0.005692	0.022628	0.001499	0.000139	0.000139	0.033885	0.078497	0.009440	0.004459	0.012177	0.008004	0.046650	0.016215	0.019838	0.004724	0.003839	
