0.030616	0.009610	0.004780	0.003507	0.004419	0.138920	0.003339	0.015658	0.013733	0.010010	0.010393	0.053416	0.012139	0.004072	0.001021	0.002698	0.010548	0.006526	0.138920	0.000214	0.003258	0.000214	0.001835	0.006189	0.114355	0.000214	0.000993	0.009675	0.005195	0.001032	0.000771	0.053416	0.000751	0.002871	0.001114	0.003267	0.000214	0.008108	0.008797	0.025031	0.001170	0.000214	0.030616	0.001535	0.001837	0.001770	0.000781	0.000214	0.235823	0.004199	
0.004426	0.050936	0.042606	0.009142	0.023349	0.019649	0.004124	0.093102	0.062610	0.085944	0.037648	0.007631	0.069526	0.003036	0.004601	0.015407	0.064446	0.023960	0.019649	0.000153	0.028603	0.000153	0.001860	0.004994	0.038025	0.000153	0.000735	0.031334	0.018071	0.001563	0.002504	0.007631	0.004258	0.011368	0.004946	0.016994	0.000153	0.061528	0.035275	0.004705	0.000867	0.000153	0.004426	0.005606	0.012444	0.008732	0.000576	0.000153	0.033270	0.016976	
0.016146	0.008775	0.030921	0.004686	0.003873	0.073026	0.004671	0.088148	0.057817	0.062939	0.015030	0.028121	0.017166	0.008585	0.000888	0.010328	0.061532	0.007669	0.073026	0.000180	0.020903	0.000180	0.003007	0.008551	0.064953	0.000180	0.001877	0.013417	0.007543	0.001317	0.000903	0.028121	0.004043	0.003629	0.001016	0.002862	0.000180	0.045670	0.039757	0.013940	0.002262	0.000180	0.016146	0.001926	0.011498	0.001546	0.001414	0.000180	0.123918	0.005353	
0.001018	0.006807	0.003720	0.004818	0.002946	0.004182	0.005442	0.141401	0.213092	0.009384	0.057294	0.001684	0.008404	0.108178	0.000670	0.013002	0.018776	0.007111	0.004182	0.000130	0.002528	0.000130	0.020575	0.051817	0.010357	0.000130	0.021938	0.012721	0.051440	0.001436	0.000765	0.001684	0.001195	0.003161	0.001700	0.002174	0.000130	0.007751	0.132298	0.000942	0.026894	0.000130	0.001018	0.002588	0.003277	0.001171	0.015990	0.000130	0.007014	0.004677	
0.000943	0.088346	0.019812	0.005978	0.043017	0.003782	0.008481	0.093383	0.097870	0.040017	0.025584	0.001540	0.113123	0.037497	0.008368	0.009739	0.040387	0.043988	0.003782	0.000146	0.013028	0.000146	0.009184	0.023072	0.009449	0.000146	0.007685	0.014148	0.039792	0.002683	0.000622	0.001540	0.002681	0.002416	0.009298	0.031272	0.000146	0.031151	0.062627	0.001283	0.009398	0.000146	0.000943	0.001587	0.008127	0.016002	0.005629	0.000146	0.006322	0.003551	
0.001196	0.045956	0.005534	0.007994	0.021635	0.004949	0.007571	0.125470	0.130781	0.017666	0.049129	0.001986	0.056126	0.064378	0.004264	0.010127	0.052142	0.024816	0.004949	0.000143	0.003584	0.000143	0.013593	0.034308	0.017794	0.000143	0.013108	0.023053	0.042745	0.002245	0.001475	0.001986	0.003400	0.006495	0.005148	0.015746	0.000143	0.010984	0.099048	0.001129	0.016054	0.000143	0.001196	0.003806	0.009937	0.008092	0.009572	0.000143	0.008306	0.009671	
0.001107	0.036714	0.036812	0.024447	0.017270	0.004559	0.039727	0.074442	0.107161	0.068086	0.030705	0.001834	0.053352	0.030146	0.003423	0.014599	0.017239	0.049059	0.004559	0.000138	0.024742	0.000138	0.017375	0.043031	0.023300	0.000138	0.006195	0.051697	0.024515	0.009543	0.001238	0.001834	0.001196	0.005386	0.003933	0.012576	0.000138	0.070997	0.042752	0.001860	0.007571	0.000138	0.001107	0.002953	0.003459	0.006474	0.004543	0.000138	0.007647	0.008010	
0.000956	0.054018	0.005632	0.033579	0.023572	0.003816	0.040121	0.086288	0.017635	0.025181	0.065181	0.001558	0.062674	0.005612	0.004645	0.008776	0.079764	0.054201	0.003816	0.000154	0.003636	0.000154	0.013226	0.032844	0.050230	0.000154	0.001255	0.087246	0.022883	0.009966	0.004304	0.001558	0.005253	0.019948	0.005016	0.017156	0.000154	0.027083	0.045931	0.000938	0.001506	0.000154	0.000956	0.009782	0.015347	0.008815	0.000955	0.000154	0.006374	0.029845	
0.006670	0.006748	0.004082	0.022101	0.002715	0.029801	0.036111	0.165563	0.020179	0.028813	0.017806	0.011540	0.008678	0.007846	0.000664	0.003512	0.160797	0.033032	0.029801	0.000177	0.002790	0.000177	0.012412	0.031619	0.040513	0.000177	0.001725	0.047985	0.007595	0.008532	0.001128	0.011540	0.010449	0.004711	0.000769	0.002020	0.000177	0.023308	0.088580	0.005552	0.002076	0.000177	0.006670	0.002441	0.030172	0.001116	0.001303	0.000177	0.050498	0.006978	
0.001234	0.026616	0.005872	0.064608	0.010403	0.005106	0.100349	0.021961	0.013406	0.017035	0.058168	0.002050	0.030962	0.003116	0.002114	0.008047	0.015557	0.094371	0.005106	0.000148	0.003918	0.000148	0.031054	0.076345	0.062273	0.000148	0.000747	0.141709	0.014047	0.023577	0.003936	0.002050	0.001129	0.018216	0.002282	0.007593	0.000148	0.057302	0.011154	0.001174	0.000883	0.000148	0.001234	0.008918	0.003149	0.003941	0.000583	0.000148	0.008570	0.027250	
0.001106	0.009867	0.008388	0.058582	0.003463	0.004526	0.098745	0.053927	0.049224	0.020713	0.039025	0.001826	0.013512	0.019875	0.000782	0.007572	0.027447	0.087154	0.004526	0.000146	0.005680	0.000146	0.033488	0.082583	0.045406	0.000146	0.004128	0.120254	0.014724	0.022976	0.002166	0.001826	0.001871	0.009779	0.001009	0.002554	0.000146	0.060196	0.036139	0.001136	0.005033	0.000146	0.001106	0.004988	0.005223	0.001373	0.003042	0.000146	0.007585	0.014595	
0.003750	0.022881	0.009440	0.052779	0.007585	0.016580	0.070570	0.022863	0.023932	0.024506	0.079877	0.006451	0.024412	0.006053	0.001575	0.011530	0.010739	0.066652	0.016580	0.000149	0.006353	0.000149	0.022535	0.055556	0.076718	0.000149	0.001341	0.127978	0.016567	0.016811	0.005318	0.006451	0.000807	0.024802	0.001731	0.005547	0.000149	0.047741	0.012020	0.003311	0.001611	0.000149	0.003750	0.012132	0.002170	0.002899	0.001016	0.000149	0.028059	0.037129	
0.004511	0.021667	0.003653	0.032761	0.003432	0.020060	0.005749	0.050233	0.023990	0.024402	0.155179	0.007785	0.012513	0.010096	0.000777	0.018442	0.038480	0.007772	0.020060	0.000147	0.002484	0.000147	0.003580	0.009183	0.109064	0.000147	0.002155	0.120682	0.025980	0.002257	0.010283	0.007785	0.002577	0.048489	0.000913	0.002532	0.000147	0.007783	0.030395	0.003782	0.002611	0.000147	0.004511	0.023630	0.007281	0.001362	0.001607	0.000147	0.033972	0.072661	
0.001353	0.027452	0.016505	0.030548	0.006974	0.005672	0.007054	0.067106	0.035380	0.047275	0.139326	0.002262	0.024244	0.007026	0.001451	0.019915	0.050505	0.012116	0.005672	0.000140	0.011126	0.000140	0.003437	0.008673	0.089230	0.000140	0.001530	0.110860	0.024550	0.002524	0.009283	0.002262	0.003359	0.043744	0.001608	0.005102	0.000140	0.026486	0.032984	0.001542	0.001846	0.000140	0.001353	0.021302	0.009622	0.002668	0.001151	0.000140	0.009537	0.065545	
0.001182	0.054443	0.009210	0.037002	0.019794	0.004899	0.016083	0.020833	0.021119	0.029858	0.147183	0.001964	0.055167	0.004859	0.003908	0.018624	0.010115	0.030575	0.004899	0.000138	0.006082	0.000138	0.005797	0.014228	0.095813	0.000138	0.001091	0.125669	0.030939	0.004814	0.009843	0.001964	0.000769	0.046424	0.004221	0.014409	0.000138	0.020394	0.010438	0.001212	0.001308	0.000138	0.001182	0.022578	0.002246	0.007408	0.000831	0.000138	0.008226	0.069567	
0.001028	0.018743	0.081564	0.010704	0.007475	0.004230	0.006390	0.086367	0.121821	0.150007	0.040605	0.001702	0.039026	0.006283	0.001538	0.026301	0.026285	0.013096	0.004230	0.000129	0.055047	0.000129	0.003101	0.007705	0.027995	0.000129	0.001371	0.034571	0.011521	0.001857	0.002606	0.001702	0.001797	0.011941	0.001695	0.005462	0.000129	0.117910	0.020110	0.002945	0.001653	0.000129	0.001028	0.005901	0.005093	0.002846	0.001032	0.000129	0.007096	0.017846	
0.000759	0.040569	0.086037	0.003804	0.019510	0.003009	0.003724	0.080433	0.139969	0.153163	0.016123	0.001233	0.069751	0.012681	0.003845	0.025059	0.009673	0.021119	0.003009	0.000128	0.057956	0.000128	0.003407	0.008428	0.009429	0.000128	0.002661	0.010572	0.016802	0.001265	0.000730	0.001233	0.000723	0.002999	0.004226	0.014200	0.000128	0.122676	0.019137	0.002837	0.003237	0.000128	0.000759	0.001632	0.002129	0.007297	0.001970	0.000128	0.005022	0.004435	
0.001744	0.099858	0.046434	0.007317	0.048283	0.007445	0.008137	0.051749	0.078496	0.083957	0.021141	0.002944	0.132905	0.008828	0.009376	0.014721	0.012148	0.048624	0.007445	0.000143	0.030954	0.000143	0.004082	0.010093	0.017187	0.000143	0.001896	0.019408	0.030427	0.002714	0.001141	0.002944	0.000897	0.004899	0.010115	0.035094	0.000143	0.068427	0.015943	0.002614	0.002295	0.000143	0.001744	0.002524	0.003001	0.017948	0.001418	0.000143	0.012546	0.007278	
0.005153	0.010168	0.049659	0.033390	0.004630	0.022980	0.059269	0.058470	0.077417	0.090608	0.012006	0.008906	0.024917	0.005594	0.001008	0.014763	0.020467	0.055198	0.022980	0.000148	0.033537	0.000148	0.019027	0.047063	0.037865	0.000148	0.001247	0.065255	0.006121	0.013824	0.000745	0.008906	0.001426	0.002992	0.001119	0.003402	0.000148	0.098960	0.016293	0.005482	0.001497	0.000148	0.005153	0.001574	0.003936	0.001806	0.000948	0.000148	0.038932	0.004414	
0.000950	0.060980	0.015811	0.013113	0.028378	0.003789	0.012406	0.124854	0.058018	0.042643	0.042623	0.001547	0.075930	0.019483	0.005566	0.009704	0.096686	0.034832	0.003789	0.000153	0.010465	0.000153	0.007238	0.018369	0.026008	0.000153	0.004054	0.038115	0.027894	0.003521	0.002353	0.001547	0.006321	0.010647	0.006130	0.020645	0.000153	0.027716	0.070128	0.001192	0.004941	0.000153	0.000950	0.005408	0.018531	0.010592	0.002990	0.000153	0.006329	0.015894	
0.000960	0.050585	0.005651	0.026056	0.023125	0.003833	0.035466	0.111073	0.045457	0.024077	0.045901	0.001565	0.060908	0.020036	0.004559	0.007451	0.088715	0.049854	0.003833	0.000154	0.003653	0.000154	0.014329	0.035770	0.033477	0.000154	0.004167	0.063252	0.025870	0.008759	0.002579	0.001565	0.005810	0.011720	0.005056	0.016832	0.000154	0.024829	0.066792	0.000942	0.005079	0.000154	0.000960	0.005933	0.016966	0.008650	0.003072	0.000154	0.006404	0.017503	
0.001220	0.006541	0.012565	0.008356	0.002724	0.005082	0.011349	0.145826	0.175427	0.028838	0.047998	0.002033	0.010137	0.082433	0.000632	0.012966	0.047222	0.012104	0.005082	0.000136	0.008504	0.000136	0.017882	0.045051	0.013744	0.000136	0.016746	0.020341	0.040165	0.002804	0.000904	0.002033	0.003056	0.003801	0.001423	0.002015	0.000136	0.023128	0.117146	0.001334	0.020521	0.000136	0.001220	0.002664	0.008689	0.001093	0.012216	0.000136	0.008537	0.005633	
0.001131	0.076842	0.030686	0.012277	0.036432	0.004649	0.013046	0.076535	0.082923	0.060086	0.038249	0.001872	0.099672	0.022050	0.007103	0.013221	0.033270	0.042477	0.004649	0.000144	0.020431	0.000144	0.007875	0.019651	0.023316	0.000144	0.004565	0.033528	0.032019	0.003740	0.001943	0.001872	0.002240	0.008724	0.007801	0.026490	0.000144	0.048861	0.041510	0.001716	0.005570	0.000144	0.001131	0.004496	0.006754	0.013565	0.003359	0.000144	0.007797	0.013014	
0.001289	0.019700	0.028290	0.016433	0.009044	0.005380	0.025516	0.121789	0.122332	0.057939	0.034106	0.002151	0.030205	0.043919	0.001849	0.013517	0.056245	0.029813	0.005380	0.000141	0.019065	0.000141	0.015468	0.038714	0.019112	0.000141	0.008977	0.036416	0.026453	0.006160	0.001090	0.002151	0.003685	0.004665	0.002372	0.006605	0.000141	0.052146	0.077811	0.001793	0.010985	0.000141	0.001289	0.002732	0.010600	0.003434	0.006567	0.000141	0.009040	0.006926	
