0.000646	0.001130	0.000646	0.000646	0.000646	0.000646	0.000646	0.000646	0.000646	0.000646	0.000646	0.000646	0.000646	0.001706	0.000646	0.000646	0.000646	0.000646	0.000646	0.000646	0.000646	0.000646	0.000646	0.000646	0.000646	0.000646	0.000646	0.000646	0.000646	0.000963	0.000646	0.000646	0.002137	0.000805	0.001821	0.000646	0.000646	0.001569	0.008865	0.000646	0.000646	0.000646	0.000646	0.000646	0.000646	0.000646	0.000646	0.000646	0.000646	0.954502	
0.000606	0.001246	0.000606	0.000606	0.000606	0.000606	0.000606	0.000606	0.000606	0.000606	0.000606	0.000606	0.000606	0.000808	0.000606	0.000606	0.000606	0.000606	0.000606	0.000606	0.000606	0.000606	0.000606	0.000606	0.000606	0.000606	0.000606	0.000606	0.000606	0.001230	0.000606	0.000606	0.004872	0.000918	0.004247	0.000606	0.000606	0.001982	0.004048	0.000606	0.000606	0.000606	0.000606	0.000606	0.000606	0.000606	0.000606	0.000606	0.000606	0.955819	
0.000608	0.001017	0.000608	0.000608	0.000608	0.000608	0.000608	0.000608	0.000608	0.000608	0.000608	0.000608	0.000608	0.000869	0.000608	0.000608	0.000608	0.000608	0.000608	0.000608	0.000608	0.000608	0.000608	0.000608	0.000608	0.000608	0.000608	0.000608	0.000608	0.002192	0.000608	0.000608	0.006286	0.001400	0.004702	0.000608	0.000608	0.001992	0.002483	0.000608	0.000608	0.000608	0.000608	0.000608	0.000608	0.000608	0.000608	0.000608	0.000608	0.954147	
0.000633	0.000956	0.000633	0.000633	0.000633	0.000633	0.000633	0.000633	0.000633	0.000633	0.000633	0.000633	0.000633	0.000799	0.000633	0.000633	0.000633	0.000633	0.000633	0.000633	0.000633	0.000633	0.000633	0.000633	0.000633	0.000633	0.000633	0.000633	0.000633	0.001052	0.000633	0.000633	0.001207	0.000843	0.000788	0.000633	0.000633	0.006601	0.007076	0.000633	0.000633	0.000633	0.000633	0.000633	0.000633	0.000633	0.000633	0.000633	0.000633	0.954714	
0.000612	0.001117	0.000612	0.000612	0.000612	0.000612	0.000612	0.000612	0.000612	0.000612	0.000612	0.000612	0.000612	0.001174	0.000612	0.000612	0.000612	0.000612	0.000612	0.000612	0.000612	0.000612	0.000612	0.000612	0.000612	0.000612	0.000612	0.000612	0.000612	0.000993	0.000612	0.000612	0.001770	0.000802	0.001388	0.000612	0.000612	0.009861	0.008615	0.000612	0.000612	0.000612	0.000612	0.000612	0.000612	0.000612	0.000612	0.000612	0.000612	0.949205	
0.000617	0.001390	0.000617	0.000617	0.000617	0.000617	0.000617	0.000617	0.000617	0.000617	0.000617	0.000617	0.000617	0.001054	0.000617	0.000617	0.000617	0.000617	0.000617	0.000617	0.000617	0.000617	0.000617	0.000617	0.000617	0.000617	0.000617	0.000617	0.000617	0.000966	0.000617	0.000617	0.001551	0.000791	0.001202	0.000617	0.000617	0.008461	0.008519	0.000617	0.000617	0.000617	0.000617	0.000617	0.000617	0.000617	0.000617	0.000617	0.000617	0.950782	
0.000604	0.001033	0.000604	0.000604	0.000604	0.000604	0.000604	0.000604	0.000604	0.000604	0.000604	0.000604	0.000604	0.000988	0.000604	0.000604	0.000604	0.000604	0.000604	0.000604	0.000604	0.000604	0.000604	0.000604	0.000604	0.000604	0.000604	0.000604	0.000604	0.001298	0.000604	0.000604	0.001466	0.000951	0.000773	0.000604	0.000604	0.013374	0.009225	0.000604	0.000604	0.000604	0.000604	0.000604	0.000604	0.000604	0.000604	0.000604	0.000604	0.946118	
0.000594	0.007753	0.000594	0.000594	0.000594	0.000594	0.000594	0.000594	0.000594	0.000594	0.000594	0.000594	0.000594	0.000996	0.000594	0.000594	0.000594	0.000594	0.000594	0.000594	0.000594	0.000594	0.000594	0.000594	0.000594	0.000594	0.000594	0.000594	0.000594	0.001944	0.000594	0.000594	0.002322	0.001269	0.000971	0.000594	0.000594	0.002274	0.012950	0.000594	0.000594	0.000594	0.000594	0.000594	0.000594	0.000594	0.000594	0.000594	0.000594	0.945185	
0.000624	0.006174	0.000624	0.000624	0.000624	0.000624	0.000624	0.000624	0.000624	0.000624	0.000624	0.000624	0.000624	0.002411	0.000624	0.000624	0.000624	0.000624	0.000624	0.000624	0.000624	0.000624	0.000624	0.000624	0.000624	0.000624	0.000624	0.000624	0.000624	0.000943	0.000624	0.000624	0.001199	0.000783	0.000879	0.000624	0.000624	0.002442	0.010627	0.000624	0.000624	0.000624	0.000624	0.000624	0.000624	0.000624	0.000624	0.000624	0.000624	0.948972	
0.000663	0.003766	0.000663	0.000663	0.000663	0.000663	0.000663	0.000663	0.000663	0.000663	0.000663	0.000663	0.000663	0.003526	0.000663	0.000663	0.000663	0.000663	0.000663	0.000663	0.000663	0.000663	0.000663	0.000663	0.000663	0.000663	0.000663	0.000663	0.000663	0.001020	0.000663	0.000663	0.001222	0.000841	0.000864	0.000663	0.000663	0.001719	0.008747	0.000663	0.000663	0.000663	0.000663	0.000663	0.000663	0.000663	0.000663	0.000663	0.000663	0.951128	
0.000599	0.007790	0.000599	0.000599	0.000599	0.000599	0.000599	0.000599	0.000599	0.000599	0.000599	0.000599	0.000599	0.001749	0.000599	0.000599	0.000599	0.000599	0.000599	0.000599	0.000599	0.000599	0.000599	0.000599	0.000599	0.000599	0.000599	0.000599	0.000599	0.000945	0.000599	0.000599	0.001152	0.000772	0.000807	0.000599	0.000599	0.002691	0.012929	0.000599	0.000599	0.000599	0.000599	0.000599	0.000599	0.000599	0.000599	0.000599	0.000599	0.946588	
0.000625	0.005728	0.000625	0.000625	0.000625	0.000625	0.000625	0.000625	0.000625	0.000625	0.000625	0.000625	0.000625	0.002277	0.000625	0.000625	0.000625	0.000625	0.000625	0.000625	0.000625	0.000625	0.000625	0.000625	0.000625	0.000625	0.000625	0.000625	0.000625	0.000982	0.000625	0.000625	0.001339	0.000804	0.000982	0.000625	0.000625	0.002126	0.010737	0.000625	0.000625	0.000625	0.000625	0.000625	0.000625	0.000625	0.000625	0.000625	0.000625	0.949390	
0.000631	0.003396	0.000631	0.000631	0.000631	0.000631	0.000631	0.000631	0.000631	0.000631	0.000631	0.000631	0.000631	0.000812	0.000631	0.000631	0.000631	0.000631	0.000631	0.000631	0.000631	0.000631	0.000631	0.000631	0.000631	0.000631	0.000631	0.000631	0.000631	0.002055	0.000631	0.000631	0.002316	0.001343	0.000892	0.000631	0.000631	0.001428	0.012165	0.000631	0.000631	0.000631	0.000631	0.000631	0.000631	0.000631	0.000631	0.000631	0.000631	0.949718	
0.000640	0.001527	0.000640	0.000640	0.000640	0.000640	0.000640	0.000640	0.000640	0.000640	0.000640	0.000640	0.000640	0.001104	0.000640	0.000640	0.000640	0.000640	0.000640	0.000640	0.000640	0.000640	0.000640	0.000640	0.000640	0.000640	0.000640	0.000640	0.000640	0.001555	0.000640	0.000640	0.002278	0.001098	0.001363	0.000640	0.000640	0.002415	0.009609	0.000640	0.000640	0.000640	0.000640	0.000640	0.000640	0.000640	0.000640	0.000640	0.000640	0.952808	
0.000619	0.002163	0.000619	0.000619	0.000619	0.000619	0.000619	0.000619	0.000619	0.000619	0.000619	0.000619	0.000619	0.000800	0.000619	0.000619	0.000619	0.000619	0.000619	0.000619	0.000619	0.000619	0.000619	0.000619	0.000619	0.000619	0.000619	0.000619	0.000619	0.001200	0.000619	0.000619	0.002527	0.000910	0.001947	0.000619	0.000619	0.002964	0.009413	0.000619	0.000619	0.000619	0.000619	0.000619	0.000619	0.000619	0.000619	0.000619	0.000619	0.952675	
0.000707	0.000976	0.000707	0.000707	0.000707	0.000707	0.000707	0.000707	0.000707	0.000707	0.000707	0.000707	0.000707	0.000909	0.000707	0.000707	0.000707	0.000707	0.000707	0.000707	0.000707	0.000707	0.000707	0.000707	0.000707	0.000707	0.000707	0.000707	0.000707	0.012760	0.000707	0.000707	0.012887	0.006734	0.000834	0.000707	0.000707	0.001898	0.002040	0.000707	0.000707	0.000707	0.000707	0.000707	0.000707	0.000707	0.000707	0.000707	0.000707	0.931979	
0.000662	0.000985	0.000662	0.000662	0.000662	0.000662	0.000662	0.000662	0.000662	0.000662	0.000662	0.000662	0.000662	0.000901	0.000662	0.000662	0.000662	0.000662	0.000662	0.000662	0.000662	0.000662	0.000662	0.000662	0.000662	0.000662	0.000662	0.000662	0.000662	0.008587	0.000662	0.000662	0.008827	0.004625	0.000901	0.000662	0.000662	0.007421	0.005034	0.000662	0.000662	0.000662	0.000662	0.000662	0.000662	0.000662	0.000662	0.000662	0.000662	0.935594	
0.000669	0.000912	0.000669	0.000669	0.000669	0.000669	0.000669	0.000669	0.000669	0.000669	0.000669	0.000669	0.000669	0.001453	0.000669	0.000669	0.000669	0.000669	0.000669	0.000669	0.000669	0.000669	0.000669	0.000669	0.000669	0.000669	0.000669	0.000669	0.000669	0.007299	0.000669	0.000669	0.009097	0.003984	0.002467	0.000669	0.000669	0.001908	0.002104	0.000669	0.000669	0.000669	0.000669	0.000669	0.000669	0.000669	0.000669	0.000669	0.000669	0.943344	
0.000714	0.001035	0.000714	0.000714	0.000714	0.000714	0.000714	0.000714	0.000714	0.000714	0.000714	0.000714	0.000714	0.003954	0.000714	0.000714	0.000714	0.000714	0.000714	0.000714	0.000714	0.000714	0.000714	0.000714	0.000714	0.000714	0.000714	0.000714	0.000714	0.005595	0.000714	0.000714	0.005736	0.003154	0.000854	0.000714	0.000714	0.002320	0.002749	0.000714	0.000714	0.000714	0.000714	0.000714	0.000714	0.000714	0.000714	0.000714	0.000714	0.945348	
0.000604	0.001619	0.000604	0.000604	0.000604	0.000604	0.000604	0.000604	0.000604	0.000604	0.000604	0.000604	0.000604	0.001206	0.000604	0.000604	0.000604	0.000604	0.000604	0.000604	0.000604	0.000604	0.000604	0.000604	0.000604	0.000604	0.000604	0.000604	0.000604	0.001127	0.000604	0.000604	0.002591	0.000865	0.002068	0.000604	0.000604	0.008870	0.007887	0.000604	0.000604	0.000604	0.000604	0.000604	0.000604	0.000604	0.000604	0.000604	0.000604	0.949000	
0.000660	0.001773	0.000660	0.000660	0.000660	0.000660	0.000660	0.000660	0.000660	0.000660	0.000660	0.000660	0.000660	0.003454	0.000660	0.000660	0.000660	0.000660	0.000660	0.000660	0.000660	0.000660	0.000660	0.000660	0.000660	0.000660	0.000660	0.000660	0.000660	0.002174	0.000660	0.000660	0.002997	0.001417	0.001483	0.000660	0.000660	0.005893	0.005420	0.000660	0.000660	0.000660	0.000660	0.000660	0.000660	0.000660	0.000660	0.000660	0.000660	0.948332	
0.000619	0.001282	0.000619	0.000619	0.000619	0.000619	0.000619	0.000619	0.000619	0.000619	0.000619	0.000619	0.000619	0.001409	0.000619	0.000619	0.000619	0.000619	0.000619	0.000619	0.000619	0.000619	0.000619	0.000619	0.000619	0.000619	0.000619	0.000619	0.000619	0.001728	0.000619	0.000619	0.002161	0.001173	0.001052	0.000619	0.000619	0.010070	0.009443	0.000619	0.000619	0.000619	0.000619	0.000619	0.000619	0.000619	0.000619	0.000619	0.000619	0.946308	
0.000602	0.000876	0.000602	0.000602	0.000602	0.000602	0.000602	0.000602	0.000602	0.000602	0.000602	0.000602	0.000602	0.001342	0.000602	0.000602	0.000602	0.000602	0.000602	0.000602	0.000602	0.000602	0.000602	0.000602	0.000602	0.000602	0.000602	0.000602	0.000602	0.001902	0.000602	0.000602	0.002526	0.001252	0.001225	0.000602	0.000602	0.014551	0.008515	0.000602	0.000602	0.000602	0.000602	0.000602	0.000602	0.000602	0.000602	0.000602	0.000602	0.943139	
0.000615	0.002019	0.000615	0.000615	0.000615	0.000615	0.000615	0.000615	0.000615	0.000615	0.000615	0.000615	0.000615	0.001303	0.000615	0.000615	0.000615	0.000615	0.000615	0.000615	0.000615	0.000615	0.000615	0.000615	0.000615	0.000615	0.000615	0.000615	0.000615	0.002333	0.000615	0.000615	0.002473	0.001474	0.000755	0.000615	0.000615	0.010793	0.009688	0.000615	0.000615	0.000615	0.000615	0.000615	0.000615	0.000615	0.000615	0.000615	0.000615	0.943940	
