0.009874	0.002907	0.011467	0.108639	0.001831	0.018473	0.004865	0.021500	0.003353	0.009824	0.021240	0.018476	0.025146	0.013123	0.039559	0.011000	0.027054	0.004102	0.000835	0.000152	0.005642	0.001560	0.005554	0.017567	0.001560	0.007049	0.008056	0.023738	0.003416	0.012218	0.010072	0.001833	0.048403	0.008295	0.002524	0.002969	0.038768	0.001022	0.019950	0.001022	0.021507	0.001560	0.030499	0.003275	0.003294	0.007184	0.082996	0.008347	0.011462	0.255236	
0.020597	0.001051	0.057781	0.097269	0.003523	0.034888	0.001850	0.010295	0.001160	0.007615	0.010004	0.074738	0.032076	0.019884	0.031758	0.009865	0.032811	0.001576	0.002580	0.000154	0.013227	0.000597	0.004336	0.005629	0.000597	0.012017	0.006704	0.008405	0.001924	0.004868	0.027503	0.008847	0.044099	0.006910	0.001280	0.001039	0.033821	0.003241	0.008715	0.003241	0.013092	0.000597	0.010360	0.001956	0.001145	0.009653	0.074314	0.002730	0.009447	0.228233	
0.018853	0.000764	0.049641	0.100660	0.003806	0.033850	0.003141	0.006802	0.000769	0.013716	0.012723	0.066313	0.031136	0.020195	0.034656	0.010203	0.032216	0.002658	0.002297	0.000153	0.012342	0.000424	0.007757	0.003506	0.000424	0.011214	0.009208	0.008682	0.001974	0.005395	0.024723	0.007596	0.045830	0.005967	0.000892	0.000695	0.034644	0.002881	0.005695	0.002881	0.017040	0.000424	0.008442	0.002295	0.000788	0.009700	0.076903	0.001731	0.009310	0.236084	
0.004843	0.013398	0.047730	0.003420	0.004013	0.025802	0.008481	0.005375	0.015659	0.032509	0.091979	0.066922	0.010405	0.019479	0.013275	0.000459	0.004087	0.007130	0.000815	0.000130	0.007180	0.006963	0.018274	0.084610	0.006963	0.019913	0.013056	0.095585	0.003215	0.042356	0.007197	0.007228	0.003893	0.005104	0.000712	0.013796	0.001864	0.001002	0.029172	0.001002	0.034443	0.006963	0.132988	0.004219	0.015161	0.009658	0.002642	0.039885	0.001044	0.008002	
0.020043	0.014658	0.011282	0.006118	0.004535	0.049170	0.005379	0.009575	0.017327	0.012089	0.084467	0.016965	0.003658	0.029903	0.009570	0.000728	0.015520	0.004530	0.003108	0.000129	0.017536	0.007696	0.006813	0.093689	0.007696	0.028654	0.005120	0.097994	0.002156	0.041907	0.030629	0.001778	0.004839	0.008603	0.001178	0.015264	0.003130	0.003921	0.034772	0.003921	0.017000	0.007696	0.142982	0.002359	0.016717	0.011942	0.004702	0.044157	0.001939	0.014455	
0.027616	0.009666	0.044526	0.003827	0.006099	0.064026	0.005493	0.025885	0.011356	0.015342	0.060510	0.058662	0.009879	0.037928	0.009038	0.000510	0.020392	0.004627	0.004255	0.000142	0.023366	0.005076	0.008648	0.061146	0.005076	0.028706	0.006452	0.067194	0.004348	0.030003	0.042126	0.006807	0.004565	0.014643	0.003002	0.010010	0.003939	0.005377	0.036077	0.005377	0.029336	0.005076	0.095497	0.004301	0.010986	0.018056	0.002956	0.028850	0.003677	0.009548	
0.006024	0.011668	0.014921	0.018818	0.002155	0.051633	0.020882	0.008878	0.013763	0.012840	0.069160	0.021806	0.007274	0.041634	0.035950	0.001999	0.007757	0.017525	0.000881	0.000130	0.012803	0.006129	0.007108	0.074293	0.006129	0.017759	0.005785	0.097618	0.002114	0.051864	0.008285	0.002328	0.009401	0.009964	0.001102	0.012127	0.007564	0.001086	0.028450	0.001086	0.017115	0.006129	0.129763	0.002351	0.013523	0.006076	0.014401	0.035030	0.002699	0.044221	
0.010123	0.001283	0.115975	0.005440	0.004607	0.066606	0.024179	0.038992	0.001249	0.030608	0.026915	0.150425	0.024846	0.051857	0.036716	0.000684	0.007918	0.020293	0.001554	0.000155	0.017519	0.000636	0.017086	0.006104	0.000636	0.011967	0.012550	0.038120	0.007057	0.030732	0.014536	0.017579	0.004978	0.019965	0.004470	0.001118	0.006026	0.001935	0.028415	0.001935	0.051282	0.000636	0.033542	0.007239	0.001558	0.016075	0.004191	0.002955	0.005030	0.013702	
0.004411	0.002109	0.188959	0.004198	0.001243	0.062296	0.027163	0.011136	0.002445	0.005089	0.013565	0.233811	0.039453	0.051556	0.040693	0.000554	0.003860	0.022793	0.000747	0.000149	0.014715	0.001159	0.002704	0.012641	0.001159	0.007404	0.002176	0.044563	0.001798	0.037496	0.006350	0.028694	0.002472	0.012291	0.001369	0.002169	0.002966	0.000910	0.011402	0.000910	0.010751	0.001159	0.046723	0.001711	0.002750	0.004331	0.003241	0.006027	0.001755	0.009972	
0.007653	0.005238	0.010688	0.004262	0.002515	0.116488	0.050883	0.012074	0.006109	0.013110	0.035341	0.016285	0.003820	0.096496	0.075257	0.000547	0.006202	0.042673	0.001227	0.000134	0.027341	0.002763	0.007013	0.032637	0.002763	0.015391	0.005213	0.092760	0.002483	0.069411	0.011376	0.001692	0.003196	0.020580	0.001461	0.005392	0.003419	0.001525	0.018070	0.001525	0.018745	0.002763	0.098022	0.002643	0.006616	0.007417	0.003286	0.015430	0.001898	0.010170	
0.007443	0.006600	0.048687	0.012393	0.001967	0.087037	0.036745	0.005960	0.007770	0.008091	0.039139	0.062001	0.012997	0.071237	0.057112	0.001360	0.007622	0.030823	0.001153	0.000135	0.020931	0.003494	0.004307	0.041670	0.003494	0.014758	0.003560	0.084193	0.001392	0.057543	0.010836	0.007455	0.006410	0.014475	0.000782	0.006854	0.005357	0.001430	0.016626	0.001430	0.010626	0.003494	0.097695	0.001520	0.008003	0.005279	0.009496	0.019681	0.001877	0.029059	
0.009323	0.001219	0.010583	0.004694	0.002053	0.151954	0.066898	0.013622	0.001387	0.005773	0.009031	0.014254	0.004159	0.126235	0.098700	0.000593	0.007471	0.056099	0.001478	0.000137	0.035436	0.000687	0.002755	0.006937	0.000687	0.013139	0.002245	0.085844	0.002091	0.077483	0.013917	0.001703	0.003026	0.026301	0.001635	0.001237	0.003950	0.001844	0.011377	0.001844	0.012253	0.000687	0.076004	0.001953	0.002319	0.006673	0.003617	0.003337	0.002130	0.011225	
0.041969	0.000887	0.066012	0.015803	0.007924	0.124944	0.022005	0.010880	0.000946	0.010246	0.010787	0.083982	0.016986	0.081621	0.036665	0.001714	0.033139	0.018469	0.006405	0.000149	0.041319	0.000500	0.005648	0.004488	0.000500	0.029860	0.004667	0.031332	0.002167	0.027063	0.064275	0.010080	0.010434	0.018860	0.001341	0.000851	0.006769	0.008111	0.008770	0.008111	0.015695	0.000500	0.028617	0.002268	0.001236	0.020337	0.012103	0.002191	0.003191	0.037183	
0.066184	0.001022	0.064476	0.004887	0.013137	0.137252	0.003888	0.008049	0.001015	0.021146	0.019219	0.084707	0.014082	0.076039	0.007011	0.000625	0.048635	0.003283	0.010189	0.000152	0.052845	0.000532	0.011930	0.004849	0.000532	0.045217	0.008671	0.011834	0.002687	0.006928	0.102480	0.009816	0.008089	0.018011	0.001029	0.000912	0.002560	0.012927	0.006949	0.012927	0.024955	0.000532	0.011277	0.003239	0.001036	0.032292	0.003768	0.002362	0.002329	0.011492	
0.075121	0.001058	0.032373	0.005667	0.013572	0.160078	0.006564	0.012301	0.001146	0.010507	0.012011	0.042506	0.007854	0.090054	0.011142	0.000703	0.055188	0.005527	0.011539	0.000152	0.060861	0.000589	0.005924	0.005563	0.000589	0.050173	0.004504	0.014263	0.002375	0.009791	0.116251	0.004993	0.008376	0.021936	0.001501	0.001027	0.003271	0.014645	0.010062	0.014645	0.016967	0.000589	0.014697	0.002462	0.001201	0.034183	0.004363	0.002698	0.002988	0.013447	
0.004595	0.001916	0.044993	0.012275	0.013334	0.011243	0.002308	0.031683	0.001180	0.129879	0.099236	0.088275	0.011218	0.007536	0.006926	0.001366	0.005271	0.001959	0.000677	0.000154	0.003735	0.000606	0.073106	0.005735	0.000606	0.016002	0.052165	0.025175	0.013798	0.005226	0.005809	0.006528	0.013787	0.009987	0.003657	0.001057	0.007299	0.000820	0.023323	0.000820	0.143994	0.000606	0.010837	0.017601	0.001171	0.034124	0.009410	0.002780	0.004697	0.029518	
0.003046	0.001957	0.033771	0.009855	0.016218	0.008754	0.002088	0.005367	0.000969	0.161398	0.121324	0.082367	0.008309	0.006057	0.005886	0.001118	0.003985	0.001774	0.000511	0.000147	0.002827	0.000509	0.090835	0.004622	0.000509	0.018205	0.064356	0.028013	0.013081	0.004409	0.004115	0.004725	0.014625	0.002667	0.000727	0.000871	0.003944	0.000610	0.005053	0.000610	0.159830	0.000509	0.008895	0.018563	0.000965	0.036587	0.007560	0.002253	0.001554	0.023072	
0.006037	0.003948	0.023189	0.012236	0.014421	0.014367	0.002081	0.007539	0.003533	0.138043	0.115585	0.063495	0.006770	0.009057	0.006591	0.001354	0.006562	0.001768	0.000944	0.000144	0.005041	0.001635	0.077696	0.018579	0.001635	0.019909	0.055213	0.038371	0.011553	0.009612	0.008615	0.003196	0.014401	0.003877	0.000966	0.003126	0.004952	0.001162	0.010741	0.001162	0.138348	0.001635	0.029331	0.016175	0.003426	0.033028	0.009378	0.008819	0.002028	0.028725	
0.004535	0.006303	0.091379	0.035989	0.003850	0.020814	0.007817	0.008286	0.007198	0.033859	0.055687	0.121588	0.026010	0.016361	0.022070	0.003728	0.009872	0.006576	0.000547	0.000143	0.005470	0.003247	0.019045	0.038522	0.003247	0.011701	0.014808	0.050573	0.003675	0.024536	0.005230	0.013838	0.018069	0.005272	0.001048	0.006351	0.013097	0.000657	0.017263	0.000657	0.037397	0.003247	0.064904	0.004661	0.007029	0.009647	0.027516	0.018204	0.004017	0.084459	
0.010354	0.000951	0.037620	0.018178	0.002249	0.017710	0.002541	0.192845	0.001012	0.010217	0.011063	0.049112	0.011497	0.011144	0.009003	0.001995	0.008804	0.002162	0.001188	0.000197	0.006241	0.000556	0.005814	0.004630	0.000556	0.006203	0.006231	0.008541	0.023792	0.004980	0.010776	0.005826	0.009118	0.053735	0.021603	0.000914	0.024831	0.001458	0.132819	0.001458	0.118358	0.000556	0.009337	0.019858	0.001014	0.033499	0.013928	0.002283	0.023164	0.048077	
0.012117	0.001417	0.058009	0.004989	0.005974	0.062109	0.020546	0.077535	0.001311	0.042076	0.035555	0.081956	0.012964	0.047008	0.031285	0.000646	0.008863	0.017249	0.001781	0.000164	0.017091	0.000669	0.023571	0.006406	0.000669	0.013736	0.017384	0.035646	0.012512	0.026049	0.016765	0.008782	0.005605	0.029443	0.008761	0.001174	0.009537	0.002223	0.054773	0.002223	0.084177	0.000669	0.029905	0.012238	0.001565	0.024849	0.003848	0.003102	0.009302	0.013773	
0.008273	0.008978	0.041115	0.028627	0.002398	0.025170	0.006611	0.050429	0.010555	0.012949	0.055201	0.054303	0.014407	0.017881	0.018101	0.002997	0.010757	0.005566	0.001078	0.000149	0.007638	0.004727	0.007295	0.056759	0.004727	0.014583	0.006586	0.063957	0.007078	0.029529	0.010391	0.006305	0.013792	0.016905	0.005735	0.009306	0.014665	0.001332	0.051480	0.001332	0.040807	0.004727	0.090109	0.006402	0.010234	0.012784	0.021896	0.026789	0.008150	0.068434	
0.022149	0.001847	0.015717	0.025749	0.006613	0.047124	0.004696	0.109956	0.001890	0.033583	0.032035	0.028181	0.008583	0.028339	0.014430	0.002732	0.019611	0.003964	0.003105	0.000174	0.017025	0.000929	0.018929	0.009507	0.000929	0.017514	0.015115	0.018883	0.015732	0.008983	0.030717	0.002420	0.014750	0.035109	0.012372	0.001684	0.019415	0.003905	0.077802	0.003905	0.094394	0.000929	0.018479	0.014450	0.001888	0.031344	0.019704	0.004566	0.014731	0.063412	
0.005467	0.010479	0.092783	0.016440	0.002280	0.016349	0.004031	0.023121	0.012326	0.014925	0.064492	0.118201	0.022228	0.011429	0.010694	0.001771	0.006763	0.003402	0.000790	0.000141	0.005101	0.005502	0.008425	0.066426	0.005502	0.014863	0.006733	0.070508	0.003990	0.030996	0.007189	0.014108	0.008468	0.008414	0.002694	0.010864	0.007893	0.000967	0.035784	0.000967	0.027395	0.005502	0.102227	0.003990	0.011896	0.008426	0.012587	0.031334	0.004087	0.039049	
