0.000662	0.001434	0.000662	0.000662	0.000662	0.000662	0.000662	0.000662	0.000662	0.000662	0.000662	0.000662	0.000662	0.001058	0.000662	0.000662	0.000662	0.000662	0.000662	0.000662	0.000662	0.000662	0.000662	0.000662	0.000662	0.000662	0.000662	0.000662	0.000662	0.007171	0.000662	0.000662	0.010426	0.000937	0.000809	0.000662	0.000662	0.002642	0.007689	0.000662	0.000662	0.000662	0.000662	0.000662	0.000662	0.000662	0.000662	0.000662	0.000662	0.940698	
0.000729	0.001052	0.000729	0.000729	0.000729	0.000729	0.000729	0.000729	0.000729	0.000729	0.000729	0.000729	0.000729	0.000874	0.000729	0.000729	0.000729	0.000729	0.000729	0.000729	0.000729	0.000729	0.000729	0.000729	0.000729	0.000729	0.000729	0.000729	0.000729	0.010844	0.000729	0.000729	0.015902	0.001089	0.001457	0.000729	0.000729	0.001456	0.003305	0.000729	0.000729	0.000729	0.000729	0.000729	0.000729	0.000729	0.000729	0.000729	0.000729	0.934146	
0.000698	0.000997	0.000698	0.000698	0.000698	0.000698	0.000698	0.000698	0.000698	0.000698	0.000698	0.000698	0.000698	0.001282	0.000698	0.000698	0.000698	0.000698	0.000698	0.000698	0.000698	0.000698	0.000698	0.000698	0.000698	0.000698	0.000698	0.000698	0.000698	0.008460	0.000698	0.000698	0.012341	0.001063	0.001341	0.000698	0.000698	0.003619	0.004641	0.000698	0.000698	0.000698	0.000698	0.000698	0.000698	0.000698	0.000698	0.000698	0.000698	0.937643	
0.000642	0.001061	0.000642	0.000642	0.000642	0.000642	0.000642	0.000642	0.000642	0.000642	0.000642	0.000642	0.000642	0.002779	0.000642	0.000642	0.000642	0.000642	0.000642	0.000642	0.000642	0.000642	0.000642	0.000642	0.000642	0.000642	0.000642	0.000642	0.000642	0.001060	0.000642	0.000642	0.001268	0.001400	0.000918	0.000642	0.000642	0.011327	0.005262	0.000642	0.000642	0.000642	0.000642	0.000642	0.000642	0.000642	0.000642	0.000642	0.000642	0.948601	
0.000641	0.001083	0.000641	0.000641	0.000641	0.000641	0.000641	0.000641	0.000641	0.000641	0.000641	0.000641	0.000641	0.002762	0.000641	0.000641	0.000641	0.000641	0.000641	0.000641	0.000641	0.000641	0.000641	0.000641	0.000641	0.000641	0.000641	0.000641	0.000641	0.002087	0.000641	0.000641	0.002810	0.000810	0.002531	0.000641	0.000641	0.011246	0.003661	0.000641	0.000641	0.000641	0.000641	0.000641	0.000641	0.000641	0.000641	0.000641	0.000641	0.946733	
0.000645	0.001533	0.000645	0.000645	0.000645	0.000645	0.000645	0.000645	0.000645	0.000645	0.000645	0.000645	0.000645	0.002990	0.000645	0.000645	0.000645	0.000645	0.000645	0.000645	0.000645	0.000645	0.000645	0.000645	0.000645	0.000645	0.000645	0.000645	0.000645	0.001807	0.000645	0.000645	0.002387	0.000907	0.001961	0.000645	0.000645	0.012371	0.002935	0.000645	0.000645	0.000645	0.000645	0.000645	0.000645	0.000645	0.000645	0.000645	0.000645	0.946649	
0.000616	0.001147	0.000616	0.000616	0.000616	0.000616	0.000616	0.000616	0.000616	0.000616	0.000616	0.000616	0.000616	0.005372	0.000616	0.000616	0.000616	0.000616	0.000616	0.000616	0.000616	0.000616	0.000616	0.000616	0.000616	0.000616	0.000616	0.000616	0.000616	0.001065	0.000616	0.000616	0.001290	0.000837	0.000825	0.000616	0.000616	0.024395	0.002347	0.000616	0.000616	0.000616	0.000616	0.000616	0.000616	0.000616	0.000616	0.000616	0.000616	0.937475	
0.000636	0.003938	0.000636	0.000636	0.000636	0.000636	0.000636	0.000636	0.000636	0.000636	0.000636	0.000636	0.000636	0.001186	0.000636	0.000636	0.000636	0.000636	0.000636	0.000636	0.000636	0.000636	0.000636	0.000636	0.000636	0.000636	0.000636	0.000636	0.000636	0.002599	0.000636	0.000636	0.003581	0.001627	0.000972	0.000636	0.000636	0.003385	0.007341	0.000636	0.000636	0.000636	0.000636	0.000636	0.000636	0.000636	0.000636	0.000636	0.000636	0.949290	
0.000683	0.002029	0.000683	0.000683	0.000683	0.000683	0.000683	0.000683	0.000683	0.000683	0.000683	0.000683	0.000683	0.000906	0.000683	0.000683	0.000683	0.000683	0.000683	0.000683	0.000683	0.000683	0.000683	0.000683	0.000683	0.000683	0.000683	0.000683	0.000683	0.001028	0.000683	0.000683	0.001201	0.000895	0.001156	0.000683	0.000683	0.001798	0.002580	0.000683	0.000683	0.000683	0.000683	0.000683	0.000683	0.000683	0.000683	0.000683	0.000683	0.960400	
0.000629	0.008053	0.000629	0.000629	0.000629	0.000629	0.000629	0.000629	0.000629	0.000629	0.000629	0.000629	0.000629	0.000943	0.000629	0.000629	0.000629	0.000629	0.000629	0.000629	0.000629	0.000629	0.000629	0.000629	0.000629	0.000629	0.000629	0.000629	0.000629	0.001129	0.000629	0.000629	0.001379	0.000948	0.000827	0.000629	0.000629	0.002197	0.003428	0.000629	0.000629	0.000629	0.000629	0.000629	0.000629	0.000629	0.000629	0.000629	0.000629	0.955303	
0.000626	0.010251	0.000626	0.000626	0.000626	0.000626	0.000626	0.000626	0.000626	0.000626	0.000626	0.000626	0.000626	0.000785	0.000626	0.000626	0.000626	0.000626	0.000626	0.000626	0.000626	0.000626	0.000626	0.000626	0.000626	0.000626	0.000626	0.000626	0.000626	0.000998	0.000626	0.000626	0.001184	0.000832	0.000817	0.000626	0.000626	0.001423	0.002046	0.000626	0.000626	0.000626	0.000626	0.000626	0.000626	0.000626	0.000626	0.000626	0.000626	0.956005	
0.000632	0.004832	0.000632	0.000632	0.000632	0.000632	0.000632	0.000632	0.000632	0.000632	0.000632	0.000632	0.000632	0.001454	0.000632	0.000632	0.000632	0.000632	0.000632	0.000632	0.000632	0.000632	0.000632	0.000632	0.000632	0.000632	0.000632	0.000632	0.000632	0.001058	0.000632	0.000632	0.001271	0.000793	0.001619	0.000632	0.000632	0.004743	0.003930	0.000632	0.000632	0.000632	0.000632	0.000632	0.000632	0.000632	0.000632	0.000632	0.000632	0.954384	
0.000576	0.000923	0.000576	0.000576	0.000576	0.000576	0.000576	0.000576	0.000576	0.000576	0.000576	0.000576	0.000576	0.000847	0.000576	0.000576	0.000576	0.000576	0.000576	0.000576	0.000576	0.000576	0.000576	0.000576	0.000576	0.000576	0.000576	0.000576	0.000576	0.001486	0.000576	0.000576	0.001940	0.000704	0.000920	0.000576	0.000576	0.001927	0.013743	0.000576	0.000576	0.000576	0.000576	0.000576	0.000576	0.000576	0.000576	0.000576	0.000576	0.953880	
0.000597	0.001658	0.000597	0.000597	0.000597	0.000597	0.000597	0.000597	0.000597	0.000597	0.000597	0.000597	0.000597	0.000952	0.000597	0.000597	0.000597	0.000597	0.000597	0.000597	0.000597	0.000597	0.000597	0.000597	0.000597	0.000597	0.000597	0.000597	0.000597	0.001217	0.000597	0.000597	0.001527	0.001177	0.001904	0.000597	0.000597	0.002371	0.011208	0.000597	0.000597	0.000597	0.000597	0.000597	0.000597	0.000597	0.000597	0.000597	0.000597	0.953510	
0.000596	0.001843	0.000596	0.000596	0.000596	0.000596	0.000596	0.000596	0.000596	0.000596	0.000596	0.000596	0.000596	0.001283	0.000596	0.000596	0.000596	0.000596	0.000596	0.000596	0.000596	0.000596	0.000596	0.000596	0.000596	0.000596	0.000596	0.000596	0.000596	0.002211	0.000596	0.000596	0.003019	0.001298	0.000881	0.000596	0.000596	0.004033	0.011904	0.000596	0.000596	0.000596	0.000596	0.000596	0.000596	0.000596	0.000596	0.000596	0.000596	0.949096	
0.000590	0.001041	0.000590	0.000590	0.000590	0.000590	0.000590	0.000590	0.000590	0.000590	0.000590	0.000590	0.000590	0.000886	0.000590	0.000590	0.000590	0.000590	0.000590	0.000590	0.000590	0.000590	0.000590	0.000590	0.000590	0.000590	0.000590	0.000590	0.000590	0.002558	0.000590	0.000590	0.003542	0.003926	0.000835	0.000590	0.000590	0.002073	0.019019	0.000590	0.000590	0.000590	0.000590	0.000590	0.000590	0.000590	0.000590	0.000590	0.000590	0.941939	
0.000583	0.000884	0.000583	0.000583	0.000583	0.000583	0.000583	0.000583	0.000583	0.000583	0.000583	0.000583	0.000583	0.001010	0.000583	0.000583	0.000583	0.000583	0.000583	0.000583	0.000583	0.000583	0.000583	0.000583	0.000583	0.000583	0.000583	0.000583	0.000583	0.001715	0.000583	0.000583	0.002281	0.004413	0.000811	0.000583	0.000583	0.002719	0.020171	0.000583	0.000583	0.000583	0.000583	0.000583	0.000583	0.000583	0.000583	0.000583	0.000583	0.942087	
0.000653	0.001130	0.000653	0.000653	0.000653	0.000653	0.000653	0.000653	0.000653	0.000653	0.000653	0.000653	0.000653	0.001122	0.000653	0.000653	0.000653	0.000653	0.000653	0.000653	0.000653	0.000653	0.000653	0.000653	0.000653	0.000653	0.000653	0.000653	0.000653	0.005480	0.000653	0.000653	0.007894	0.002319	0.000960	0.000653	0.000653	0.002997	0.010558	0.000653	0.000653	0.000653	0.000653	0.000653	0.000653	0.000653	0.000653	0.000653	0.000653	0.940779	
0.000608	0.004747	0.000608	0.000608	0.000608	0.000608	0.000608	0.000608	0.000608	0.000608	0.000608	0.000608	0.000608	0.001212	0.000608	0.000608	0.000608	0.000608	0.000608	0.000608	0.000608	0.000608	0.000608	0.000608	0.000608	0.000608	0.000608	0.000608	0.000608	0.001479	0.000608	0.000608	0.001915	0.002469	0.000739	0.000608	0.000608	0.003630	0.010711	0.000608	0.000608	0.000608	0.000608	0.000608	0.000608	0.000608	0.000608	0.000608	0.000608	0.948185	
0.000627	0.001546	0.000627	0.000627	0.000627	0.000627	0.000627	0.000627	0.000627	0.000627	0.000627	0.000627	0.000627	0.001227	0.000627	0.000627	0.000627	0.000627	0.000627	0.000627	0.000627	0.000627	0.000627	0.000627	0.000627	0.000627	0.000627	0.000627	0.000627	0.002501	0.000627	0.000627	0.003438	0.002254	0.002652	0.000627	0.000627	0.003627	0.010140	0.000627	0.000627	0.000627	0.000627	0.000627	0.000627	0.000627	0.000627	0.000627	0.000627	0.946927	
0.000630	0.002173	0.000630	0.000630	0.000630	0.000630	0.000630	0.000630	0.000630	0.000630	0.000630	0.000630	0.000630	0.000939	0.000630	0.000630	0.000630	0.000630	0.000630	0.000630	0.000630	0.000630	0.000630	0.000630	0.000630	0.000630	0.000630	0.000630	0.000630	0.001047	0.000630	0.000630	0.001256	0.002195	0.002451	0.000630	0.000630	0.002175	0.009251	0.000630	0.000630	0.000630	0.000630	0.000630	0.000630	0.000630	0.000630	0.000630	0.000630	0.952698	
0.000646	0.001131	0.000646	0.000646	0.000646	0.000646	0.000646	0.000646	0.000646	0.000646	0.000646	0.000646	0.000646	0.000886	0.000646	0.000646	0.000646	0.000646	0.000646	0.000646	0.000646	0.000646	0.000646	0.000646	0.000646	0.000646	0.000646	0.000646	0.000646	0.001260	0.000646	0.000646	0.001567	0.000833	0.003539	0.000646	0.000646	0.001844	0.005336	0.000646	0.000646	0.000646	0.000646	0.000646	0.000646	0.000646	0.000646	0.000646	0.000646	0.957116	
0.000650	0.001342	0.000650	0.000650	0.000650	0.000650	0.000650	0.000650	0.000650	0.000650	0.000650	0.000650	0.000650	0.002188	0.000650	0.000650	0.000650	0.000650	0.000650	0.000650	0.000650	0.000650	0.000650	0.000650	0.000650	0.000650	0.000650	0.000650	0.000650	0.001942	0.000650	0.000650	0.002588	0.000862	0.003431	0.000650	0.000650	0.008338	0.003028	0.000650	0.000650	0.000650	0.000650	0.000650	0.000650	0.000650	0.000650	0.000650	0.000650	0.949632	
0.000624	0.001650	0.000624	0.000624	0.000624	0.000624	0.000624	0.000624	0.000624	0.000624	0.000624	0.000624	0.000624	0.001952	0.000624	0.000624	0.000624	0.000624	0.000624	0.000624	0.000624	0.000624	0.000624	0.000624	0.000624	0.000624	0.000624	0.000624	0.000624	0.001442	0.000624	0.000624	0.001851	0.002091	0.002118	0.000624	0.000624	0.007265	0.008660	0.000624	0.000624	0.000624	0.000624	0.000624	0.000624	0.000624	0.000624	0.000624	0.000624	0.947385	
