81	0	0	0	0	0	0	
0	0	37	56	24	0	0	
73	0	0	0	0	1	1	
0	0	42	0	45	0	1	
2	54	0	36	0	0	65	
0	0	0	0	0	0	0	
0	61	0	0	0	0	0	
0	34	0	0	0	42	0	
0	0	0	0	54	0	0	
0	0	0	0	1	138	0	
0	0	0	0	0	0	9	
0	9	2	69	12	0	0	
179	0	138	0	0	0	0	
0	0	68	0	0	0	0	
24	0	0	0	0	0	28	
0	0	0	0	0	16	0	
0	0	0	0	59	0	0	
0	3	4	0	0	0	70	
0	0	0	1	98	48	34	
0	0	0	0	0	0	67	
25	0	0	0	1	0	0	
0	0	0	39	0	0	76	
55	0	0	0	0	0	0	
0	0	2	6	0	0	0	
25	24	0	0	0	0	0	
0	0	1	0	0	0	48	
0	0	0	0	0	69	0	
0	0	7	0	0	0	0	
21	45	0	0	0	0	185	
41	84	55	3	0	0	0	
0	0	130	0	0	1	0	
61	77	100	0	0	0	0	
0	8	0	0	0	0	0	
0	0	0	9	0	2	0	
0	15	0	3	0	0	0	
0	22	0	0	0	0	0	
0	102	0	16	0	129	13	
7	0	154	2	0	21	0	
2	0	0	0	71	81	0	
0	45	0	0	81	0	0	
0	33	0	0	0	47	0	
0	0	0	0	198	0	0	
0	0	0	8	0	0	0	
0	0	0	42	33	0	0	
0	0	0	17	0	0	0	
0	0	0	0	0	0	10	
0	0	0	0	0	76	0	
0	26	0	0	69	85	0	
0	0	0	111	0	0	0	
1	0	0	148	0	0	0	
