0.026531	0.021769	0.855102	0.028912	0.017007	0.017007	0.033673	
0.057075	0.023978	0.075988	0.097264	0.073624	0.603175	0.068896	
0.026786	0.043613	0.074863	0.029190	0.029190	0.767170	0.029190	
0.188435	0.607483	0.026531	0.033673	0.036054	0.028912	0.078912	
0.638184	0.054072	0.028371	0.047063	0.138184	0.040053	0.054072	
0.292790	0.247978	0.023922	0.189016	0.071092	0.111186	0.064016	
0.381513	0.045042	0.019160	0.023866	0.322689	0.125042	0.082689	
0.045796	0.186945	0.064935	0.244361	0.198906	0.215653	0.043404	
0.024150	0.602721	0.081293	0.186054	0.031293	0.036054	0.038435	
0.066202	0.051568	0.036934	0.541812	0.249129	0.032056	0.022300	
0.056541	0.164269	0.021412	0.281365	0.393777	0.028438	0.054199	
0.049129	0.036934	0.066202	0.429617	0.339373	0.049129	0.029617	
0.023533	0.132582	0.144183	0.594299	0.035134	0.030494	0.039775	
0.149169	0.216611	0.030565	0.481728	0.028239	0.044518	0.049169	
0.049515	0.035463	0.061224	0.609234	0.152559	0.058883	0.033121	
0.344923	0.111188	0.034079	0.058176	0.022031	0.200344	0.229260	
0.511134	0.033916	0.029120	0.031518	0.026721	0.045906	0.321686	
0.478811	0.024265	0.072112	0.031442	0.096036	0.206083	0.091251	
0.050340	0.052721	0.193197	0.031293	0.274150	0.064626	0.333673	
0.109603	0.494401	0.026468	0.035969	0.104852	0.114354	0.114354	
0.061658	0.262129	0.023922	0.030997	0.278639	0.184299	0.158356	
0.049009	0.053876	0.024678	0.024678	0.031978	0.129301	0.686479	
0.272633	0.113597	0.024441	0.055766	0.123236	0.152151	0.258176	
0.050581	0.273069	0.060150	0.033835	0.100820	0.036227	0.445318	
