0.545240	0.003872	0.014312	0.001082	0.023242	0.027317	0.028231	0.126247	0.033899	0.117633	0.003357	0.005320	0.012046	0.020969	0.037233	
0.475981	0.003054	0.082151	0.001022	0.023457	0.008599	0.042499	0.108276	0.034797	0.093575	0.005132	0.017331	0.030713	0.068663	0.004751	
0.488248	0.003739	0.042489	0.002433	0.024933	0.024047	0.049124	0.105154	0.061498	0.092274	0.009949	0.014231	0.019560	0.053113	0.009209	
0.426817	0.001956	0.073392	0.006893	0.019298	0.065541	0.114810	0.018185	0.113800	0.018138	0.020846	0.023375	0.015029	0.069884	0.012036	
0.461728	0.001745	0.111225	0.005429	0.019677	0.051323	0.088903	0.035386	0.070873	0.032540	0.013893	0.034442	0.033654	0.029655	0.009527	
0.453387	0.003031	0.065035	0.005064	0.022519	0.046228	0.082351	0.056532	0.094639	0.049866	0.017054	0.025112	0.020397	0.052462	0.006323	
0.403608	0.003641	0.044369	0.007626	0.023398	0.070230	0.107282	0.016998	0.163039	0.016238	0.028867	0.034870	0.015048	0.057106	0.007680	
0.323557	0.002094	0.132803	0.000593	0.014961	0.015600	0.076511	0.032920	0.099278	0.033294	0.012044	0.031086	0.032089	0.166215	0.026956	
0.317331	0.000836	0.146364	0.000758	0.004967	0.026254	0.104820	0.007944	0.087575	0.016536	0.009112	0.017019	0.007215	0.208138	0.045131	
0.300854	0.006063	0.061772	0.001074	0.019069	0.040687	0.039804	0.019475	0.205354	0.031502	0.025955	0.065359	0.030299	0.090103	0.062629	
0.289011	0.005617	0.067411	0.000989	0.016164	0.038430	0.052231	0.015807	0.200501	0.027788	0.025098	0.056941	0.020335	0.123005	0.060670	
0.313505	0.004923	0.095146	0.000678	0.015981	0.040620	0.041533	0.010631	0.175516	0.025518	0.020995	0.067144	0.037643	0.080880	0.069286	
0.389746	0.001562	0.195780	0.001876	0.013270	0.022319	0.068048	0.022635	0.058393	0.022974	0.008504	0.056404	0.051481	0.070798	0.016209	
0.380774	0.002387	0.194486	0.000949	0.014799	0.009171	0.054792	0.039078	0.061429	0.034970	0.008662	0.058973	0.052229	0.079924	0.007376	
0.384276	0.003036	0.207820	0.000886	0.017879	0.008335	0.036319	0.038463	0.068792	0.034245	0.010050	0.078102	0.070432	0.035577	0.005789	
0.475950	0.001020	0.033925	0.000624	0.050165	0.005312	0.011686	0.136031	0.020426	0.113854	0.003116	0.013362	0.116800	0.013237	0.004491	
0.492083	0.001696	0.033721	0.002791	0.038258	0.024722	0.045107	0.111455	0.039167	0.094472	0.007505	0.009050	0.068226	0.027399	0.004348	
0.434333	0.001924	0.026904	0.000784	0.038466	0.026755	0.026896	0.093430	0.071537	0.087359	0.008126	0.019860	0.083504	0.038356	0.041766	
0.465177	0.000818	0.021187	0.000871	0.020268	0.063165	0.052116	0.048275	0.063793	0.066046	0.002984	0.007105	0.039108	0.040984	0.108102	
0.233141	0.006546	0.124318	0.000768	0.022559	0.009040	0.040020	0.023167	0.214011	0.021395	0.029919	0.083067	0.049319	0.132826	0.009904	
0.295632	0.005524	0.103905	0.001205	0.021731	0.018746	0.045251	0.034500	0.176813	0.033824	0.024429	0.065551	0.041460	0.110984	0.020446	
0.374232	0.003324	0.090987	0.006395	0.020526	0.057745	0.101844	0.008533	0.152976	0.008364	0.026442	0.045763	0.025016	0.072275	0.005578	
0.391956	0.006093	0.063126	0.002279	0.025574	0.021200	0.036203	0.075245	0.144149	0.066048	0.021858	0.052134	0.029991	0.058259	0.005885	
0.347846	0.002718	0.104089	0.004316	0.015722	0.046226	0.100620	0.009474	0.137744	0.012369	0.021322	0.036385	0.018606	0.122319	0.020245	
