0.622671	0.001531	0.031855	0.000745	0.018958	0.078074	0.072142	0.051628	0.034570	0.034908	0.003745	0.007822	0.008938	0.026673	0.005740	
0.528218	0.001459	0.049245	0.000867	0.027609	0.041657	0.048628	0.082286	0.029478	0.069481	0.009367	0.020419	0.049804	0.023266	0.018216	
0.399149	0.003665	0.094214	0.000880	0.025995	0.020482	0.021021	0.110386	0.082742	0.086487	0.005133	0.015259	0.061021	0.065605	0.007961	
0.506459	0.000950	0.015073	0.010884	0.009550	0.075801	0.173046	0.024974	0.071842	0.015757	0.031204	0.023868	0.005774	0.026304	0.008514	
0.397076	0.001836	0.088879	0.006171	0.028027	0.032213	0.111249	0.028331	0.095871	0.031350	0.018731	0.063446	0.053340	0.035625	0.007855	
0.438997	0.001436	0.035911	0.013218	0.008698	0.066549	0.187033	0.020692	0.085825	0.015834	0.037935	0.028599	0.016381	0.032807	0.010086	
0.377666	0.003664	0.078869	0.010273	0.006575	0.060979	0.147981	0.015414	0.134154	0.011243	0.030072	0.026700	0.007409	0.079493	0.009509	
0.458467	0.004178	0.120236	0.000945	0.020475	0.052610	0.051286	0.033352	0.090485	0.030502	0.005650	0.022434	0.030192	0.070252	0.008937	
0.414374	0.004135	0.102789	0.002066	0.018483	0.047698	0.066039	0.026465	0.127689	0.024722	0.010221	0.036331	0.018622	0.087460	0.012907	
0.301208	0.006408	0.175765	0.001547	0.018489	0.025970	0.031656	0.018620	0.136988	0.035435	0.018552	0.031257	0.043932	0.118433	0.035740	
0.259553	0.009276	0.206261	0.000833	0.005335	0.043611	0.020169	0.011357	0.206930	0.014938	0.009378	0.009142	0.005201	0.179670	0.018346	
0.329578	0.004903	0.153852	0.001473	0.024739	0.017472	0.033706	0.021984	0.099974	0.046938	0.024180	0.041570	0.060598	0.089463	0.049570	
0.367205	0.005429	0.178619	0.000661	0.025290	0.033629	0.034946	0.027286	0.113164	0.031595	0.003524	0.035370	0.053430	0.084270	0.005582	
0.330512	0.005998	0.198767	0.000784	0.025930	0.027231	0.029499	0.028036	0.123244	0.033320	0.003202	0.037021	0.060491	0.091935	0.004031	
0.387053	0.002843	0.166890	0.001653	0.040193	0.012774	0.047307	0.034519	0.051083	0.049964	0.009222	0.061580	0.099200	0.022710	0.013008	
0.474386	0.000948	0.019982	0.000606	0.033235	0.010680	0.016278	0.169658	0.025752	0.128044	0.004392	0.010651	0.079236	0.018287	0.007864	
0.482214	0.000807	0.013281	0.000825	0.032642	0.011690	0.017468	0.175267	0.020195	0.131434	0.004978	0.006828	0.079050	0.015421	0.007900	
0.419526	0.002118	0.023608	0.001212	0.024165	0.010563	0.019866	0.122264	0.050211	0.111958	0.026562	0.012995	0.058255	0.059946	0.056750	
0.371146	0.003861	0.023669	0.000822	0.009147	0.019425	0.022873	0.027966	0.085884	0.074190	0.060962	0.019015	0.012733	0.127458	0.140849	
0.324898	0.003266	0.059668	0.000802	0.025081	0.012425	0.049618	0.037793	0.171616	0.045436	0.019508	0.074081	0.023427	0.109669	0.042713	
0.302105	0.005900	0.089415	0.000735	0.009093	0.017775	0.012205	0.035661	0.131740	0.065452	0.044063	0.015940	0.018539	0.150143	0.101235	
0.317989	0.000973	0.015170	0.001140	0.035784	0.008230	0.096356	0.007525	0.242564	0.009931	0.006868	0.143004	0.006183	0.097445	0.010839	
0.334258	0.002921	0.064114	0.001181	0.028658	0.015929	0.061569	0.049210	0.186534	0.039116	0.005385	0.081949	0.025317	0.096962	0.006896	
0.405670	0.001989	0.035235	0.001072	0.026341	0.031715	0.077701	0.022533	0.164529	0.023705	0.011403	0.082821	0.008397	0.084956	0.021932	
