0.475556	0.000947	0.032797	0.000879	0.052782	0.036506	0.013946	0.126675	0.062883	0.096834	0.005141	0.009083	0.022294	0.037894	0.025782	
0.480931	0.006335	0.066842	0.000873	0.041620	0.024498	0.043524	0.107480	0.035911	0.065158	0.017697	0.029539	0.047527	0.027321	0.004744	
0.515843	0.003794	0.046763	0.000869	0.040607	0.023625	0.027047	0.117916	0.023713	0.102472	0.009537	0.018034	0.042614	0.024015	0.003150	
0.492190	0.001035	0.022185	0.011305	0.011262	0.074917	0.232925	0.014057	0.041506	0.012469	0.041711	0.011695	0.009195	0.018846	0.004703	
0.434032	0.005523	0.061963	0.004394	0.021657	0.037222	0.112652	0.048443	0.082738	0.030954	0.028310	0.042550	0.045114	0.037825	0.006622	
0.393350	0.003360	0.061838	0.006110	0.013250	0.054582	0.137290	0.031707	0.097586	0.022273	0.030799	0.023120	0.038631	0.054136	0.031969	
0.384118	0.001014	0.044129	0.007187	0.019235	0.056766	0.147456	0.013022	0.145925	0.010960	0.028177	0.043806	0.015787	0.060533	0.021884	
0.407851	0.003471	0.188639	0.000857	0.024362	0.015983	0.026111	0.044467	0.052885	0.032249	0.007029	0.040978	0.019770	0.124354	0.010995	
0.395169	0.002226	0.184586	0.003943	0.011558	0.031773	0.083997	0.011487	0.056993	0.012007	0.015295	0.033788	0.012511	0.128066	0.016602	
0.154669	0.001354	0.098669	0.001722	0.007439	0.055496	0.036539	0.017977	0.260151	0.016001	0.016050	0.024452	0.057694	0.138603	0.113184	
0.251140	0.002292	0.128110	0.000671	0.009967	0.035594	0.016883	0.032373	0.182922	0.039426	0.009802	0.029426	0.053750	0.131688	0.075959	
0.317263	0.004530	0.091180	0.002312	0.019737	0.040097	0.065149	0.043749	0.149682	0.022871	0.021636	0.036935	0.051193	0.083787	0.049878	
0.373619	0.002913	0.222149	0.000872	0.016798	0.017224	0.023236	0.028335	0.057392	0.022957	0.005660	0.036438	0.018026	0.151824	0.022556	
0.399797	0.005208	0.200136	0.000667	0.015686	0.013790	0.031159	0.040658	0.039987	0.030914	0.010793	0.037531	0.036444	0.122943	0.014287	
0.436642	0.011479	0.104302	0.000788	0.024613	0.018383	0.070599	0.081362	0.034160	0.029108	0.031098	0.042637	0.080303	0.029538	0.004989	
0.519604	0.002781	0.043766	0.001029	0.020218	0.017242	0.020584	0.101520	0.023265	0.137531	0.004872	0.013130	0.060148	0.030382	0.003927	
0.527174	0.003463	0.028281	0.000983	0.015154	0.016083	0.022371	0.105235	0.018937	0.150498	0.006302	0.009898	0.073656	0.017636	0.004330	
0.525878	0.002693	0.017444	0.001279	0.014566	0.018477	0.024073	0.104287	0.026952	0.155695	0.005490	0.008143	0.072088	0.016262	0.006673	
0.354448	0.001764	0.058122	0.002042	0.010556	0.038102	0.040030	0.058240	0.133767	0.084666	0.011535	0.015702	0.060640	0.075372	0.055017	
0.324693	0.001221	0.062656	0.000908	0.043124	0.016904	0.016973	0.030334	0.253371	0.026760	0.004530	0.104766	0.012875	0.094626	0.006259	
0.372506	0.003513	0.104965	0.001772	0.019619	0.028930	0.045706	0.049618	0.112357	0.048226	0.013689	0.037034	0.043999	0.087164	0.030902	
0.320813	0.000880	0.055213	0.002401	0.039192	0.023492	0.046691	0.014491	0.261405	0.013833	0.009212	0.107034	0.008550	0.092051	0.004740	
0.338977	0.003613	0.068540	0.001074	0.031955	0.020079	0.032944	0.039521	0.203146	0.033734	0.011807	0.082238	0.037702	0.079560	0.015111	
0.372185	0.001168	0.047470	0.004716	0.026130	0.039355	0.095682	0.021119	0.180487	0.025703	0.018456	0.066238	0.018656	0.069581	0.013054	
