0.024629	0.128996	0.002608	0.011215	0.001208	0.003977	0.007724	0.072266	0.002642	0.011498	0.019284	0.004675	0.016963	0.162386	0.006496	0.003788	0.006672	0.001387	0.056090	0.019284	0.033445	0.000204	0.003828	0.003879	0.001515	0.029284	0.005058	0.012047	0.000905	0.034005	0.002620	0.003936	0.010359	0.002964	0.000586	0.025182	0.016239	0.023435	0.006732	0.001167	0.003224	0.001138	0.077911	0.002552	0.000808	0.000204	0.079981	0.017694	0.009515	0.025799	
0.009481	0.069130	0.003593	0.116663	0.007508	0.025641	0.020309	0.011174	0.017983	0.084984	0.010392	0.029227	0.013129	0.087006	0.001082	0.005931	0.008122	0.001189	0.046723	0.010392	0.018514	0.000177	0.008238	0.005234	0.002074	0.013247	0.035256	0.007579	0.000777	0.021653	0.005551	0.011854	0.068769	0.002539	0.002970	0.010464	0.032965	0.006095	0.013301	0.002113	0.000611	0.002960	0.036205	0.009348	0.001520	0.000177	0.046027	0.009541	0.018894	0.025689	
0.012470	0.107269	0.002449	0.096825	0.001434	0.021668	0.009510	0.020771	0.003198	0.071209	0.016061	0.005218	0.010119	0.135028	0.001917	0.005146	0.005568	0.000938	0.055027	0.016061	0.023960	0.000198	0.007460	0.004422	0.001799	0.020590	0.006521	0.007973	0.000637	0.030644	0.005039	0.004877	0.059027	0.001925	0.000669	0.010559	0.014615	0.009795	0.008423	0.001412	0.001024	0.001298	0.056476	0.003655	0.001409	0.000198	0.068668	0.014739	0.011928	0.022173	
0.004442	0.005200	0.018442	0.085264	0.005307	0.017662	0.072775	0.012030	0.012683	0.081299	0.000892	0.020636	0.063207	0.006511	0.001199	0.004393	0.035118	0.001503	0.014801	0.000892	0.004948	0.000143	0.004550	0.004460	0.001688	0.002280	0.026239	0.005519	0.000949	0.003824	0.003081	0.046422	0.047735	0.003316	0.002110	0.055167	0.043182	0.003784	0.093799	0.013961	0.000650	0.002469	0.006304	0.007370	0.000878	0.000143	0.006173	0.000830	0.133717	0.010054	
0.003498	0.006919	0.024700	0.033567	0.002319	0.009206	0.086558	0.010998	0.005426	0.048201	0.001147	0.008818	0.083600	0.008675	0.001105	0.009209	0.050799	0.003963	0.007582	0.001147	0.003685	0.000144	0.007217	0.010225	0.003654	0.002405	0.012331	0.008928	0.002407	0.005722	0.004859	0.053342	0.016148	0.009055	0.000972	0.066137	0.053559	0.003827	0.114357	0.016995	0.000605	0.002896	0.006839	0.006790	0.001323	0.000144	0.008715	0.001064	0.163038	0.005179	
0.003109	0.003369	0.022102	0.079984	0.003102	0.015897	0.075159	0.009265	0.007329	0.073715	0.000621	0.011903	0.074491	0.004206	0.000954	0.009516	0.048596	0.005249	0.010935	0.000621	0.003201	0.000143	0.004529	0.011668	0.004044	0.001647	0.015834	0.007809	0.003169	0.003361	0.003067	0.044128	0.041830	0.012058	0.001270	0.053649	0.055725	0.003009	0.092552	0.013777	0.000532	0.003982	0.004763	0.009662	0.000874	0.000143	0.005045	0.000581	0.131939	0.005883	
0.018798	0.004260	0.020991	0.014411	0.001461	0.004228	0.076395	0.086970	0.003348	0.034783	0.000751	0.005980	0.080919	0.005328	0.007889	0.004424	0.040286	0.001847	0.004161	0.000751	0.010602	0.000141	0.003730	0.004811	0.001776	0.009252	0.008115	0.014309	0.001152	0.003140	0.002534	0.048879	0.006690	0.004123	0.000644	0.084593	0.040819	0.022944	0.105950	0.015752	0.003860	0.001449	0.022252	0.003383	0.000739	0.000141	0.005295	0.000700	0.151050	0.003199	
0.010880	0.009303	0.005803	0.130555	0.016296	0.027696	0.031763	0.026536	0.039374	0.089186	0.001499	0.064179	0.022625	0.011679	0.002488	0.010125	0.017589	0.004114	0.031104	0.001499	0.012751	0.000141	0.008522	0.011023	0.003952	0.004644	0.076571	0.011803	0.002495	0.007030	0.005728	0.016689	0.072317	0.009411	0.006295	0.012815	0.070976	0.008024	0.008691	0.001403	0.001268	0.006710	0.010958	0.020228	0.001538	0.000141	0.009944	0.001385	0.012336	0.029917	
0.022058	0.007566	0.004996	0.070610	0.019262	0.014911	0.034886	0.077025	0.046588	0.050025	0.001235	0.076283	0.026617	0.009492	0.006991	0.005943	0.013365	0.002606	0.028011	0.001235	0.019120	0.000134	0.004604	0.006619	0.002389	0.009280	0.090339	0.014226	0.001599	0.004437	0.003114	0.020909	0.038948	0.005903	0.007421	0.030448	0.072252	0.020577	0.012880	0.002015	0.003425	0.006338	0.021099	0.020019	0.000879	0.000134	0.006969	0.001143	0.018313	0.034756	
0.041315	0.007154	0.002815	0.012830	0.016378	0.006436	0.024854	0.174114	0.039586	0.009017	0.001173	0.065583	0.031422	0.008975	0.015659	0.006478	0.007822	0.001705	0.019885	0.001173	0.027653	0.000132	0.007868	0.006143	0.002331	0.018501	0.076470	0.027593	0.001064	0.006137	0.005290	0.015525	0.006433	0.003802	0.006321	0.056124	0.066132	0.045834	0.005963	0.000993	0.007585	0.004917	0.042110	0.015648	0.001422	0.000132	0.008296	0.001086	0.008448	0.029669	
0.043353	0.005094	0.004761	0.011689	0.013690	0.004660	0.025769	0.188371	0.033059	0.007455	0.000867	0.055063	0.039405	0.006381	0.016934	0.007228	0.013950	0.003141	0.016115	0.000867	0.027381	0.000132	0.005621	0.008041	0.002884	0.019458	0.063894	0.028815	0.001915	0.004388	0.003791	0.014559	0.004625	0.007151	0.005297	0.061854	0.066080	0.049219	0.008503	0.001367	0.008197	0.005062	0.044288	0.015005	0.001047	0.000132	0.005947	0.000806	0.012070	0.024616	
0.033632	0.006723	0.007694	0.013564	0.014433	0.004425	0.040195	0.139853	0.034863	0.015366	0.001109	0.057651	0.043398	0.008432	0.012601	0.005035	0.017172	0.002082	0.017811	0.001109	0.023048	0.000133	0.004252	0.005475	0.002004	0.015078	0.067755	0.021250	0.001288	0.004034	0.002879	0.025217	0.006460	0.004682	0.005581	0.059392	0.063811	0.036670	0.030850	0.004665	0.006118	0.004664	0.034521	0.014461	0.000820	0.000133	0.006431	0.001028	0.043942	0.026209	
0.014541	0.009051	0.002829	0.015828	0.034800	0.006146	0.045763	0.018813	0.084340	0.011351	0.001446	0.137314	0.012967	0.011366	0.001782	0.005561	0.007725	0.001626	0.038952	0.001446	0.021150	0.000123	0.006358	0.005422	0.002044	0.004283	0.162937	0.007659	0.001014	0.005770	0.004280	0.030237	0.008279	0.003631	0.013334	0.009257	0.104852	0.005816	0.006484	0.001062	0.000919	0.009271	0.008644	0.030971	0.001162	0.000123	0.008694	0.001336	0.009196	0.062049	
0.010817	0.016597	0.003647	0.070851	0.027430	0.015072	0.038742	0.008372	0.066424	0.048357	0.002573	0.108074	0.013860	0.020865	0.000852	0.006177	0.011129	0.002690	0.039793	0.002573	0.017866	0.000134	0.004824	0.006864	0.002476	0.004404	0.128520	0.006084	0.001649	0.006788	0.003261	0.023738	0.039395	0.006098	0.010533	0.005201	0.088890	0.003250	0.004919	0.000840	0.000479	0.008330	0.010156	0.026924	0.000916	0.000134	0.012478	0.002370	0.006959	0.050625	
0.012274	0.008225	0.007026	0.031830	0.028261	0.007833	0.050449	0.017167	0.068452	0.024208	0.001327	0.111444	0.026293	0.010325	0.001640	0.007060	0.018310	0.003319	0.033456	0.001327	0.017548	0.000127	0.004850	0.008095	0.002875	0.003830	0.132527	0.007628	0.002019	0.004734	0.003276	0.031203	0.016121	0.007575	0.010845	0.016197	0.097855	0.005226	0.020025	0.003063	0.000853	0.008711	0.008052	0.027685	0.000914	0.000127	0.007551	0.001227	0.028506	0.050526	
0.002761	0.003889	0.002925	0.047280	0.001617	0.076716	0.008654	0.009404	0.003688	0.031763	0.000718	0.005963	0.010395	0.004854	0.000988	0.068588	0.008286	0.001898	0.007092	0.000718	0.002579	0.000167	0.122103	0.050497	0.020310	0.001731	0.007235	0.085062	0.001193	0.068405	0.081458	0.003714	0.025312	0.004206	0.000719	0.005890	0.094227	0.014100	0.005508	0.000955	0.000561	0.001653	0.004217	0.004081	0.020490	0.000167	0.063430	0.000672	0.007784	0.003376	
0.002711	0.005272	0.002106	0.103429	0.001067	0.075604	0.007360	0.009443	0.002354	0.071513	0.000923	0.003792	0.007728	0.006595	0.000989	0.056513	0.005489	0.001177	0.012351	0.000923	0.002580	0.000167	0.101635	0.041220	0.016657	0.001959	0.004888	0.070699	0.000765	0.057446	0.067812	0.003104	0.058280	0.002524	0.000510	0.005680	0.075671	0.012238	0.005113	0.000897	0.000562	0.001359	0.005122	0.003743	0.017078	0.000167	0.054030	0.000860	0.007221	0.002677	
0.009678	0.011686	0.003561	0.016167	0.001400	0.065809	0.009983	0.040406	0.003160	0.010858	0.001874	0.005324	0.016356	0.014673	0.003747	0.063811	0.009758	0.002084	0.007309	0.001874	0.007212	0.000167	0.112814	0.047274	0.018975	0.006054	0.006125	0.082656	0.001303	0.065202	0.075265	0.004651	0.007636	0.004639	0.000637	0.016622	0.090648	0.021465	0.007965	0.001318	0.001886	0.001576	0.014706	0.003595	0.018942	0.000167	0.063523	0.001732	0.011288	0.004442	
0.038567	0.003843	0.004859	0.039311	0.001806	0.028342	0.015325	0.182058	0.004176	0.028694	0.000695	0.008002	0.038486	0.004801	0.016386	0.023803	0.012376	0.002225	0.006572	0.000695	0.020543	0.000148	0.038563	0.018955	0.007458	0.018363	0.008307	0.049704	0.001379	0.022268	0.025758	0.007842	0.020924	0.004996	0.000779	0.063143	0.052739	0.050651	0.014326	0.002239	0.007942	0.001845	0.042461	0.004507	0.006550	0.000148	0.021707	0.000649	0.020369	0.003715	
0.004310	0.018409	0.027806	0.053573	0.002691	0.009831	0.047713	0.010424	0.006321	0.015285	0.002855	0.010264	0.090619	0.023143	0.001047	0.040131	0.096542	0.025542	0.011973	0.002855	0.006068	0.000150	0.009720	0.052742	0.017633	0.004335	0.012264	0.025719	0.015197	0.009942	0.006530	0.005454	0.012373	0.059399	0.001118	0.007230	0.142089	0.004307	0.007487	0.001232	0.000581	0.014938	0.011303	0.031727	0.001745	0.000150	0.016041	0.002630	0.010614	0.007948	
0.017033	0.006125	0.017423	0.089332	0.002029	0.022023	0.032182	0.077005	0.004718	0.049449	0.001033	0.008134	0.065572	0.007675	0.007003	0.029750	0.059335	0.015460	0.010673	0.001033	0.010222	0.000147	0.016059	0.035771	0.012275	0.008629	0.009383	0.031020	0.009221	0.010408	0.010755	0.005116	0.039977	0.035877	0.000864	0.027708	0.097782	0.021605	0.007888	0.001289	0.003438	0.009383	0.020372	0.020420	0.002799	0.000147	0.011783	0.000959	0.011188	0.004525	
0.012996	0.003910	0.025606	0.050592	0.001499	0.011614	0.045516	0.059019	0.003436	0.017280	0.000701	0.005922	0.089761	0.004887	0.005396	0.037441	0.086793	0.022398	0.004840	0.000701	0.007658	0.000143	0.012698	0.047842	0.016117	0.006499	0.006801	0.031448	0.013331	0.008005	0.008513	0.007168	0.012430	0.052070	0.000660	0.025262	0.129066	0.016587	0.013363	0.002094	0.002665	0.012911	0.015173	0.027150	0.002236	0.000143	0.008808	0.000655	0.018997	0.003197	
0.004643	0.019968	0.020551	0.132567	0.001390	0.022429	0.037169	0.013277	0.003154	0.077571	0.003090	0.005129	0.067625	0.025105	0.001304	0.026934	0.070065	0.018250	0.019450	0.003090	0.006020	0.000155	0.003814	0.036415	0.012120	0.004850	0.006541	0.016930	0.010878	0.007067	0.002594	0.005201	0.063306	0.042377	0.000625	0.009029	0.098810	0.004543	0.009196	0.001489	0.000707	0.010946	0.013064	0.023737	0.000765	0.000155	0.014044	0.002845	0.013049	0.005971	
0.016315	0.007542	0.019665	0.087823	0.002042	0.017674	0.034352	0.073034	0.004750	0.045267	0.001242	0.008159	0.072207	0.009459	0.006646	0.029981	0.068250	0.018107	0.010821	0.001242	0.010095	0.000146	0.009785	0.038453	0.012961	0.008489	0.009379	0.028152	0.010790	0.007294	0.006572	0.003865	0.037227	0.042056	0.000868	0.024961	0.106156	0.020043	0.005092	0.000876	0.003266	0.010836	0.020127	0.023388	0.001753	0.000146	0.009480	0.001151	0.007200	0.004811	
