0.000814	0.008214	0.000814	0.000814	0.000814	0.000814	0.000814	0.000814	0.000814	0.000814	0.000814	0.000814	0.000814	0.000926	0.000814	0.000814	0.000814	0.000814	0.000814	0.000814	0.000814	0.000814	0.000814	0.000814	0.000814	0.000814	0.000814	0.000814	0.000814	0.001191	0.000814	0.000814	0.001284	0.001017	0.001017	0.000814	0.000814	0.001830	0.003088	0.000814	0.000814	0.000814	0.000814	0.000814	0.000814	0.000814	0.000814	0.000814	0.000814	0.948071	
0.000667	0.003807	0.000667	0.000667	0.000667	0.000667	0.000667	0.000667	0.000667	0.000667	0.000667	0.000667	0.000667	0.000987	0.000667	0.000667	0.000667	0.000667	0.000667	0.000667	0.000667	0.000667	0.000667	0.000667	0.000667	0.000667	0.000667	0.000667	0.000667	0.002607	0.000667	0.000667	0.003918	0.000982	0.000982	0.000667	0.000667	0.002246	0.007329	0.000667	0.000667	0.000667	0.000667	0.000667	0.000667	0.000667	0.000667	0.000667	0.000667	0.949808	
0.000725	0.004800	0.000725	0.000725	0.000725	0.000725	0.000725	0.000725	0.000725	0.000725	0.000725	0.000725	0.000725	0.001200	0.000725	0.000725	0.000725	0.000725	0.000725	0.000725	0.000725	0.000725	0.000725	0.000725	0.000725	0.000725	0.000725	0.000725	0.000725	0.003793	0.000725	0.000725	0.004364	0.001072	0.001072	0.000725	0.000725	0.002462	0.011150	0.000725	0.000725	0.000725	0.000725	0.000725	0.000725	0.000725	0.000725	0.000725	0.000725	0.940379	
0.000516	0.000999	0.000516	0.000516	0.000516	0.000516	0.000516	0.000516	0.000516	0.000516	0.000516	0.000516	0.000516	0.000775	0.000516	0.000516	0.000516	0.000516	0.000516	0.000516	0.000516	0.000516	0.000516	0.000516	0.000516	0.000516	0.000516	0.000516	0.000516	0.000852	0.000516	0.000516	0.002767	0.002495	0.002495	0.000516	0.000516	0.010409	0.002104	0.000516	0.000516	0.000516	0.000516	0.000516	0.000516	0.000516	0.000516	0.000516	0.000516	0.955947	
0.000624	0.001618	0.000624	0.000624	0.000624	0.000624	0.000624	0.000624	0.000624	0.000624	0.000624	0.000624	0.000624	0.000832	0.000624	0.000624	0.000624	0.000624	0.000624	0.000624	0.000624	0.000624	0.000624	0.000624	0.000624	0.000624	0.000624	0.000624	0.000624	0.001812	0.000624	0.000624	0.001924	0.003674	0.003674	0.000624	0.000624	0.015875	0.005859	0.000624	0.000624	0.000624	0.000624	0.000624	0.000624	0.000624	0.000624	0.000624	0.000624	0.939150	
0.000684	0.005135	0.000684	0.000684	0.000684	0.000684	0.000684	0.000684	0.000684	0.000684	0.000684	0.000684	0.000684	0.000915	0.000684	0.000684	0.000684	0.000684	0.000684	0.000684	0.000684	0.000684	0.000684	0.000684	0.000684	0.000684	0.000684	0.000684	0.000684	0.001419	0.000684	0.000684	0.001540	0.001971	0.001971	0.000684	0.000684	0.007118	0.022732	0.000684	0.000684	0.000684	0.000684	0.000684	0.000684	0.000684	0.000684	0.000684	0.000684	0.929139	
0.000568	0.000968	0.000568	0.000568	0.000568	0.000568	0.000568	0.000568	0.000568	0.000568	0.000568	0.000568	0.000568	0.000679	0.000568	0.000568	0.000568	0.000568	0.000568	0.000568	0.000568	0.000568	0.000568	0.000568	0.000568	0.000568	0.000568	0.000568	0.000568	0.001797	0.000568	0.000568	0.001939	0.004751	0.004751	0.000568	0.000568	0.021481	0.003394	0.000568	0.000568	0.000568	0.000568	0.000568	0.000568	0.000568	0.000568	0.000568	0.000568	0.936931	
0.000580	0.002655	0.000580	0.000580	0.000580	0.000580	0.000580	0.000580	0.000580	0.000580	0.000580	0.000580	0.000580	0.001769	0.000580	0.000580	0.000580	0.000580	0.000580	0.000580	0.000580	0.000580	0.000580	0.000580	0.000580	0.000580	0.000580	0.000580	0.000580	0.001162	0.000580	0.000580	0.002646	0.000946	0.000946	0.000580	0.000580	0.002410	0.008679	0.000580	0.000580	0.000580	0.000580	0.000580	0.000580	0.000580	0.000580	0.000580	0.000580	0.955009	
0.000526	0.000914	0.000526	0.000526	0.000526	0.000526	0.000526	0.000526	0.000526	0.000526	0.000526	0.000526	0.000526	0.001218	0.000526	0.000526	0.000526	0.000526	0.000526	0.000526	0.000526	0.000526	0.000526	0.000526	0.000526	0.000526	0.000526	0.000526	0.000526	0.001112	0.000526	0.000526	0.003568	0.000983	0.000983	0.000526	0.000526	0.002812	0.002315	0.000526	0.000526	0.000526	0.000526	0.000526	0.000526	0.000526	0.000526	0.000526	0.000526	0.964547	
0.000603	0.002285	0.000603	0.000603	0.000603	0.000603	0.000603	0.000603	0.000603	0.000603	0.000603	0.000603	0.000603	0.003401	0.000603	0.000603	0.000603	0.000603	0.000603	0.000603	0.000603	0.000603	0.000603	0.000603	0.000603	0.000603	0.000603	0.000603	0.000603	0.001200	0.000603	0.000603	0.001347	0.001249	0.001249	0.000603	0.000603	0.003830	0.003883	0.000603	0.000603	0.000603	0.000603	0.000603	0.000603	0.000603	0.000603	0.000603	0.000603	0.956819	
0.000572	0.001293	0.000572	0.000572	0.000572	0.000572	0.000572	0.000572	0.000572	0.000572	0.000572	0.000572	0.000572	0.003766	0.000572	0.000572	0.000572	0.000572	0.000572	0.000572	0.000572	0.000572	0.000572	0.000572	0.000572	0.000572	0.000572	0.000572	0.000572	0.001594	0.000572	0.000572	0.001816	0.001269	0.001269	0.000572	0.000572	0.004056	0.002998	0.000572	0.000572	0.000572	0.000572	0.000572	0.000572	0.000572	0.000572	0.000572	0.000572	0.958503	
0.000691	0.002358	0.000691	0.000691	0.000691	0.000691	0.000691	0.000691	0.000691	0.000691	0.000691	0.000691	0.000691	0.002394	0.000691	0.000691	0.000691	0.000691	0.000691	0.000691	0.000691	0.000691	0.000691	0.000691	0.000691	0.000691	0.000691	0.000691	0.000691	0.001076	0.000691	0.000691	0.001233	0.000924	0.000924	0.000691	0.000691	0.001856	0.003283	0.000691	0.000691	0.000691	0.000691	0.000691	0.000691	0.000691	0.000691	0.000691	0.000691	0.957605	
0.000629	0.003852	0.000629	0.000629	0.000629	0.000629	0.000629	0.000629	0.000629	0.000629	0.000629	0.000629	0.000629	0.002476	0.000629	0.000629	0.000629	0.000629	0.000629	0.000629	0.000629	0.000629	0.000629	0.000629	0.000629	0.000629	0.000629	0.000629	0.000629	0.001158	0.000629	0.000629	0.001746	0.000741	0.000741	0.000629	0.000629	0.001191	0.013466	0.000629	0.000629	0.000629	0.000629	0.000629	0.000629	0.000629	0.000629	0.000629	0.000629	0.948851	
0.000575	0.001395	0.000575	0.000575	0.000575	0.000575	0.000575	0.000575	0.000575	0.000575	0.000575	0.000575	0.000575	0.002714	0.000575	0.000575	0.000575	0.000575	0.000575	0.000575	0.000575	0.000575	0.000575	0.000575	0.000575	0.000575	0.000575	0.000575	0.000575	0.001671	0.000575	0.000575	0.002699	0.000922	0.000922	0.000575	0.000575	0.002309	0.005115	0.000575	0.000575	0.000575	0.000575	0.000575	0.000575	0.000575	0.000575	0.000575	0.000575	0.958682	
0.000639	0.002590	0.000639	0.000639	0.000639	0.000639	0.000639	0.000639	0.000639	0.000639	0.000639	0.000639	0.000639	0.002871	0.000639	0.000639	0.000639	0.000639	0.000639	0.000639	0.000639	0.000639	0.000639	0.000639	0.000639	0.000639	0.000639	0.000639	0.000639	0.001687	0.000639	0.000639	0.001778	0.001143	0.001143	0.000639	0.000639	0.003157	0.009686	0.000639	0.000639	0.000639	0.000639	0.000639	0.000639	0.000639	0.000639	0.000639	0.000639	0.949744	
0.000646	0.001493	0.000646	0.000646	0.000646	0.000646	0.000646	0.000646	0.000646	0.000646	0.000646	0.000646	0.000646	0.000759	0.000646	0.000646	0.000646	0.000646	0.000646	0.000646	0.000646	0.000646	0.000646	0.000646	0.000646	0.000646	0.000646	0.000646	0.000646	0.007133	0.000646	0.000646	0.009011	0.000788	0.000788	0.000646	0.000646	0.001353	0.011738	0.000646	0.000646	0.000646	0.000646	0.000646	0.000646	0.000646	0.000646	0.000646	0.000646	0.940440	
0.000688	0.002467	0.000688	0.000688	0.000688	0.000688	0.000688	0.000688	0.000688	0.000688	0.000688	0.000688	0.000688	0.000827	0.000688	0.000688	0.000688	0.000688	0.000688	0.000688	0.000688	0.000688	0.000688	0.000688	0.000688	0.000688	0.000688	0.000688	0.000688	0.007399	0.000688	0.000688	0.008675	0.000805	0.000805	0.000688	0.000688	0.001270	0.018609	0.000688	0.000688	0.000688	0.000688	0.000688	0.000688	0.000688	0.000688	0.000688	0.000688	0.930916	
0.000677	0.001243	0.000677	0.000677	0.000677	0.000677	0.000677	0.000677	0.000677	0.000677	0.000677	0.000677	0.000677	0.001309	0.000677	0.000677	0.000677	0.000677	0.000677	0.000677	0.000677	0.000677	0.000677	0.000677	0.000677	0.000677	0.000677	0.000677	0.000677	0.008036	0.000677	0.000677	0.009032	0.001211	0.001211	0.000677	0.000677	0.003349	0.012898	0.000677	0.000677	0.000677	0.000677	0.000677	0.000677	0.000677	0.000677	0.000677	0.000677	0.933968	
0.000691	0.002418	0.000691	0.000691	0.000691	0.000691	0.000691	0.000691	0.000691	0.000691	0.000691	0.000691	0.000691	0.000914	0.000691	0.000691	0.000691	0.000691	0.000691	0.000691	0.000691	0.000691	0.000691	0.000691	0.000691	0.000691	0.000691	0.000691	0.000691	0.002599	0.000691	0.000691	0.003652	0.001147	0.001147	0.000691	0.000691	0.002972	0.004550	0.000691	0.000691	0.000691	0.000691	0.000691	0.000691	0.000691	0.000691	0.000691	0.000691	0.952264	
0.000749	0.001290	0.000749	0.000749	0.000749	0.000749	0.000749	0.000749	0.000749	0.000749	0.000749	0.000749	0.000749	0.001017	0.000749	0.000749	0.000749	0.000749	0.000749	0.000749	0.000749	0.000749	0.000749	0.000749	0.000749	0.000749	0.000749	0.000749	0.000749	0.003852	0.000749	0.000749	0.003974	0.001621	0.001621	0.000749	0.000749	0.005112	0.007093	0.000749	0.000749	0.000749	0.000749	0.000749	0.000749	0.000749	0.000749	0.000749	0.000749	0.943725	
0.000704	0.001860	0.000704	0.000704	0.000704	0.000704	0.000704	0.000704	0.000704	0.000704	0.000704	0.000704	0.000704	0.001131	0.000704	0.000704	0.000704	0.000704	0.000704	0.000704	0.000704	0.000704	0.000704	0.000704	0.000704	0.000704	0.000704	0.000704	0.000704	0.001650	0.000704	0.000704	0.002488	0.000905	0.000905	0.000704	0.000704	0.001711	0.004876	0.000704	0.000704	0.000704	0.000704	0.000704	0.000704	0.000704	0.000704	0.000704	0.000704	0.955603	
0.000596	0.002304	0.000596	0.000596	0.000596	0.000596	0.000596	0.000596	0.000596	0.000596	0.000596	0.000596	0.000596	0.000772	0.000596	0.000596	0.000596	0.000596	0.000596	0.000596	0.000596	0.000596	0.000596	0.000596	0.000596	0.000596	0.000596	0.000596	0.000596	0.001942	0.000596	0.000596	0.002790	0.002795	0.002795	0.000596	0.000596	0.011592	0.010416	0.000596	0.000596	0.000596	0.000596	0.000596	0.000596	0.000596	0.000596	0.000596	0.000596	0.940140	
0.000718	0.003789	0.000718	0.000718	0.000718	0.000718	0.000718	0.000718	0.000718	0.000718	0.000718	0.000718	0.000718	0.001175	0.000718	0.000718	0.000718	0.000718	0.000718	0.000718	0.000718	0.000718	0.000718	0.000718	0.000718	0.000718	0.000718	0.000718	0.000718	0.005148	0.000718	0.000718	0.005435	0.001339	0.001339	0.000718	0.000718	0.003820	0.020261	0.000718	0.000718	0.000718	0.000718	0.000718	0.000718	0.000718	0.000718	0.000718	0.000718	0.928245	
0.000584	0.001996	0.000584	0.000584	0.000584	0.000584	0.000584	0.000584	0.000584	0.000584	0.000584	0.000584	0.000584	0.000970	0.000584	0.000584	0.000584	0.000584	0.000584	0.000584	0.000584	0.000584	0.000584	0.000584	0.000584	0.000584	0.000584	0.000584	0.000584	0.001881	0.000584	0.000584	0.002808	0.002735	0.002735	0.000584	0.000584	0.011336	0.008040	0.000584	0.000584	0.000584	0.000584	0.000584	0.000584	0.000584	0.000584	0.000584	0.000584	0.943543	
