0.000682	0.001535	0.000682	0.000682	0.000682	0.000682	0.000682	0.000682	0.000682	0.000682	0.000682	0.000682	0.000682	0.000939	0.000682	0.000682	0.000682	0.000682	0.000682	0.000682	0.000682	0.000682	0.000682	0.000682	0.000682	0.000682	0.000682	0.000682	0.000682	0.001086	0.000682	0.000682	0.001367	0.001108	0.000885	0.000682	0.000682	0.001697	0.003794	0.000682	0.000682	0.000682	0.000682	0.000682	0.000682	0.000682	0.000682	0.000682	0.000682	0.959627	
0.000660	0.001037	0.000660	0.000660	0.000660	0.000660	0.000660	0.000660	0.000660	0.000660	0.000660	0.000660	0.000660	0.000916	0.000660	0.000660	0.000660	0.000660	0.000660	0.000660	0.000660	0.000660	0.000660	0.000660	0.000660	0.000660	0.000660	0.000660	0.000660	0.001228	0.000660	0.000660	0.002963	0.000848	0.001820	0.000660	0.000660	0.006458	0.003704	0.000660	0.000660	0.000660	0.000660	0.000660	0.000660	0.000660	0.000660	0.000660	0.000660	0.953961	
0.000684	0.000941	0.000684	0.000684	0.000684	0.000684	0.000684	0.000684	0.000684	0.000684	0.000684	0.000684	0.000684	0.001036	0.000684	0.000684	0.000684	0.000684	0.000684	0.000684	0.000684	0.000684	0.000684	0.000684	0.000684	0.000684	0.000684	0.000684	0.000684	0.002311	0.000684	0.000684	0.002572	0.000812	0.000904	0.000684	0.000684	0.001787	0.002355	0.000684	0.000684	0.000684	0.000684	0.000684	0.000684	0.000684	0.000684	0.000684	0.000684	0.959252	
0.000628	0.000904	0.000628	0.000628	0.000628	0.000628	0.000628	0.000628	0.000628	0.000628	0.000628	0.000628	0.000628	0.005749	0.000628	0.000628	0.000628	0.000628	0.000628	0.000628	0.000628	0.000628	0.000628	0.000628	0.000628	0.000628	0.000628	0.000628	0.000628	0.001030	0.000628	0.000628	0.001488	0.000766	0.000758	0.000628	0.000628	0.001280	0.006759	0.000628	0.000628	0.000628	0.000628	0.000628	0.000628	0.000628	0.000628	0.000628	0.000628	0.955520	
0.000618	0.001869	0.000618	0.000618	0.000618	0.000618	0.000618	0.000618	0.000618	0.000618	0.000618	0.000618	0.000618	0.002102	0.000618	0.000618	0.000618	0.000618	0.000618	0.000618	0.000618	0.000618	0.000618	0.000618	0.000618	0.000618	0.000618	0.000618	0.000618	0.001373	0.000618	0.000618	0.002352	0.001244	0.002687	0.000618	0.000618	0.010960	0.006335	0.000618	0.000618	0.000618	0.000618	0.000618	0.000618	0.000618	0.000618	0.000618	0.000618	0.945732	
0.000628	0.000978	0.000628	0.000628	0.000628	0.000628	0.000628	0.000628	0.000628	0.000628	0.000628	0.000628	0.000628	0.002694	0.000628	0.000628	0.000628	0.000628	0.000628	0.000628	0.000628	0.000628	0.000628	0.000628	0.000628	0.000628	0.000628	0.000628	0.000628	0.000963	0.000628	0.000628	0.003413	0.000803	0.002238	0.000628	0.000628	0.008675	0.004861	0.000628	0.000628	0.000628	0.000628	0.000628	0.000628	0.000628	0.000628	0.000628	0.000628	0.949609	
0.000608	0.001252	0.000608	0.000608	0.000608	0.000608	0.000608	0.000608	0.000608	0.000608	0.000608	0.000608	0.000608	0.002058	0.000608	0.000608	0.000608	0.000608	0.000608	0.000608	0.000608	0.000608	0.000608	0.000608	0.000608	0.000608	0.000608	0.000608	0.000608	0.000941	0.000608	0.000608	0.001105	0.000930	0.004234	0.000608	0.000608	0.018738	0.004153	0.000608	0.000608	0.000608	0.000608	0.000608	0.000608	0.000608	0.000608	0.000608	0.000608	0.941661	
0.000596	0.004444	0.000596	0.000596	0.000596	0.000596	0.000596	0.000596	0.000596	0.000596	0.000596	0.000596	0.000596	0.000821	0.000596	0.000596	0.000596	0.000596	0.000596	0.000596	0.000596	0.000596	0.000596	0.000596	0.000596	0.000596	0.000596	0.000596	0.000596	0.001031	0.000596	0.000596	0.008734	0.002520	0.000840	0.000596	0.000596	0.001818	0.012594	0.000596	0.000596	0.000596	0.000596	0.000596	0.000596	0.000596	0.000596	0.000596	0.000596	0.942761	
0.000624	0.001780	0.000624	0.000624	0.000624	0.000624	0.000624	0.000624	0.000624	0.000624	0.000624	0.000624	0.000624	0.001753	0.000624	0.000624	0.000624	0.000624	0.000624	0.000624	0.000624	0.000624	0.000624	0.000624	0.000624	0.000624	0.000624	0.000624	0.000624	0.000863	0.000624	0.000624	0.010201	0.001202	0.000900	0.000624	0.000624	0.002002	0.005860	0.000624	0.000624	0.000624	0.000624	0.000624	0.000624	0.000624	0.000624	0.000624	0.000624	0.949844	
0.000590	0.005802	0.000590	0.000590	0.000590	0.000590	0.000590	0.000590	0.000590	0.000590	0.000590	0.000590	0.000590	0.001373	0.000590	0.000590	0.000590	0.000590	0.000590	0.000590	0.000590	0.000590	0.000590	0.000590	0.000590	0.000590	0.000590	0.000590	0.000590	0.001003	0.000590	0.000590	0.002492	0.003196	0.000797	0.000590	0.000590	0.001628	0.017528	0.000590	0.000590	0.000590	0.000590	0.000590	0.000590	0.000590	0.000590	0.000590	0.000590	0.941997	
0.000572	0.006976	0.000572	0.000572	0.000572	0.000572	0.000572	0.000572	0.000572	0.000572	0.000572	0.000572	0.000572	0.000851	0.000572	0.000572	0.000572	0.000572	0.000572	0.000572	0.000572	0.000572	0.000572	0.000572	0.000572	0.000572	0.000572	0.000572	0.000572	0.001323	0.000572	0.000572	0.003620	0.003774	0.000770	0.000572	0.000572	0.001561	0.020194	0.000572	0.000572	0.000572	0.000572	0.000572	0.000572	0.000572	0.000572	0.000572	0.000572	0.937494	
0.000565	0.007200	0.000565	0.000565	0.000565	0.000565	0.000565	0.000565	0.000565	0.000565	0.000565	0.000565	0.000565	0.001711	0.000565	0.000565	0.000565	0.000565	0.000565	0.000565	0.000565	0.000565	0.000565	0.000565	0.000565	0.000565	0.000565	0.000565	0.000565	0.000943	0.000565	0.000565	0.001170	0.003882	0.000801	0.000565	0.000565	0.001744	0.021949	0.000565	0.000565	0.000565	0.000565	0.000565	0.000565	0.000565	0.000565	0.000565	0.000565	0.937434	
0.000660	0.001826	0.000660	0.000660	0.000660	0.000660	0.000660	0.000660	0.000660	0.000660	0.000660	0.000660	0.000660	0.000807	0.000660	0.000660	0.000660	0.000660	0.000660	0.000660	0.000660	0.000660	0.000660	0.000660	0.000660	0.000660	0.000660	0.000660	0.000660	0.001084	0.000660	0.000660	0.002553	0.001243	0.000843	0.000660	0.000660	0.001575	0.007757	0.000660	0.000660	0.000660	0.000660	0.000660	0.000660	0.000660	0.000660	0.000660	0.000660	0.955271	
0.000656	0.000999	0.000656	0.000656	0.000656	0.000656	0.000656	0.000656	0.000656	0.000656	0.000656	0.000656	0.000656	0.000847	0.000656	0.000656	0.000656	0.000656	0.000656	0.000656	0.000656	0.000656	0.000656	0.000656	0.000656	0.000656	0.000656	0.000656	0.000656	0.000887	0.000656	0.000656	0.003470	0.000827	0.001452	0.000656	0.000656	0.004635	0.006006	0.000656	0.000656	0.000656	0.000656	0.000656	0.000656	0.000656	0.000656	0.000656	0.000656	0.953982	
0.000654	0.001585	0.000654	0.000654	0.000654	0.000654	0.000654	0.000654	0.000654	0.000654	0.000654	0.000654	0.000654	0.000861	0.000654	0.000654	0.000654	0.000654	0.000654	0.000654	0.000654	0.000654	0.000654	0.000654	0.000654	0.000654	0.000654	0.000654	0.000654	0.001017	0.000654	0.000654	0.001102	0.001120	0.001428	0.000654	0.000654	0.004521	0.008068	0.000654	0.000654	0.000654	0.000654	0.000654	0.000654	0.000654	0.000654	0.000654	0.000654	0.953474	
0.000672	0.001477	0.000672	0.000672	0.000672	0.000672	0.000672	0.000672	0.000672	0.000672	0.000672	0.000672	0.000672	0.000930	0.000672	0.000672	0.000672	0.000672	0.000672	0.000672	0.000672	0.000672	0.000672	0.000672	0.000672	0.000672	0.000672	0.000672	0.000672	0.010393	0.000672	0.000672	0.001904	0.001075	0.000790	0.000672	0.000672	0.001259	0.003576	0.000672	0.000672	0.000672	0.000672	0.000672	0.000672	0.000672	0.000672	0.000672	0.000672	0.951026	
0.000673	0.001027	0.000673	0.000673	0.000673	0.000673	0.000673	0.000673	0.000673	0.000673	0.000673	0.000673	0.000673	0.000870	0.000673	0.000673	0.000673	0.000673	0.000673	0.000673	0.000673	0.000673	0.000673	0.000673	0.000673	0.000673	0.000673	0.000673	0.000673	0.010204	0.000673	0.000673	0.002309	0.000850	0.001106	0.000673	0.000673	0.002838	0.002324	0.000673	0.000673	0.000673	0.000673	0.000673	0.000673	0.000673	0.000673	0.000673	0.000673	0.950862	
0.000682	0.000987	0.000682	0.000682	0.000682	0.000682	0.000682	0.000682	0.000682	0.000682	0.000682	0.000682	0.000682	0.000956	0.000682	0.000682	0.000682	0.000682	0.000682	0.000682	0.000682	0.000682	0.000682	0.000682	0.000682	0.000682	0.000682	0.000682	0.000682	0.011531	0.000682	0.000682	0.001280	0.000835	0.000829	0.000682	0.000682	0.001414	0.002069	0.000682	0.000682	0.000682	0.000682	0.000682	0.000682	0.000682	0.000682	0.000682	0.000682	0.952122	
0.000652	0.001052	0.000652	0.000652	0.000652	0.000652	0.000652	0.000652	0.000652	0.000652	0.000652	0.000652	0.000652	0.001964	0.000652	0.000652	0.000652	0.000652	0.000652	0.000652	0.000652	0.000652	0.000652	0.000652	0.000652	0.000652	0.000652	0.000652	0.000652	0.004889	0.000652	0.000652	0.006319	0.000852	0.000825	0.000652	0.000652	0.001518	0.003297	0.000652	0.000652	0.000652	0.000652	0.000652	0.000652	0.000652	0.000652	0.000652	0.000652	0.952556	
0.000593	0.004684	0.000593	0.000593	0.000593	0.000593	0.000593	0.000593	0.000593	0.000593	0.000593	0.000593	0.000593	0.000846	0.000593	0.000593	0.000593	0.000593	0.000593	0.000593	0.000593	0.000593	0.000593	0.000593	0.000593	0.000593	0.000593	0.000593	0.000593	0.002370	0.000593	0.000593	0.003409	0.002638	0.001883	0.000593	0.000593	0.007044	0.013476	0.000593	0.000593	0.000593	0.000593	0.000593	0.000593	0.000593	0.000593	0.000593	0.000593	0.939352	
0.000620	0.002968	0.000620	0.000620	0.000620	0.000620	0.000620	0.000620	0.000620	0.000620	0.000620	0.000620	0.000620	0.001644	0.000620	0.000620	0.000620	0.000620	0.000620	0.000620	0.000620	0.000620	0.000620	0.000620	0.000620	0.000620	0.000620	0.000620	0.000620	0.002862	0.000620	0.000620	0.006260	0.001794	0.000934	0.000620	0.000620	0.002191	0.008966	0.000620	0.000620	0.000620	0.000620	0.000620	0.000620	0.000620	0.000620	0.000620	0.000620	0.946979	
0.000620	0.001528	0.000620	0.000620	0.000620	0.000620	0.000620	0.000620	0.000620	0.000620	0.000620	0.000620	0.000620	0.001782	0.000620	0.000620	0.000620	0.000620	0.000620	0.000620	0.000620	0.000620	0.000620	0.000620	0.000620	0.000620	0.000620	0.000620	0.000620	0.001462	0.000620	0.000620	0.002354	0.001074	0.003075	0.000620	0.000620	0.012895	0.005276	0.000620	0.000620	0.000620	0.000620	0.000620	0.000620	0.000620	0.000620	0.000620	0.000620	0.945120	
0.000617	0.001327	0.000617	0.000617	0.000617	0.000617	0.000617	0.000617	0.000617	0.000617	0.000617	0.000617	0.000617	0.000891	0.000617	0.000617	0.000617	0.000617	0.000617	0.000617	0.000617	0.000617	0.000617	0.000617	0.000617	0.000617	0.000617	0.000617	0.000617	0.001731	0.000617	0.000617	0.002085	0.000972	0.004171	0.000617	0.000617	0.018388	0.003715	0.000617	0.000617	0.000617	0.000617	0.000617	0.000617	0.000617	0.000617	0.000617	0.000617	0.941433	
0.000619	0.002346	0.000619	0.000619	0.000619	0.000619	0.000619	0.000619	0.000619	0.000619	0.000619	0.000619	0.000619	0.001360	0.000619	0.000619	0.000619	0.000619	0.000619	0.000619	0.000619	0.000619	0.000619	0.000619	0.000619	0.000619	0.000619	0.000619	0.000619	0.001478	0.000619	0.000619	0.003703	0.001483	0.002447	0.000619	0.000619	0.009760	0.006802	0.000619	0.000619	0.000619	0.000619	0.000619	0.000619	0.000619	0.000619	0.000619	0.000619	0.945236	
