0.005238	0.048007	0.038695	0.012095	0.004854	0.010096	0.011851	0.018777	0.006952	0.012815	0.034479	0.004920	0.000145	0.002794	0.001004	0.008208	0.025650	0.011202	0.002260	0.006131	0.003080	0.061064	0.000765	0.006076	0.008170	0.023690	0.003138	0.000986	0.010156	0.029128	0.000145	0.064873	0.005150	0.010496	0.001617	0.005879	0.001642	0.000671	0.068461	0.013882	0.018791	0.222755	0.062597	0.002080	0.032170	0.047613	0.010496	0.002713	0.012907	0.002636	
0.005636	0.054696	0.050350	0.016522	0.005127	0.011242	0.007177	0.017460	0.007801	0.012158	0.032781	0.004773	0.000145	0.002947	0.002913	0.010240	0.023224	0.008399	0.002645	0.004298	0.003019	0.054537	0.002144	0.006634	0.009094	0.021779	0.002221	0.001034	0.008441	0.027080	0.000145	0.056404	0.007167	0.009764	0.001702	0.004244	0.001183	0.000983	0.063635	0.017639	0.017282	0.207074	0.060750	0.002489	0.036709	0.040891	0.009764	0.003008	0.041103	0.001544	
0.003823	0.051750	0.041596	0.009736	0.003530	0.006276	0.008927	0.020243	0.005730	0.013218	0.035368	0.003537	0.000145	0.002049	0.001067	0.009770	0.027133	0.008274	0.001708	0.004358	0.003051	0.061007	0.000811	0.004024	0.005090	0.022634	0.002252	0.000750	0.008789	0.031408	0.000145	0.063583	0.006106	0.011311	0.001203	0.004198	0.001198	0.000931	0.073837	0.012593	0.013201	0.240300	0.061127	0.001688	0.033093	0.048514	0.011311	0.001728	0.013815	0.002062	
0.089688	0.005461	0.006620	0.010059	0.083683	0.009088	0.008822	0.000945	0.005177	0.001786	0.084512	0.061020	0.000138	0.047132	0.000812	0.051053	0.002355	0.063525	0.004635	0.005208	0.015037	0.012457	0.000625	0.042295	0.007356	0.006944	0.002673	0.015057	0.022554	0.001393	0.000138	0.073880	0.063733	0.000587	0.026246	0.004992	0.001406	0.005224	0.003096	0.052280	0.036550	0.010409	0.014659	0.006046	0.009382	0.008197	0.000587	0.002448	0.010150	0.001877	
0.063556	0.031923	0.044050	0.025657	0.059028	0.006532	0.004182	0.001069	0.011279	0.001533	0.065292	0.042880	0.000142	0.033265	0.005937	0.059471	0.001838	0.043473	0.004741	0.002839	0.010997	0.008160	0.004327	0.029887	0.005295	0.004748	0.001490	0.010657	0.023317	0.001584	0.000142	0.058944	0.059722	0.000657	0.018544	0.003026	0.000816	0.006241	0.003541	0.058660	0.026774	0.011979	0.011427	0.006204	0.030216	0.004809	0.000657	0.001791	0.085811	0.000892	
0.075717	0.027392	0.037360	0.026418	0.070427	0.003964	0.006376	0.001181	0.010582	0.001270	0.072716	0.051549	0.000139	0.039676	0.004995	0.046038	0.002090	0.053197	0.003386	0.005747	0.012745	0.007748	0.003646	0.034212	0.003224	0.005776	0.002943	0.012690	0.020669	0.001760	0.000139	0.059185	0.055318	0.000718	0.022104	0.005737	0.001541	0.004668	0.003961	0.042738	0.025629	0.013154	0.008166	0.004739	0.026081	0.005623	0.000718	0.001126	0.071975	0.001047	
0.115002	0.008807	0.011160	0.010977	0.107278	0.007473	0.006652	0.001058	0.005112	0.001645	0.094437	0.077657	0.000131	0.060401	0.001405	0.008447	0.002162	0.078348	0.001839	0.004304	0.018492	0.010288	0.001051	0.052641	0.006052	0.005958	0.002217	0.019264	0.007368	0.001573	0.000131	0.065514	0.047947	0.000646	0.033614	0.004166	0.001174	0.000781	0.003530	0.012529	0.034683	0.011286	0.012736	0.002680	0.009714	0.006610	0.000646	0.002025	0.019015	0.001373	
0.005376	0.022505	0.030395	0.040495	0.004828	0.009081	0.072457	0.001264	0.042035	0.001984	0.013980	0.007233	0.000153	0.002782	0.004019	0.015425	0.014333	0.047155	0.002151	0.017898	0.001151	0.071114	0.002945	0.005683	0.007353	0.014985	0.009025	0.000988	0.044211	0.001881	0.000153	0.132284	0.006027	0.000770	0.001614	0.017225	0.004589	0.000803	0.004226	0.014018	0.062833	0.013502	0.015438	0.002026	0.058665	0.071343	0.000770	0.002457	0.057507	0.018868	
0.007864	0.006034	0.006984	0.012503	0.007314	0.003777	0.083221	0.001168	0.043755	0.001242	0.016990	0.006685	0.000156	0.004182	0.000844	0.032993	0.017727	0.052164	0.002559	0.006847	0.001870	0.085883	0.000653	0.004842	0.003076	0.006361	0.003502	0.001434	0.050773	0.001731	0.000156	0.174330	0.020933	0.000718	0.002393	0.006551	0.001829	0.003251	0.003868	0.030203	0.074331	0.012635	0.007822	0.003087	0.056383	0.090136	0.000718	0.001090	0.010405	0.024030	
0.010045	0.006516	0.007849	0.128752	0.009343	0.007349	0.054306	0.001103	0.020048	0.001662	0.047415	0.024045	0.000154	0.005323	0.000965	0.065458	0.002349	0.056316	0.002730	0.086019	0.002098	0.010972	0.000740	0.007128	0.005956	0.055989	0.043086	0.001795	0.073854	0.001631	0.000154	0.026256	0.016864	0.000681	0.003025	0.081771	0.021620	0.002396	0.003636	0.026144	0.015505	0.011776	0.012613	0.003000	0.008653	0.007409	0.000681	0.002010	0.013217	0.001594	
0.006153	0.005949	0.007044	0.112575	0.005716	0.004558	0.067652	0.001065	0.028057	0.001279	0.038262	0.019230	0.000155	0.003283	0.000873	0.051848	0.006321	0.058592	0.001743	0.075195	0.001373	0.029627	0.000673	0.004394	0.003706	0.048393	0.037675	0.001148	0.071915	0.001570	0.000155	0.059168	0.010490	0.000660	0.001893	0.071483	0.018915	0.001548	0.003491	0.016243	0.027457	0.011198	0.008639	0.001912	0.020531	0.029042	0.000660	0.001291	0.011708	0.007493	
0.007514	0.005144	0.006101	0.142551	0.006991	0.003133	0.059453	0.000918	0.021325	0.001005	0.048301	0.024255	0.000155	0.004000	0.000782	0.067459	0.001999	0.059845	0.001778	0.095922	0.001639	0.007894	0.000608	0.004449	0.002556	0.060483	0.048038	0.001375	0.079992	0.001342	0.000155	0.021252	0.014027	0.000579	0.002291	0.091169	0.024096	0.002073	0.002953	0.019453	0.009908	0.009512	0.006279	0.002103	0.007166	0.006419	0.000579	0.000923	0.010627	0.001430	
0.006094	0.067449	0.094555	0.058540	0.005038	0.005771	0.038290	0.001113	0.039664	0.001463	0.010504	0.005269	0.000148	0.002898	0.012875	0.012424	0.008329	0.026180	0.001674	0.007683	0.001195	0.040072	0.009339	0.004534	0.004682	0.007496	0.003915	0.001021	0.025972	0.001650	0.000148	0.076143	0.007956	0.000684	0.001676	0.008013	0.002032	0.001034	0.003688	0.012987	0.036027	0.011792	0.010469	0.001702	0.079229	0.039647	0.000684	0.001599	0.188316	0.010337	
0.007508	0.063870	0.089891	0.057708	0.006389	0.008640	0.020898	0.000882	0.029549	0.001693	0.020536	0.006484	0.000149	0.003659	0.012282	0.051422	0.004348	0.017800	0.004480	0.008628	0.001907	0.022440	0.008912	0.006242	0.006997	0.008824	0.004389	0.001264	0.031142	0.001290	0.000149	0.056415	0.031789	0.000557	0.002099	0.008878	0.002269	0.005089	0.002837	0.050606	0.027838	0.009523	0.013841	0.005188	0.066057	0.019270	0.000557	0.002341	0.179544	0.004933	
0.006981	0.079760	0.111633	0.089806	0.005747	0.003640	0.018297	0.001365	0.031213	0.001342	0.019728	0.008838	0.000146	0.003297	0.015166	0.030118	0.002707	0.019364	0.001859	0.023225	0.001471	0.009967	0.010994	0.004062	0.002964	0.016530	0.011685	0.001147	0.028133	0.002042	0.000146	0.023071	0.014263	0.000824	0.001897	0.022905	0.005916	0.002056	0.004616	0.019850	0.010703	0.014944	0.008175	0.002155	0.071297	0.008068	0.000824	0.001048	0.222398	0.001617	
0.005291	0.013828	0.016397	0.008503	0.004887	0.095450	0.005899	0.003445	0.004720	0.014459	0.011396	0.006129	0.000145	0.002812	0.001315	0.007814	0.005221	0.007201	0.017937	0.002881	0.001399	0.058991	0.000990	0.038214	0.077004	0.036523	0.001513	0.000992	0.006344	0.005279	0.000145	0.048032	0.005950	0.001979	0.001627	0.002809	0.000829	0.000804	0.012247	0.093965	0.103611	0.039651	0.140960	0.015029	0.012214	0.011569	0.001979	0.024740	0.017475	0.001405	
0.005504	0.026532	0.038248	0.025054	0.004899	0.085678	0.007951	0.000963	0.011383	0.011681	0.008782	0.006348	0.000145	0.002819	0.004934	0.009528	0.002222	0.008828	0.016189	0.004988	0.001133	0.048782	0.003604	0.034542	0.069123	0.032350	0.002566	0.000994	0.009115	0.001418	0.000145	0.041584	0.006540	0.000599	0.001630	0.005012	0.001356	0.000871	0.003145	0.085505	0.094288	0.010009	0.120925	0.013608	0.025624	0.007399	0.000599	0.022218	0.070979	0.001658	
0.016478	0.005411	0.008498	0.008473	0.015354	0.096232	0.008005	0.000902	0.004897	0.013006	0.017843	0.013865	0.000144	0.008700	0.000829	0.012191	0.002261	0.015837	0.018302	0.004097	0.002940	0.054316	0.000639	0.043368	0.077634	0.035268	0.002120	0.002860	0.009045	0.001323	0.000144	0.051770	0.012495	0.000565	0.004897	0.003937	0.001132	0.001199	0.002923	0.098097	0.108183	0.009328	0.135405	0.015536	0.008003	0.007903	0.000565	0.024941	0.010310	0.001828	
0.015924	0.005595	0.007331	0.009664	0.014844	0.056749	0.041223	0.001267	0.021854	0.008135	0.018211	0.012881	0.000148	0.008414	0.000703	0.012047	0.009416	0.033955	0.011044	0.005242	0.002888	0.069585	0.000549	0.028273	0.045794	0.023130	0.002695	0.002772	0.024360	0.001888	0.000148	0.104812	0.011837	0.000770	0.004740	0.005018	0.001422	0.001126	0.004250	0.060922	0.094455	0.013633	0.081580	0.009533	0.028816	0.044774	0.000770	0.014755	0.008413	0.011644	
0.009184	0.007924	0.009684	0.008216	0.008531	0.016822	0.005771	0.001341	0.004323	0.003032	0.050051	0.007101	0.000161	0.004869	0.001141	0.175385	0.002466	0.009698	0.013490	0.003175	0.003997	0.015223	0.000868	0.010317	0.013597	0.008610	0.001668	0.001655	0.061469	0.001997	0.000161	0.085503	0.108775	0.000817	0.002777	0.003078	0.000914	0.018443	0.004489	0.173250	0.038389	0.016546	0.026353	0.016455	0.014114	0.006889	0.000817	0.004460	0.014680	0.001329	
0.007535	0.018125	0.024969	0.020306	0.006879	0.020060	0.023535	0.000907	0.016801	0.003184	0.034597	0.006527	0.000157	0.003938	0.003330	0.113842	0.005246	0.018928	0.010353	0.005859	0.002838	0.032356	0.002448	0.010768	0.016208	0.010951	0.003008	0.001357	0.050483	0.001324	0.000157	0.092698	0.070135	0.000574	0.002257	0.005750	0.001582	0.011816	0.002909	0.119123	0.049140	0.010579	0.029724	0.011957	0.031584	0.024002	0.000574	0.005293	0.047116	0.006214	
0.043383	0.035364	0.043847	0.038391	0.040240	0.005077	0.012624	0.004239	0.013235	0.003283	0.055136	0.031564	0.000144	0.022698	0.005166	0.051484	0.006361	0.037690	0.003680	0.013516	0.007987	0.017918	0.003771	0.020616	0.004122	0.013619	0.006830	0.007304	0.027810	0.006514	0.000144	0.056076	0.043817	0.002419	0.012674	0.013127	0.003487	0.004827	0.015159	0.045094	0.021929	0.049643	0.017679	0.004757	0.031735	0.013878	0.002419	0.001417	0.074516	0.001588	
0.052602	0.048193	0.062669	0.035857	0.048706	0.005360	0.007688	0.003893	0.015913	0.003107	0.053370	0.035913	0.000140	0.027458	0.007828	0.025065	0.005913	0.038805	0.002423	0.004995	0.009091	0.017144	0.005692	0.024653	0.004350	0.008190	0.002567	0.008812	0.014593	0.005978	0.000140	0.050922	0.034094	0.002225	0.015317	0.005179	0.001354	0.002502	0.013902	0.025338	0.021976	0.045267	0.017181	0.003131	0.042270	0.013133	0.002225	0.001487	0.113815	0.001573	
0.049819	0.026692	0.030138	0.022763	0.046356	0.008477	0.014381	0.005135	0.011352	0.004269	0.058296	0.034941	0.000143	0.026138	0.003059	0.043519	0.008497	0.041607	0.003991	0.008190	0.009054	0.026807	0.002249	0.024735	0.006864	0.012287	0.004166	0.008396	0.023921	0.007908	0.000143	0.069461	0.043043	0.002916	0.014585	0.007949	0.002155	0.004275	0.018446	0.043486	0.030295	0.060284	0.024736	0.004909	0.026520	0.021069	0.002916	0.002294	0.043329	0.003040	
