0.000792	0.001305	0.000792	0.000792	0.000792	0.000792	0.000792	0.000792	0.000792	0.000792	0.000792	0.000792	0.000792	0.000997	0.000792	0.000792	0.000792	0.000792	0.000792	0.000792	0.000792	0.000792	0.000792	0.000792	0.000792	0.000792	0.000792	0.000792	0.000792	0.001061	0.000792	0.000792	0.001407	0.001100	0.000980	0.000792	0.000792	0.001497	0.003135	0.000792	0.000792	0.000792	0.000792	0.000792	0.000792	0.000792	0.000792	0.000792	0.000792	0.956051	
0.000680	0.001916	0.000680	0.000680	0.000680	0.000680	0.000680	0.000680	0.000680	0.000680	0.000680	0.000680	0.000680	0.001004	0.000680	0.000680	0.000680	0.000680	0.000680	0.000680	0.000680	0.000680	0.000680	0.000680	0.000680	0.000680	0.000680	0.000680	0.000680	0.003446	0.000680	0.000680	0.001653	0.001592	0.000819	0.000680	0.000680	0.001603	0.007200	0.000680	0.000680	0.000680	0.000680	0.000680	0.000680	0.000680	0.000680	0.000680	0.000680	0.952878	
0.000684	0.002067	0.000684	0.000684	0.000684	0.000684	0.000684	0.000684	0.000684	0.000684	0.000684	0.000684	0.000684	0.001689	0.000684	0.000684	0.000684	0.000684	0.000684	0.000684	0.000684	0.000684	0.000684	0.000684	0.000684	0.000684	0.000684	0.000684	0.000684	0.003929	0.000684	0.000684	0.003699	0.001062	0.000892	0.000684	0.000684	0.001330	0.003541	0.000684	0.000684	0.000684	0.000684	0.000684	0.000684	0.000684	0.000684	0.000684	0.000684	0.953753	
0.000622	0.002556	0.000622	0.000622	0.000622	0.000622	0.000622	0.000622	0.000622	0.000622	0.000622	0.000622	0.000622	0.000756	0.000622	0.000622	0.000622	0.000622	0.000622	0.000622	0.000622	0.000622	0.000622	0.000622	0.000622	0.000622	0.000622	0.000622	0.000622	0.000947	0.000622	0.000622	0.001023	0.002422	0.000863	0.000622	0.000622	0.018279	0.013464	0.000622	0.000622	0.000622	0.000622	0.000622	0.000622	0.000622	0.000622	0.000622	0.000622	0.934185	
0.000605	0.000915	0.000605	0.000605	0.000605	0.000605	0.000605	0.000605	0.000605	0.000605	0.000605	0.000605	0.000605	0.000737	0.000605	0.000605	0.000605	0.000605	0.000605	0.000605	0.000605	0.000605	0.000605	0.000605	0.000605	0.000605	0.000605	0.000605	0.000605	0.001005	0.000605	0.000605	0.001001	0.000783	0.002288	0.000605	0.000605	0.009612	0.003537	0.000605	0.000605	0.000605	0.000605	0.000605	0.000605	0.000605	0.000605	0.000605	0.000605	0.955313	
0.000596	0.001054	0.000596	0.000596	0.000596	0.000596	0.000596	0.000596	0.000596	0.000596	0.000596	0.000596	0.000596	0.000874	0.000596	0.000596	0.000596	0.000596	0.000596	0.000596	0.000596	0.000596	0.000596	0.000596	0.000596	0.000596	0.000596	0.000596	0.000596	0.000972	0.000596	0.000596	0.001431	0.000775	0.000987	0.000596	0.000596	0.019702	0.002245	0.000596	0.000596	0.000596	0.000596	0.000596	0.000596	0.000596	0.000596	0.000596	0.000596	0.947537	
0.000625	0.002304	0.000625	0.000625	0.000625	0.000625	0.000625	0.000625	0.000625	0.000625	0.000625	0.000625	0.000625	0.001498	0.000625	0.000625	0.000625	0.000625	0.000625	0.000625	0.000625	0.000625	0.000625	0.000625	0.000625	0.000625	0.000625	0.000625	0.000625	0.000895	0.000625	0.000625	0.003242	0.001432	0.001675	0.000625	0.000625	0.015515	0.007319	0.000625	0.000625	0.000625	0.000625	0.000625	0.000625	0.000625	0.000625	0.000625	0.000625	0.940484	
0.000631	0.004942	0.000631	0.000631	0.000631	0.000631	0.000631	0.000631	0.000631	0.000631	0.000631	0.000631	0.000631	0.002286	0.000631	0.000631	0.000631	0.000631	0.000631	0.000631	0.000631	0.000631	0.000631	0.000631	0.000631	0.000631	0.000631	0.000631	0.000631	0.000847	0.000631	0.000631	0.005597	0.003287	0.000768	0.000631	0.000631	0.001614	0.019359	0.000631	0.000631	0.000631	0.000631	0.000631	0.000631	0.000631	0.000631	0.000631	0.000631	0.935440	
0.000658	0.005105	0.000658	0.000658	0.000658	0.000658	0.000658	0.000658	0.000658	0.000658	0.000658	0.000658	0.000658	0.001014	0.000658	0.000658	0.000658	0.000658	0.000658	0.000658	0.000658	0.000658	0.000658	0.000658	0.000658	0.000658	0.000658	0.000658	0.000658	0.000959	0.000658	0.000658	0.001726	0.004749	0.001382	0.000658	0.000658	0.004062	0.030015	0.000658	0.000658	0.000658	0.000658	0.000658	0.000658	0.000658	0.000658	0.000658	0.000658	0.924000	
0.000601	0.003350	0.000601	0.000601	0.000601	0.000601	0.000601	0.000601	0.000601	0.000601	0.000601	0.000601	0.000601	0.002518	0.000601	0.000601	0.000601	0.000601	0.000601	0.000601	0.000601	0.000601	0.000601	0.000601	0.000601	0.000601	0.000601	0.000601	0.000601	0.000934	0.000601	0.000601	0.006353	0.001433	0.000847	0.000601	0.000601	0.005633	0.006671	0.000601	0.000601	0.000601	0.000601	0.000601	0.000601	0.000601	0.000601	0.000601	0.000601	0.947629	
0.000628	0.005836	0.000628	0.000628	0.000628	0.000628	0.000628	0.000628	0.000628	0.000628	0.000628	0.000628	0.000628	0.004228	0.000628	0.000628	0.000628	0.000628	0.000628	0.000628	0.000628	0.000628	0.000628	0.000628	0.000628	0.000628	0.000628	0.000628	0.000628	0.000842	0.000628	0.000628	0.011428	0.002236	0.000864	0.000628	0.000628	0.001669	0.012118	0.000628	0.000628	0.000628	0.000628	0.000628	0.000628	0.000628	0.000628	0.000628	0.000628	0.935012	
0.000568	0.001082	0.000568	0.000568	0.000568	0.000568	0.000568	0.000568	0.000568	0.000568	0.000568	0.000568	0.000568	0.000946	0.000568	0.000568	0.000568	0.000568	0.000568	0.000568	0.000568	0.000568	0.000568	0.000568	0.000568	0.000568	0.000568	0.000568	0.000568	0.001040	0.000568	0.000568	0.001702	0.000704	0.000991	0.000568	0.000568	0.005913	0.001941	0.000568	0.000568	0.000568	0.000568	0.000568	0.000568	0.000568	0.000568	0.000568	0.000568	0.962388	
0.000612	0.003352	0.000612	0.000612	0.000612	0.000612	0.000612	0.000612	0.000612	0.000612	0.000612	0.000612	0.000612	0.001747	0.000612	0.000612	0.000612	0.000612	0.000612	0.000612	0.000612	0.000612	0.000612	0.000612	0.000612	0.000612	0.000612	0.000612	0.000612	0.001057	0.000612	0.000612	0.004018	0.002216	0.000944	0.000612	0.000612	0.001369	0.012177	0.000612	0.000612	0.000612	0.000612	0.000612	0.000612	0.000612	0.000612	0.000612	0.000612	0.948040	
0.000604	0.003435	0.000604	0.000604	0.000604	0.000604	0.000604	0.000604	0.000604	0.000604	0.000604	0.000604	0.000604	0.001819	0.000604	0.000604	0.000604	0.000604	0.000604	0.000604	0.000604	0.000604	0.000604	0.000604	0.000604	0.000604	0.000604	0.000604	0.000604	0.001026	0.000604	0.000604	0.004249	0.002220	0.001005	0.000604	0.000604	0.001298	0.012317	0.000604	0.000604	0.000604	0.000604	0.000604	0.000604	0.000604	0.000604	0.000604	0.000604	0.947853	
0.000563	0.001017	0.000563	0.000563	0.000563	0.000563	0.000563	0.000563	0.000563	0.000563	0.000563	0.000563	0.000563	0.000794	0.000563	0.000563	0.000563	0.000563	0.000563	0.000563	0.000563	0.000563	0.000563	0.000563	0.000563	0.000563	0.000563	0.000563	0.000563	0.001325	0.000563	0.000563	0.001254	0.000787	0.000782	0.000563	0.000563	0.004130	0.002348	0.000563	0.000563	0.000563	0.000563	0.000563	0.000563	0.000563	0.000563	0.000563	0.000563	0.964471	
0.000614	0.002828	0.000614	0.000614	0.000614	0.000614	0.000614	0.000614	0.000614	0.000614	0.000614	0.000614	0.000614	0.000748	0.000614	0.000614	0.000614	0.000614	0.000614	0.000614	0.000614	0.000614	0.000614	0.000614	0.000614	0.000614	0.000614	0.000614	0.000614	0.006651	0.000614	0.000614	0.001016	0.002694	0.000804	0.000614	0.000614	0.001747	0.015367	0.000614	0.000614	0.000614	0.000614	0.000614	0.000614	0.000614	0.000614	0.000614	0.000614	0.942972	
0.000613	0.001133	0.000613	0.000613	0.000613	0.000613	0.000613	0.000613	0.000613	0.000613	0.000613	0.000613	0.000613	0.000776	0.000613	0.000613	0.000613	0.000613	0.000613	0.000613	0.000613	0.000613	0.000613	0.000613	0.000613	0.000613	0.000613	0.000613	0.000613	0.008277	0.000613	0.000613	0.001100	0.000971	0.000785	0.000613	0.000613	0.001601	0.003290	0.000613	0.000613	0.000613	0.000613	0.000613	0.000613	0.000613	0.000613	0.000613	0.000613	0.956927	
0.000589	0.001929	0.000589	0.000589	0.000589	0.000589	0.000589	0.000589	0.000589	0.000589	0.000589	0.000589	0.000589	0.001716	0.000589	0.000589	0.000589	0.000589	0.000589	0.000589	0.000589	0.000589	0.000589	0.000589	0.000589	0.000589	0.000589	0.000589	0.000589	0.008084	0.000589	0.000589	0.003970	0.000802	0.000779	0.000589	0.000589	0.001300	0.002269	0.000589	0.000589	0.000589	0.000589	0.000589	0.000589	0.000589	0.000589	0.000589	0.000589	0.954982	
0.000607	0.003139	0.000607	0.000607	0.000607	0.000607	0.000607	0.000607	0.000607	0.000607	0.000607	0.000607	0.000607	0.002355	0.000607	0.000607	0.000607	0.000607	0.000607	0.000607	0.000607	0.000607	0.000607	0.000607	0.000607	0.000607	0.000607	0.000607	0.000607	0.004078	0.000607	0.000607	0.005853	0.001390	0.000746	0.000607	0.000607	0.006527	0.006230	0.000607	0.000607	0.000607	0.000607	0.000607	0.000607	0.000607	0.000607	0.000607	0.000607	0.944804	
0.000648	0.002525	0.000648	0.000648	0.000648	0.000648	0.000648	0.000648	0.000648	0.000648	0.000648	0.000648	0.000648	0.002362	0.000648	0.000648	0.000648	0.000648	0.000648	0.000648	0.000648	0.000648	0.000648	0.000648	0.000648	0.000648	0.000648	0.000648	0.000648	0.003016	0.000648	0.000648	0.005788	0.000811	0.003150	0.000648	0.000648	0.001562	0.004291	0.000648	0.000648	0.000648	0.000648	0.000648	0.000648	0.000648	0.000648	0.000648	0.000648	0.949927	
0.000607	0.004128	0.000607	0.000607	0.000607	0.000607	0.000607	0.000607	0.000607	0.000607	0.000607	0.000607	0.000607	0.003882	0.000607	0.000607	0.000607	0.000607	0.000607	0.000607	0.000607	0.000607	0.000607	0.000607	0.000607	0.000607	0.000607	0.000607	0.000607	0.003057	0.000607	0.000607	0.010432	0.000853	0.000780	0.000607	0.000607	0.004135	0.002505	0.000607	0.000607	0.000607	0.000607	0.000607	0.000607	0.000607	0.000607	0.000607	0.000607	0.945350	
0.000684	0.001017	0.000684	0.000684	0.000684	0.000684	0.000684	0.000684	0.000684	0.000684	0.000684	0.000684	0.000684	0.000850	0.000684	0.000684	0.000684	0.000684	0.000684	0.000684	0.000684	0.000684	0.000684	0.000684	0.000684	0.000684	0.000684	0.000684	0.000684	0.000960	0.000684	0.000684	0.001181	0.000851	0.005893	0.000684	0.000684	0.004896	0.007062	0.000684	0.000684	0.000684	0.000684	0.000684	0.000684	0.000684	0.000684	0.000684	0.000684	0.949232	
0.000655	0.001978	0.000655	0.000655	0.000655	0.000655	0.000655	0.000655	0.000655	0.000655	0.000655	0.000655	0.000655	0.001731	0.000655	0.000655	0.000655	0.000655	0.000655	0.000655	0.000655	0.000655	0.000655	0.000655	0.000655	0.000655	0.000655	0.000655	0.000655	0.002895	0.000655	0.000655	0.003883	0.000902	0.003963	0.000655	0.000655	0.002076	0.005693	0.000655	0.000655	0.000655	0.000655	0.000655	0.000655	0.000655	0.000655	0.000655	0.000655	0.950018	
0.000676	0.003589	0.000676	0.000676	0.000676	0.000676	0.000676	0.000676	0.000676	0.000676	0.000676	0.000676	0.000676	0.001712	0.000676	0.000676	0.000676	0.000676	0.000676	0.000676	0.000676	0.000676	0.000676	0.000676	0.000676	0.000676	0.000676	0.000676	0.000676	0.001160	0.000676	0.000676	0.003786	0.002552	0.003800	0.000676	0.000676	0.001244	0.016937	0.000676	0.000676	0.000676	0.000676	0.000676	0.000676	0.000676	0.000676	0.000676	0.000676	0.937520	
